Sample	0	1	2	3	4	5	6	7	8	9	10	11	12	13	14	15	16	17	18	19	20	21	22	23	24	25	26	27	28	29	30	31	32	33	34	35	36	37
fastp | SRR30333743_1	(1, 38.36546467930557)	(2, 38.87302807957462)	(3, 38.85775595062101)	(4, 38.98242058390007)	(5, 38.94724425865603)	(6, 38.875857249415596)	(7, 38.910005239455536)	(8, 38.923905773469905)	(9, 38.91761648773875)	(10, 38.89732714742435)	(15, 39.234853397047075)	(20, 39.27494320485071)	(25, 39.07921726301067)	(30, 39.015895480204975)	(35, 39.008989006397634)	(40, 39.006660218699515)	(45, 39.04071446453768)	(50, 39.00735156331548)	(55, 38.9856985745738)	(60, 38.96538990552258)	(65, 38.943529204311425)	(70, 38.908755773993924)	(75, 38.88576799748115)	(80, 38.85081820632659)	(85, 38.80851157399434)	(90, 38.76952324421298)	(95, 38.73322753290408)	(100, 38.664103686452094)	(105, 38.67152196217991)	(110, 38.62788677278266)	(115, 38.60359659940063)	(120, 38.553299274452506)	(125, 38.56128254276872)	(130, 38.542083548472974)	(135, 38.50048002275949)	(140, 38.543879318468235)	(145, 38.66324744797878)	(150, 38.53394679413)
fastp | SRR30333743_2	(1, 38.558140989439174)	(2, 39.09806144683442)	(3, 39.21508566300422)	(4, 39.2442133969035)	(5, 39.21180414944497)	(6, 39.232730244819486)	(7, 39.260968391409996)	(8, 39.26759478955651)	(9, 39.295569178997184)	(10, 39.305967952124185)	(15, 39.34919247219024)	(20, 39.32769064937584)	(25, 39.18403591387984)	(30, 39.128754023657336)	(35, 39.12423965362573)	(40, 39.10833425527598)	(45, 39.08129581598379)	(50, 39.03387792762919)	(55, 39.05829095959283)	(60, 39.02971445782259)	(65, 38.99775931845814)	(70, 38.96713503081544)	(75, 38.91041864457631)	(80, 38.872066468479524)	(85, 38.86065856279865)	(90, 38.84263469171694)	(95, 38.815298668821654)	(100, 38.744088312054224)	(105, 38.724915884494834)	(110, 38.67663842984913)	(115, 38.65348851795788)	(120, 38.59620261491068)	(125, 38.560589468507985)	(130, 38.49940158419405)	(135, 38.472525050501055)	(140, 38.44308962236454)	(145, 38.53837227569413)	(150, 38.34901685570702)
fastp | SRR30333744_1	(1, 38.26764570247609)	(2, 38.788037965311844)	(3, 38.78871394495037)	(4, 38.9632874195874)	(5, 38.94823981443865)	(6, 38.898779818879234)	(7, 38.91382021663897)	(8, 38.95134785175392)	(9, 38.95883178415403)	(10, 38.9331020572482)	(15, 39.27920803005968)	(20, 39.31821554872067)	(25, 39.13915142083919)	(30, 39.08444465670821)	(35, 39.067867647375735)	(40, 39.06590590057416)	(45, 39.111719423646356)	(50, 39.08151410985544)	(55, 39.06020981212324)	(60, 39.044479076990385)	(65, 39.030293089145474)	(70, 39.00710196830488)	(75, 38.9905077914879)	(80, 38.96955204397689)	(85, 38.936018520304984)	(90, 38.907436452182424)	(95, 38.87792192082961)	(100, 38.813347338373624)	(105, 38.83830002383494)	(110, 38.80307521692311)	(115, 38.77958764863634)	(120, 38.732574041095006)	(125, 38.752854570393524)	(130, 38.725541540895755)	(135, 38.6964221306176)	(140, 38.74117189455903)	(145, 38.84394271618406)	(150, 38.716677990750924)
fastp | SRR30333744_2	(1, 38.41680036870615)	(2, 38.963108336628494)	(3, 39.09322291735781)	(4, 39.13745645411472)	(5, 39.13642377758034)	(6, 39.157281915483445)	(7, 39.17253633138069)	(8, 39.16766601859079)	(9, 39.21361482211946)	(10, 39.22047850590184)	(15, 39.27442292054375)	(20, 39.25331938252141)	(25, 39.08010270575254)	(30, 39.019713434102165)	(35, 39.02053198026325)	(40, 39.001281300232485)	(45, 38.98194546376321)	(50, 38.931630916501284)	(55, 38.96515203060177)	(60, 38.94207931044458)	(65, 38.91668232468514)	(70, 38.89035958676629)	(75, 38.83677001914979)	(80, 38.798546747871264)	(85, 38.789094791856215)	(90, 38.77912275144386)	(95, 38.7550471144897)	(100, 38.68572964460343)	(105, 38.67886799923359)	(110, 38.637022873065554)	(115, 38.621151108783984)	(120, 38.57450881074464)	(125, 38.55599638364721)	(130, 38.49573773726844)	(135, 38.478511769047074)	(140, 38.45253205793741)	(145, 38.545103827176625)	(150, 38.377221673821374)
fastp | SRR30333745_1	(1, 38.349456332611254)	(2, 38.854651606907844)	(3, 38.855696179534185)	(4, 38.99709727206075)	(5, 38.966218465630035)	(6, 38.89799256942156)	(7, 38.933835888395585)	(8, 38.95270087089662)	(9, 38.949922645861214)	(10, 38.93158248363017)	(15, 39.26159107583005)	(20, 39.298625702219525)	(25, 39.11175207227575)	(30, 39.05069628991914)	(35, 39.04125520111734)	(40, 39.03717304553831)	(45, 39.07273043778113)	(50, 39.038968230222295)	(55, 39.01678081798158)	(60, 38.996341740272754)	(65, 38.97470912374027)	(70, 38.94141836825819)	(75, 38.91743726386859)	(80, 38.88532905761954)	(85, 38.84263171255101)	(90, 38.805419621361764)	(95, 38.76661018910303)	(100, 38.69855382747172)	(105, 38.70566256620508)	(110, 38.66296500441113)	(115, 38.6357672774732)	(120, 38.584775011342565)	(125, 38.593476705386514)	(130, 38.57125530101139)	(135, 38.530930349050024)	(140, 38.57377446143245)	(145, 38.6911568660672)	(150, 38.560289037758636)
fastp | SRR30333745_2	(1, 38.58403610249538)	(2, 39.10558565577031)	(3, 39.213508658515224)	(4, 39.25238942239498)	(5, 39.25414780587483)	(6, 39.26650043243516)	(7, 39.261868289836244)	(8, 39.25956943031891)	(9, 39.28965275685917)	(10, 39.29538160292154)	(15, 39.333216585873075)	(20, 39.30714677744912)	(25, 39.1546880102617)	(30, 39.09672585878975)	(35, 39.09153403894953)	(40, 39.074268532423105)	(45, 39.047044865061125)	(50, 38.99911116539895)	(55, 39.02429097602288)	(60, 38.99507005373007)	(65, 38.96285853815182)	(70, 38.93257854275504)	(75, 38.87471692428729)	(80, 38.83614652526519)	(85, 38.82434658687151)	(90, 38.80786676731663)	(95, 38.780928903999914)	(100, 38.70952795252911)	(105, 38.693442430982586)	(110, 38.64576916367099)	(115, 38.62475721897805)	(120, 38.56775226810156)	(125, 38.537116598019516)	(130, 38.47512475673306)	(135, 38.45116179447156)	(140, 38.42285234918196)	(145, 38.52431363632707)	(150, 38.33809937389421)
fastp | SRR30333746_1	(1, 38.283948029120445)	(2, 38.817713324809624)	(3, 38.80077270623339)	(4, 38.970140054221524)	(5, 38.95726513738145)	(6, 38.899130878262)	(7, 38.920421668236685)	(8, 38.955855491650325)	(9, 38.964363202980444)	(10, 38.93515953284971)	(15, 39.27178123002979)	(20, 39.30620741274405)	(25, 39.11996979219333)	(30, 39.05757548291534)	(35, 39.03903549396009)	(40, 39.03203255799341)	(45, 39.07340139694601)	(50, 39.03839826338638)	(55, 39.01450688004188)	(60, 38.993667319147036)	(65, 38.975944915607386)	(70, 38.94648882649577)	(75, 38.92527531550383)	(80, 38.89864391239258)	(85, 38.85894262883921)	(90, 38.82529054909311)	(95, 38.78708240575645)	(100, 38.71748075582593)	(105, 38.734288610900634)	(110, 38.693265477019324)	(115, 38.66371035135232)	(120, 38.61088387088738)	(125, 38.627494080158975)	(130, 38.600005791509545)	(135, 38.566825520668154)	(140, 38.61275730980418)	(145, 38.72855787652407)	(150, 38.59433015804257)
fastp | SRR30333746_2	(1, 38.53930264732237)	(2, 39.07291191055008)	(3, 39.21081934733412)	(4, 39.26852527155233)	(5, 39.27748949707102)	(6, 39.29672821196606)	(7, 39.268897199210016)	(8, 39.26648322226403)	(9, 39.312898499350744)	(10, 39.32172725014712)	(15, 39.36774760839249)	(20, 39.34032271805628)	(25, 39.19988955082094)	(30, 39.146330991037225)	(35, 39.14255196256697)	(40, 39.12219728207379)	(45, 39.09868381647426)	(50, 39.04513005027879)	(55, 39.075419342995374)	(60, 39.04878030428411)	(65, 39.01928799154915)	(70, 38.98829459782042)	(75, 38.93066776987776)	(80, 38.88874696602535)	(85, 38.87799952522166)	(90, 38.865801506095806)	(95, 38.839179109420286)	(100, 38.76847331054411)	(105, 38.75916760495387)	(110, 38.71420785011576)	(115, 38.69740430869585)	(120, 38.64727957187709)	(125, 38.62470864182164)	(130, 38.562546462261714)	(135, 38.54496711687263)	(140, 38.51657794735724)	(145, 38.60475533351053)	(150, 38.428047229978915)
fastp | SRR30333747_1	(1, 37.95196057508793)	(2, 38.562377800593026)	(3, 38.55044730932795)	(4, 38.7507910319514)	(5, 38.72655937609528)	(6, 38.78665362565606)	(7, 38.78341200446406)	(8, 38.85629230869541)	(9, 38.89010633539289)	(10, 38.80647525024623)	(15, 39.1835841389248)	(20, 39.22409633581223)	(25, 38.99672955652892)	(30, 38.93531066443043)	(35, 38.91084800397407)	(40, 38.90504516052282)	(45, 38.959376611301096)	(50, 38.92374194643712)	(55, 38.8857464282561)	(60, 38.87240373486078)	(65, 38.85768388419494)	(70, 38.834249497611026)	(75, 38.81487127030535)	(80, 38.801106260661854)	(85, 38.76324470651437)	(90, 38.73543599206259)	(95, 38.6954230840309)	(100, 38.61568184582888)	(105, 38.6545613185416)	(110, 38.616841321768106)	(115, 38.59401883160545)	(120, 38.55099523496911)	(125, 38.59250865425423)	(130, 38.55420642056658)	(135, 38.55503714780012)	(140, 38.61835083445502)	(145, 38.74496896174464)	(150, 38.598293981162485)
fastp | SRR30333747_2	(1, 38.44843272913952)	(2, 38.795217150682504)	(3, 39.01673012407187)	(4, 39.05782680926192)	(5, 39.05837659752338)	(6, 39.13078440454704)	(7, 39.12409660390293)	(8, 39.13233229953177)	(9, 39.17237336495657)	(10, 39.16174999288042)	(15, 39.22975183552342)	(20, 39.200513884341326)	(25, 39.01900606233999)	(30, 38.96017022062328)	(35, 38.959842481487726)	(40, 38.93618788307652)	(45, 38.92175382502229)	(50, 38.8598224902972)	(55, 38.899083774338486)	(60, 38.87780715337449)	(65, 38.86231736643621)	(70, 38.83165983090028)	(75, 38.7818300351383)	(80, 38.73330576734621)	(85, 38.71979513964048)	(90, 38.711045990022185)	(95, 38.68512728911071)	(100, 38.615056119984686)	(105, 38.619743656616876)	(110, 38.579886149752866)	(115, 38.56971362470239)	(120, 38.53937861892374)	(125, 38.53085132303151)	(130, 38.479397744453024)	(135, 38.48301137586336)	(140, 38.471991699395645)	(145, 38.59536890064402)	(150, 38.406538284045354)
fastp | SRR30333748_1	(1, 38.311747275685)	(2, 38.853149442536356)	(3, 38.865903268543846)	(4, 38.99669756218878)	(5, 38.96951751844133)	(6, 38.904240369467175)	(7, 38.9427624532012)	(8, 38.96817415766988)	(9, 38.96670567825411)	(10, 38.94063787774174)	(15, 39.276109284508905)	(20, 39.31291318422812)	(25, 39.13197336088988)	(30, 39.075835502493376)	(35, 39.06529092579425)	(40, 39.065289458064036)	(45, 39.1014347839935)	(50, 39.07113021322236)	(55, 39.04911252494749)	(60, 39.032923834974966)	(65, 39.014069284860504)	(70, 38.98348197073401)	(75, 38.96457584590503)	(80, 38.936155268340755)	(85, 38.89890398226621)	(90, 38.86346461431622)	(95, 38.831381282829184)	(100, 38.76525059981393)	(105, 38.778120046482094)	(110, 38.737124706484636)	(115, 38.715609175848904)	(120, 38.66673853255861)	(125, 38.67733533025557)	(130, 38.656969199812735)	(135, 38.61872360931822)	(140, 38.6591126043859)	(145, 38.766057797770465)	(150, 38.63941884049875)
fastp | SRR30333748_2	(1, 38.30695113497053)	(2, 38.935065722404566)	(3, 39.074725778599195)	(4, 39.122034450717976)	(5, 39.1232799614802)	(6, 39.13992308754638)	(7, 39.164209199831866)	(8, 39.16994065473039)	(9, 39.20349851515147)	(10, 39.221249223418596)	(15, 39.27948561080895)	(20, 39.2619632234577)	(25, 39.08696774695962)	(30, 39.027468484741505)	(35, 39.02837714769779)	(40, 39.01464727307289)	(45, 38.992584481905986)	(50, 38.946368389503576)	(55, 38.97748622270641)	(60, 38.950889148742434)	(65, 38.922156015526824)	(70, 38.89347559341934)	(75, 38.83930400748521)	(80, 38.802085255639206)	(85, 38.79357570985709)	(90, 38.779556667066075)	(95, 38.75547193536535)	(100, 38.6865777477833)	(105, 38.67148733578349)	(110, 38.627382938265534)	(115, 38.61066131171425)	(120, 38.55867812709353)	(125, 38.531706055985254)	(130, 38.47547487442548)	(135, 38.45282807206381)	(140, 38.42205968084157)	(145, 38.50736039869689)	(150, 38.34519530234533)
fastp | SRR30333749_1	(1, 38.29960051268468)	(2, 38.88022004613172)	(3, 38.921137587025115)	(4, 39.04146356260751)	(5, 39.03351633882536)	(6, 39.04271652612566)	(7, 39.03597281746663)	(8, 39.07488982642221)	(9, 39.08116926959458)	(10, 39.06934467256998)	(15, 39.35999726989142)	(20, 39.39664232242474)	(25, 39.226410852088705)	(30, 39.17997805048195)	(35, 39.178781485249786)	(40, 39.178570289614626)	(45, 39.20945396151161)	(50, 39.18501956082505)	(55, 39.16819530666973)	(60, 39.154711858844124)	(65, 39.14099989699398)	(70, 39.11883210489926)	(75, 39.100989270363414)	(80, 39.08004259970393)	(85, 39.04940562487283)	(90, 39.01739703215705)	(95, 38.993772876465485)	(100, 38.94107457098377)	(105, 38.94983372339424)	(110, 38.917748261823235)	(115, 38.894710357081635)	(120, 38.85495510668138)	(125, 38.860585665262036)	(130, 38.83829415097377)	(135, 38.81164271545726)	(140, 38.84135756964175)	(145, 38.93393489734634)	(150, 38.762453692290244)
fastp | SRR30333749_2	(1, 38.55205673982785)	(2, 38.98251395640323)	(3, 39.15074033688209)	(4, 39.17475770866817)	(5, 39.237346879252975)	(6, 39.28423366943539)	(7, 39.28324450807475)	(8, 39.29116178423738)	(9, 39.30834591404197)	(10, 39.32281799670855)	(15, 39.36354326150315)	(20, 39.3582872453398)	(25, 39.19925169643205)	(30, 39.141988149077896)	(35, 39.14282291847509)	(40, 39.1270672986263)	(45, 39.11439225171845)	(50, 39.07715730702854)	(55, 39.09768370208768)	(60, 39.07998908964948)	(65, 39.05840618523987)	(70, 39.03665194188794)	(75, 38.99561114933852)	(80, 38.96420327150714)	(85, 38.95421438927948)	(90, 38.94120292878314)	(95, 38.919252786935786)	(100, 38.86544420705668)	(105, 38.853832217379214)	(110, 38.819137663172384)	(115, 38.801578999492975)	(120, 38.76402927974949)	(125, 38.74064487989304)	(130, 38.70492823042805)	(135, 38.68934302424766)	(140, 38.67607989732327)	(145, 38.75823311775205)	(150, 38.56484945277073)
fastp | SRR30333750_1	(1, 38.33312989153586)	(2, 38.86718676769073)	(3, 38.86821909656838)	(4, 38.9988761397149)	(5, 38.96354435905122)	(6, 38.887840073788155)	(7, 38.92097977971828)	(8, 38.947142565020165)	(9, 38.94842957317516)	(10, 38.91861533050146)	(15, 39.26582335575254)	(20, 39.30575266581841)	(25, 39.126254533260195)	(30, 39.0694368867277)	(35, 39.06268477920812)	(40, 39.06226973575921)	(45, 39.10139234118693)	(50, 39.07049985497224)	(55, 39.05064406711331)	(60, 39.034611634982205)	(65, 39.017441244662486)	(70, 38.988672137776994)	(75, 38.9711864001364)	(80, 38.945169542514726)	(85, 38.90786516826173)	(90, 38.87589282474609)	(95, 38.843120538776006)	(100, 38.778876314745794)	(105, 38.792585252297854)	(110, 38.75326292341867)	(115, 38.73083455666951)	(120, 38.68324692808163)	(125, 38.69488634695245)	(130, 38.67505724394115)	(135, 38.63602931885511)	(140, 38.67736807810893)	(145, 38.77924070670623)	(150, 38.653736659020254)
fastp | SRR30333750_2	(1, 38.2901181733502)	(2, 38.97993896050019)	(3, 39.102703188897)	(4, 39.15303397806711)	(5, 39.17001605105898)	(6, 39.181289495396285)	(7, 39.198055481567344)	(8, 39.19922160793962)	(9, 39.23669728077087)	(10, 39.25019761039221)	(15, 39.303167829699454)	(20, 39.280448241715305)	(25, 39.115257809984044)	(30, 39.0584097161378)	(35, 39.05872588821968)	(40, 39.044017524304834)	(45, 39.019136489682396)	(50, 38.973295875879664)	(55, 39.00534921335678)	(60, 38.98006522222829)	(65, 38.950298834828764)	(70, 38.92295561667258)	(75, 38.86773422363425)	(80, 38.830976138219214)	(85, 38.82195036598797)	(90, 38.808359218781746)	(95, 38.78440345993364)	(100, 38.714366146626745)	(105, 38.700110004280056)	(110, 38.655682247271585)	(115, 38.64043754180278)	(120, 38.587098308005025)	(125, 38.56110167867179)	(130, 38.50376817552044)	(135, 38.479160894291226)	(140, 38.445546924076424)	(145, 38.521511084556145)	(150, 38.362672082426926)
fastp | SRR30333751_1	(1, 38.330915235522475)	(2, 38.852340821777496)	(3, 38.860419844323154)	(4, 39.00503114473227)	(5, 38.987565299153005)	(6, 38.92812556140532)	(7, 38.963691642323255)	(8, 38.99050487882653)	(9, 38.992519541927464)	(10, 38.96607078519665)	(15, 39.29163916121287)	(20, 39.32512070009898)	(25, 39.14355586168494)	(30, 39.08688430422917)	(35, 39.07085464840303)	(40, 39.06932847408978)	(45, 39.10472533390858)	(50, 39.07369945517754)	(55, 39.04974046621134)	(60, 39.03288993977376)	(65, 39.01201026948808)	(70, 38.981753655210504)	(75, 38.96089442503003)	(80, 38.931833757688835)	(85, 38.89347531745238)	(90, 38.85713304269187)	(95, 38.823062945791705)	(100, 38.75385518080925)	(105, 38.76942859605882)	(110, 38.72783928183818)	(115, 38.70442573231837)	(120, 38.65428464607517)	(125, 38.66793944120642)	(130, 38.64580212291594)	(135, 38.61087753374876)	(140, 38.6540581672393)	(145, 38.767230391470335)	(150, 38.639455231945675)
fastp | SRR30333751_2	(1, 38.532720736511074)	(2, 39.05528174326404)	(3, 39.19045905161366)	(4, 39.21680751249339)	(5, 39.17825643956718)	(6, 39.21268661409388)	(7, 39.24283330284976)	(8, 39.250358818181176)	(9, 39.28415639701601)	(10, 39.29735980721698)	(15, 39.34842964426762)	(20, 39.33016550590808)	(25, 39.18347357303932)	(30, 39.13000904804682)	(35, 39.12884735204176)	(40, 39.11290920365464)	(45, 39.09006373672626)	(50, 39.04244996670023)	(55, 39.07373894110883)	(60, 39.048522489502176)	(65, 39.02098273657615)	(70, 38.99383891026484)	(75, 38.94063744861296)	(80, 38.9035666216121)	(85, 38.89533191628616)	(90, 38.882475862173614)	(95, 38.85928496474453)	(100, 38.79010299438117)	(105, 38.77887704774087)	(110, 38.735450691580276)	(115, 38.71962694461756)	(120, 38.66960469295375)	(125, 38.64559954933553)	(130, 38.5880433374314)	(135, 38.5682846741318)	(140, 38.53868669665477)	(145, 38.61814875171117)	(150, 38.43367848742166)
fastp | SRR30333752_1	(1, 38.284048688134)	(2, 38.83733227560571)	(3, 38.82892884816958)	(4, 38.96550273050018)	(5, 38.93057209291852)	(6, 38.854265628608815)	(7, 38.891727513581316)	(8, 38.915277104260205)	(9, 38.912461019052344)	(10, 38.883408089515534)	(15, 39.24429158260152)	(20, 39.29089504268131)	(25, 39.106527999760544)	(30, 39.054144707946385)	(35, 39.045979814618605)	(40, 39.049627633614385)	(45, 39.089175013661055)	(50, 39.05935298636369)	(55, 39.03888597593665)	(60, 39.023846304780776)	(65, 39.00599646726154)	(70, 38.97707704186868)	(75, 38.95825841328159)	(80, 38.931276426963414)	(85, 38.89285603051037)	(90, 38.85959574760592)	(95, 38.82572247439894)	(100, 38.75955324366659)	(105, 38.77369087274324)	(110, 38.733001424465655)	(115, 38.70969529235595)	(120, 38.65997310625558)	(125, 38.67325711987105)	(130, 38.6526185547276)	(135, 38.613395563329625)	(140, 38.65401143788952)	(145, 38.7567818527411)	(150, 38.63039183359878)
fastp | SRR30333752_2	(1, 38.223563344702946)	(2, 38.88998133241075)	(3, 39.03419850751303)	(4, 39.09094352726548)	(5, 39.11196378035237)	(6, 39.134182796813256)	(7, 39.13448867714119)	(8, 39.14385374038184)	(9, 39.186649624084744)	(10, 39.212433818308234)	(15, 39.27187332811218)	(20, 39.25417299989241)	(25, 39.072904067383675)	(30, 39.01461388748982)	(35, 39.016889950408384)	(40, 39.005998303886884)	(45, 38.98357840203664)	(50, 38.93834450082189)	(55, 38.97116551736342)	(60, 38.94459249945117)	(65, 38.91662581411482)	(70, 38.889571598482995)	(75, 38.83415145485128)	(80, 38.79736933307997)	(85, 38.78942047789692)	(90, 38.7768700294514)	(95, 38.753753913346635)	(100, 38.683695427079535)	(105, 38.67079398977883)	(110, 38.626262461826315)	(115, 38.61191811657121)	(120, 38.559777765281794)	(125, 38.53492910032568)	(130, 38.47710775800981)	(135, 38.452492136313204)	(140, 38.4175081687935)	(145, 38.49406439003119)	(150, 38.34808730368489)
fastp | SRR30333753_1	(1, 37.956003587026615)	(2, 38.560460771537805)	(3, 38.533683248599075)	(4, 38.737689910219935)	(5, 38.71063580545611)	(6, 38.76107094868954)	(7, 38.74389978419109)	(8, 38.81082615731725)	(9, 38.846526864102614)	(10, 38.7655909478235)	(15, 39.14826331762316)	(20, 39.189877516628464)	(25, 38.949591712666354)	(30, 38.882884276812845)	(35, 38.85824778688816)	(40, 38.850130678763165)	(45, 38.9062897742445)	(50, 38.86990867815209)	(55, 38.833078912306576)	(60, 38.8185575043876)	(65, 38.80464217390045)	(70, 38.7806609765253)	(75, 38.76297620807572)	(80, 38.74936330069312)	(85, 38.71250316125881)	(90, 38.686127214599615)	(95, 38.648460343793666)	(100, 38.56944598125208)	(105, 38.611692524536934)	(110, 38.57659765387483)	(115, 38.553514687992546)	(120, 38.51137242652255)	(125, 38.554030467499985)	(130, 38.51564964128811)	(135, 38.51553468824706)	(140, 38.58046727119892)	(145, 38.713567307650095)	(150, 38.570040425799235)
fastp | SRR30333753_2	(1, 38.589655891169734)	(2, 38.950120694692494)	(3, 39.10369967019494)	(4, 39.1418596820893)	(5, 39.14218928657369)	(6, 39.211186217688)	(7, 39.172263882923914)	(8, 39.17560420760258)	(9, 39.21592508571954)	(10, 39.202195827234995)	(15, 39.260447580158456)	(20, 39.219615082236295)	(25, 39.04830002205763)	(30, 38.98670654427407)	(35, 38.9816139788213)	(40, 38.95316564839478)	(45, 38.936124644090846)	(50, 38.86976072429295)	(55, 38.90613690649402)	(60, 38.88357690980314)	(65, 38.86664695885826)	(70, 38.83394334585666)	(75, 38.781249690270194)	(80, 38.73179693601957)	(85, 38.715450543126096)	(90, 38.70580047248401)	(95, 38.67733897945895)	(100, 38.604572408437114)	(105, 38.60754779314825)	(110, 38.56519097223463)	(115, 38.55034689949629)	(120, 38.516849464641744)	(125, 38.50436551825742)	(130, 38.44643529555988)	(135, 38.44802266985899)	(140, 38.440171762740555)	(145, 38.5785427241126)	(150, 38.37921972053893)
fastp | SRR30333754_1	(1, 38.214123182884435)	(2, 38.77863551974084)	(3, 38.78420336667094)	(4, 38.97855674672567)	(5, 38.971869539059085)	(6, 38.93161682729712)	(7, 38.94256522380467)	(8, 38.98077527629073)	(9, 38.99414055816454)	(10, 38.96674991152729)	(15, 39.296085491473185)	(20, 39.327714767716365)	(25, 39.1447528101924)	(30, 39.08639940638068)	(35, 39.063640942975766)	(40, 39.05795143315308)	(45, 39.10186140806513)	(50, 39.0684843410487)	(55, 39.04312782104547)	(60, 39.024985346215054)	(65, 39.00494279756251)	(70, 38.97611666701489)	(75, 38.95295611419265)	(80, 38.927185418174965)	(85, 38.886144648155806)	(90, 38.852782797954056)	(95, 38.81442333304445)	(100, 38.744377702139424)	(105, 38.76476729810997)	(110, 38.72664166485526)	(115, 38.6982529484244)	(120, 38.64816705982932)	(125, 38.66750296630316)	(130, 38.64069912407658)	(135, 38.61139752014639)	(140, 38.66223455687463)	(145, 38.78265596135566)	(150, 38.650014037344036)
fastp | SRR30333754_2	(1, 38.40226470473134)	(2, 39.010839429832124)	(3, 39.162697444759104)	(4, 39.22533896858219)	(5, 39.219624576730205)	(6, 39.24981258489535)	(7, 39.21962605119001)	(8, 39.22327697749993)	(9, 39.26691980001492)	(10, 39.28023866097915)	(15, 39.331309885722604)	(20, 39.307181432258716)	(25, 39.15518741479747)	(30, 39.098923227759045)	(35, 39.09694260507299)	(40, 39.0774437044308)	(45, 39.05551402801058)	(50, 39.00199766440384)	(55, 39.03632857693437)	(60, 39.011685208185675)	(65, 38.98504579424424)	(70, 38.957088380070665)	(75, 38.89973808464727)	(80, 38.86061763478639)	(85, 38.849977730734125)	(90, 38.83857245343245)	(95, 38.81203739277481)	(100, 38.740763460554994)	(105, 38.73234392797396)	(110, 38.68793033526683)	(115, 38.6692518326945)	(120, 38.62009206569887)	(125, 38.59910838196792)	(130, 38.53452340755748)	(135, 38.51910457811586)	(140, 38.49644465928339)	(145, 38.60097383380965)	(150, 38.411088719074456)
fastp | SRR30333755_1	(1, 37.88531499436816)	(2, 38.494167342798136)	(3, 38.481036921441294)	(4, 38.649434432862996)	(5, 38.60140148324075)	(6, 38.68608034410688)	(7, 38.678999978239446)	(8, 38.750431169816245)	(9, 38.782807090624416)	(10, 38.70386780360376)	(15, 39.08563906081453)	(20, 39.13387799997721)	(25, 38.86685710259272)	(30, 38.798208368701474)	(35, 38.77852296815236)	(40, 38.77475448264551)	(45, 38.8224387300464)	(50, 38.7845649073658)	(55, 38.73998220221974)	(60, 38.724055624023755)	(65, 38.70429343727713)	(70, 38.673532359105536)	(75, 38.64766330957566)	(80, 38.62652452418766)	(85, 38.58381683322672)	(90, 38.548647463524865)	(95, 38.50184202188507)	(100, 38.41412340067341)	(105, 38.444878948094306)	(110, 38.3998969202955)	(115, 38.379535818857406)	(120, 38.33785809304094)	(125, 38.378862290197546)	(130, 38.34040647056288)	(135, 38.34757678375614)	(140, 38.415411181928256)	(145, 38.56804982743105)	(150, 38.41786684835421)
fastp | SRR30333755_2	(1, 38.54288098324541)	(2, 38.87147160403254)	(3, 39.052116990950715)	(4, 39.08635929367317)	(5, 39.09132500007772)	(6, 39.183094485357735)	(7, 39.14235629486171)	(8, 39.16728870762003)	(9, 39.191256920633045)	(10, 39.18303341073873)	(15, 39.24168422536057)	(20, 39.20342643741406)	(25, 39.02742728089454)	(30, 38.96399983388115)	(35, 38.957265658165866)	(40, 38.930019397857485)	(45, 38.91167612354025)	(50, 38.850137261900485)	(55, 38.87764353492712)	(60, 38.85357616236847)	(65, 38.83612508314743)	(70, 38.802482991513)	(75, 38.750747914783915)	(80, 38.69908884274891)	(85, 38.68095195263337)	(90, 38.66532848846373)	(95, 38.634440692519156)	(100, 38.56411771208381)	(105, 38.56052223128593)	(110, 38.5171617552164)	(115, 38.49978475427053)	(120, 38.46616915768787)	(125, 38.44513518114384)	(130, 38.395284216381405)	(135, 38.397008770311196)	(140, 38.3914881375225)	(145, 38.548764661489294)	(150, 38.324605125532244)
fastp | SRR30333756_1	(1, 38.21767805031926)	(2, 38.76157448593082)	(3, 38.74752860140486)	(4, 38.96654739124293)	(5, 38.96746634439476)	(6, 38.929016584426016)	(7, 38.917276199702734)	(8, 38.95241874346465)	(9, 38.96718248279899)	(10, 38.93629183925178)	(15, 39.288345916836356)	(20, 39.32551841288355)	(25, 39.146160067192184)	(30, 39.095746364443485)	(35, 39.06989536644021)	(40, 39.070055286317135)	(45, 39.11774137516352)	(50, 39.091264228686)	(55, 39.06384869735972)	(60, 39.05058039323425)	(65, 39.03346693710246)	(70, 39.0106967032524)	(75, 38.99063315708366)	(80, 38.968416343911734)	(85, 38.93284346092837)	(90, 38.902056277884995)	(95, 38.86873542798802)	(100, 38.796707982302294)	(105, 38.828456489758935)	(110, 38.7914257453305)	(115, 38.76486827780937)	(120, 38.714032818231864)	(125, 38.74070804527681)	(130, 38.70807721411599)	(135, 38.681891028838585)	(140, 38.73285653683505)	(145, 38.84259619865447)	(150, 38.70924032232455)
fastp | SRR30333756_2	(1, 38.43869557479823)	(2, 39.01798015926158)	(3, 39.1317488833725)	(4, 39.184187856223076)	(5, 39.197660857962966)	(6, 39.22223097302507)	(7, 39.21746745077123)	(8, 39.20854240090826)	(9, 39.258165996950595)	(10, 39.258601785534324)	(15, 39.31222612279646)	(20, 39.28397978403741)	(25, 39.12257016602884)	(30, 39.06300162863215)	(35, 39.063264119248345)	(40, 39.040973772622955)	(45, 39.021283387108404)	(50, 38.96372268296875)	(55, 39.00217211430994)	(60, 38.977343308689726)	(65, 38.95258489177436)	(70, 38.92192156566274)	(75, 38.86400997580044)	(80, 38.819995883130765)	(85, 38.807688185396024)	(90, 38.798393438337946)	(95, 38.771103130440146)	(100, 38.69951674645159)	(105, 38.694964290025204)	(110, 38.65362101143868)	(115, 38.63914802843591)	(120, 38.59452208873007)	(125, 38.5794854680277)	(130, 38.517438170659005)	(135, 38.50483682311601)	(140, 38.48329249804819)	(145, 38.581195366140264)	(150, 38.413810483556034)
fastp | SRR30333757_1	(1, 35.404292698596876)	(2, 35.585648818182484)	(3, 35.7364199589995)	(4, 35.79085639421742)	(5, 35.96164137415586)	(6, 36.05980148002049)	(7, 35.925082350067235)	(8, 36.02912760759274)	(9, 36.04370180863346)	(10, 36.06075932976983)	(15, 36.02968725733972)	(20, 35.99232025950099)	(25, 35.90593396644508)	(30, 35.85815869324914)	(35, 35.827767520703446)	(40, 35.80623011407172)	(45, 35.77006363663108)	(50, 35.74617033069571)	(55, 35.71204368299409)	(60, 35.68995154564201)	(65, 35.65586944779005)	(70, 35.624493049823705)	(75, 35.59038455703214)	(80, 35.54953588717879)	(85, 35.5146822675336)	(90, 35.47085205265717)	(95, 35.438188641968374)	(100, 35.38263873756477)	(105, 35.342783400853236)	(110, 35.31263368433163)	(115, 35.24466294131879)	(120, 35.20896080523278)	(125, 35.170549038750984)	(130, 35.1188024814333)	(135, 35.060858249584065)	(140, 34.98414063513096)	(145, 35.01366490755597)	(150, 34.73514669865075)
fastp | SRR30333757_2	(1, 35.575482003459804)	(2, 35.889054108082455)	(3, 35.97784339445942)	(4, 35.98856205265578)	(5, 35.979710539383014)	(6, 36.005853481765804)	(7, 35.9635416123406)	(8, 36.04098398008159)	(9, 36.079943600009045)	(10, 36.02735754068319)	(15, 35.988545928587016)	(20, 35.966878009098735)	(25, 35.919152633704286)	(30, 35.876616302868726)	(35, 35.8304863510167)	(40, 35.80404695430085)	(45, 35.774473352290634)	(50, 35.72852543336105)	(55, 35.68465031227272)	(60, 35.64509477398756)	(65, 35.599978460589654)	(70, 35.54483961880998)	(75, 35.512141043167624)	(80, 35.4468526387847)	(85, 35.393579293271046)	(90, 35.34724217767671)	(95, 35.281473033614176)	(100, 35.232423857824585)	(105, 35.169361314122796)	(110, 35.07347119638655)	(115, 35.00655462164114)	(120, 34.92483339199457)	(125, 34.87855996674949)	(130, 34.75276749942302)	(135, 34.65436714365147)	(140, 34.57721370292484)	(145, 34.553868229305984)	(150, 34.12411816041086)
fastp | SRR30333758_1	(1, 35.492303451835994)	(2, 35.561602991555965)	(3, 35.720309351363966)	(4, 35.78943143468613)	(5, 35.90188685001236)	(6, 35.963479897031426)	(7, 35.85943992766957)	(8, 35.96140472889398)	(9, 35.96448795903509)	(10, 35.98012928496138)	(15, 35.95248469363798)	(20, 35.909202305577324)	(25, 35.82065851676559)	(30, 35.76779879445422)	(35, 35.74528598417263)	(40, 35.718036782241924)	(45, 35.686587863761346)	(50, 35.65802078610672)	(55, 35.63270193595211)	(60, 35.60551441556749)	(65, 35.56182075658768)	(70, 35.534896943690576)	(75, 35.49641570082797)	(80, 35.46815086696561)	(85, 35.42572295123928)	(90, 35.3981350926956)	(95, 35.35805024290797)	(100, 35.32542994431421)	(105, 35.280448495421325)	(110, 35.25834425306782)	(115, 35.19453939065875)	(120, 35.14959000504564)	(125, 35.10591661377426)	(130, 35.072378681888395)	(135, 35.016536395596674)	(140, 34.93340592576296)	(145, 34.955220792209126)	(150, 34.70929775844554)
fastp | SRR30333758_2	(1, 35.402962405263956)	(2, 35.870723313274446)	(3, 35.956594613719794)	(4, 35.961079998640166)	(5, 35.97479187006443)	(6, 35.97883014960272)	(7, 35.9748816450567)	(8, 36.030855729643385)	(9, 36.0462415981125)	(10, 36.02325105005836)	(15, 35.99737464225837)	(20, 35.982282155074365)	(25, 35.933458127717365)	(30, 35.8896185795686)	(35, 35.841773481405646)	(40, 35.82443813280866)	(45, 35.79000718927165)	(50, 35.748058600769)	(55, 35.707290948234025)	(60, 35.67394235535955)	(65, 35.63124781641395)	(70, 35.578888087075576)	(75, 35.542245636365365)	(80, 35.47899553823171)	(85, 35.43584856074843)	(90, 35.37955336484386)	(95, 35.334637984343125)	(100, 35.270449071085004)	(105, 35.22411169489142)	(110, 35.13124958837625)	(115, 35.06499990484754)	(120, 34.996854626314956)	(125, 34.92591208314375)	(130, 34.814850905947516)	(135, 34.75003639875113)	(140, 34.65760610319208)	(145, 34.68279744677496)	(150, 34.204085072481384)
fastp | SRR30333759_1	(1, 35.53648505299969)	(2, 35.680789618650856)	(3, 35.82315374411286)	(4, 35.86958960118443)	(5, 36.0072685220128)	(6, 36.09169521883566)	(7, 35.97174413422104)	(8, 36.07917075791497)	(9, 36.08787655086434)	(10, 36.098453711797625)	(15, 36.06554907203152)	(20, 36.02786546297006)	(25, 35.94619249387354)	(30, 35.90051173880229)	(35, 35.87220228357705)	(40, 35.848674243752924)	(45, 35.815624638042)	(50, 35.789793683479964)	(55, 35.759729888743024)	(60, 35.735442858020804)	(65, 35.69906638079685)	(70, 35.66804465202904)	(75, 35.63382708749928)	(80, 35.59775329034595)	(85, 35.55885266597517)	(90, 35.51956062307029)	(95, 35.48313723572359)	(100, 35.433408561572854)	(105, 35.39230406839516)	(110, 35.36198854127892)	(115, 35.29372624134081)	(120, 35.253608706150786)	(125, 35.21154695039643)	(130, 35.164108599677135)	(135, 35.10249388844845)	(140, 35.023134160348754)	(145, 35.04220440396968)	(150, 34.764454080583675)
fastp | SRR30333759_2	(1, 35.59486660779573)	(2, 35.98729927841825)	(3, 36.0309815204501)	(4, 36.03676260250228)	(5, 36.02755434459171)	(6, 36.04217231169918)	(7, 36.02017945110111)	(8, 36.092632419401774)	(9, 36.122941834568756)	(10, 36.07289293444303)	(15, 36.03545753175679)	(20, 36.014145359406356)	(25, 35.962411850594904)	(30, 35.91888667992155)	(35, 35.87038670501246)	(40, 35.849220936231006)	(45, 35.816166084029454)	(50, 35.76653371170537)	(55, 35.72727791849091)	(60, 35.68576172527854)	(65, 35.64049246663153)	(70, 35.58467453332917)	(75, 35.55181961990527)	(80, 35.48699464298869)	(85, 35.43489329908245)	(90, 35.38673114542446)	(95, 35.32233795249107)	(100, 35.267606362587244)	(105, 35.20743681177549)	(110, 35.11431807766017)	(115, 35.04536815030969)	(120, 34.96584217805745)	(125, 34.91084323839378)	(130, 34.791531840944884)	(135, 34.69995647848691)	(140, 34.61209650024337)	(145, 34.59626506105852)	(150, 34.15798995716635)
fastp | SRR30333760_1	(1, 35.67469588021884)	(2, 35.841814565247866)	(3, 35.95142331909956)	(4, 36.025527139232004)	(5, 36.10043314353712)	(6, 36.1714126544707)	(7, 36.05516018025565)	(8, 36.139573896023215)	(9, 36.16172221357666)	(10, 36.18070390486498)	(15, 36.156274731387974)	(20, 36.12142529153438)	(25, 36.04298255268489)	(30, 35.99803663960806)	(35, 35.96700125793642)	(40, 35.94922517666855)	(45, 35.928827367319656)	(50, 35.9086508667754)	(55, 35.88375875624611)	(60, 35.85705235416198)	(65, 35.82281996880762)	(70, 35.79842172976224)	(75, 35.77614611797701)	(80, 35.746546409952565)	(85, 35.71611131202187)	(90, 35.67794729627509)	(95, 35.6449804614915)	(100, 35.60555971876209)	(105, 35.57038868036067)	(110, 35.53575682103563)	(115, 35.48838785515609)	(120, 35.444471499723406)	(125, 35.41944390911742)	(130, 35.37323717365867)	(135, 35.326582218748534)	(140, 35.25662403011502)	(145, 35.26125592984628)	(150, 35.01537799337209)
fastp | SRR30333760_2	(1, 35.39732064729908)	(2, 35.822092800081556)	(3, 35.85814907090645)	(4, 35.83576631454269)	(5, 35.86343213596683)	(6, 35.88895762699314)	(7, 35.833734716520674)	(8, 35.92615949917769)	(9, 35.95359479320504)	(10, 35.89835579919698)	(15, 35.870891068707884)	(20, 35.85729535447566)	(25, 35.79242352313266)	(30, 35.754869224568)	(35, 35.71317123636643)	(40, 35.68945474690567)	(45, 35.66540694621806)	(50, 35.62129745580172)	(55, 35.574517518803866)	(60, 35.53827632202632)	(65, 35.49885498314575)	(70, 35.44089429421676)	(75, 35.4013674889077)	(80, 35.35311164621241)	(85, 35.293872382227256)	(90, 35.24612080942074)	(95, 35.182757064345644)	(100, 35.141157221511065)	(105, 35.063501252972785)	(110, 34.9927075781318)	(115, 34.912243023558716)	(120, 34.81950937518015)	(125, 34.77343778350058)	(130, 34.67391811728406)	(135, 34.57568466695202)	(140, 34.49945520431984)	(145, 34.4781798682019)	(150, 34.03997330086931)
fastp | SRR30333761_1	(1, 35.24116315463881)	(2, 35.43930973356471)	(3, 35.61032488414615)	(4, 35.67391288823814)	(5, 35.8607377603984)	(6, 35.976050592647866)	(7, 35.834746182359844)	(8, 35.95208610975537)	(9, 35.96311647629369)	(10, 35.981883917906444)	(15, 35.94769115454571)	(20, 35.90718345651076)	(25, 35.81029106877141)	(30, 35.75933404445816)	(35, 35.7283438596837)	(40, 35.70615624482012)	(45, 35.66709015464427)	(50, 35.64353644656678)	(55, 35.6115098055808)	(60, 35.58568525515525)	(65, 35.55037845523969)	(70, 35.52050595889548)	(75, 35.48308438759592)	(80, 35.44615926510129)	(85, 35.41339215123662)	(90, 35.369248177223994)	(95, 35.3364800851313)	(100, 35.282223675220486)	(105, 35.245345669908374)	(110, 35.21536996734111)	(115, 35.14667310227479)	(120, 35.10757860498546)	(125, 35.068591060093794)	(130, 35.0219321600265)	(135, 34.95844759988334)	(140, 34.88472642508924)	(145, 34.91001078405403)	(150, 34.63873830182415)
fastp | SRR30333761_2	(1, 35.73818075832565)	(2, 36.00742459542912)	(3, 36.057461443944874)	(4, 36.06042521823888)	(5, 36.046064864399845)	(6, 36.068715899855036)	(7, 36.0418569853454)	(8, 36.12200480931377)	(9, 36.15041703344671)	(10, 36.09869349404356)	(15, 36.06433139894354)	(20, 36.04044937228407)	(25, 35.99379187324505)	(30, 35.95099713514547)	(35, 35.90715139817439)	(40, 35.88756396993138)	(45, 35.85762662028607)	(50, 35.81012724262793)	(55, 35.769874356307454)	(60, 35.72965182085741)	(65, 35.6906845668396)	(70, 35.63119676740931)	(75, 35.600000393740466)	(80, 35.539858925470966)	(85, 35.488250728333966)	(90, 35.442498040047255)	(95, 35.381293013245205)	(100, 35.33113305814337)	(105, 35.266975890613686)	(110, 35.18062058183351)	(115, 35.113684472670805)	(120, 35.03566468845607)	(125, 34.98557407401934)	(130, 34.87112207447076)	(135, 34.776041285298774)	(140, 34.696669110380384)	(145, 34.68346199721209)	(150, 34.23202142532517)
fastp | SRR30333762_1	(1, 35.656657719720066)	(2, 35.81118597555231)	(3, 35.93024567478587)	(4, 36.00595958684107)	(5, 36.07895028898063)	(6, 36.149343198246065)	(7, 36.0267475299202)	(8, 36.11063816516486)	(9, 36.13627503621203)	(10, 36.14990130034748)	(15, 36.12418698384162)	(20, 36.08350555340636)	(25, 36.001944748155786)	(30, 35.954386823587484)	(35, 35.920488744404736)	(40, 35.90384673937854)	(45, 35.87867898259354)	(50, 35.85867281337537)	(55, 35.828294738732396)	(60, 35.80165458237364)	(65, 35.762903000549535)	(70, 35.7371540678065)	(75, 35.71463994628995)	(80, 35.67821087784206)	(85, 35.649863452496014)	(90, 35.60530071719977)	(95, 35.57558492741655)	(100, 35.532132322378104)	(105, 35.50078442644461)	(110, 35.46285808508636)	(115, 35.416625205975905)	(120, 35.3743484508731)	(125, 35.3513542278639)	(130, 35.302902293718724)	(135, 35.255878245227805)	(140, 35.18519137624685)	(145, 35.19431727904387)	(150, 34.939015107167556)
fastp | SRR30333762_2	(1, 35.5163134368742)	(2, 35.85322378170934)	(3, 35.90796955235624)	(4, 35.887288533589555)	(5, 35.92802463082178)	(6, 35.94581050458196)	(7, 35.87892882447247)	(8, 35.982740409895946)	(9, 36.01661107523323)	(10, 35.970104141442945)	(15, 35.94483290375695)	(20, 35.9330624434749)	(25, 35.87018773704076)	(30, 35.831629742529515)	(35, 35.79195317238022)	(40, 35.77499610428844)	(45, 35.75519539760629)	(50, 35.71226193860089)	(55, 35.66394585210263)	(60, 35.632514705148495)	(65, 35.590994433958336)	(70, 35.53738329233107)	(75, 35.49992762898428)	(80, 35.450809813983156)	(85, 35.39466797527039)	(90, 35.35271792076854)	(95, 35.28933816765774)	(100, 35.25114866755506)	(105, 35.176851107151094)	(110, 35.105479542251565)	(115, 35.03232919313047)	(120, 34.942210444952714)	(125, 34.89740455252561)	(130, 34.797402875751494)	(135, 34.70331054971738)	(140, 34.632094195741935)	(145, 34.61164619148228)	(150, 34.18323756830239)
fastp | SRR30333763_1	(1, 35.769762389353005)	(2, 35.96232948705202)	(3, 36.06579776068166)	(4, 36.13433781519017)	(5, 36.188590717615206)	(6, 36.25505096946099)	(7, 36.13572954234615)	(8, 36.208343568636614)	(9, 36.23754369072726)	(10, 36.257301804276445)	(15, 36.236969224737564)	(20, 36.201961423979874)	(25, 36.13021672968857)	(30, 36.08696477762108)	(35, 36.05419332983032)	(40, 36.04072349995732)	(45, 36.02527349464669)	(50, 36.007672932382945)	(55, 35.98131641191184)	(60, 35.956225961324485)	(65, 35.922700084209524)	(70, 35.89798304542812)	(75, 35.8820427763801)	(80, 35.8517669152197)	(85, 35.82493042211753)	(90, 35.78398711638656)	(95, 35.753793911336274)	(100, 35.71368806412844)	(105, 35.68137386572702)	(110, 35.64517391646744)	(115, 35.60652958165135)	(120, 35.56298791037901)	(125, 35.54865419577377)	(130, 35.4988432184536)	(135, 35.45722428503957)	(140, 35.393565089197885)	(145, 35.395278654160876)	(150, 35.1437668868567)
fastp | SRR30333763_2	(1, 35.33827664807804)	(2, 35.87337719149042)	(3, 35.91639370436284)	(4, 35.906337248716646)	(5, 35.945933165521346)	(6, 35.976432920531884)	(7, 35.88693957133328)	(8, 35.99395157008456)	(9, 36.03054808099105)	(10, 35.97580176960014)	(15, 35.94939504893868)	(20, 35.94192934511413)	(25, 35.87561482769826)	(30, 35.83915056946191)	(35, 35.80420266453011)	(40, 35.780431165663636)	(45, 35.76464604358871)	(50, 35.721419066867625)	(55, 35.67510026862649)	(60, 35.64073830609827)	(65, 35.60380575486461)	(70, 35.54966373640502)	(75, 35.51200606649188)	(80, 35.4716164381835)	(85, 35.410531857198464)	(90, 35.37063505322662)	(95, 35.30311145812629)	(100, 35.27261435468065)	(105, 35.189381012114104)	(110, 35.130354294410786)	(115, 35.048764596013086)	(120, 34.95184502631278)	(125, 34.91715422100576)	(130, 34.82742192875114)	(135, 34.719709212271866)	(140, 34.65764185808432)	(145, 34.6133035552339)	(150, 34.19606688804052)
fastp | SRR30333764_1	(1, 35.693920862925346)	(2, 35.85682689531434)	(3, 35.98114590142486)	(4, 36.05346190254999)	(5, 36.127675830994896)	(6, 36.19521732146665)	(7, 36.08379112769624)	(8, 36.164696436644434)	(9, 36.187235589712245)	(10, 36.20342555424279)	(15, 36.180549998721446)	(20, 36.14567689505367)	(25, 36.07057021981031)	(30, 36.02534260393194)	(35, 35.99579878055668)	(40, 35.97797083179901)	(45, 35.95747494941291)	(50, 35.93564817387004)	(55, 35.90981471054023)	(60, 35.882612234278106)	(65, 35.848388947647216)	(70, 35.823465422344164)	(75, 35.800944207911584)	(80, 35.77018705402877)	(85, 35.74033768035915)	(90, 35.6998260291161)	(95, 35.666638976109255)	(100, 35.62746810648512)	(105, 35.5908812509515)	(110, 35.55594173124774)	(115, 35.507639279613684)	(120, 35.465344293122314)	(125, 35.441784884729536)	(130, 35.39453414094796)	(135, 35.34850386507638)	(140, 35.279048669420035)	(145, 35.28309084980837)	(150, 35.040003414104675)
fastp | SRR30333764_2	(1, 35.47364855722717)	(2, 35.92800095730532)	(3, 35.956149581936124)	(4, 35.948315294069744)	(5, 35.979880004160904)	(6, 36.00161170395134)	(7, 35.9444230634118)	(8, 36.03538926402933)	(9, 36.061965062824406)	(10, 36.01283445047919)	(15, 35.98659793399807)	(20, 35.97551612188066)	(25, 35.91459291807566)	(30, 35.87369415870754)	(35, 35.83527201099554)	(40, 35.81439483513735)	(45, 35.792666670802475)	(50, 35.74943905660432)	(55, 35.70488083326758)	(60, 35.67066580829118)	(65, 35.631009060489255)	(70, 35.57651514783236)	(75, 35.53870894209589)	(80, 35.49047415292851)	(85, 35.434152759772175)	(90, 35.389141118443796)	(95, 35.32622124922538)	(100, 35.28692471243137)	(105, 35.211034736637984)	(110, 35.14121097490293)	(115, 35.06530086460841)	(120, 34.97507966514029)	(125, 34.930886086119514)	(130, 34.83469724707449)	(135, 34.739459857761254)	(140, 34.66693262487708)	(145, 34.641197755004235)	(150, 34.19996163271795)
fastp | SRR30333765_1	(1, 35.29235270723963)	(2, 35.47164451514536)	(3, 35.63678507268799)	(4, 35.69652955205348)	(5, 35.870897850340405)	(6, 35.980277387495995)	(7, 35.83207257703581)	(8, 35.94727278847365)	(9, 35.96577756390197)	(10, 35.980851052264796)	(15, 35.94973049903569)	(20, 35.90984228681992)	(25, 35.815397102952524)	(30, 35.7659907359602)	(35, 35.733000873849306)	(40, 35.71223760031143)	(45, 35.671836329927174)	(50, 35.648762640942394)	(55, 35.61536419436645)	(60, 35.58966190447545)	(65, 35.555528663853885)	(70, 35.524638299348204)	(75, 35.48950509403544)	(80, 35.44852612844459)	(85, 35.41774173151094)	(90, 35.370339919140136)	(95, 35.34101016772304)	(100, 35.28254651382424)	(105, 35.247466384300836)	(110, 35.21257897633184)	(115, 35.144525894353514)	(120, 35.10635217753592)	(125, 35.06476779590291)	(130, 35.01606921748501)	(135, 34.951313953985725)	(140, 34.87640312907873)	(145, 34.89985228605034)	(150, 34.62699915488355)
fastp | SRR30333765_2	(1, 35.54712528066005)	(2, 35.894334388444726)	(3, 35.97529473512299)	(4, 35.97018636699675)	(5, 35.956077429135284)	(6, 35.980353460237595)	(7, 35.94865062515038)	(8, 36.029898058536865)	(9, 36.06382031773023)	(10, 36.00957836851272)	(15, 35.974070031304265)	(20, 35.95118991381664)	(25, 35.904259694537146)	(30, 35.859741700541754)	(35, 35.81095974610315)	(40, 35.78804627117833)	(45, 35.75478904560841)	(50, 35.70906612851434)	(55, 35.66405091913998)	(60, 35.62506470614536)	(65, 35.57926029712506)	(70, 35.518359230976955)	(75, 35.48679727708989)	(80, 35.4207742914438)	(85, 35.36663011300494)	(90, 35.31956712071688)	(95, 35.256497428646746)	(100, 35.20627355707204)	(105, 35.14105022838397)	(110, 35.04927558490924)	(115, 34.9838071774085)	(120, 34.901034692122764)	(125, 34.85073534355685)	(130, 34.73114843651861)	(135, 34.633090248319135)	(140, 34.55339907259706)	(145, 34.53890518869859)	(150, 34.10115589004252)
fastp | SRR30333766_1	(1, 35.72777310981881)	(2, 35.88354057937939)	(3, 36.005231593139904)	(4, 36.0718929621304)	(5, 36.13840879785812)	(6, 36.2027428423892)	(7, 36.101109631300524)	(8, 36.17764836318804)	(9, 36.19660022936418)	(10, 36.21297557751901)	(15, 36.192385338262966)	(20, 36.158599103566985)	(25, 36.0870026472874)	(30, 36.044787295057326)	(35, 36.01687851226839)	(40, 36.0001829501287)	(45, 35.98104978943561)	(50, 35.96139898713461)	(55, 35.9366691619979)	(60, 35.91356900124998)	(65, 35.880348936572666)	(70, 35.85538650083313)	(75, 35.8348409032546)	(80, 35.80528177070568)	(85, 35.774993398783174)	(90, 35.73910870841553)	(95, 35.710140607202696)	(100, 35.67269908245684)	(105, 35.63712349593508)	(110, 35.60779139780782)	(115, 35.562542387550344)	(120, 35.518382017150955)	(125, 35.49642007715696)	(130, 35.4530777216479)	(135, 35.41401860893019)	(140, 35.34277045602717)	(145, 35.35036710939272)	(150, 35.110820902448566)
fastp | SRR30333766_2	(1, 35.415148359833196)	(2, 35.87719685445967)	(3, 35.92827319225859)	(4, 35.96083401764757)	(5, 35.99255264224618)	(6, 36.02209529071628)	(7, 35.95790018158221)	(8, 36.045766643820905)	(9, 36.077678351047076)	(10, 36.034673117575224)	(15, 36.0092230424848)	(20, 36.000743586181144)	(25, 35.93744262428835)	(30, 35.899256786208745)	(35, 35.86103487634226)	(40, 35.83825603076953)	(45, 35.814269217424545)	(50, 35.773848203596195)	(55, 35.731317109312315)	(60, 35.695592154190834)	(65, 35.6580571746543)	(70, 35.60501533449717)	(75, 35.56566110474069)	(80, 35.52229661768054)	(85, 35.46685763319821)	(90, 35.41769049240147)	(95, 35.35986941013635)	(100, 35.31615883964869)	(105, 35.24876060132631)	(110, 35.17463558350198)	(115, 35.09968691545709)	(120, 35.014792063594555)	(125, 34.971280712041015)	(130, 34.87362491857033)	(135, 34.78385972523056)	(140, 34.70975965036038)	(145, 34.686775309167174)	(150, 34.24418049281775)
fastp | SRR30333767_1	(1, 35.6226479342462)	(2, 35.773429204104296)	(3, 35.90563465643307)	(4, 35.97825327819034)	(5, 36.05521609362151)	(6, 36.1291501273814)	(7, 36.00434024449397)	(8, 36.090053748578356)	(9, 36.11476237927896)	(10, 36.12836155991746)	(15, 36.10517215241269)	(20, 36.06724141356133)	(25, 35.984656435466356)	(30, 35.938036933370874)	(35, 35.90722782363149)	(40, 35.89060055451027)	(45, 35.866020968385904)	(50, 35.84871742191501)	(55, 35.8192320005831)	(60, 35.79515867686659)	(65, 35.75831140369271)	(70, 35.732587337047036)	(75, 35.7102715928268)	(80, 35.6762064835063)	(85, 35.64879910358712)	(90, 35.605076138175264)	(95, 35.574432527918454)	(100, 35.52953534546877)	(105, 35.49743536405993)	(110, 35.45766693465448)	(115, 35.410797176874624)	(120, 35.36675146262542)	(125, 35.340777471274535)	(130, 35.29187298479794)	(135, 35.243299109852124)	(140, 35.17307416456195)	(145, 35.182186668671434)	(150, 34.93583694276049)
fastp | SRR30333767_2	(1, 35.422804278689945)	(2, 35.866324160273905)	(3, 35.90768272508542)	(4, 35.88255138852449)	(5, 35.91245759478283)	(6, 35.932738165588205)	(7, 35.88376007693098)	(8, 35.97932592333144)	(9, 36.002828809559674)	(10, 35.951446292612786)	(15, 35.9261664764598)	(20, 35.910250031916554)	(25, 35.8501943307679)	(30, 35.809682867869824)	(35, 35.77073185231092)	(40, 35.74760900491526)	(45, 35.72600591372939)	(50, 35.681609025181125)	(55, 35.635556808421796)	(60, 35.6011867777901)	(65, 35.560446745463224)	(70, 35.50506035854689)	(75, 35.4666561832528)	(80, 35.41676907754659)	(85, 35.360491694081134)	(90, 35.31486196644488)	(95, 35.25269388616963)	(100, 35.213768105879375)	(105, 35.13764760591547)	(110, 35.06738378737302)	(115, 34.991092451516344)	(120, 34.90218150403438)	(125, 34.8556614334888)	(130, 34.756695183913855)	(135, 34.662589202804334)	(140, 34.5897773893228)	(145, 34.57210737014902)	(150, 34.135288108578905)
fastp | SRR30333768_1	(1, 35.44214385901457)	(2, 35.507395200661776)	(3, 35.6858642156225)	(4, 35.78012139516581)	(5, 35.90914096251146)	(6, 35.98800842315947)	(7, 35.8454837098465)	(8, 35.941296602020785)	(9, 35.959455008175816)	(10, 35.98195618334524)	(15, 35.953701734477406)	(20, 35.90942014985929)	(25, 35.81265534918336)	(30, 35.75232183355977)	(35, 35.71746224455294)	(40, 35.693718430935675)	(45, 35.645873458242924)	(50, 35.61897878985188)	(55, 35.581409488242926)	(60, 35.55730523684258)	(65, 35.507537829445326)	(70, 35.47781372939519)	(75, 35.44034518890694)	(80, 35.38928551053171)	(85, 35.35454860952467)	(90, 35.301056065407494)	(95, 35.26659060972084)	(100, 35.207009512880006)	(105, 35.169247049498736)	(110, 35.12761600059439)	(115, 35.05229202375551)	(120, 35.01829351541521)	(125, 34.98644013830733)	(130, 34.92877361260846)	(135, 34.868168778782355)	(140, 34.78907455542517)	(145, 34.82285660473413)	(150, 34.570941554619935)
fastp | SRR30333768_2	(1, 35.281075614998045)	(2, 35.745133731619426)	(3, 35.80815312023189)	(4, 35.81151898629269)	(5, 35.82245031617472)	(6, 35.824571952389704)	(7, 35.800868029804064)	(8, 35.88332959737083)	(9, 35.89965274384471)	(10, 35.862833879420634)	(15, 35.835128681447145)	(20, 35.81319861638063)	(25, 35.768732032959136)	(30, 35.71943597356694)	(35, 35.667074052352326)	(40, 35.6477092215325)	(45, 35.61707744781097)	(50, 35.57661087520381)	(55, 35.51849261949094)	(60, 35.494547257848005)	(65, 35.439413146222634)	(70, 35.38501713842312)	(75, 35.34901432506187)	(80, 35.27414932589688)	(85, 35.2241365115612)	(90, 35.172178132987014)	(95, 35.11760933121819)	(100, 35.06811038039672)	(105, 34.9996874227326)	(110, 34.891265896222905)	(115, 34.840584039080426)	(120, 34.76154012502827)	(125, 34.6951647560312)	(130, 34.54948996866489)	(135, 34.47416004782381)	(140, 34.405179497317974)	(145, 34.43096769240927)	(150, 33.949753263106984)
qc_bundle_trimmed | SRR30333743_1	(1, 38.32352160965768)	(2, 38.836145307854935)	(3, 38.8262191301833)	(4, 38.9476182832743)	(5, 38.911935784501296)	(6, 38.84052140159641)	(7, 38.874261502741376)	(8, 38.88873656302535)	(9, 38.88290645572638)	(10, 38.86259141107165)	(15, 39.19985848719231)	(20, 39.239170726004104)	(25, 39.01178715932362)	(30, 38.9361020487558)	(35, 38.92440429809122)	(40, 38.909797873551085)	(45, 38.92723010676799)	(50, 38.87934531223054)	(55, 38.8428632177867)	(60, 38.819784389591476)	(65, 38.79801434127666)	(70, 38.771348834520495)	(75, 38.75440525685387)	(80, 38.7159862662391)	(85, 38.6697865384734)	(90, 38.6258945881292)	(95, 38.57867984551765)	(100, 38.4896362069657)	(105, 38.46404836299812)	(110, 38.370970088342105)	(115, 38.26925447108951)	(120, 38.10519778909825)	(125, 37.94531365145641)	(130, 37.67212709058304)	(135, 37.27389483015789)	(140, 36.858077931701565)	(145, 36.57401789744448)	(150, 37.57799433349636)
qc_bundle_trimmed | SRR30333743_2	(1, 38.38306933359049)	(2, 38.83595463325992)	(3, 38.97074983443229)	(4, 38.99201947372095)	(5, 38.938495605790976)	(6, 38.95231460334045)	(7, 38.98013912099132)	(8, 38.98277415127198)	(9, 39.00384193738803)	(10, 39.003111760684064)	(15, 39.03300221521481)	(20, 39.009646940795605)	(25, 38.73299380133899)	(30, 38.635966941672315)	(35, 38.61866406056761)	(40, 38.5957312405652)	(45, 38.5714113826545)	(50, 38.522698087838435)	(55, 38.550439444856664)	(60, 38.52106995196545)	(65, 38.48577594868745)	(70, 38.4482693296221)	(75, 38.384003455458036)	(80, 38.33096680298952)	(85, 38.29435793711004)	(90, 38.23727612860186)	(95, 38.15016140002235)	(100, 37.988376540621495)	(105, 37.84223385015879)	(110, 37.60930780504985)	(115, 37.34968190866867)	(120, 36.99044908282376)	(125, 36.57790145932655)	(130, 36.108523103475044)	(135, 35.625342258816566)	(140, 35.10856169201234)	(145, 34.82538510564049)	(150, 36.33196683023267)
qc_bundle_trimmed | SRR30333744_1	(1, 38.221714568712194)	(2, 38.74827887872642)	(3, 38.75362031280336)	(4, 38.92660444387297)	(5, 38.91022076559686)	(6, 38.86089945118958)	(7, 38.875979375366356)	(8, 38.9139834363245)	(9, 38.92157256084386)	(10, 38.896312983318765)	(15, 39.24202919634422)	(20, 39.280276922741905)	(25, 39.069494046807264)	(30, 39.00305801363415)	(35, 38.98125282791645)	(40, 38.97392528463358)	(45, 38.997367627890846)	(50, 38.95357644648693)	(55, 38.92691835902519)	(60, 38.911173633335764)	(65, 38.893112319126814)	(70, 38.876240117352005)	(75, 38.86578397943906)	(80, 38.8417783486843)	(85, 38.8043334054721)	(90, 38.77140547814803)	(95, 38.73592018565465)	(100, 38.65676411333358)	(105, 38.66128755169923)	(110, 38.593093896409975)	(115, 38.51902364381699)	(120, 38.39544094629965)	(125, 38.3011683267177)	(130, 38.10149735255918)	(135, 37.82005330419473)	(140, 37.518415969776854)	(145, 37.29842035416853)	(150, 38.092465998498625)
qc_bundle_trimmed | SRR30333744_2	(1, 38.198316873599794)	(2, 38.62970938708914)	(3, 38.782581666781766)	(4, 38.82146954721998)	(5, 38.80054101643039)	(6, 38.808420565912584)	(7, 38.819572354432324)	(8, 38.80970903681235)	(9, 38.84639158689017)	(10, 38.840823599256666)	(15, 38.88044246717928)	(20, 38.85698386012409)	(25, 38.52363947665466)	(30, 38.414886949488164)	(35, 38.408982386929665)	(40, 38.387048371790414)	(45, 38.36585196980014)	(50, 38.310700017582306)	(55, 38.345790031762775)	(60, 38.3231742887465)	(65, 38.29661646084077)	(70, 38.26792293389197)	(75, 38.21285691212626)	(80, 38.16862465377612)	(85, 38.14634488411652)	(90, 38.11460777092462)	(95, 38.05600852595797)	(100, 37.932972665453825)	(105, 37.84603065693178)	(110, 37.68763489632245)	(115, 37.513323213185274)	(120, 37.26262079832317)	(125, 36.982195717803414)	(130, 36.632760166470874)	(135, 36.28501831162554)	(140, 35.89588863908285)	(145, 35.70702927000608)	(150, 36.962153717078294)
qc_bundle_trimmed | SRR30333745_1	(1, 38.30531854383546)	(2, 38.81656413889767)	(3, 38.820957427237744)	(4, 38.960329019144176)	(5, 38.928109549568)	(6, 38.86018681629505)	(7, 38.896230193936475)	(8, 38.91512736976514)	(9, 38.91285076891016)	(10, 38.89457687457747)	(15, 39.22468245923087)	(20, 39.260862158523466)	(25, 39.04094341107976)	(30, 38.967198726850306)	(35, 38.95234809965778)	(40, 38.941520655260824)	(45, 38.960096347909925)	(50, 38.91567044778337)	(55, 38.88784803118323)	(60, 38.86633218294424)	(65, 38.841706486057845)	(70, 38.81254148315112)	(75, 38.79235174047905)	(80, 38.756785350580046)	(85, 38.70977772167076)	(90, 38.667237209795715)	(95, 38.620468116586935)	(100, 38.53608174346482)	(105, 38.51949258228679)	(110, 38.43818082081947)	(115, 38.35205458354049)	(120, 38.20998385481581)	(125, 38.080298583615)	(130, 37.84456480413127)	(135, 37.494753159764954)	(140, 37.11142625781959)	(145, 36.835209100802174)	(150, 37.80414872788149)
qc_bundle_trimmed | SRR30333745_2	(1, 38.36380475694381)	(2, 38.791503333752466)	(3, 38.91642667112399)	(4, 38.94997271475512)	(5, 38.9331122069827)	(6, 38.931066001848684)	(7, 38.92249948905524)	(8, 38.91348038336041)	(9, 38.93249250607382)	(10, 38.92157924470862)	(15, 38.94132017584698)	(20, 38.9096849443089)	(25, 38.59926098522866)	(30, 38.49163945462304)	(35, 38.476590088115074)	(40, 38.45007539729249)	(45, 38.423448227513184)	(50, 38.37471231279407)	(55, 38.40292529782663)	(60, 38.37453775080736)	(65, 38.34246576293653)	(70, 38.31021943059129)	(75, 38.25023342399498)	(80, 38.2048598662095)	(85, 38.18029631305508)	(90, 38.141037148305465)	(95, 38.07783747680598)	(100, 37.949935169397634)	(105, 37.849830670198166)	(110, 37.67649206164093)	(115, 37.489076376399346)	(120, 37.21555968388093)	(125, 36.9061074791838)	(130, 36.54011100380112)	(135, 36.161218627458304)	(140, 35.74100262277978)	(145, 35.514189019766135)	(150, 36.81210782525814)
qc_bundle_trimmed | SRR30333746_1	(1, 38.24690262834963)	(2, 38.785058947388116)	(3, 38.77105696922982)	(4, 38.939124718842024)	(5, 38.92513965368846)	(6, 38.86703855537357)	(7, 38.888634804287044)	(8, 38.92414467630605)	(9, 38.93292318902048)	(10, 38.90372783706475)	(15, 39.24021867993998)	(20, 39.274030533658596)	(25, 39.0596571279136)	(30, 38.98464046659048)	(35, 38.96271840782773)	(40, 38.9510822510925)	(45, 38.98452016159263)	(50, 38.94208151949846)	(55, 38.913966259503056)	(60, 38.891718002413064)	(65, 38.87226618037435)	(70, 38.844289228014894)	(75, 38.824248899736794)	(80, 38.79498873828392)	(85, 38.75122576528089)	(90, 38.71164375337476)	(95, 38.664267622480416)	(100, 38.57707825948127)	(105, 38.56970149849459)	(110, 38.49129754606277)	(115, 38.40313575635419)	(120, 38.26344600867153)	(125, 38.15152644515475)	(130, 37.93475694819057)	(135, 37.636011043627704)	(140, 37.33839584039673)	(145, 37.13633827482034)	(150, 37.953277634785614)
qc_bundle_trimmed | SRR30333746_2	(1, 38.37070648629129)	(2, 38.84941174603441)	(3, 38.997431757861676)	(4, 39.05456019259033)	(5, 39.05522264229694)	(6, 39.06688513025915)	(7, 39.03704248871311)	(8, 39.03075923638968)	(9, 39.071043455407406)	(10, 39.07072103763416)	(15, 39.106588716822884)	(20, 39.073819755929236)	(25, 38.824067944798706)	(30, 38.73609677460236)	(35, 38.724839317572105)	(40, 38.6990275045963)	(45, 38.671941142743506)	(50, 38.615112868842374)	(55, 38.64492619451353)	(60, 38.61734701518037)	(65, 38.58643175750636)	(70, 38.552535149262596)	(75, 38.49165656604179)	(80, 38.44153230401671)	(85, 38.416681397918445)	(90, 38.38117164273101)	(95, 38.318660063837186)	(100, 38.19314157718414)	(105, 38.10229177351013)	(110, 37.93956427604232)	(115, 37.764121496536106)	(120, 37.51029972072586)	(125, 37.224212803948646)	(130, 36.87173587803251)	(135, 36.51598668248145)	(140, 36.10857470809115)	(145, 35.88553497801475)	(150, 37.04808844416873)
qc_bundle_trimmed | SRR30333747_1	(1, 37.90698805752543)	(2, 38.518457652147944)	(3, 38.5103527084269)	(4, 38.70655719341589)	(5, 38.68157993943535)	(6, 38.743591077473376)	(7, 38.739727681747674)	(8, 38.81281370278359)	(9, 38.84751454583271)	(10, 38.7629303232322)	(15, 39.139639789786614)	(20, 39.17968412179556)	(25, 38.913069716440255)	(30, 38.83773537645112)	(35, 38.80804732144411)	(40, 38.79861463444421)	(45, 38.8491667766248)	(50, 38.80687812207775)	(55, 38.76267113966965)	(60, 38.74656815390029)	(65, 38.73089868679356)	(70, 38.70817213405746)	(75, 38.68937257936118)	(80, 38.673149681691854)	(85, 38.63272197581984)	(90, 38.60078901485645)	(95, 38.55446959160819)	(100, 38.462432813309945)	(105, 38.48629885969929)	(110, 38.42790035449466)	(115, 38.37304594092815)	(120, 38.2834753376821)	(125, 38.252274222926225)	(130, 38.10620385365948)	(135, 37.944611808396054)	(140, 37.78019172878446)	(145, 37.65873927499586)	(150, 38.25117210651061)
qc_bundle_trimmed | SRR30333747_2	(1, 38.20640433783146)	(2, 38.44480902143547)	(3, 38.692949886218855)	(4, 38.72876160625549)	(5, 38.70921597628677)	(6, 38.76883198788979)	(7, 38.75889671522878)	(8, 38.76190292367421)	(9, 38.79469175922679)	(10, 38.76989901127134)	(15, 38.821259946187446)	(20, 38.788516354721025)	(25, 38.43996130186673)	(30, 38.33034661754025)	(35, 38.32406491422731)	(40, 38.298870628653596)	(45, 38.282587677797935)	(50, 38.22029431117605)	(55, 38.25985093468954)	(60, 38.239503872779025)	(65, 38.223981786848725)	(70, 38.191927144283326)	(75, 38.140065033633576)	(80, 38.08590042543017)	(85, 38.06154913190541)	(90, 38.034420045513436)	(95, 37.97994998281772)	(100, 37.86568522731196)	(105, 37.80252267885299)	(110, 37.66454577121278)	(115, 37.51725274332265)	(120, 37.3087455349397)	(125, 37.06571903949556)	(130, 36.74944952070565)	(135, 36.440373275746865)	(140, 36.08001135552752)	(145, 35.928375578342674)	(150, 37.12709077384615)
qc_bundle_trimmed | SRR30333748_1	(1, 38.26612339705188)	(2, 38.813115236205114)	(3, 38.82901157954805)	(4, 38.95800820411256)	(5, 38.93004189566326)	(6, 38.86488069937832)	(7, 38.904306298365775)	(8, 38.92942690980353)	(9, 38.92840727407219)	(10, 38.90275833067649)	(15, 39.238054969089106)	(20, 39.27391779015305)	(25, 39.05896324079722)	(30, 38.990113664296)	(35, 38.974966005772174)	(40, 38.971339359581194)	(45, 39.00183331403444)	(50, 38.96701049267452)	(55, 38.94248649059862)	(60, 38.92412842426239)	(65, 38.902505358767186)	(70, 38.87078937637841)	(75, 38.850984660761135)	(80, 38.819954662947666)	(85, 38.779762687557614)	(90, 38.740263711000125)	(95, 38.70215668230158)	(100, 38.62558134479089)	(105, 38.626240495398584)	(110, 38.565664501348536)	(115, 38.51341658325133)	(120, 38.41596528731532)	(125, 38.348145918184194)	(130, 38.20217905167341)	(135, 37.97485357194628)	(140, 37.733265853965406)	(145, 37.53736103687855)	(150, 38.252230609986825)
qc_bundle_trimmed | SRR30333748_2	(1, 38.08062745007869)	(2, 38.60449471403555)	(3, 38.76796622956184)	(4, 38.81196399906472)	(5, 38.79267344623882)	(6, 38.79678281031201)	(7, 38.819568261152476)	(8, 38.82151895239163)	(9, 38.84550810970751)	(10, 38.853415911179084)	(15, 38.898363687526526)	(20, 38.87829090130668)	(25, 38.54675112231938)	(30, 38.43982282487623)	(35, 38.43393346613131)	(40, 38.417734898195576)	(45, 38.39366803367223)	(50, 38.34677212228401)	(55, 38.37704639044456)	(60, 38.35049745730116)	(65, 38.321619075257324)	(70, 38.29262612380042)	(75, 38.23812780603738)	(80, 38.19824066025743)	(85, 38.18395136993742)	(90, 38.16006690775058)	(95, 38.11854948934392)	(100, 38.02155155264846)	(105, 37.96290180390726)	(110, 37.85079935672873)	(115, 37.738804890240644)	(120, 37.558517739782296)	(125, 37.35964490714323)	(130, 37.107699790858696)	(135, 36.84973876128393)	(140, 36.546432843135605)	(145, 36.395722083082674)	(150, 37.446204935443774)
qc_bundle_trimmed | SRR30333749_1	(1, 38.244250371444124)	(2, 38.82636473164007)	(3, 38.872861474640196)	(4, 38.9898817350961)	(5, 38.981456943128585)	(6, 38.99227239707634)	(7, 38.984655588050686)	(8, 39.0244006804595)	(9, 39.03030117630619)	(10, 39.01918065160366)	(15, 39.31023290420012)	(20, 39.34635636537154)	(25, 39.13339513428696)	(30, 39.072617975188535)	(35, 39.06781259034299)	(40, 39.061981214312354)	(45, 39.08535291563372)	(50, 39.05246108668557)	(55, 39.028428471118715)	(60, 39.013531757878305)	(65, 38.99890665630943)	(70, 38.98008698537892)	(75, 38.963877624676186)	(80, 38.94122324925515)	(85, 38.90954625911087)	(90, 38.87678786211099)	(95, 38.85122709203236)	(100, 38.79305411748354)	(105, 38.79488530426141)	(110, 38.75115565166172)	(115, 38.7094242864813)	(120, 38.64059400875744)	(125, 38.6000572045845)	(130, 38.503082964974894)	(135, 38.360358366731035)	(140, 38.217642663234095)	(145, 38.1093490545645)	(150, 38.57275558688215)
qc_bundle_trimmed | SRR30333749_2	(1, 38.34008784207522)	(2, 38.687711092049284)	(3, 38.878133751487006)	(4, 38.900563393898295)	(5, 38.95225969939919)	(6, 38.9947787579903)	(7, 38.98993344390757)	(8, 38.99215886983784)	(9, 39.00165198606955)	(10, 39.007036958919805)	(15, 39.03385148607792)	(20, 39.02425672702245)	(25, 38.724966642949006)	(30, 38.62243879348553)	(35, 38.612558938055265)	(40, 38.5901264887041)	(45, 38.574739219185325)	(50, 38.53450762136786)	(55, 38.55662674922329)	(60, 38.5396339828593)	(65, 38.51923992988195)	(70, 38.4980287671679)	(75, 38.45877028279142)	(80, 38.427207904551445)	(85, 38.41371520672705)	(90, 38.39243974093421)	(95, 38.356682518504826)	(100, 38.278278719063245)	(105, 38.22634792319015)	(110, 38.12845855260869)	(115, 38.0174011781194)	(120, 37.850318240296225)	(125, 37.648703775873855)	(130, 37.39633816704796)	(135, 37.116099595381854)	(140, 36.78556870529745)	(145, 36.57472306537717)	(150, 37.62281811524866)
qc_bundle_trimmed | SRR30333750_1	(1, 38.29021387401221)	(2, 38.83094648055397)	(3, 38.83488867777973)	(4, 38.96406085036208)	(5, 38.927778831980376)	(6, 38.85203086831132)	(7, 38.88605704004617)	(8, 38.91193086140181)	(9, 38.913287036482615)	(10, 38.88402392208372)	(15, 39.23117882739418)	(20, 39.27027830054516)	(25, 39.059603900468176)	(30, 38.99129674764668)	(35, 38.98038266433569)	(40, 38.97619554035657)	(45, 39.00911506506554)	(50, 38.974198900364485)	(55, 38.95187100519286)	(60, 38.93387571521812)	(65, 38.91401438968287)	(70, 38.884381546725635)	(75, 38.86607079937339)	(80, 38.83658154875806)	(85, 38.79494206647778)	(90, 38.75641852668364)	(95, 38.71320525571393)	(100, 38.630813783247945)	(105, 38.621623246259055)	(110, 38.547613826586314)	(115, 38.47442701990055)	(120, 38.35192480825488)	(125, 38.2534495742028)	(130, 38.06755796752613)	(135, 37.79296761088835)	(140, 37.501992147674656)	(145, 37.27924607102574)	(150, 38.10255163331356)
qc_bundle_trimmed | SRR30333750_2	(1, 38.13982033239606)	(2, 38.77907375648409)	(3, 38.91261826110014)	(4, 38.961891136453865)	(5, 38.97044993513789)	(6, 38.97448030508821)	(7, 38.990543683068395)	(8, 38.988376802473944)	(9, 39.020401445806016)	(10, 39.02737600653944)	(15, 39.071280779845814)	(20, 39.04510930187866)	(25, 38.77940317643185)	(30, 38.69140530889712)	(35, 38.685645144223415)	(40, 38.66724976012221)	(45, 38.63950048904885)	(50, 38.591730055766035)	(55, 38.62263458060969)	(60, 38.5958118333614)	(65, 38.564513749901735)	(70, 38.533780478097896)	(75, 38.474518199715455)	(80, 38.428868212936074)	(85, 38.40692967057036)	(90, 38.372581292624616)	(95, 38.31714290958769)	(100, 38.19947769507613)	(105, 38.116879147321676)	(110, 37.97278713826756)	(115, 37.82342143431963)	(120, 37.59838338271944)	(125, 37.35009922927312)	(130, 37.043037644724926)	(135, 36.72985892275149)	(140, 36.36749145243884)	(145, 36.16321689042978)	(150, 37.26766896006926)
qc_bundle_trimmed | SRR30333751_1	(1, 38.291148647506105)	(2, 38.81725964474)	(3, 38.827902113963184)	(4, 38.970987523365196)	(5, 38.95250526813415)	(6, 38.89331818784368)	(7, 38.929416615856425)	(8, 38.95595768517912)	(9, 38.958056791820454)	(10, 38.932042063385765)	(15, 39.25732466447045)	(20, 39.289869688609706)	(25, 39.07700022989078)	(30, 39.0083765261132)	(35, 38.9876721768397)	(40, 38.981694060746996)	(45, 39.006623635197776)	(50, 38.96950407790897)	(55, 38.94202349433762)	(60, 38.923579454057744)	(65, 38.89958254311774)	(70, 38.8702167900071)	(75, 38.85030520001059)	(80, 38.818242327327454)	(85, 38.77596234672244)	(90, 38.73409359143525)	(95, 38.691819780839396)	(100, 38.60769983832331)	(105, 38.603326149110806)	(110, 38.53141125960774)	(115, 38.46102992878093)	(120, 38.34014668761521)	(125, 38.246865152310434)	(130, 38.060154277024616)	(135, 37.78515427394247)	(140, 37.49355810014129)	(145, 37.28098890961034)	(150, 38.0990577063725)
qc_bundle_trimmed | SRR30333751_2	(1, 38.341833679654066)	(2, 38.77985660739366)	(3, 38.93441421465831)	(4, 38.951569121320084)	(5, 38.89216377333428)	(6, 38.920281055504624)	(7, 38.95052514418142)	(8, 38.95608963068042)	(9, 38.98205153746381)	(10, 38.98634421995966)	(15, 39.0256471856231)	(20, 39.005177202554776)	(25, 38.723517811900386)	(30, 38.62908618362229)	(35, 38.62159787812515)	(40, 38.60413767187812)	(45, 38.57980285879264)	(50, 38.530165641934595)	(55, 38.561103798708814)	(60, 38.53509535615201)	(65, 38.50637188506417)	(70, 38.476748997545506)	(75, 38.421094472001286)	(80, 38.37745542912108)	(85, 38.35716012349034)	(90, 38.325348541539334)	(95, 38.271599699791444)	(100, 38.15567190154714)	(105, 38.074671932947794)	(110, 37.92808531575922)	(115, 37.77199387314516)	(120, 37.53927238463011)	(125, 37.278337394125955)	(130, 36.95776745697227)	(135, 36.635362174532474)	(140, 36.26828636807723)	(145, 36.08768621789811)	(150, 37.22800158030334)
qc_bundle_trimmed | SRR30333752_1	(1, 38.238461835321544)	(2, 38.7984651923026)	(3, 38.79321370774008)	(4, 38.92865906301468)	(5, 38.89300546368891)	(6, 38.816719653152404)	(7, 38.8546739978729)	(8, 38.87854641371792)	(9, 38.875727358536196)	(10, 38.84728149415317)	(15, 39.20789915844597)	(20, 39.25411336181262)	(25, 39.037433864355386)	(30, 38.97324110623312)	(35, 38.960906169177356)	(40, 38.95938797786213)	(45, 38.993388776324785)	(50, 38.95740655012393)	(55, 38.93345795507611)	(60, 38.916710145076514)	(65, 38.89663343671104)	(70, 38.8680101241965)	(75, 38.849154790700155)	(80, 38.81892701650162)	(85, 38.77652319561004)	(90, 38.73712487042677)	(95, 38.69462085915459)	(100, 38.613393714052954)	(105, 38.6084761210286)	(110, 38.54008413686573)	(115, 38.47539527514529)	(120, 38.366781179440984)	(125, 38.29146259407297)	(130, 38.137695563467055)	(135, 37.90611509659969)	(140, 37.68005643726298)	(145, 37.52000220250652)	(150, 38.22047803777096)
qc_bundle_trimmed | SRR30333752_2	(1, 38.02666750703542)	(2, 38.628727028399354)	(3, 38.78909972070659)	(4, 38.84393280442906)	(5, 38.85275401367363)	(6, 38.86548866740828)	(7, 38.864795127254354)	(8, 38.86998506716406)	(9, 38.90698813243156)	(10, 38.923358187688606)	(15, 38.972791547148645)	(20, 38.95148410076807)	(25, 38.64600456057336)	(30, 38.54910223507192)	(35, 38.543864340215876)	(40, 38.529699659734916)	(45, 38.50533478555345)	(50, 38.45811794361991)	(55, 38.489995768383814)	(60, 38.462423440356204)	(65, 38.433179457095946)	(70, 38.40384841477861)	(75, 38.34612795659113)	(80, 38.303839659845266)	(85, 38.286296592609446)	(90, 38.25787464000524)	(95, 38.20977744611584)	(100, 38.102072849643314)	(105, 38.03316070846705)	(110, 37.90604891359159)	(115, 37.77868955029737)	(120, 37.57600887902472)	(125, 37.34955790511292)	(130, 37.0557109216242)	(135, 36.7431363718316)	(140, 36.36101917450094)	(145, 36.143473637146755)	(150, 37.30458407286035)
qc_bundle_trimmed | SRR30333753_1	(1, 37.9067861633039)	(2, 38.51272995707804)	(3, 38.490613632815155)	(4, 38.689993059593874)	(5, 38.66159514436506)	(6, 38.713902210476434)	(7, 38.694952555038405)	(8, 38.76289808418694)	(9, 38.79924697908268)	(10, 38.71747344608752)	(15, 39.09951117492706)	(20, 39.140684368993846)	(25, 38.85644600699915)	(30, 38.77423630353841)	(35, 38.74467225719382)	(40, 38.7288594529805)	(45, 38.76938995621178)	(50, 38.724903495907725)	(55, 38.68201869221197)	(60, 38.66710506973126)	(65, 38.65069610204584)	(70, 38.63173490655159)	(75, 38.61675460378041)	(80, 38.60014372976305)	(85, 38.55982906428154)	(90, 38.528778484056346)	(95, 38.48245549772793)	(100, 38.38530403111628)	(105, 38.4009152564455)	(110, 38.32558686965854)	(115, 38.23825852117305)	(120, 38.098108580266675)	(125, 37.987445979864155)	(130, 37.71613395474538)	(135, 37.3750350298419)	(140, 36.97066835176314)	(145, 36.65753674160633)	(150, 37.67253766713126)
qc_bundle_trimmed | SRR30333753_2	(1, 38.36419335875222)	(2, 38.66250822774752)	(3, 38.823184756845905)	(4, 38.856925132669716)	(5, 38.84604572729914)	(6, 38.90397264202939)	(7, 38.86048766610599)	(8, 38.85792240984157)	(9, 38.891527390938656)	(10, 38.86103052503634)	(15, 38.9034352901766)	(20, 38.85555651970758)	(25, 38.53571741170728)	(30, 38.42698503727026)	(35, 38.41124599812829)	(40, 38.37405283351296)	(45, 38.35684081484704)	(50, 38.29012536837264)	(55, 38.32850706947516)	(60, 38.306365154666274)	(65, 38.288708243514634)	(70, 38.25371527049599)	(75, 38.19809460077681)	(80, 38.139615479968356)	(85, 38.10805465705384)	(90, 38.07098823146723)	(95, 37.999834717766404)	(100, 37.861315203173305)	(105, 37.76396771992567)	(110, 37.58046799914645)	(115, 37.37490005873823)	(120, 37.09678011143798)	(125, 36.76993757427587)	(130, 36.370300246463366)	(135, 35.97053761690178)	(140, 35.52322876944794)	(145, 35.300482505184206)	(150, 36.64207488494722)
qc_bundle_trimmed | SRR30333754_1	(1, 38.170879532011284)	(2, 38.73955323189637)	(3, 38.751077501040776)	(4, 38.94226352823925)	(5, 38.93528378216243)	(6, 38.8953096414828)	(7, 38.906331286235)	(8, 38.944563073978756)	(9, 38.95888074472964)	(10, 38.93089360079684)	(15, 39.26076321791567)	(20, 39.291682642802186)	(25, 39.07700756070002)	(30, 39.00448949274278)	(35, 38.97875443490672)	(40, 38.963440675348686)	(45, 38.98659780242751)	(50, 38.943554411732755)	(55, 38.915871339899155)	(60, 38.893915195443185)	(65, 38.864978858655086)	(70, 38.83964059224341)	(75, 38.826908364801184)	(80, 38.8018356594391)	(85, 38.761785592725886)	(90, 38.726072493390824)	(95, 38.679646417049454)	(100, 38.59240294191851)	(105, 38.59063143363626)	(110, 38.5175439204272)	(115, 38.43538862799958)	(120, 38.30270095115277)	(125, 38.190504942973014)	(130, 37.9647553869208)	(135, 37.65043916227201)	(140, 37.29161067462444)	(145, 36.95595862482469)	(150, 37.80080343698029)
qc_bundle_trimmed | SRR30333754_2	(1, 38.12572515018546)	(2, 38.62923625949589)	(3, 38.805517555350825)	(4, 38.861303382556464)	(5, 38.83081874342727)	(6, 38.8447779615645)	(7, 38.810823922337484)	(8, 38.80914118754408)	(9, 38.84150487465413)	(10, 38.838975609211886)	(15, 38.87271203243258)	(20, 38.84439884028425)	(25, 38.509853297484156)	(30, 38.39772718260434)	(35, 38.38836156778882)	(40, 38.366796663967605)	(45, 38.34299937191524)	(50, 38.283952616298926)	(55, 38.31942779109693)	(60, 38.29505808658645)	(65, 38.26779182503348)	(70, 38.23786452745968)	(75, 38.18051669192651)	(80, 38.135750811950196)	(85, 38.111116107861406)	(90, 38.07518813516853)	(95, 38.008726188203674)	(100, 37.87528231708832)	(105, 37.77345347396694)	(110, 37.59289387740957)	(115, 37.39175774691298)	(120, 37.11173467486613)	(125, 36.797480336797)	(130, 36.42048119907021)	(135, 36.05321943316343)	(140, 35.64918233338133)	(145, 35.48029044388742)	(150, 36.8044718251968)
qc_bundle_trimmed | SRR30333755_1	(1, 37.83571521877088)	(2, 38.44520741648689)	(3, 38.4393907740909)	(4, 38.59952755196521)	(5, 38.55264451034722)	(6, 38.63933132256524)	(7, 38.62928645138796)	(8, 38.702209071896206)	(9, 38.73615115427073)	(10, 38.655371544504646)	(15, 39.03604139243337)	(20, 39.08460208225842)	(25, 38.77304325015028)	(30, 38.68861493815878)	(35, 38.663446368218615)	(40, 38.64473326428465)	(45, 38.65812895719078)	(50, 38.604074380331454)	(55, 38.55000770487986)	(60, 38.536112810503234)	(65, 38.51007294260212)	(70, 38.491774539344725)	(75, 38.47598481008786)	(80, 38.449635800232805)	(85, 38.40009313125595)	(90, 38.35663287506925)	(95, 38.298152306277956)	(100, 38.184984068257165)	(105, 38.18110839651293)	(110, 38.08553842474132)	(115, 37.9910662352501)	(120, 37.84042014591586)	(125, 37.712872203027146)	(130, 37.42527765996217)	(135, 37.065454385506634)	(140, 36.624484643117846)	(145, 36.29783499442935)	(150, 37.438799949881805)
qc_bundle_trimmed | SRR30333755_2	(1, 38.31335164615724)	(2, 38.54705160221513)	(3, 38.743343936792726)	(4, 38.77330155609174)	(5, 38.76141389191956)	(6, 38.84404638016273)	(7, 38.80008399253345)	(8, 38.81839083690094)	(9, 38.83800839531682)	(10, 38.812254060172705)	(15, 38.85425954534956)	(20, 38.81267714216401)	(25, 38.47532431066365)	(30, 38.36228306714561)	(35, 38.34282376708656)	(40, 38.30358044832609)	(45, 38.28929822957682)	(50, 38.22782933839361)	(55, 38.26136884858151)	(60, 38.23779158236457)	(65, 38.21773438861162)	(70, 38.17885011102377)	(75, 38.1213950424324)	(80, 38.05773793048945)	(85, 38.017829279002356)	(90, 37.967772383595346)	(95, 37.88500988722252)	(100, 37.736146324595076)	(105, 37.615750338580256)	(110, 37.40752041180572)	(115, 37.165913264791186)	(120, 36.84628644676812)	(125, 36.4589799913006)	(130, 35.998554582048044)	(135, 35.52398312909539)	(140, 34.99914402945691)	(145, 34.71438108431039)	(150, 36.275507267400755)
qc_bundle_trimmed | SRR30333756_1	(1, 38.17560082886497)	(2, 38.72498125941173)	(3, 38.71397782099543)	(4, 38.93211589789707)	(5, 38.93192942618101)	(6, 38.89306640623038)	(7, 38.882595744145696)	(8, 38.91698384470285)	(9, 38.932025092881275)	(10, 38.901988159749166)	(15, 39.253924333626784)	(20, 39.29073933885832)	(25, 39.080995791910745)	(30, 39.019222312897774)	(35, 38.98909227649902)	(40, 38.98582342450385)	(45, 39.026587628266604)	(50, 38.99478167681748)	(55, 38.965851721114646)	(60, 38.95120299971557)	(65, 38.931807723352314)	(70, 38.90906907863003)	(75, 38.88982482788332)	(80, 38.86583030157752)	(85, 38.82852052151169)	(90, 38.79583581054908)	(95, 38.76008681602378)	(100, 38.68057304232924)	(105, 38.70536924835103)	(110, 38.656807465200885)	(115, 38.61134155370833)	(120, 38.52899979734629)	(125, 38.50070991389939)	(130, 38.3750850941036)	(135, 38.19548661099206)	(140, 38.00039390949518)	(145, 37.819255126570525)	(150, 38.40690339468993)
qc_bundle_trimmed | SRR30333756_2	(1, 38.197763520676)	(2, 38.660220769493755)	(3, 38.79454573645741)	(4, 38.841851011228364)	(5, 38.83588034036452)	(6, 38.84446020898091)	(7, 38.83579230771425)	(8, 38.82003884284999)	(9, 38.85801812106502)	(10, 38.841782987824935)	(15, 38.87816601029239)	(20, 38.841918801592364)	(25, 38.50939893387679)	(30, 38.39622219794505)	(35, 38.38686636430739)	(40, 38.35988739053023)	(45, 38.337136338467744)	(50, 38.27804249939921)	(55, 38.316066432788844)	(60, 38.29234433760212)	(65, 38.26877776006767)	(70, 38.239238213418545)	(75, 38.18279950497606)	(80, 38.1384620033041)	(85, 38.12154570052705)	(90, 38.10293771689609)	(95, 38.05865782801006)	(100, 37.95774116383495)	(105, 37.903708009484966)	(110, 37.78421658540535)	(115, 37.65471276162837)	(120, 37.45121155597068)	(125, 37.21870905951956)	(130, 36.89705259636891)	(135, 36.57280941580724)	(140, 36.19058715787975)	(145, 35.99011297918557)	(150, 37.187006506810306)
qc_bundle_trimmed | SRR30333757_1	(1, 35.3936667345651)	(2, 35.573453259224515)	(3, 35.724104276960155)	(4, 35.779264480779325)	(5, 35.950459906857496)	(6, 36.04915844642183)	(7, 35.91397728034247)	(8, 36.01778532106561)	(9, 36.03264402043676)	(10, 36.04935318002442)	(15, 36.01769271378995)	(20, 35.979494574649465)	(25, 35.88968451555128)	(30, 35.839642951534)	(35, 35.8074176764624)	(40, 35.78449938393779)	(45, 35.74671262528312)	(50, 35.72214122034502)	(55, 35.686913951540554)	(60, 35.66392005550043)	(65, 35.62913031017651)	(70, 35.597396859081776)	(75, 35.563483021054026)	(80, 35.52220697003803)	(85, 35.48696808751729)	(90, 35.442751734427006)	(95, 35.41006262495429)	(100, 35.35452076764217)	(105, 35.314518049157655)	(110, 35.28374948976828)	(115, 35.213873539483885)	(120, 35.173335658915946)	(125, 35.1228436929668)	(130, 35.048360424000066)	(135, 34.95030923419178)	(140, 34.809216057305406)	(145, 34.71712479851463)	(150, 35.29756092326897)
qc_bundle_trimmed | SRR30333757_2	(1, 35.54602950858112)	(2, 35.85370618648144)	(3, 35.94056741738773)	(4, 35.95029424338122)	(5, 35.94039961701616)	(6, 35.96667416500848)	(7, 35.920180125637295)	(8, 35.996290189676344)	(9, 36.033152527529865)	(10, 35.97670728252506)	(15, 35.93292585437471)	(20, 35.90840079610848)	(25, 35.85749354282628)	(30, 35.81242277650832)	(35, 35.76411479025318)	(40, 35.735632534947264)	(45, 35.70442588568129)	(50, 35.65703789383501)	(55, 35.61186771846925)	(60, 35.57104241040908)	(65, 35.52519453546101)	(70, 35.46939140886654)	(75, 35.43570706161931)	(80, 35.36971101332493)	(85, 35.315676915376)	(90, 35.26844124371224)	(95, 35.20151415772047)	(100, 35.149980197833266)	(105, 35.083302850348225)	(110, 34.98041886449435)	(115, 34.9031915672167)	(120, 34.808295181540544)	(125, 34.74484691454718)	(130, 34.594229510330635)	(135, 34.4681627040975)	(140, 34.359244269612496)	(145, 34.25758527829396)	(150, 34.948622706999075)
qc_bundle_trimmed | SRR30333758_1	(1, 35.48141176930107)	(2, 35.54983022883447)	(3, 35.708804096559064)	(4, 35.778477787355776)	(5, 35.8914127062253)	(6, 35.95361152154765)	(7, 35.84904210003533)	(8, 35.950779810197446)	(9, 35.95410020540643)	(10, 35.96971185500862)	(15, 35.941522514239885)	(20, 35.897423779730346)	(25, 35.805652288381815)	(30, 35.750678231789124)	(35, 35.72643548287815)	(40, 35.69797324000941)	(45, 35.66500404719142)	(50, 35.63563690498783)	(55, 35.60916525134068)	(60, 35.58104537149499)	(65, 35.53663404184658)	(70, 35.5092245451048)	(75, 35.47058164455264)	(80, 35.44145721006275)	(85, 35.39766247219677)	(90, 35.368398051322)	(95, 35.32568773756643)	(100, 35.289736857829766)	(105, 35.239699234445595)	(110, 35.21162126366583)	(115, 35.138793076230954)	(120, 35.08275586606935)	(125, 35.021251158275604)	(130, 34.95936264759196)	(135, 34.857541109353846)	(140, 34.70278512494285)	(145, 34.59872782269947)	(150, 35.246084129767965)
qc_bundle_trimmed | SRR30333758_2	(1, 35.36117610838048)	(2, 35.817338401620596)	(3, 35.896201385212315)	(4, 35.899525557564665)	(5, 35.91035564963198)	(6, 35.91150100298453)	(7, 35.9007359768563)	(8, 35.954204406724216)	(9, 35.96492041090821)	(10, 35.93367292380818)	(15, 35.898292340473255)	(20, 35.878711107032686)	(25, 35.825722770843896)	(30, 35.77943502822243)	(35, 35.729840496604)	(40, 35.71058720539455)	(45, 35.67492357727173)	(50, 35.63202936038891)	(55, 35.590111655551745)	(60, 35.5557734515076)	(65, 35.5126094440932)	(70, 35.4598537572284)	(75, 35.42262151921372)	(80, 35.358888967357885)	(85, 35.31491668828878)	(90, 35.257643166785336)	(95, 35.21063305164493)	(100, 35.14282744120196)	(105, 35.08949294419955)	(110, 34.98595290140433)	(115, 34.90400997485452)	(120, 34.817611337936604)	(125, 34.72382316398991)	(130, 34.58873890141596)	(135, 34.502511162916)	(140, 34.389102713239744)	(145, 34.35930416206857)	(150, 35.0017951920842)
qc_bundle_trimmed | SRR30333759_1	(1, 35.528664027836776)	(2, 35.672181101952766)	(3, 35.814730709541855)	(4, 35.8616022521332)	(5, 35.99965913399319)	(6, 36.084367154049644)	(7, 35.964149682519285)	(8, 36.0713205830415)	(9, 36.08019754843949)	(10, 36.090718634108136)	(15, 36.05732888802349)	(20, 36.018804178733404)	(25, 35.934370188853656)	(30, 35.886733637169115)	(35, 35.8559012200785)	(40, 35.83179116732195)	(45, 35.79631022435617)	(50, 35.77044133487427)	(55, 35.73854393857336)	(60, 35.71337758882695)	(65, 35.6759806739019)	(70, 35.644947320796504)	(75, 35.61146299654783)	(80, 35.574998143538615)	(85, 35.535372493370204)	(90, 35.495328709146406)	(95, 35.45782842213553)	(100, 35.40669714513593)	(105, 35.36340498388138)	(110, 35.32928998999033)	(115, 35.25460505804712)	(120, 35.20306204736433)	(125, 35.13991715606011)	(130, 35.05867046129323)	(135, 34.943755065235315)	(140, 34.78461296663115)	(145, 34.671185875902964)	(150, 35.262505773102006)
qc_bundle_trimmed | SRR30333759_2	(1, 35.57572109769888)	(2, 35.96421384051005)	(3, 36.00620419468428)	(4, 36.01169235708662)	(5, 36.001991025666385)	(6, 36.01693834275831)	(7, 35.9920745455422)	(8, 36.06335088892514)	(9, 36.09263126677883)	(10, 36.039967820749375)	(15, 35.99957613694586)	(20, 35.976070409225365)	(25, 35.9213230134903)	(30, 35.87578034868176)	(35, 35.82524476078448)	(40, 35.8021853455516)	(45, 35.76758493149424)	(50, 35.71646857992168)	(55, 35.67591058570084)	(60, 35.63321690906919)	(65, 35.58684143374794)	(70, 35.530249952180306)	(75, 35.496259337896824)	(80, 35.43011201511892)	(85, 35.37682900806167)	(90, 35.326951458334065)	(95, 35.25932989770074)	(100, 35.19928941457813)	(105, 35.130600399590584)	(110, 35.02464717201598)	(115, 34.937841134030236)	(120, 34.83665410241678)	(125, 34.75572750364891)	(130, 34.60611826783349)	(135, 34.4846395196537)	(140, 34.365161010134514)	(145, 34.277524014258844)	(150, 34.96224616628973)
qc_bundle_trimmed | SRR30333760_1	(1, 35.6613027994325)	(2, 35.82815920302562)	(3, 35.937691987202655)	(4, 36.01242424083736)	(5, 36.08759468962388)	(6, 36.15926547461206)	(7, 36.04269063715929)	(8, 36.12679870581814)	(9, 36.14922347179471)	(10, 36.1681213969173)	(15, 36.1431651564795)	(20, 36.10756016453449)	(25, 36.02570920589603)	(30, 35.9787886090501)	(35, 35.94623374060346)	(40, 35.927139435872235)	(45, 35.90520266655234)	(50, 35.88460443947723)	(55, 35.85846457409689)	(60, 35.830913410460774)	(65, 35.79599660742364)	(70, 35.77108165230446)	(75, 35.749025297691695)	(80, 35.7189890822698)	(85, 35.68776004151005)	(90, 35.648570391092434)	(95, 35.61491123045184)	(100, 35.57424975552342)	(105, 35.53759646201884)	(110, 35.500519521380234)	(115, 35.44922894403967)	(120, 35.39919688140258)	(125, 35.362035577760714)	(130, 35.29408970524052)	(135, 35.21043623548508)	(140, 35.08268347693013)	(145, 34.981002199040475)	(150, 35.48043931533948)
qc_bundle_trimmed | SRR30333760_2	(1, 35.36539241069774)	(2, 35.785511467740896)	(3, 35.81962489677975)	(4, 35.7968264261463)	(5, 35.82360326130112)	(6, 35.84931087596722)	(7, 35.79071299759686)	(8, 35.882060702623264)	(9, 35.90812390027379)	(10, 35.850035740604774)	(15, 35.81878157952404)	(20, 35.80272305943786)	(25, 35.73491142910175)	(30, 35.69515808410485)	(35, 35.65148305074645)	(40, 35.6258701736031)	(45, 35.60035254485699)	(50, 35.554826370209376)	(55, 35.50689395359584)	(60, 35.46945947864943)	(65, 35.4289589451918)	(70, 35.37049091320175)	(75, 35.3301120509016)	(80, 35.280782138418566)	(85, 35.220843601253975)	(90, 35.171833420363384)	(95, 35.10638449191054)	(100, 35.0609352307331)	(105, 34.977340066607724)	(110, 34.896727464832225)	(115, 34.80213173388937)	(120, 34.69177898833214)	(125, 34.624412730061074)	(130, 34.49876017064508)	(135, 34.372949368562494)	(140, 34.26749037520911)	(145, 34.16977149537186)	(150, 34.89232795576034)
qc_bundle_trimmed | SRR30333761_1	(1, 35.22853942703616)	(2, 35.4255707349852)	(3, 35.596621303470776)	(4, 35.6609761908284)	(5, 35.848012594080345)	(6, 35.964029493919874)	(7, 35.82266551137128)	(8, 35.93945646899977)	(9, 35.950715389274954)	(10, 35.96929979745687)	(15, 35.93450437275736)	(20, 35.89312204845659)	(25, 35.79249692569531)	(30, 35.739444844989016)	(35, 35.70642448607426)	(40, 35.68272053280412)	(45, 35.640042097846205)	(50, 35.61703721984826)	(55, 35.582178489218435)	(60, 35.55559588696424)	(65, 35.51908508211148)	(70, 35.489581080777576)	(75, 35.45455522564719)	(80, 35.41757518734545)	(85, 35.38458371678266)	(90, 35.33982034576121)	(95, 35.306633810279756)	(100, 35.25140729135946)	(105, 35.213749668998695)	(110, 35.18162330906966)	(115, 35.108831344856455)	(120, 35.06245208331946)	(125, 35.00698299380016)	(130, 34.93129487733031)	(135, 34.817125476057825)	(140, 34.663722281046)	(145, 34.54840467445627)	(150, 35.200435364469286)
qc_bundle_trimmed | SRR30333761_2	(1, 35.70666827581139)	(2, 35.968638693438216)	(3, 36.015814459240744)	(4, 36.017787469821066)	(5, 36.00277307414951)	(6, 36.02604386393088)	(7, 35.99499751160108)	(8, 36.07260152697478)	(9, 36.09951929987866)	(10, 36.042613085333855)	(15, 36.00319659785382)	(20, 35.97569872509137)	(25, 35.92421626666077)	(30, 35.87866231756281)	(35, 35.83242677659861)	(40, 35.81064027656394)	(45, 35.77908442678085)	(50, 35.73011621873913)	(55, 35.68850239859446)	(60, 35.64711219807674)	(65, 35.6068696618588)	(70, 35.546246214461455)	(75, 35.51368656981832)	(80, 35.45233592830173)	(85, 35.40042969770297)	(90, 35.353126613529284)	(95, 35.28862445311567)	(100, 35.23248703571376)	(105, 35.15898556642047)	(110, 35.058018570612795)	(115, 34.97224868192757)	(120, 34.8725282697943)	(125, 34.79873012340123)	(130, 34.657097029650274)	(135, 34.535766959947125)	(140, 34.43356194620681)	(145, 34.35463483855343)	(150, 35.010643529445126)
qc_bundle_trimmed | SRR30333762_1	(1, 35.64316892498071)	(2, 35.79680878231095)	(3, 35.915978060266966)	(4, 35.992751007264665)	(5, 36.06573932406912)	(6, 36.13702664453539)	(7, 36.0137721775135)	(8, 36.09706018808414)	(9, 36.123385050059554)	(10, 36.13685710942438)	(15, 36.110630801245534)	(20, 36.069039083646786)	(25, 35.983927832791515)	(30, 35.93425928443169)	(35, 35.89870098351261)	(40, 35.88089432494636)	(45, 35.85418116385097)	(50, 35.833154897937135)	(55, 35.80164643578607)	(60, 35.77400092168584)	(65, 35.734529192778304)	(70, 35.70786192051585)	(75, 35.68450476994434)	(80, 35.64624287276898)	(85, 35.6151827700735)	(90, 35.56664237149819)	(95, 35.531027713097686)	(100, 35.479183589749034)	(105, 35.43561752159619)	(110, 35.38345548746405)	(115, 35.31654220935593)	(120, 35.251349914212376)	(125, 35.1954037343297)	(130, 35.10252166334457)	(135, 34.98935024399174)	(140, 34.82606527497633)	(145, 34.69722614854389)	(150, 35.33512545421536)
qc_bundle_trimmed | SRR30333762_2	(1, 35.48442084093224)	(2, 35.81644201763778)	(3, 35.869760948330075)	(4, 35.848784327152124)	(5, 35.88869790239235)	(6, 35.906845091444694)	(7, 35.836652222346544)	(8, 35.93983194943503)	(9, 35.972999826705795)	(10, 35.92389319065187)	(15, 35.895000542612166)	(20, 35.88079065537423)	(25, 35.81500414863706)	(30, 35.774182923257115)	(35, 35.732293315522995)	(40, 35.71343952388705)	(45, 35.69221873285147)	(50, 35.647707067793704)	(55, 35.59813353855832)	(60, 35.56556348557874)	(65, 35.52320489726877)	(70, 35.468993505473236)	(75, 35.431033052429406)	(80, 35.381400198682314)	(85, 35.325216104884824)	(90, 35.28307783696458)	(95, 35.21956263840333)	(100, 35.18097848124303)	(105, 35.10604065543232)	(110, 35.03332178959238)	(115, 34.9575677367446)	(120, 34.864408688711634)	(125, 34.81462079255531)	(130, 34.70688470143007)	(135, 34.60337680076739)	(140, 34.51741507298986)	(145, 34.43317945977418)	(150, 35.06474695291105)
qc_bundle_trimmed | SRR30333763_1	(1, 35.7579651942535)	(2, 35.949787260819406)	(3, 36.05333173436331)	(4, 36.122734121106156)	(5, 36.17718782640759)	(6, 36.24413219352414)	(7, 36.124501849688244)	(8, 36.19687975844225)	(9, 36.22632791282339)	(10, 36.24596488765458)	(15, 36.22513028178555)	(20, 36.18936954125953)	(25, 36.11453481257355)	(30, 36.0694177216384)	(35, 36.03523017303187)	(40, 36.02066325561931)	(45, 36.00374232291874)	(50, 35.98558078920517)	(55, 35.95821632520307)	(60, 35.93234204073913)	(65, 35.8981158578534)	(70, 35.872884852206724)	(75, 35.85675197718452)	(80, 35.82597977067095)	(85, 35.79838944633364)	(90, 35.75627870493656)	(95, 35.724831183935166)	(100, 35.68320354490067)	(105, 35.648294314633)	(110, 35.60812656186003)	(115, 35.56315072772375)	(120, 35.50907356200223)	(125, 35.475773366419006)	(130, 35.39488219153552)	(135, 35.30555901966579)	(140, 35.16990752134022)	(145, 35.05872688304521)	(150, 35.54325523160955)
qc_bundle_trimmed | SRR30333763_2	(1, 35.30007934571238)	(2, 35.828277439478036)	(3, 35.86836440116511)	(4, 35.8573619668774)	(5, 35.89480649110713)	(6, 35.92403486543264)	(7, 35.82896668168622)	(8, 35.93418002992473)	(9, 35.96748760711934)	(10, 35.9075572572268)	(15, 35.8744473405999)	(20, 35.863957078859414)	(25, 35.794317390551875)	(30, 35.75530806555903)	(35, 35.718333074576535)	(40, 35.6928496834429)	(45, 35.67573910837352)	(50, 35.631484095682)	(55, 35.58395319201088)	(60, 35.548515239402576)	(65, 35.51073525533052)	(70, 35.456206014500154)	(75, 35.418096530694356)	(80, 35.37627569806508)	(85, 35.31427882130272)	(90, 35.27239631975427)	(95, 35.20204459309923)	(100, 35.16617304029246)	(105, 35.074482303002696)	(110, 35.002862527645135)	(115, 34.90377060704179)	(120, 34.78599676823347)	(125, 34.72770798705718)	(130, 34.61150619125014)	(135, 34.47482691809828)	(140, 34.38645978181332)	(145, 34.27286566094349)	(150, 34.96596207761399)
qc_bundle_trimmed | SRR30333764_1	(1, 35.68298226824547)	(2, 35.84596517727966)	(3, 35.970254370168)	(4, 36.043127549563444)	(5, 36.1173228123526)	(6, 36.185486540190865)	(7, 36.07379356033496)	(8, 36.15448001784532)	(9, 36.177177810947725)	(10, 36.19327235522661)	(15, 36.16998788005887)	(20, 36.13437631324972)	(25, 36.056395440496956)	(30, 36.009429512166506)	(35, 35.97826390340599)	(40, 35.95868410530232)	(45, 35.933973268002504)	(50, 35.91225763419173)	(55, 35.883461292970885)	(60, 35.85590572990045)	(65, 35.82121498937685)	(70, 35.796310124863695)	(75, 35.77681695427704)	(80, 35.74589763798398)	(85, 35.71520719414757)	(90, 35.673356653241115)	(95, 35.638027424910184)	(100, 35.59637191868001)	(105, 35.55567026077491)	(110, 35.51520811696717)	(115, 35.45823090450314)	(120, 35.40284817607114)	(125, 35.35729251343452)	(130, 35.27515638611191)	(135, 35.171606135584874)	(140, 35.01639632086838)	(145, 34.89348123611957)	(150, 35.45380626406677)
qc_bundle_trimmed | SRR30333764_2	(1, 35.44261354064396)	(2, 35.89272077304583)	(3, 35.91770658297228)	(4, 35.908843658650824)	(5, 35.93892757724627)	(6, 35.96043374293968)	(7, 35.897748409594826)	(8, 35.98567851013793)	(9, 36.00992825049568)	(10, 35.95588938468953)	(15, 35.92407739097648)	(20, 35.90953791887561)	(25, 35.84431929671045)	(30, 35.80078408162511)	(35, 35.760211758902166)	(40, 35.73751299981164)	(45, 35.71429454981562)	(50, 35.66965788064308)	(55, 35.62387189565487)	(60, 35.5886289410312)	(65, 35.54781181374035)	(70, 35.493167081745355)	(75, 35.45443139256811)	(80, 35.40503324835276)	(85, 35.34918790876827)	(90, 35.30363483318161)	(95, 35.23887015822662)	(100, 35.19539861240399)	(105, 35.11268987182858)	(110, 35.032496321386)	(115, 34.942258618783875)	(120, 34.83544811523237)	(125, 34.771102779617294)	(130, 34.65256151814156)	(135, 34.534628266765104)	(140, 34.440902191078195)	(145, 34.35458844271778)	(150, 35.00961945949794)
qc_bundle_trimmed | SRR30333765_1	(1, 35.28174606507331)	(2, 35.459725464037376)	(3, 35.62492694380393)	(4, 35.68533394773498)	(5, 35.860029964467515)	(6, 35.96990737523528)	(7, 35.82140976688041)	(8, 35.93629405560211)	(9, 35.95483238664692)	(10, 35.9699154565989)	(15, 35.938252525271295)	(20, 35.89735823394209)	(25, 35.799549123331836)	(30, 35.74782669897287)	(35, 35.712837863315144)	(40, 35.69080201565367)	(45, 35.647050786467595)	(50, 35.62361000972315)	(55, 35.58816707454597)	(60, 35.56178004192761)	(65, 35.5268458809813)	(70, 35.495964616397245)	(75, 35.462193242337335)	(80, 35.42091167431144)	(85, 35.38940169860892)	(90, 35.341070449139266)	(95, 35.31058721923834)	(100, 35.249912561811406)	(105, 35.21216155628365)	(110, 35.172924356764646)	(115, 35.097086644496855)	(120, 35.046155207348725)	(125, 34.980894551775464)	(130, 34.89101664791973)	(135, 34.75956169234824)	(140, 34.583543052054075)	(145, 34.44869563415482)	(150, 35.16728171677998)
qc_bundle_trimmed | SRR30333765_2	(1, 35.51431722806468)	(2, 35.854823839826594)	(3, 35.93332272657533)	(4, 35.92688628089597)	(5, 35.91113611236174)	(6, 35.93561664031865)	(7, 35.89913585064469)	(8, 35.97789670218436)	(9, 36.00892957059006)	(10, 35.949238898635016)	(15, 35.907414374068026)	(20, 35.88056211093776)	(25, 35.82927351247342)	(30, 35.78184705355191)	(35, 35.73059022221457)	(40, 35.70556094984033)	(45, 35.67046692293659)	(50, 35.62335527966442)	(55, 35.57692332694403)	(60, 35.53670699033696)	(65, 35.48974543557195)	(70, 35.42815466142774)	(75, 35.39536759150573)	(80, 35.328439206028165)	(85, 35.27357657862193)	(90, 35.225316049316966)	(95, 35.1598695172369)	(100, 35.10529667367668)	(105, 35.03311254507456)	(110, 34.9306149014378)	(115, 34.85047138421262)	(120, 34.750088785412586)	(125, 34.67954553102362)	(130, 34.53488037266725)	(135, 34.411948190981676)	(140, 34.30814909622752)	(145, 34.22530774336683)	(150, 34.93129681567747)
qc_bundle_trimmed | SRR30333766_1	(1, 35.71589506090219)	(2, 35.87171511611569)	(3, 35.99336681408585)	(4, 36.06071720674298)	(5, 36.127487700189796)	(6, 36.19239615824326)	(7, 36.09056037870635)	(8, 36.16677731565979)	(9, 36.18587455805289)	(10, 36.202194579955055)	(15, 36.181242002199326)	(20, 36.146742126725265)	(25, 36.07220165475208)	(30, 36.02812033104105)	(35, 35.99883176878212)	(40, 35.98091777491713)	(45, 35.95976441798189)	(50, 35.940371640226644)	(55, 35.91411455693225)	(60, 35.890013781270994)	(65, 35.855558141034734)	(70, 35.82976661060305)	(75, 35.810533229864824)	(80, 35.780612955618)	(85, 35.749691559617325)	(90, 35.71300066085663)	(95, 35.68310143298948)	(100, 35.64464894512656)	(105, 35.60781562421009)	(110, 35.5767424146633)	(115, 35.52924487411413)	(120, 35.48121402399264)	(125, 35.45204877760432)	(130, 35.39510581251272)	(135, 35.33248942767238)	(140, 35.22261231902361)	(145, 35.14901147955051)	(150, 35.60309741952484)
qc_bundle_trimmed | SRR30333766_2	(1, 35.37770408126316)	(2, 35.831668282511274)	(3, 35.8775484430155)	(4, 35.90963184823285)	(5, 35.9394254207331)	(6, 35.967722924465335)	(7, 35.89705083070526)	(8, 35.981955604578616)	(9, 36.010547812420675)	(10, 35.96170964994012)	(15, 35.92959768956954)	(20, 35.918084702306416)	(25, 35.8512211959833)	(30, 35.810742870689694)	(35, 35.77068006330512)	(40, 35.74648397221584)	(45, 35.72130368366396)	(50, 35.679809622879205)	(55, 35.63615765070088)	(60, 35.5993227742422)	(65, 35.560898138471906)	(70, 35.50769657354918)	(75, 35.46768014230656)	(80, 35.42263053087824)	(85, 35.36651020601513)	(90, 35.31591235752303)	(95, 35.25498917660315)	(100, 35.20570594545599)	(105, 35.12925141890064)	(110, 35.041497802055595)	(115, 34.94691682780128)	(120, 34.837271163007884)	(125, 34.763827302109185)	(130, 34.630672953823236)	(135, 34.50181638641824)	(140, 34.38875659311556)	(145, 34.29012574231439)	(150, 34.96199347400562)
qc_bundle_trimmed | SRR30333767_1	(1, 35.60854686284756)	(2, 35.75878407578416)	(3, 35.89096911352132)	(4, 35.96444641544183)	(5, 36.041562189834714)	(6, 36.116147440956794)	(7, 35.99108252298672)	(8, 36.076440128363714)	(9, 36.10127322173725)	(10, 36.114815487025844)	(15, 36.09108382550563)	(20, 36.05229735099505)	(25, 35.96586693115089)	(30, 35.91712268059531)	(35, 35.884597068861936)	(40, 35.866357171046694)	(45, 35.83774084835437)	(50, 35.819833679736824)	(55, 35.78789180426212)	(60, 35.76346892400327)	(65, 35.72635572446788)	(70, 35.70042128920538)	(75, 35.68065091319379)	(80, 35.64618560178822)	(85, 35.6179581792169)	(90, 35.57282535231322)	(95, 35.54019075359844)	(100, 35.492455840278446)	(105, 35.45604472892305)	(110, 35.41029265108153)	(115, 35.353755848410906)	(120, 35.29517679209727)	(125, 35.24286684313095)	(130, 35.1500999593981)	(135, 35.029634380335914)	(140, 34.85186228724521)	(145, 34.71459889343843)	(150, 35.36723109550507)
qc_bundle_trimmed | SRR30333767_2	(1, 35.38360684829015)	(2, 35.81983756196436)	(3, 35.85810148210577)	(4, 35.831343054693214)	(5, 35.85971404467267)	(6, 35.87940865702041)	(7, 35.82552826018038)	(8, 35.917809080711464)	(9, 35.93848146539448)	(10, 35.88148416223686)	(15, 35.849660414441225)	(20, 35.829869767104455)	(25, 35.765259972590904)	(30, 35.72223744967673)	(35, 35.681157889576106)	(40, 35.6559875820466)	(45, 35.63274464677254)	(50, 35.587159851415095)	(55, 35.539898074654594)	(60, 35.504477046303734)	(65, 35.462685979823064)	(70, 35.40670636589923)	(75, 35.36758361468681)	(80, 35.31646876310027)	(85, 35.26015998445844)	(90, 35.21345616496593)	(95, 35.14879141041234)	(100, 35.10498867356257)	(105, 35.02054969013326)	(110, 34.938020212879096)	(115, 34.84305906870257)	(120, 34.73133798409198)	(125, 34.65628940931451)	(130, 34.52270576215922)	(135, 34.38962990024933)	(140, 34.27643155233041)	(145, 34.171426249620275)	(150, 34.8998504995659)
qc_bundle_trimmed | SRR30333768_1	(1, 35.423208320751584)	(2, 35.48664361666107)	(3, 35.66505675704399)	(4, 35.76045264414347)	(5, 35.889949341238484)	(6, 35.969612744000585)	(7, 35.82686367537135)	(8, 35.92207703573104)	(9, 35.94039106607039)	(10, 35.96277402567858)	(15, 35.9337469867062)	(20, 35.888102895533436)	(25, 35.78620520545826)	(30, 35.72301961499727)	(35, 35.68602726882784)	(40, 35.660181877241136)	(45, 35.60815524905274)	(50, 35.581704948805395)	(55, 35.540602777370836)	(60, 35.51565886749488)	(65, 35.464444947867854)	(70, 35.43568230174219)	(75, 35.400701088865745)	(80, 35.34962461984411)	(85, 35.31485927087675)	(90, 35.26127683706286)	(95, 35.226366159541875)	(100, 35.166730094968266)	(105, 35.12754482046571)	(110, 35.08352488933752)	(115, 35.000593633256905)	(120, 34.95520185481393)	(125, 34.897041214289274)	(130, 34.79516599496263)	(135, 34.66116525010225)	(140, 34.472748080351025)	(145, 34.33637846480442)	(150, 35.09979955246447)
qc_bundle_trimmed | SRR30333768_2	(1, 35.230897265252146)	(2, 35.684276868123646)	(3, 35.743859349613935)	(4, 35.74633756190018)	(5, 35.75563464760225)	(6, 35.75860829509102)	(7, 35.72871322213603)	(8, 35.808171986530084)	(9, 35.82242320736287)	(10, 35.77965388026282)	(15, 35.74491499435195)	(20, 35.71862142058127)	(25, 35.66866644185152)	(30, 35.61647346550379)	(35, 35.56148971675481)	(40, 35.540040545173085)	(45, 35.50771355707964)	(50, 35.46569116693051)	(55, 35.4065011243179)	(60, 35.38112913913923)	(65, 35.32528844958552)	(70, 35.27017788171657)	(75, 35.233152463791924)	(80, 35.157415604119855)	(85, 35.107380865888935)	(90, 35.05480498594528)	(95, 34.99870337927622)	(100, 34.94441364318586)	(105, 34.867626254634914)	(110, 34.74526305950733)	(115, 34.675489433850814)	(120, 34.57579417483255)	(125, 34.4829434511487)	(130, 34.308218063209495)	(135, 34.20674634658399)	(140, 34.11227283885782)	(145, 34.06315632748719)	(150, 34.8379795834113)
