Sample	0	1	2	3	4	5	6	7	8	9	10	11	12	13	14	15	16	17	18	19	20	21	22	23	24	25	26	27	28	29	30	31	32	33	34	35	36	37	38	39	40	41	42	43	44	45	46	47	48
fastp | SRR30333743_1	(30, 3740.0)	(35, 9317.0)	(40, 19039.0)	(45, 29361.0)	(50, 53941.0)	(55, 73836.0)	(60, 121985.0)	(65, 171302.0)	(70, 262272.0)	(75, 394903.0)	(80, 586064.0)	(85, 866856.0)	(90, 1210546.0)	(95, 1627555.0)	(100, 2029629.0)	(105, 2404279.0)	(110, 2652544.0)	(115, 2794896.0)	(120, 2792428.0)	(125, 2704590.0)	(130, 2564566.0)	(135, 2386557.0)	(140, 2235410.0)	(145, 2073682.0)	(150, 18407113.0)																								
fastp | SRR30333743_2	(30, 3511.0)	(35, 9505.0)	(40, 19176.0)	(45, 29593.0)	(50, 54228.0)	(55, 74150.0)	(60, 122231.0)	(65, 171513.0)	(70, 262342.0)	(75, 394682.0)	(80, 585318.0)	(85, 865302.0)	(90, 1207823.0)	(95, 1623075.0)	(100, 2023444.0)	(105, 2396546.0)	(110, 2643629.0)	(115, 2785955.0)	(120, 2784496.0)	(125, 2699880.0)	(130, 2565514.0)	(135, 2398595.0)	(140, 2264242.0)	(145, 2102824.0)	(150, 18388837.0)																								
fastp | SRR30333744_1	(30, 1905.0)	(35, 4600.0)	(40, 9155.0)	(45, 14862.0)	(50, 26006.0)	(55, 36092.0)	(60, 58803.0)	(65, 84356.0)	(70, 132742.0)	(75, 204246.0)	(80, 313350.0)	(85, 479270.0)	(90, 695644.0)	(95, 978115.0)	(100, 1280305.0)	(105, 1590020.0)	(110, 1843855.0)	(115, 2053147.0)	(120, 2169921.0)	(125, 2207455.0)	(130, 2205203.0)	(135, 2155058.0)	(140, 2108401.0)	(145, 2049376.0)	(150, 20864514.0)																								
fastp | SRR30333744_2	(30, 1878.0)	(35, 4741.0)	(40, 9241.0)	(45, 15001.0)	(50, 26233.0)	(55, 36340.0)	(60, 59042.0)	(65, 84655.0)	(70, 132974.0)	(75, 204328.0)	(80, 313201.0)	(85, 478817.0)	(90, 694488.0)	(95, 975847.0)	(100, 1277110.0)	(105, 1585491.0)	(110, 1838449.0)	(115, 2047327.0)	(120, 2164605.0)	(125, 2204833.0)	(130, 2207526.0)	(135, 2167280.0)	(140, 2142277.0)	(145, 2094102.0)	(150, 20800615.0)																								
fastp | SRR30333745_1	(30, 1921.0)	(35, 4752.0)	(40, 10267.0)	(45, 16437.0)	(50, 30612.0)	(55, 44614.0)	(60, 75497.0)	(65, 109601.0)	(70, 174334.0)	(75, 272471.0)	(80, 415249.0)	(85, 631889.0)	(90, 913307.0)	(95, 1267827.0)	(100, 1635859.0)	(105, 1998645.0)	(110, 2284360.0)	(115, 2492019.0)	(120, 2588965.0)	(125, 2590785.0)	(130, 2530950.0)	(135, 2419856.0)	(140, 2320904.0)	(145, 2190147.0)	(150, 18993723.0)																								
fastp | SRR30333745_2	(30, 1896.0)	(35, 4895.0)	(40, 10417.0)	(45, 16632.0)	(50, 30843.0)	(55, 44867.0)	(60, 75745.0)	(65, 109829.0)	(70, 174569.0)	(75, 272373.0)	(80, 414774.0)	(85, 630744.0)	(90, 911251.0)	(95, 1264309.0)	(100, 1630666.0)	(105, 1992054.0)	(110, 2276096.0)	(115, 2483183.0)	(120, 2581671.0)	(125, 2585968.0)	(130, 2532134.0)	(135, 2432627.0)	(140, 2353218.0)	(145, 2227347.0)	(150, 18956883.0)																								
fastp | SRR30333746_1	(30, 1549.0)	(35, 3560.0)	(40, 7935.0)	(45, 12804.0)	(50, 24508.0)	(55, 35156.0)	(60, 61469.0)	(65, 87858.0)	(70, 139409.0)	(75, 212322.0)	(80, 321530.0)	(85, 485052.0)	(90, 691842.0)	(95, 960606.0)	(100, 1244439.0)	(105, 1529834.0)	(110, 1770190.0)	(115, 1962903.0)	(120, 2069502.0)	(125, 2110117.0)	(130, 2105315.0)	(135, 2058124.0)	(140, 2015786.0)	(145, 1952129.0)	(150, 19230074.0)																								
fastp | SRR30333746_2	(30, 1517.0)	(35, 3731.0)	(40, 8056.0)	(45, 12966.0)	(50, 24740.0)	(55, 35391.0)	(60, 61690.0)	(65, 88096.0)	(70, 139602.0)	(75, 212375.0)	(80, 321225.0)	(85, 484492.0)	(90, 690511.0)	(95, 958313.0)	(100, 1241198.0)	(105, 1525554.0)	(110, 1764834.0)	(115, 1957119.0)	(120, 2064050.0)	(125, 2106323.0)	(130, 2105716.0)	(135, 2067403.0)	(140, 2036799.0)	(145, 1972202.0)	(150, 19210110.0)																								
fastp | SRR30333747_1	(30, 1719.0)	(35, 3817.0)	(40, 7470.0)	(45, 12307.0)	(50, 20196.0)	(55, 28163.0)	(60, 45738.0)	(65, 64967.0)	(70, 101349.0)	(75, 156728.0)	(80, 239701.0)	(85, 367942.0)	(90, 533572.0)	(95, 753697.0)	(100, 989063.0)	(105, 1241961.0)	(110, 1452265.0)	(115, 1628184.0)	(120, 1732022.0)	(125, 1778653.0)	(130, 1793824.0)	(135, 1770877.0)	(140, 1768298.0)	(145, 1750677.0)	(150, 21295668.0)																								
fastp | SRR30333747_2	(30, 1743.0)	(35, 3966.0)	(40, 7619.0)	(45, 12464.0)	(50, 20401.0)	(55, 28364.0)	(60, 45963.0)	(65, 65208.0)	(70, 101580.0)	(75, 156731.0)	(80, 239500.0)	(85, 367453.0)	(90, 532377.0)	(95, 751666.0)	(100, 986166.0)	(105, 1237780.0)	(110, 1447089.0)	(115, 1622820.0)	(120, 1727394.0)	(125, 1776092.0)	(130, 1795721.0)	(135, 1781044.0)	(140, 1788949.0)	(145, 1766617.0)	(150, 21274151.0)																								
fastp | SRR30333748_1	(30, 2169.0)	(35, 4156.0)	(40, 7470.0)	(45, 13004.0)	(50, 20763.0)	(55, 29987.0)	(60, 49385.0)	(65, 75357.0)	(70, 124042.0)	(75, 198561.0)	(80, 314895.0)	(85, 495106.0)	(90, 735563.0)	(95, 1050895.0)	(100, 1400736.0)	(105, 1768879.0)	(110, 2080634.0)	(115, 2348405.0)	(120, 2515957.0)	(125, 2601903.0)	(130, 2647025.0)	(135, 2639863.0)	(140, 2659320.0)	(145, 2658284.0)	(150, 36633772.0)																								
fastp | SRR30333748_2	(30, 2317.0)	(35, 4413.0)	(40, 7735.0)	(45, 13295.0)	(50, 21118.0)	(55, 30343.0)	(60, 49741.0)	(65, 75818.0)	(70, 124393.0)	(75, 198730.0)	(80, 314771.0)	(85, 494623.0)	(90, 734281.0)	(95, 1048397.0)	(100, 1397063.0)	(105, 1763998.0)	(110, 2074223.0)	(115, 2341675.0)	(120, 2510308.0)	(125, 2599266.0)	(130, 2651280.0)	(135, 2659726.0)	(140, 2708675.0)	(145, 2717617.0)	(150, 36532325.0)																								
fastp | SRR30333749_1	(30, 1145.0)	(35, 2055.0)	(40, 3964.0)	(45, 6575.0)	(50, 10830.0)	(55, 15325.0)	(60, 25836.0)	(65, 39299.0)	(70, 65518.0)	(75, 106259.0)	(80, 172882.0)	(85, 282757.0)	(90, 433997.0)	(95, 641264.0)	(100, 879906.0)	(105, 1148779.0)	(110, 1391804.0)	(115, 1611866.0)	(120, 1785795.0)	(125, 1922247.0)	(130, 2022408.0)	(135, 2080337.0)	(140, 2178686.0)	(145, 2251558.0)	(150, 32609160.0)																								
fastp | SRR30333749_2	(30, 1294.0)	(35, 2243.0)	(40, 4156.0)	(45, 6770.0)	(50, 11062.0)	(55, 15605.0)	(60, 26088.0)	(65, 39578.0)	(70, 65765.0)	(75, 106410.0)	(80, 172769.0)	(85, 282444.0)	(90, 432986.0)	(95, 639364.0)	(100, 876906.0)	(105, 1144457.0)	(110, 1386393.0)	(115, 1605807.0)	(120, 1780123.0)	(125, 1918847.0)	(130, 2023640.0)	(135, 2092635.0)	(140, 2210245.0)	(145, 2283620.0)	(150, 32561045.0)																								
fastp | SRR30333750_1	(30, 2197.0)	(35, 4811.0)	(40, 10014.0)	(45, 16002.0)	(50, 29662.0)	(55, 40696.0)	(60, 69071.0)	(65, 97363.0)	(70, 152114.0)	(75, 228072.0)	(80, 340753.0)	(85, 509338.0)	(90, 724736.0)	(95, 1001793.0)	(100, 1299569.0)	(105, 1608368.0)	(110, 1874829.0)	(115, 2094428.0)	(120, 2233076.0)	(125, 2300215.0)	(130, 2321795.0)	(135, 2292286.0)	(140, 2279537.0)	(145, 2241417.0)	(150, 27947810.0)																								
fastp | SRR30333750_2	(30, 2174.0)	(35, 4965.0)	(40, 10192.0)	(45, 16176.0)	(50, 29914.0)	(55, 40997.0)	(60, 69304.0)	(65, 97632.0)	(70, 152276.0)	(75, 228079.0)	(80, 340471.0)	(85, 508755.0)	(90, 723346.0)	(95, 999537.0)	(100, 1296303.0)	(105, 1604130.0)	(110, 1869775.0)	(115, 2088868.0)	(120, 2228373.0)	(125, 2298007.0)	(130, 2324609.0)	(135, 2306478.0)	(140, 2316088.0)	(145, 2284173.0)	(150, 27879330.0)																								
fastp | SRR30333751_1	(30, 2166.0)	(35, 4946.0)	(40, 9801.0)	(45, 16245.0)	(50, 27963.0)	(55, 38942.0)	(60, 64610.0)	(65, 93618.0)	(70, 147813.0)	(75, 228646.0)	(80, 351240.0)	(85, 539510.0)	(90, 781662.0)	(95, 1095226.0)	(100, 1435870.0)	(105, 1786751.0)	(110, 2078343.0)	(115, 2314024.0)	(120, 2457446.0)	(125, 2517593.0)	(130, 2526403.0)	(135, 2482161.0)	(140, 2460219.0)	(145, 2408004.0)	(150, 27640489.0)																								
fastp | SRR30333751_2	(30, 2180.0)	(35, 5169.0)	(40, 10065.0)	(45, 16512.0)	(50, 28294.0)	(55, 39267.0)	(60, 64977.0)	(65, 93968.0)	(70, 148070.0)	(75, 228763.0)	(80, 351015.0)	(85, 539009.0)	(90, 780400.0)	(95, 1092909.0)	(100, 1432491.0)	(105, 1782127.0)	(110, 2072677.0)	(115, 2307790.0)	(120, 2452235.0)	(125, 2514862.0)	(130, 2528650.0)	(135, 2493850.0)	(140, 2486050.0)	(145, 2431521.0)	(150, 27606840.0)																								
fastp | SRR30333752_1	(30, 2290.0)	(35, 5235.0)	(40, 10273.0)	(45, 16967.0)	(50, 27226.0)	(55, 37633.0)	(60, 59888.0)	(65, 85291.0)	(70, 133844.0)	(75, 205201.0)	(80, 314907.0)	(85, 481872.0)	(90, 702845.0)	(95, 990532.0)	(100, 1312702.0)	(105, 1653594.0)	(110, 1945936.0)	(115, 2192856.0)	(120, 2347195.0)	(125, 2430591.0)	(130, 2470635.0)	(135, 2448007.0)	(140, 2458139.0)	(145, 2437685.0)	(150, 32826345.0)																								
fastp | SRR30333752_2	(30, 2307.0)	(35, 5459.0)	(40, 10481.0)	(45, 17205.0)	(50, 27521.0)	(55, 37998.0)	(60, 60206.0)	(65, 85644.0)	(70, 134152.0)	(75, 205334.0)	(80, 314773.0)	(85, 481485.0)	(90, 701626.0)	(95, 988485.0)	(100, 1309666.0)	(105, 1649476.0)	(110, 1940700.0)	(115, 2187102.0)	(120, 2342648.0)	(125, 2428186.0)	(130, 2473776.0)	(135, 2465366.0)	(140, 2501488.0)	(145, 2491714.0)	(150, 32734891.0)																								
fastp | SRR30333753_1	(30, 1917.0)	(35, 4562.0)	(40, 9420.0)	(45, 14405.0)	(50, 27674.0)	(55, 40001.0)	(60, 69927.0)	(65, 101406.0)	(70, 161904.0)	(75, 250432.0)	(80, 381941.0)	(85, 580486.0)	(90, 829336.0)	(95, 1137980.0)	(100, 1456951.0)	(105, 1766478.0)	(110, 2004317.0)	(115, 2176271.0)	(120, 2239417.0)	(125, 2222545.0)	(130, 2160515.0)	(135, 2052134.0)	(140, 1950924.0)	(145, 1835887.0)	(150, 15412204.0)																								
fastp | SRR30333753_2	(30, 1860.0)	(35, 4685.0)	(40, 9504.0)	(45, 14522.0)	(50, 27861.0)	(55, 40164.0)	(60, 70041.0)	(65, 101519.0)	(70, 161924.0)	(75, 250154.0)	(80, 381360.0)	(85, 579303.0)	(90, 827120.0)	(95, 1134294.0)	(100, 1451883.0)	(105, 1759966.0)	(110, 1996498.0)	(115, 2167737.0)	(120, 2232008.0)	(125, 2217411.0)	(130, 2160786.0)	(135, 2061187.0)	(140, 1973062.0)	(145, 1857576.0)	(150, 15406609.0)																								
fastp | SRR30333754_1	(30, 2616.0)	(35, 6230.0)	(40, 12713.0)	(45, 19711.0)	(50, 35266.0)	(55, 49835.0)	(60, 84687.0)	(65, 123370.0)	(70, 196101.0)	(75, 306566.0)	(80, 469447.0)	(85, 718906.0)	(90, 1034543.0)	(95, 1424101.0)	(100, 1821893.0)	(105, 2198983.0)	(110, 2482945.0)	(115, 2675868.0)	(120, 2721144.0)	(125, 2687776.0)	(130, 2588861.0)	(135, 2451419.0)	(140, 2314790.0)	(145, 2176232.0)	(150, 20227440.0)																								
fastp | SRR30333754_2	(30, 2533.0)	(35, 6405.0)	(40, 12892.0)	(45, 19888.0)	(50, 35528.0)	(55, 50087.0)	(60, 84967.0)	(65, 123641.0)	(70, 196329.0)	(75, 306605.0)	(80, 469007.0)	(85, 717798.0)	(90, 1032372.0)	(95, 1420317.0)	(100, 1816079.0)	(105, 2192120.0)	(110, 2474866.0)	(115, 2666920.0)	(120, 2714194.0)	(125, 2683469.0)	(130, 2590110.0)	(135, 2463801.0)	(140, 2345461.0)	(145, 2210801.0)	(150, 20195253.0)																								
fastp | SRR30333755_1	(30, 3389.0)	(35, 8583.0)	(40, 16175.0)	(45, 24295.0)	(50, 41298.0)	(55, 55856.0)	(60, 87184.0)	(65, 120981.0)	(70, 183053.0)	(75, 275710.0)	(80, 410868.0)	(85, 620583.0)	(90, 881697.0)	(95, 1215193.0)	(100, 1549090.0)	(105, 1874020.0)	(110, 2109024.0)	(115, 2262882.0)	(120, 2295690.0)	(125, 2248621.0)	(130, 2146585.0)	(135, 2004389.0)	(140, 1889147.0)	(145, 1758289.0)	(150, 14519358.0)																								
fastp | SRR30333755_2	(30, 3166.0)	(35, 8713.0)	(40, 16231.0)	(45, 24409.0)	(50, 41473.0)	(55, 56059.0)	(60, 87300.0)	(65, 121076.0)	(70, 183071.0)	(75, 275439.0)	(80, 410125.0)	(85, 619042.0)	(90, 879032.0)	(95, 1210955.0)	(100, 1542955.0)	(105, 1866620.0)	(110, 2100049.0)	(115, 2253012.0)	(120, 2287026.0)	(125, 2242450.0)	(130, 2145599.0)	(135, 2012481.0)	(140, 1907915.0)	(145, 1771385.0)	(150, 14536377.0)																								
fastp | SRR30333756_1	(30, 956.0)	(35, 1681.0)	(40, 3028.0)	(45, 5147.0)	(50, 8739.0)	(55, 12590.0)	(60, 22206.0)	(65, 34646.0)	(70, 59093.0)	(75, 100313.0)	(80, 167751.0)	(85, 283598.0)	(90, 457520.0)	(95, 701081.0)	(100, 1003838.0)	(105, 1343917.0)	(110, 1664801.0)	(115, 1960447.0)	(120, 2162457.0)	(125, 2287387.0)	(130, 2351187.0)	(135, 2353904.0)	(140, 2351192.0)	(145, 2312859.0)	(150, 26027827.0)																								
fastp | SRR30333756_2	(30, 1121.0)	(35, 1889.0)	(40, 3209.0)	(45, 5390.0)	(50, 9049.0)	(55, 12933.0)	(60, 22569.0)	(65, 35079.0)	(70, 59610.0)	(75, 100655.0)	(80, 167990.0)	(85, 283738.0)	(90, 457010.0)	(95, 699838.0)	(100, 1001309.0)	(105, 1340388.0)	(110, 1660157.0)	(115, 1955238.0)	(120, 2158086.0)	(125, 2285812.0)	(130, 2355899.0)	(135, 2370255.0)	(140, 2390768.0)	(145, 2360404.0)	(150, 25939769.0)																								
fastp | SRR30333757_1	(30, 944.0)	(35, 1708.0)	(40, 3179.0)	(45, 5623.0)	(50, 9118.0)	(55, 14135.0)	(60, 23208.0)	(65, 36575.0)	(70, 60459.0)	(75, 99103.0)	(80, 158544.0)	(85, 251444.0)	(90, 383132.0)	(95, 564010.0)	(100, 785927.0)	(105, 1040145.0)	(110, 1298742.0)	(115, 1538879.0)	(120, 1736148.0)	(125, 1873831.0)	(130, 1965560.0)	(135, 1996125.0)	(140, 2021967.0)	(145, 2115206.0)	(150, 26980125.0)																								
fastp | SRR30333757_2	(30, 1189.0)	(35, 2028.0)	(40, 3523.0)	(45, 6040.0)	(50, 9512.0)	(55, 14608.0)	(60, 23712.0)	(65, 37179.0)	(70, 61187.0)	(75, 99777.0)	(80, 159240.0)	(85, 252215.0)	(90, 383807.0)	(95, 564430.0)	(100, 785886.0)	(105, 1039553.0)	(110, 1297399.0)	(115, 1537131.0)	(120, 1733668.0)	(125, 1871518.0)	(130, 1964131.0)	(135, 1996287.0)	(140, 2032974.0)	(145, 2171046.0)	(150, 26915797.0)																								
fastp | SRR30333758_1	(30, 620.0)	(35, 1021.0)	(40, 1963.0)	(45, 3971.0)	(50, 6680.0)	(55, 10209.0)	(60, 17765.0)	(65, 28204.0)	(70, 49089.0)	(75, 81755.0)	(80, 134466.0)	(85, 219297.0)	(90, 333875.0)	(95, 491843.0)	(100, 669034.0)	(105, 870052.0)	(110, 1044913.0)	(115, 1204534.0)	(120, 1319762.0)	(125, 1398483.0)	(130, 1447877.0)	(135, 1455572.0)	(140, 1481116.0)	(145, 1596092.0)	(150, 26254339.0)																								
fastp | SRR30333758_2	(30, 877.0)	(35, 1300.0)	(40, 2284.0)	(45, 4362.0)	(50, 7084.0)	(55, 10672.0)	(60, 18266.0)	(65, 28747.0)	(70, 49699.0)	(75, 82383.0)	(80, 135010.0)	(85, 219846.0)	(90, 334311.0)	(95, 491997.0)	(100, 668703.0)	(105, 869176.0)	(110, 1043518.0)	(115, 1202743.0)	(120, 1317920.0)	(125, 1396514.0)	(130, 1447083.0)	(135, 1455790.0)	(140, 1488836.0)	(145, 1629758.0)	(150, 26215653.0)																								
fastp | SRR30333759_1	(30, 830.0)	(35, 1505.0)	(40, 2849.0)	(45, 5119.0)	(50, 8670.0)	(55, 13158.0)	(60, 21686.0)	(65, 34632.0)	(70, 57243.0)	(75, 93135.0)	(80, 148825.0)	(85, 236574.0)	(90, 359837.0)	(95, 529897.0)	(100, 739054.0)	(105, 981544.0)	(110, 1218520.0)	(115, 1445866.0)	(120, 1627979.0)	(125, 1759000.0)	(130, 1844622.0)	(135, 1869920.0)	(140, 1891887.0)	(145, 1977973.0)	(150, 25725680.0)																								
fastp | SRR30333759_2	(30, 994.0)	(35, 1780.0)	(40, 3129.0)	(45, 5447.0)	(50, 9077.0)	(55, 13542.0)	(60, 22168.0)	(65, 35166.0)	(70, 57872.0)	(75, 93764.0)	(80, 149480.0)	(85, 237292.0)	(90, 360455.0)	(95, 530279.0)	(100, 739099.0)	(105, 981052.0)	(110, 1217480.0)	(115, 1444441.0)	(120, 1626041.0)	(125, 1756849.0)	(130, 1843646.0)	(135, 1870408.0)	(140, 1901467.0)	(145, 2026164.0)	(150, 25668913.0)																								
fastp | SRR30333760_1	(30, 806.0)	(35, 1603.0)	(40, 2830.0)	(45, 4903.0)	(50, 7962.0)	(55, 12254.0)	(60, 20011.0)	(65, 31378.0)	(70, 51822.0)	(75, 82548.0)	(80, 132636.0)	(85, 210810.0)	(90, 323794.0)	(95, 477943.0)	(100, 670057.0)	(105, 899172.0)	(110, 1127879.0)	(115, 1352118.0)	(120, 1537831.0)	(125, 1672105.0)	(130, 1766438.0)	(135, 1801790.0)	(140, 1831635.0)	(145, 1904585.0)	(150, 24725356.0)																								
fastp | SRR30333760_2	(30, 1006.0)	(35, 1851.0)	(40, 3092.0)	(45, 5234.0)	(50, 8340.0)	(55, 12637.0)	(60, 20456.0)	(65, 31885.0)	(70, 52461.0)	(75, 83187.0)	(80, 133325.0)	(85, 211372.0)	(90, 324289.0)	(95, 478189.0)	(100, 669912.0)	(105, 898403.0)	(110, 1126392.0)	(115, 1349972.0)	(120, 1534885.0)	(125, 1669127.0)	(130, 1764499.0)	(135, 1801839.0)	(140, 1846057.0)	(145, 1989570.0)	(150, 24632286.0)																								
fastp | SRR30333761_1	(30, 1234.0)	(35, 2599.0)	(40, 4762.0)	(45, 7729.0)	(50, 13063.0)	(55, 19074.0)	(60, 30011.0)	(65, 45774.0)	(70, 72760.0)	(75, 114330.0)	(80, 178815.0)	(85, 278649.0)	(90, 418793.0)	(95, 605953.0)	(100, 829821.0)	(105, 1084264.0)	(110, 1329569.0)	(115, 1560266.0)	(120, 1725543.0)	(125, 1842791.0)	(130, 1909376.0)	(135, 1920991.0)	(140, 1918849.0)	(145, 1998999.0)	(150, 23676534.0)																								
fastp | SRR30333761_2	(30, 1534.0)	(35, 2952.0)	(40, 5159.0)	(45, 8152.0)	(50, 13547.0)	(55, 19617.0)	(60, 30622.0)	(65, 46470.0)	(70, 73527.0)	(75, 115092.0)	(80, 179617.0)	(85, 279393.0)	(90, 419389.0)	(95, 606298.0)	(100, 829688.0)	(105, 1083450.0)	(110, 1328102.0)	(115, 1558221.0)	(120, 1722833.0)	(125, 1840126.0)	(130, 1907865.0)	(135, 1920552.0)	(140, 1925289.0)	(145, 2027800.0)	(150, 23645254.0)																								
fastp | SRR30333762_1	(30, 786.0)	(35, 1606.0)	(40, 2881.0)	(45, 5197.0)	(50, 8720.0)	(55, 13155.0)	(60, 21463.0)	(65, 33865.0)	(70, 56143.0)	(75, 90929.0)	(80, 144240.0)	(85, 230136.0)	(90, 349519.0)	(95, 513104.0)	(100, 711121.0)	(105, 939825.0)	(110, 1162316.0)	(115, 1369793.0)	(120, 1532052.0)	(125, 1645911.0)	(130, 1720452.0)	(135, 1740537.0)	(140, 1754082.0)	(145, 1832417.0)	(150, 24297703.0)																								
fastp | SRR30333762_2	(30, 963.0)	(35, 1838.0)	(40, 3149.0)	(45, 5532.0)	(50, 9101.0)	(55, 13584.0)	(60, 21926.0)	(65, 34444.0)	(70, 56749.0)	(75, 91621.0)	(80, 144869.0)	(85, 230713.0)	(90, 350197.0)	(95, 513516.0)	(100, 711119.0)	(105, 939219.0)	(110, 1161209.0)	(115, 1368243.0)	(120, 1530135.0)	(125, 1643797.0)	(130, 1719243.0)	(135, 1741018.0)	(140, 1765618.0)	(145, 1893366.0)	(150, 24226784.0)																								
fastp | SRR30333763_1	(30, 1020.0)	(35, 1940.0)	(40, 3607.0)	(45, 6094.0)	(50, 10546.0)	(55, 16042.0)	(60, 26977.0)	(65, 42466.0)	(70, 70355.0)	(75, 113508.0)	(80, 182055.0)	(85, 286227.0)	(90, 430630.0)	(95, 623501.0)	(100, 852270.0)	(105, 1104837.0)	(110, 1340797.0)	(115, 1550752.0)	(120, 1711631.0)	(125, 1810374.0)	(130, 1871257.0)	(135, 1876337.0)	(140, 1875828.0)	(145, 1915579.0)	(150, 24840466.0)																								
fastp | SRR30333763_2	(30, 1217.0)	(35, 2181.0)	(40, 3919.0)	(45, 6467.0)	(50, 10954.0)	(55, 16527.0)	(60, 27487.0)	(65, 43070.0)	(70, 71013.0)	(75, 114186.0)	(80, 182743.0)	(85, 286762.0)	(90, 431009.0)	(95, 623531.0)	(100, 851718.0)	(105, 1103497.0)	(110, 1338509.0)	(115, 1547829.0)	(120, 1708087.0)	(125, 1806745.0)	(130, 1869096.0)	(135, 1876862.0)	(140, 1890906.0)	(145, 1998814.0)	(150, 24751967.0)																								
fastp | SRR30333764_1	(30, 968.0)	(35, 1951.0)	(40, 3562.0)	(45, 6118.0)	(50, 10141.0)	(55, 15197.0)	(60, 24918.0)	(65, 37500.0)	(70, 60429.0)	(75, 95504.0)	(80, 149458.0)	(85, 233722.0)	(90, 352713.0)	(95, 515498.0)	(100, 716547.0)	(105, 951709.0)	(110, 1189430.0)	(115, 1418714.0)	(120, 1603338.0)	(125, 1739223.0)	(130, 1829215.0)	(135, 1860162.0)	(140, 1876753.0)	(145, 1933095.0)	(150, 23653865.0)																								
fastp | SRR30333764_2	(30, 1163.0)	(35, 2225.0)	(40, 3900.0)	(45, 6486.0)	(50, 10628.0)	(55, 15673.0)	(60, 25436.0)	(65, 38119.0)	(70, 61207.0)	(75, 96231.0)	(80, 150089.0)	(85, 234386.0)	(90, 353290.0)	(95, 515897.0)	(100, 716435.0)	(105, 950917.0)	(110, 1188068.0)	(115, 1416773.0)	(120, 1600794.0)	(125, 1736572.0)	(130, 1827414.0)	(135, 1860367.0)	(140, 1888239.0)	(145, 1994132.0)	(150, 23585289.0)																								
fastp | SRR30333765_1	(30, 926.0)	(35, 1769.0)	(40, 3286.0)	(45, 5706.0)	(50, 9279.0)	(55, 14078.0)	(60, 22502.0)	(65, 34954.0)	(70, 56571.0)	(75, 89663.0)	(80, 143067.0)	(85, 224479.0)	(90, 338340.0)	(95, 496515.0)	(100, 691052.0)	(105, 917777.0)	(110, 1144175.0)	(115, 1363952.0)	(120, 1545147.0)	(125, 1671999.0)	(130, 1756601.0)	(135, 1789515.0)	(140, 1812394.0)	(145, 1908974.0)	(150, 24063629.0)																								
fastp | SRR30333765_2	(30, 1154.0)	(35, 2073.0)	(40, 3667.0)	(45, 6097.0)	(50, 9766.0)	(55, 14620.0)	(60, 23061.0)	(65, 35611.0)	(70, 57329.0)	(75, 90396.0)	(80, 143761.0)	(85, 225248.0)	(90, 338930.0)	(95, 496899.0)	(100, 691052.0)	(105, 917174.0)	(110, 1143053.0)	(115, 1362123.0)	(120, 1543116.0)	(125, 1669824.0)	(130, 1755379.0)	(135, 1789805.0)	(140, 1821219.0)	(145, 1951133.0)	(150, 24013860.0)																								
fastp | SRR30333766_1	(30, 846.0)	(35, 1681.0)	(40, 3185.0)	(45, 5548.0)	(50, 9395.0)	(55, 14115.0)	(60, 23578.0)	(65, 36674.0)	(70, 60143.0)	(75, 98049.0)	(80, 156699.0)	(85, 249431.0)	(90, 379340.0)	(95, 561118.0)	(100, 783823.0)	(105, 1044331.0)	(110, 1306918.0)	(115, 1556838.0)	(120, 1765463.0)	(125, 1913562.0)	(130, 2012444.0)	(135, 2045676.0)	(140, 2064431.0)	(145, 2124486.0)	(150, 26493654.0)																								
fastp | SRR30333766_2	(30, 1115.0)	(35, 2006.0)	(40, 3585.0)	(45, 6028.0)	(50, 9917.0)	(55, 14677.0)	(60, 24177.0)	(65, 37401.0)	(70, 60928.0)	(75, 98801.0)	(80, 157562.0)	(85, 250183.0)	(90, 379910.0)	(95, 561463.0)	(100, 783552.0)	(105, 1043283.0)	(110, 1305075.0)	(115, 1554204.0)	(120, 1762286.0)	(125, 1910202.0)	(130, 2010207.0)	(135, 2045965.0)	(140, 2078793.0)	(145, 2199358.0)	(150, 26410750.0)																								
fastp | SRR30333767_1	(30, 983.0)	(35, 2066.0)	(40, 3972.0)	(45, 6471.0)	(50, 10837.0)	(55, 15911.0)	(60, 25545.0)	(65, 38747.0)	(70, 62435.0)	(75, 98385.0)	(80, 155751.0)	(85, 244107.0)	(90, 371489.0)	(95, 543196.0)	(100, 756929.0)	(105, 1003693.0)	(110, 1250160.0)	(115, 1486458.0)	(120, 1672393.0)	(125, 1803603.0)	(130, 1889626.0)	(135, 1919306.0)	(140, 1932098.0)	(145, 1998569.0)	(150, 24488096.0)																								
fastp | SRR30333767_2	(30, 1251.0)	(35, 2369.0)	(40, 4301.0)	(45, 6844.0)	(50, 11282.0)	(55, 16322.0)	(60, 26082.0)	(65, 39354.0)	(70, 63061.0)	(75, 99072.0)	(80, 156479.0)	(85, 244855.0)	(90, 372090.0)	(95, 543341.0)	(100, 756796.0)	(105, 1002824.0)	(110, 1248569.0)	(115, 1484233.0)	(120, 1669311.0)	(125, 1800454.0)	(130, 1887474.0)	(135, 1919389.0)	(140, 1944748.0)	(145, 2064480.0)	(150, 24415845.0)																								
fastp | SRR30333768_1	(30, 979.0)	(35, 2070.0)	(40, 4240.0)	(45, 7602.0)	(50, 14247.0)	(55, 21376.0)	(60, 37207.0)	(65, 58382.0)	(70, 96833.0)	(75, 156032.0)	(80, 245378.0)	(85, 382321.0)	(90, 560997.0)	(95, 797755.0)	(100, 1046288.0)	(105, 1318611.0)	(110, 1537659.0)	(115, 1723239.0)	(120, 1832884.0)	(125, 1883724.0)	(130, 1896965.0)	(135, 1852636.0)	(140, 1827990.0)	(145, 1873281.0)	(150, 21966435.0)																								
fastp | SRR30333768_2	(30, 1241.0)	(35, 2369.0)	(40, 4594.0)	(45, 7991.0)	(50, 14681.0)	(55, 21892.0)	(60, 37744.0)	(65, 58978.0)	(70, 97487.0)	(75, 156658.0)	(80, 245962.0)	(85, 382739.0)	(90, 561236.0)	(95, 797536.0)	(100, 1045332.0)	(105, 1316877.0)	(110, 1535164.0)	(115, 1720183.0)	(120, 1829487.0)	(125, 1880113.0)	(130, 1894628.0)	(135, 1852237.0)	(140, 1836089.0)	(145, 1919076.0)	(150, 21924837.0)																								
qc_bundle_trimmed | SRR30333743_1	(118, 1.0)	(119, 0.0)	(120, 1.0)	(121, 0.0)	(122, 2.0)	(123, 2.0)	(124, 4.0)	(125, 7.0)	(126, 22.0)	(127, 25.0)	(128, 68.0)	(129, 114.0)	(130, 287.0)	(131, 510.0)	(132, 936.0)	(133, 1545.0)	(134, 2530.0)	(135, 4155.0)	(136, 6193.0)	(137, 8964.0)	(138, 12952.0)	(139, 20013.0)	(140, 30704.0)	(141, 43615.0)	(142, 59935.0)	(143, 86528.0)	(144, 121939.0)	(145, 161982.0)	(146, 229298.0)	(147, 323842.0)	(148, 516014.0)	(149, 967032.0)	(150, 2875737.0)	(151, 44620862.0)															
qc_bundle_trimmed | SRR30333743_2	(80, 1.0)	(82, 0.0)	(84, 0.0)	(86, 2.0)	(88, 5.0)	(90, 9.0)	(92, 5.0)	(94, 3.0)	(96, 10.0)	(98, 6.0)	(100, 19.0)	(102, 21.0)	(104, 16.0)	(106, 11.0)	(108, 5.0)	(110, 15.0)	(112, 11.0)	(114, 30.0)	(116, 34.0)	(118, 53.0)	(120, 50.0)	(122, 110.0)	(124, 141.0)	(126, 193.0)	(128, 298.0)	(130, 500.0)	(132, 923.0)	(134, 1839.0)	(136, 3694.0)	(138, 8156.0)	(140, 18772.0)	(142, 48193.0)	(144, 133714.0)	(146, 429300.0)	(148, 2032907.0)	(150, 47416773.0)													
qc_bundle_trimmed | SRR30333744_1	(111, 1.0)	(112, 0.0)	(113, 0.0)	(114, 0.0)	(115, 0.0)	(116, 0.0)	(117, 0.0)	(118, 0.0)	(119, 0.0)	(120, 0.0)	(121, 0.0)	(122, 1.0)	(123, 1.0)	(124, 3.0)	(125, 4.0)	(126, 15.0)	(127, 22.0)	(128, 34.0)	(129, 77.0)	(130, 168.0)	(131, 260.0)	(132, 424.0)	(133, 594.0)	(134, 911.0)	(135, 1433.0)	(136, 2198.0)	(137, 3186.0)	(138, 4741.0)	(139, 7670.0)	(140, 11959.0)	(141, 18088.0)	(142, 25928.0)	(143, 42905.0)	(144, 64403.0)	(145, 98435.0)	(146, 151013.0)	(147, 217903.0)	(148, 363672.0)	(149, 668326.0)	(150, 2262309.0)	(151, 41331793.0)								
qc_bundle_trimmed | SRR30333744_2	(80, 2.0)	(82, 2.0)	(84, 0.0)	(86, 1.0)	(88, 0.0)	(90, 5.0)	(92, 1.0)	(94, 1.0)	(96, 6.0)	(98, 3.0)	(100, 13.0)	(102, 5.0)	(104, 8.0)	(106, 10.0)	(108, 2.0)	(110, 10.0)	(112, 15.0)	(114, 24.0)	(116, 32.0)	(118, 42.0)	(120, 43.0)	(122, 87.0)	(124, 123.0)	(126, 177.0)	(128, 248.0)	(130, 441.0)	(132, 768.0)	(134, 1672.0)	(136, 3358.0)	(138, 7104.0)	(140, 16290.0)	(142, 39898.0)	(144, 106835.0)	(146, 324644.0)	(148, 1456877.0)	(150, 43319730.0)													
qc_bundle_trimmed | SRR30333745_1	(120, 1.0)	(121, 4.0)	(122, 2.0)	(123, 2.0)	(124, 4.0)	(125, 13.0)	(126, 30.0)	(127, 37.0)	(128, 61.0)	(129, 120.0)	(130, 244.0)	(131, 379.0)	(132, 599.0)	(133, 964.0)	(134, 1482.0)	(135, 2158.0)	(136, 3213.0)	(137, 4972.0)	(138, 6991.0)	(139, 11389.0)	(140, 18110.0)	(141, 25651.0)	(142, 37120.0)	(143, 59186.0)	(144, 85330.0)	(145, 128850.0)	(146, 199734.0)	(147, 285319.0)	(148, 479791.0)	(149, 867529.0)	(150, 2717353.0)	(151, 42876750.0)																	
qc_bundle_trimmed | SRR30333745_2	(74, 1.0)	(76, 0.0)	(78, 1.0)	(80, 2.0)	(82, 1.0)	(84, 2.0)	(86, 3.0)	(88, 2.0)	(90, 5.0)	(92, 4.0)	(94, 6.0)	(96, 5.0)	(98, 14.0)	(100, 16.0)	(102, 12.0)	(104, 3.0)	(106, 8.0)	(108, 6.0)	(110, 6.0)	(112, 19.0)	(114, 35.0)	(116, 30.0)	(118, 32.0)	(120, 53.0)	(122, 113.0)	(124, 132.0)	(126, 185.0)	(128, 271.0)	(130, 411.0)	(132, 749.0)	(134, 1488.0)	(136, 3093.0)	(138, 6859.0)	(140, 15762.0)	(142, 40614.0)	(144, 110326.0)	(146, 339804.0)	(148, 1585344.0)	(150, 45707971.0)										
qc_bundle_trimmed | SRR30333746_1	(121, 1.0)	(122, 1.0)	(123, 3.0)	(124, 7.0)	(125, 7.0)	(126, 18.0)	(127, 33.0)	(128, 60.0)	(129, 120.0)	(130, 231.0)	(131, 438.0)	(132, 726.0)	(133, 1100.0)	(134, 1791.0)	(135, 2614.0)	(136, 3883.0)	(137, 5539.0)	(138, 7878.0)	(139, 12177.0)	(140, 18232.0)	(141, 25555.0)	(142, 34908.0)	(143, 51753.0)	(144, 73387.0)	(145, 100968.0)	(146, 145712.0)	(147, 208601.0)	(148, 331660.0)	(149, 618397.0)	(150, 2133288.0)	(151, 38436947.0)																		
qc_bundle_trimmed | SRR30333746_2	(88, 1.0)	(90, 5.0)	(92, 0.0)	(94, 1.0)	(96, 1.0)	(98, 4.0)	(100, 8.0)	(102, 7.0)	(104, 2.0)	(106, 3.0)	(108, 0.0)	(110, 3.0)	(112, 4.0)	(114, 7.0)	(116, 12.0)	(118, 32.0)	(120, 24.0)	(122, 40.0)	(124, 64.0)	(126, 89.0)	(128, 142.0)	(130, 231.0)	(132, 451.0)	(134, 902.0)	(136, 1958.0)	(138, 4596.0)	(140, 10927.0)	(142, 28261.0)	(144, 80108.0)	(146, 260936.0)	(148, 1277280.0)	(150, 40549936.0)																	
qc_bundle_trimmed | SRR30333747_1	(115, 1.0)	(116, 0.0)	(117, 1.0)	(118, 0.0)	(119, 0.0)	(120, 0.0)	(121, 0.0)	(122, 1.0)	(123, 2.0)	(124, 5.0)	(125, 5.0)	(126, 2.0)	(127, 13.0)	(128, 16.0)	(129, 40.0)	(130, 64.0)	(131, 131.0)	(132, 210.0)	(133, 434.0)	(134, 758.0)	(135, 1304.0)	(136, 2105.0)	(137, 3296.0)	(138, 5261.0)	(139, 7716.0)	(140, 11477.0)	(141, 16385.0)	(142, 23068.0)	(143, 33032.0)	(144, 47851.0)	(145, 66335.0)	(146, 94097.0)	(147, 139770.0)	(148, 227349.0)	(149, 456933.0)	(150, 1743243.0)	(151, 38255963.0)												
qc_bundle_trimmed | SRR30333747_2	(80, 1.0)	(82, 0.0)	(84, 1.0)	(86, 0.0)	(88, 0.0)	(90, 0.0)	(92, 0.0)	(94, 0.0)	(96, 4.0)	(98, 2.0)	(100, 0.0)	(102, 0.0)	(104, 3.0)	(106, 3.0)	(108, 3.0)	(110, 6.0)	(112, 15.0)	(114, 18.0)	(116, 8.0)	(118, 19.0)	(120, 29.0)	(122, 55.0)	(124, 65.0)	(126, 92.0)	(128, 141.0)	(130, 301.0)	(132, 615.0)	(134, 1239.0)	(136, 2717.0)	(138, 6202.0)	(140, 14191.0)	(142, 35610.0)	(144, 95906.0)	(146, 299192.0)	(148, 1341816.0)	(150, 39338614.0)													
qc_bundle_trimmed | SRR30333748_1	(124, 2.0)	(125, 4.0)	(126, 8.0)	(127, 15.0)	(128, 12.0)	(129, 40.0)	(130, 65.0)	(131, 100.0)	(132, 155.0)	(133, 249.0)	(134, 334.0)	(135, 619.0)	(136, 941.0)	(137, 1477.0)	(138, 2185.0)	(139, 3777.0)	(140, 6126.0)	(141, 10021.0)	(142, 17640.0)	(143, 32548.0)	(144, 49640.0)	(145, 82469.0)	(146, 143690.0)	(147, 230476.0)	(148, 438474.0)	(149, 889137.0)	(150, 3068274.0)	(151, 60431156.0)																					
qc_bundle_trimmed | SRR30333748_2	(72, 1.0)	(74, 0.0)	(76, 0.0)	(78, 0.0)	(80, 0.0)	(82, 1.0)	(84, 2.0)	(86, 3.0)	(88, 2.0)	(90, 6.0)	(92, 5.0)	(94, 3.0)	(96, 8.0)	(98, 8.0)	(100, 18.0)	(102, 14.0)	(104, 14.0)	(106, 9.0)	(108, 9.0)	(110, 12.0)	(112, 15.0)	(114, 29.0)	(116, 31.0)	(118, 61.0)	(120, 72.0)	(122, 143.0)	(124, 154.0)	(126, 214.0)	(128, 316.0)	(130, 534.0)	(132, 912.0)	(134, 1803.0)	(136, 3838.0)	(138, 8445.0)	(140, 18321.0)	(142, 45834.0)	(144, 120884.0)	(146, 372436.0)	(148, 1674674.0)	(150, 63160803.0)									
qc_bundle_trimmed | SRR30333749_1	(107, 1.0)	(108, 0.0)	(109, 0.0)	(110, 0.0)	(111, 0.0)	(112, 1.0)	(113, 0.0)	(114, 0.0)	(115, 0.0)	(116, 0.0)	(117, 1.0)	(118, 0.0)	(119, 0.0)	(120, 1.0)	(121, 1.0)	(122, 3.0)	(123, 1.0)	(124, 0.0)	(125, 5.0)	(126, 9.0)	(127, 13.0)	(128, 22.0)	(129, 38.0)	(130, 65.0)	(131, 119.0)	(132, 194.0)	(133, 374.0)	(134, 660.0)	(135, 1110.0)	(136, 1678.0)	(137, 2615.0)	(138, 3861.0)	(139, 6013.0)	(140, 9813.0)	(141, 14353.0)	(142, 20210.0)	(143, 30136.0)	(144, 42861.0)	(145, 58526.0)	(146, 86951.0)	(147, 128635.0)	(148, 221080.0)	(149, 469256.0)	(150, 1932340.0)	(151, 50383548.0)				
qc_bundle_trimmed | SRR30333749_2	(35, 1.0)	(40, 0.0)	(45, 0.0)	(50, 0.0)	(55, 0.0)	(60, 0.0)	(65, 0.0)	(70, 1.0)	(75, 0.0)	(80, 0.0)	(85, 0.0)	(90, 5.0)	(95, 15.0)	(100, 15.0)	(105, 8.0)	(110, 32.0)	(115, 57.0)	(120, 121.0)	(125, 429.0)	(130, 1526.0)	(135, 9568.0)	(140, 82116.0)	(145, 1780560.0)	(150, 51540040.0)																									
qc_bundle_trimmed | SRR30333750_1	(121, 1.0)	(122, 1.0)	(123, 2.0)	(124, 5.0)	(125, 9.0)	(126, 8.0)	(127, 17.0)	(128, 23.0)	(129, 44.0)	(130, 71.0)	(131, 121.0)	(132, 169.0)	(133, 257.0)	(134, 403.0)	(135, 701.0)	(136, 1034.0)	(137, 1769.0)	(138, 2517.0)	(139, 4181.0)	(140, 6714.0)	(141, 11027.0)	(142, 18945.0)	(143, 32267.0)	(144, 51054.0)	(145, 83558.0)	(146, 142114.0)	(147, 217515.0)	(148, 422190.0)	(149, 821137.0)	(150, 2657265.0)	(151, 48466423.0)																		
qc_bundle_trimmed | SRR30333750_2	(78, 1.0)	(80, 0.0)	(82, 1.0)	(84, 0.0)	(86, 1.0)	(88, 1.0)	(90, 2.0)	(92, 1.0)	(94, 1.0)	(96, 3.0)	(98, 3.0)	(100, 4.0)	(102, 5.0)	(104, 6.0)	(106, 11.0)	(108, 0.0)	(110, 3.0)	(112, 4.0)	(114, 13.0)	(116, 14.0)	(118, 25.0)	(120, 32.0)	(122, 72.0)	(124, 84.0)	(126, 105.0)	(128, 176.0)	(130, 356.0)	(132, 627.0)	(134, 1202.0)	(136, 2533.0)	(138, 5845.0)	(140, 13473.0)	(142, 34039.0)	(144, 94625.0)	(146, 311712.0)	(148, 1498197.0)	(150, 50978365.0)												
qc_bundle_trimmed | SRR30333751_1	(120, 1.0)	(121, 2.0)	(122, 4.0)	(123, 1.0)	(124, 3.0)	(125, 13.0)	(126, 9.0)	(127, 30.0)	(128, 52.0)	(129, 77.0)	(130, 141.0)	(131, 248.0)	(132, 394.0)	(133, 590.0)	(134, 919.0)	(135, 1512.0)	(136, 2166.0)	(137, 3324.0)	(138, 4724.0)	(139, 7787.0)	(140, 12381.0)	(141, 18751.0)	(142, 28582.0)	(143, 46440.0)	(144, 68454.0)	(145, 106738.0)	(146, 171961.0)	(147, 251503.0)	(148, 448050.0)	(149, 830379.0)	(150, 2778266.0)	(151, 50451424.0)																	
qc_bundle_trimmed | SRR30333751_2	(80, 1.0)	(82, 0.0)	(84, 1.0)	(86, 1.0)	(88, 2.0)	(90, 6.0)	(92, 1.0)	(94, 3.0)	(96, 10.0)	(98, 8.0)	(100, 13.0)	(102, 13.0)	(104, 13.0)	(106, 9.0)	(108, 4.0)	(110, 11.0)	(112, 7.0)	(114, 27.0)	(116, 24.0)	(118, 40.0)	(120, 50.0)	(122, 76.0)	(124, 139.0)	(126, 181.0)	(128, 280.0)	(130, 511.0)	(132, 942.0)	(134, 1749.0)	(136, 3475.0)	(138, 7778.0)	(140, 17011.0)	(142, 42884.0)	(144, 114024.0)	(146, 358524.0)	(148, 1677714.0)	(150, 53009394.0)													
qc_bundle_trimmed | SRR30333752_1	(118, 1.0)	(119, 1.0)	(120, 0.0)	(121, 2.0)	(122, 4.0)	(123, 3.0)	(124, 2.0)	(125, 6.0)	(126, 12.0)	(127, 35.0)	(128, 42.0)	(129, 87.0)	(130, 181.0)	(131, 312.0)	(132, 521.0)	(133, 794.0)	(134, 1202.0)	(135, 1798.0)	(136, 2728.0)	(137, 3927.0)	(138, 5810.0)	(139, 9173.0)	(140, 14298.0)	(141, 20560.0)	(142, 28844.0)	(143, 46700.0)	(144, 68562.0)	(145, 100364.0)	(146, 152332.0)	(147, 224556.0)	(148, 375269.0)	(149, 746137.0)	(150, 2593850.0)	(151, 54940917.0)															
qc_bundle_trimmed | SRR30333752_2	(80, 1.0)	(82, 1.0)	(84, 1.0)	(86, 3.0)	(88, 2.0)	(90, 2.0)	(92, 3.0)	(94, 1.0)	(96, 2.0)	(98, 10.0)	(100, 11.0)	(102, 11.0)	(104, 7.0)	(106, 8.0)	(108, 5.0)	(110, 6.0)	(112, 8.0)	(114, 31.0)	(116, 22.0)	(118, 56.0)	(120, 43.0)	(122, 98.0)	(124, 128.0)	(126, 189.0)	(128, 343.0)	(130, 556.0)	(132, 1008.0)	(134, 2062.0)	(136, 4220.0)	(138, 9631.0)	(140, 21388.0)	(142, 53730.0)	(144, 141554.0)	(146, 423848.0)	(148, 1766330.0)	(150, 56913711.0)													
qc_bundle_trimmed | SRR30333753_1	(119, 1.0)	(120, 0.0)	(121, 1.0)	(122, 1.0)	(123, 0.0)	(124, 5.0)	(125, 4.0)	(126, 11.0)	(127, 21.0)	(128, 38.0)	(129, 60.0)	(130, 113.0)	(131, 171.0)	(132, 297.0)	(133, 432.0)	(134, 729.0)	(135, 1138.0)	(136, 1816.0)	(137, 2989.0)	(138, 4232.0)	(139, 6638.0)	(140, 11525.0)	(141, 17747.0)	(142, 27520.0)	(143, 45050.0)	(144, 69136.0)	(145, 106435.0)	(146, 168952.0)	(147, 247106.0)	(148, 434596.0)	(149, 826573.0)	(150, 2392552.0)	(151, 35945873.0)																
qc_bundle_trimmed | SRR30333753_2	(88, 2.0)	(90, 3.0)	(92, 0.0)	(94, 0.0)	(96, 1.0)	(98, 3.0)	(100, 7.0)	(102, 1.0)	(104, 3.0)	(106, 0.0)	(108, 3.0)	(110, 4.0)	(112, 14.0)	(114, 12.0)	(116, 8.0)	(118, 13.0)	(120, 24.0)	(122, 28.0)	(124, 42.0)	(126, 70.0)	(128, 128.0)	(130, 233.0)	(132, 520.0)	(134, 1049.0)	(136, 2278.0)	(138, 5563.0)	(140, 13063.0)	(142, 34564.0)	(144, 95318.0)	(146, 321824.0)	(148, 1487242.0)	(150, 38349742.0)																	
qc_bundle_trimmed | SRR30333754_1	(118, 2.0)	(119, 1.0)	(120, 2.0)	(121, 0.0)	(122, 1.0)	(123, 2.0)	(124, 4.0)	(125, 6.0)	(126, 4.0)	(127, 11.0)	(128, 5.0)	(129, 16.0)	(130, 29.0)	(131, 50.0)	(132, 65.0)	(133, 106.0)	(134, 158.0)	(135, 288.0)	(136, 384.0)	(137, 714.0)	(138, 1113.0)	(139, 1871.0)	(140, 3034.0)	(141, 5274.0)	(142, 9934.0)	(143, 18424.0)	(144, 30759.0)	(145, 52904.0)	(146, 95602.0)	(147, 178208.0)	(148, 375218.0)	(149, 858572.0)	(150, 3164894.0)	(151, 46294175.0)															
qc_bundle_trimmed | SRR30333754_2	(74, 1.0)	(76, 0.0)	(78, 0.0)	(80, 1.0)	(82, 0.0)	(84, 1.0)	(86, 3.0)	(88, 1.0)	(90, 10.0)	(92, 4.0)	(94, 2.0)	(96, 6.0)	(98, 11.0)	(100, 15.0)	(102, 13.0)	(104, 6.0)	(106, 10.0)	(108, 9.0)	(110, 15.0)	(112, 21.0)	(114, 32.0)	(116, 27.0)	(118, 61.0)	(120, 69.0)	(122, 122.0)	(124, 150.0)	(126, 211.0)	(128, 299.0)	(130, 567.0)	(132, 1028.0)	(134, 2017.0)	(136, 4161.0)	(138, 9393.0)	(140, 20736.0)	(142, 50444.0)	(144, 132389.0)	(146, 396895.0)	(148, 1814366.0)	(150, 48658734.0)										
qc_bundle_trimmed | SRR30333755_1	(103, 1.0)	(104, 0.0)	(105, 0.0)	(106, 0.0)	(107, 0.0)	(108, 0.0)	(109, 0.0)	(110, 0.0)	(111, 0.0)	(112, 0.0)	(113, 0.0)	(114, 0.0)	(115, 0.0)	(116, 0.0)	(117, 1.0)	(118, 0.0)	(119, 0.0)	(120, 1.0)	(121, 2.0)	(122, 1.0)	(123, 0.0)	(124, 3.0)	(125, 1.0)	(126, 13.0)	(127, 18.0)	(128, 28.0)	(129, 60.0)	(130, 116.0)	(131, 179.0)	(132, 310.0)	(133, 462.0)	(134, 673.0)	(135, 1090.0)	(136, 1648.0)	(137, 2592.0)	(138, 3755.0)	(139, 6236.0)	(140, 10045.0)	(141, 16534.0)	(142, 28210.0)	(143, 47811.0)	(144, 75264.0)	(145, 117244.0)	(146, 186271.0)	(147, 277392.0)	(148, 495808.0)	(149, 909023.0)	(150, 2657395.0)	(151, 35298714.0)
qc_bundle_trimmed | SRR30333755_2	(86, 2.0)	(88, 1.0)	(90, 3.0)	(92, 2.0)	(94, 1.0)	(96, 7.0)	(98, 5.0)	(100, 7.0)	(102, 4.0)	(104, 6.0)	(106, 6.0)	(108, 2.0)	(110, 11.0)	(112, 19.0)	(114, 13.0)	(116, 14.0)	(118, 17.0)	(120, 34.0)	(122, 37.0)	(124, 65.0)	(126, 100.0)	(128, 183.0)	(130, 273.0)	(132, 536.0)	(134, 1149.0)	(136, 2526.0)	(138, 5887.0)	(140, 13904.0)	(142, 37429.0)	(144, 108987.0)	(146, 360644.0)	(148, 1733759.0)	(150, 37871268.0)																
qc_bundle_trimmed | SRR30333756_1	(116, 1.0)	(117, 0.0)	(118, 0.0)	(119, 0.0)	(120, 1.0)	(121, 0.0)	(122, 2.0)	(123, 2.0)	(124, 2.0)	(125, 0.0)	(126, 6.0)	(127, 8.0)	(128, 13.0)	(129, 28.0)	(130, 34.0)	(131, 59.0)	(132, 86.0)	(133, 154.0)	(134, 214.0)	(135, 337.0)	(136, 609.0)	(137, 907.0)	(138, 1340.0)	(139, 2433.0)	(140, 3823.0)	(141, 6623.0)	(142, 12315.0)	(143, 22166.0)	(144, 34240.0)	(145, 57308.0)	(146, 97044.0)	(147, 154693.0)	(148, 286696.0)	(149, 578582.0)	(150, 2154365.0)	(151, 46362895.0)													
qc_bundle_trimmed | SRR30333756_2	(84, 1.0)	(86, 2.0)	(88, 2.0)	(90, 6.0)	(92, 0.0)	(94, 0.0)	(96, 1.0)	(98, 1.0)	(100, 13.0)	(102, 13.0)	(104, 6.0)	(106, 13.0)	(108, 2.0)	(110, 11.0)	(112, 13.0)	(114, 21.0)	(116, 27.0)	(118, 26.0)	(120, 41.0)	(122, 92.0)	(124, 115.0)	(126, 163.0)	(128, 282.0)	(130, 459.0)	(132, 843.0)	(134, 1683.0)	(136, 3520.0)	(138, 7997.0)	(140, 17245.0)	(142, 43425.0)	(144, 114361.0)	(146, 340863.0)	(148, 1468640.0)	(150, 47777099.0)															
qc_bundle_trimmed | SRR30333757_1	(56, 3.0)	(58, 0.0)	(60, 3.0)	(62, 1.0)	(64, 1.0)	(66, 0.0)	(68, 1.0)	(70, 1.0)	(72, 0.0)	(74, 0.0)	(76, 1.0)	(78, 1.0)	(80, 2.0)	(82, 7.0)	(84, 6.0)	(86, 4.0)	(88, 4.0)	(90, 6.0)	(92, 7.0)	(94, 5.0)	(96, 6.0)	(98, 8.0)	(100, 4.0)	(102, 6.0)	(104, 10.0)	(106, 9.0)	(108, 12.0)	(110, 9.0)	(112, 23.0)	(114, 30.0)	(116, 39.0)	(118, 30.0)	(120, 32.0)	(122, 49.0)	(124, 66.0)	(126, 83.0)	(128, 129.0)	(130, 151.0)	(132, 208.0)	(134, 265.0)	(136, 501.0)	(138, 854.0)	(140, 1724.0)	(142, 3954.0)	(144, 12644.0)	(146, 57648.0)	(148, 536227.0)	(150, 44599816.0)	
qc_bundle_trimmed | SRR30333757_2	(30, 33.0)	(35, 31.0)	(40, 32.0)	(45, 48.0)	(50, 47.0)	(55, 50.0)	(60, 54.0)	(65, 79.0)	(70, 105.0)	(75, 96.0)	(80, 126.0)	(85, 141.0)	(90, 173.0)	(95, 211.0)	(100, 317.0)	(105, 408.0)	(110, 496.0)	(115, 716.0)	(120, 1056.0)	(125, 1429.0)	(130, 2585.0)	(135, 5257.0)	(140, 17945.0)	(145, 627483.0)	(150, 44555523.0)																								
qc_bundle_trimmed | SRR30333758_1	(35, 1.0)	(40, 0.0)	(45, 0.0)	(50, 1.0)	(55, 1.0)	(60, 1.0)	(65, 4.0)	(70, 5.0)	(75, 1.0)	(80, 6.0)	(85, 5.0)	(90, 8.0)	(95, 6.0)	(100, 20.0)	(105, 31.0)	(110, 44.0)	(115, 57.0)	(120, 97.0)	(125, 225.0)	(130, 393.0)	(135, 1354.0)	(140, 9324.0)	(145, 570559.0)	(150, 39869367.0)																									
qc_bundle_trimmed | SRR30333758_2	(30, 88.0)	(35, 71.0)	(40, 83.0)	(45, 71.0)	(50, 96.0)	(55, 111.0)	(60, 97.0)	(65, 107.0)	(70, 144.0)	(75, 168.0)	(80, 219.0)	(85, 233.0)	(90, 306.0)	(95, 401.0)	(100, 477.0)	(105, 658.0)	(110, 874.0)	(115, 1212.0)	(120, 1682.0)	(125, 2574.0)	(130, 4138.0)	(135, 7838.0)	(140, 22336.0)	(145, 554753.0)	(150, 39852535.0)																								
qc_bundle_trimmed | SRR30333759_1	(35, 1.0)	(40, 0.0)	(45, 1.0)	(50, 0.0)	(55, 3.0)	(60, 3.0)	(65, 7.0)	(70, 3.0)	(75, 4.0)	(80, 8.0)	(85, 4.0)	(90, 14.0)	(95, 13.0)	(100, 23.0)	(105, 31.0)	(110, 61.0)	(115, 93.0)	(120, 131.0)	(125, 224.0)	(130, 498.0)	(135, 1383.0)	(140, 9028.0)	(145, 580580.0)	(150, 42178359.0)																									
qc_bundle_trimmed | SRR30333759_2	(30, 16.0)	(35, 20.0)	(40, 21.0)	(45, 15.0)	(50, 19.0)	(55, 18.0)	(60, 28.0)	(65, 31.0)	(70, 43.0)	(75, 55.0)	(80, 63.0)	(85, 57.0)	(90, 90.0)	(95, 101.0)	(100, 129.0)	(105, 182.0)	(110, 236.0)	(115, 369.0)	(120, 533.0)	(125, 800.0)	(130, 1543.0)	(135, 3310.0)	(140, 13275.0)	(145, 549328.0)	(150, 42200136.0)																								
qc_bundle_trimmed | SRR30333760_1	(35, 2.0)	(40, 0.0)	(45, 0.0)	(50, 0.0)	(55, 0.0)	(60, 0.0)	(65, 2.0)	(70, 1.0)	(75, 0.0)	(80, 2.0)	(85, 3.0)	(90, 7.0)	(95, 6.0)	(100, 12.0)	(105, 21.0)	(110, 20.0)	(115, 38.0)	(120, 64.0)	(125, 128.0)	(130, 310.0)	(135, 1072.0)	(140, 7149.0)	(145, 449788.0)	(150, 40406729.0)																									
qc_bundle_trimmed | SRR30333760_2	(30, 23.0)	(35, 22.0)	(40, 29.0)	(45, 19.0)	(50, 22.0)	(55, 19.0)	(60, 22.0)	(65, 22.0)	(70, 41.0)	(75, 41.0)	(80, 58.0)	(85, 69.0)	(90, 80.0)	(95, 94.0)	(100, 130.0)	(105, 188.0)	(110, 269.0)	(115, 345.0)	(120, 557.0)	(125, 792.0)	(130, 1462.0)	(135, 3292.0)	(140, 13141.0)	(145, 570652.0)	(150, 40273896.0)																								
qc_bundle_trimmed | SRR30333761_1	(66, 1.0)	(68, 2.0)	(70, 1.0)	(72, 0.0)	(74, 1.0)	(76, 1.0)	(78, 1.0)	(80, 1.0)	(82, 1.0)	(84, 1.0)	(86, 1.0)	(88, 3.0)	(90, 1.0)	(92, 3.0)	(94, 4.0)	(96, 4.0)	(98, 6.0)	(100, 2.0)	(102, 9.0)	(104, 6.0)	(106, 11.0)	(108, 10.0)	(110, 19.0)	(112, 14.0)	(114, 24.0)	(116, 21.0)	(118, 32.0)	(120, 26.0)	(122, 42.0)	(124, 46.0)	(126, 57.0)	(128, 91.0)	(130, 127.0)	(132, 208.0)	(134, 274.0)	(136, 448.0)	(138, 857.0)	(140, 1748.0)	(142, 4407.0)	(144, 14399.0)	(146, 66339.0)	(148, 569737.0)	(150, 41185435.0)						
qc_bundle_trimmed | SRR30333761_2	(30, 69.0)	(35, 83.0)	(40, 91.0)	(45, 89.0)	(50, 113.0)	(55, 85.0)	(60, 77.0)	(65, 107.0)	(70, 138.0)	(75, 154.0)	(80, 169.0)	(85, 180.0)	(90, 214.0)	(95, 284.0)	(100, 352.0)	(105, 428.0)	(110, 594.0)	(115, 821.0)	(120, 1166.0)	(125, 1572.0)	(130, 2744.0)	(135, 5451.0)	(140, 17795.0)	(145, 573350.0)	(150, 41238049.0)																								
qc_bundle_trimmed | SRR30333762_1	(45, 1.0)	(50, 1.0)	(55, 1.0)	(60, 1.0)	(65, 1.0)	(70, 2.0)	(75, 3.0)	(80, 4.0)	(85, 5.0)	(90, 5.0)	(95, 11.0)	(100, 9.0)	(105, 10.0)	(110, 34.0)	(115, 43.0)	(120, 91.0)	(125, 148.0)	(130, 412.0)	(135, 1918.0)	(140, 15777.0)	(145, 612092.0)	(150, 39757525.0)																											
qc_bundle_trimmed | SRR30333762_2	(30, 52.0)	(35, 37.0)	(40, 28.0)	(45, 31.0)	(50, 22.0)	(55, 30.0)	(60, 35.0)	(65, 44.0)	(70, 50.0)	(75, 65.0)	(80, 59.0)	(85, 102.0)	(90, 104.0)	(95, 128.0)	(100, 178.0)	(105, 209.0)	(110, 275.0)	(115, 370.0)	(120, 565.0)	(125, 897.0)	(130, 1476.0)	(135, 3442.0)	(140, 13131.0)	(145, 504810.0)	(150, 39861823.0)																								
qc_bundle_trimmed | SRR30333763_1	(30, 1.0)	(35, 0.0)	(40, 1.0)	(45, 0.0)	(50, 0.0)	(55, 1.0)	(60, 2.0)	(65, 1.0)	(70, 3.0)	(75, 2.0)	(80, 2.0)	(85, 6.0)	(90, 10.0)	(95, 13.0)	(100, 23.0)	(105, 23.0)	(110, 40.0)	(115, 69.0)	(120, 113.0)	(125, 203.0)	(130, 399.0)	(135, 1367.0)	(140, 9503.0)	(145, 476679.0)	(150, 42355786.0)																								
qc_bundle_trimmed | SRR30333763_2	(30, 28.0)	(35, 26.0)	(40, 32.0)	(45, 18.0)	(50, 31.0)	(55, 38.0)	(60, 33.0)	(65, 53.0)	(70, 50.0)	(75, 63.0)	(80, 73.0)	(85, 97.0)	(90, 121.0)	(95, 163.0)	(100, 198.0)	(105, 284.0)	(110, 388.0)	(115, 621.0)	(120, 821.0)	(125, 1315.0)	(130, 2333.0)	(135, 5106.0)	(140, 17994.0)	(145, 580948.0)	(150, 42233321.0)																								
qc_bundle_trimmed | SRR30333764_1	(56, 1.0)	(58, 0.0)	(60, 1.0)	(62, 0.0)	(64, 0.0)	(66, 0.0)	(68, 1.0)	(70, 1.0)	(72, 0.0)	(74, 0.0)	(76, 1.0)	(78, 0.0)	(80, 4.0)	(82, 2.0)	(84, 1.0)	(86, 3.0)	(88, 1.0)	(90, 1.0)	(92, 1.0)	(94, 5.0)	(96, 4.0)	(98, 3.0)	(100, 4.0)	(102, 5.0)	(104, 6.0)	(106, 5.0)	(108, 8.0)	(110, 8.0)	(112, 15.0)	(114, 14.0)	(116, 16.0)	(118, 16.0)	(120, 24.0)	(122, 30.0)	(124, 41.0)	(126, 48.0)	(128, 108.0)	(130, 145.0)	(132, 207.0)	(134, 356.0)	(136, 684.0)	(138, 1288.0)	(140, 3118.0)	(142, 7584.0)	(144, 22129.0)	(146, 76288.0)	(148, 500978.0)	(150, 39899418.0)	
qc_bundle_trimmed | SRR30333764_2	(30, 48.0)	(35, 30.0)	(40, 41.0)	(45, 36.0)	(50, 47.0)	(55, 43.0)	(60, 36.0)	(65, 67.0)	(70, 66.0)	(75, 63.0)	(80, 105.0)	(85, 127.0)	(90, 138.0)	(95, 195.0)	(100, 223.0)	(105, 299.0)	(110, 429.0)	(115, 577.0)	(120, 844.0)	(125, 1293.0)	(130, 2179.0)	(135, 4610.0)	(140, 15895.0)	(145, 518353.0)	(150, 39966731.0)																								
qc_bundle_trimmed | SRR30333765_1	(30, 1.0)	(35, 0.0)	(40, 1.0)	(45, 0.0)	(50, 0.0)	(55, 0.0)	(60, 5.0)	(65, 2.0)	(70, 2.0)	(75, 5.0)	(80, 5.0)	(85, 9.0)	(90, 12.0)	(95, 19.0)	(100, 26.0)	(105, 32.0)	(110, 54.0)	(115, 78.0)	(120, 93.0)	(125, 230.0)	(130, 517.0)	(135, 2136.0)	(140, 16302.0)	(145, 720474.0)	(150, 39624472.0)																								
qc_bundle_trimmed | SRR30333765_2	(30, 87.0)	(35, 82.0)	(40, 86.0)	(45, 97.0)	(50, 90.0)	(55, 89.0)	(60, 101.0)	(65, 110.0)	(70, 144.0)	(75, 189.0)	(80, 160.0)	(85, 195.0)	(90, 273.0)	(95, 304.0)	(100, 362.0)	(105, 508.0)	(110, 664.0)	(115, 930.0)	(120, 1241.0)	(125, 1847.0)	(130, 2931.0)	(135, 5860.0)	(140, 18659.0)	(145, 570079.0)	(150, 39759115.0)																								
qc_bundle_trimmed | SRR30333766_1	(45, 1.0)	(50, 0.0)	(55, 2.0)	(60, 0.0)	(65, 2.0)	(70, 1.0)	(75, 2.0)	(80, 0.0)	(85, 4.0)	(90, 8.0)	(95, 10.0)	(100, 15.0)	(105, 27.0)	(110, 25.0)	(115, 70.0)	(120, 94.0)	(125, 182.0)	(130, 372.0)	(135, 1098.0)	(140, 6515.0)	(145, 425743.0)	(150, 44580548.0)																											
qc_bundle_trimmed | SRR30333766_2	(30, 32.0)	(35, 39.0)	(40, 34.0)	(45, 31.0)	(50, 35.0)	(55, 40.0)	(60, 40.0)	(65, 46.0)	(70, 57.0)	(75, 86.0)	(80, 90.0)	(85, 107.0)	(90, 132.0)	(95, 196.0)	(100, 216.0)	(105, 316.0)	(110, 460.0)	(115, 603.0)	(120, 974.0)	(125, 1418.0)	(130, 2674.0)	(135, 5678.0)	(140, 19296.0)	(145, 605053.0)	(150, 44376989.0)																								
qc_bundle_trimmed | SRR30333767_1	(30, 1.0)	(35, 1.0)	(40, 0.0)	(45, 0.0)	(50, 0.0)	(55, 2.0)	(60, 1.0)	(65, 0.0)	(70, 3.0)	(75, 2.0)	(80, 3.0)	(85, 3.0)	(90, 9.0)	(95, 10.0)	(100, 15.0)	(105, 20.0)	(110, 31.0)	(115, 49.0)	(120, 100.0)	(125, 233.0)	(130, 824.0)	(135, 4236.0)	(140, 32546.0)	(145, 776547.0)	(150, 41257690.0)																								
qc_bundle_trimmed | SRR30333767_2	(30, 63.0)	(35, 50.0)	(40, 52.0)	(45, 52.0)	(50, 54.0)	(55, 64.0)	(60, 65.0)	(65, 77.0)	(70, 90.0)	(75, 117.0)	(80, 118.0)	(85, 145.0)	(90, 194.0)	(95, 227.0)	(100, 293.0)	(105, 408.0)	(110, 546.0)	(115, 740.0)	(120, 1089.0)	(125, 1574.0)	(130, 2746.0)	(135, 5641.0)	(140, 18414.0)	(145, 614425.0)	(150, 41424922.0)																								
qc_bundle_trimmed | SRR30333768_1	(35, 2.0)	(40, 1.0)	(45, 0.0)	(50, 0.0)	(55, 0.0)	(60, 2.0)	(65, 3.0)	(70, 6.0)	(75, 1.0)	(80, 4.0)	(85, 5.0)	(90, 10.0)	(95, 14.0)	(100, 27.0)	(105, 30.0)	(110, 52.0)	(115, 82.0)	(120, 136.0)	(125, 262.0)	(130, 590.0)	(135, 1782.0)	(140, 14073.0)	(145, 761511.0)	(150, 40716697.0)																									
qc_bundle_trimmed | SRR30333768_2	(30, 141.0)	(35, 139.0)	(40, 138.0)	(45, 113.0)	(50, 131.0)	(55, 118.0)	(60, 154.0)	(65, 157.0)	(70, 186.0)	(75, 230.0)	(80, 216.0)	(85, 310.0)	(90, 358.0)	(95, 469.0)	(100, 544.0)	(105, 671.0)	(110, 912.0)	(115, 1177.0)	(120, 1617.0)	(125, 2277.0)	(130, 3675.0)	(135, 6990.0)	(140, 22847.0)	(145, 687459.0)	(150, 40763802.0)																								
