Sample	0	1	2	3	4	5	6	7	8	9	10	11	12	13	14	15	16	17	18	19	20	21	22	23	24	25	26	27	28	29	30	31	32	33	34	35	36	37	38	39	40	41	42	43	44	45	46	47	48	49	50	51	52	53	54	55	56	57	58	59	60	61	62	63	64	65	66	67	68	69	70	71	72	73	74	75	76	77	78	79	80	81	82	83	84	85	86	87	88	89	90	91	92	93	94	95	96	97	98	99	100	101	102	103	104	105	106	107	108	109	110	111	112	113	114	115	116	117	118	119	120	121	122	123	124	125	126	127	128	129	130	131	132	133	134	135	136	137	138	139	140	141	142	143	144	145	146	147	148	149	150
reports | SRR30333743	(1, 0.0735251)	(2, 0.0448281)	(3, 0.000181652)	(4, 0.00222174)	(5, 0.0464749)	(6, 8.98279e-05)	(7, 0.0690417)	(8, 0.08147789999999999)	(9, 5.788910000000001e-05)	(10, 0.0700298)	(11, 0.000503036)	(12, 0.180706)	(13, 0.128244)	(14, 0.00202212)	(15, 0.0902211)	(16, 0.0440915)	(17, 0.022441)	(18, 0.0458541)	(19, 0.000329369)	(20, 0.11056200000000001)	(21, 0.07949959999999999)	(22, 0.155867)	(23, 0.0230957)	(24, 0.0228582)	(25, 0.0219958)	(26, 0.000405223)	(27, 0.0712674)	(28, 7.9847e-05)	(29, 0.0230858)	(30, 6.38776e-05)	(31, 0.00112784)	(32, 1.99617e-06)	(33, 0.0865402)	(34, 0.0422311)	(35, 0.10542800000000001)	(36, 0.000325376)	(37, 3.99235e-05)	(38, 0.00243533)	(39, 0.00071463)	(40, 0.0015410500000000002)	(41, 0.00010380099999999999)	(42, 0.0009881059999999999)	(43, 0.06518109999999999)	(44, 0.108292)	(45, 0.00013574)	(46, 0.047245499999999996)	(47, 0.0886202)	(48, 0.0447123)	(49, 0.00115379)	(50, 0.134654)	(51, 0.197555)	(52, 0.11336700000000001)	(53, 0.13356200000000001)	(54, 0.0222673)	(55, 0.000692673)	(56, 0.042360800000000004)	(57, 2.5950299999999998e-05)	(58, 0.000153705)	(59, 0.0676504)	(60, 0.00024552900000000003)	(61, 0.00062081)	(62, 0.00048507)	(63, 4.1919700000000005e-05)	(64, 0.0620172)	(65, 0.000532979)	(66, 0.00167878)	(67, 0.0581066)	(68, 0.0016169)	(69, 5.988520000000001e-05)	(70, 4.1919700000000005e-05)	(71, 6.986609999999999e-05)	(72, 3.19388e-05)	(73, 0.06273780000000001)	(74, 0.0223651)	(75, 0.000193629)	(76, 0.000171671)	(77, 0.000151709)	(78, 0.220234)	(79, 0.061532100000000006)	(80, 0.0454928)	(81, 0.0707205)	(82, 0.133857)	(83, 0.000115778)	(84, 0.13167199999999998)	(85, 0.11232099999999999)	(86, 0.000666722)	(87, 0.00046510900000000006)	(88, 0.10640999999999999)	(89, 0.046061700000000004)	(90, 0.000373285)	(91, 8.58355e-05)	(92, 0.0005150129999999999)	(93, 0.00103601)	(94, 0.0432052)	(95, 0.0)	(96, 0.0201334)	(97, 2.5950299999999998e-05)	(98, 0.000746569)	(99, 0.000517009)	(100, 2.79464e-05)	(101, 0.0893588)	(102, 0.056352)	(103, 0.084524)	(104, 0.11673)	(105, 0.041410600000000006)	(106, 0.000542959)	(107, 0.0)	(108, 0.00023355200000000002)	(109, 0.000405223)	(110, 0.0696306)	(111, 0.0019283000000000002)	(112, 0.0635742)	(113, 0.00010180499999999999)	(114, 9.58164e-05)	(115, 5.988519999999999e-06)	(116, 0.00071463)	(117, 0.0223452)	(118, 0.00101206)	(119, 0.043834)	(120, 0.0646521)	(121, 0.019742199999999998)	(122, 0.0368634)	(123, 0.0223911)	(124, 0.000439158)	(125, 0.00042518499999999996)	(126, 0.00107793)	(127, 0.00111786)	(128, 0.046443)	(129, 0.000273476)	(130, 0.0235469)	(131, 0.182658)	(132, 0.0461575)	(133, 0.0882688)	(134, 0.0017785899999999998)	(135, 0.0227185)	(136, 0.112351)	(137, 0.00025550999999999997)	(138, 3.19388e-05)	(139, 0.0593123)	(140, 0.131035)	(141, 0.000532979)	(142, 0.194196)	(143, 0.000195625)	(144, 3.19388e-05)	(145, 0.042045400000000004)	(146, 0.158616)	(147, 0.0230678)	(148, 8.78317e-05)	(149, 4.1919700000000005e-05)	(150, 0.000542959)	(151, 0.13661)
reports | SRR30333744	(1, 0.0633104)	(2, 0.044140200000000004)	(3, 0.00024735800000000004)	(4, 0.00172267)	(5, 0.05634019999999999)	(6, 9.496790000000001e-05)	(7, 0.086953)	(8, 0.10126)	(9, 3.09198e-05)	(10, 0.08858959999999999)	(11, 0.000304781)	(12, 0.22302200000000003)	(13, 0.160935)	(14, 0.0012699200000000001)	(15, 0.0718112)	(16, 0.0524421)	(17, 0.028488100000000002)	(18, 0.0578222)	(19, 0.000225273)	(20, 0.137405)	(21, 0.09749440000000001)	(22, 0.193416)	(23, 0.0291883)	(24, 0.0277969)	(25, 0.028673700000000003)	(26, 0.000267235)	(27, 0.0890644)	(28, 5.7422399999999994e-05)	(29, 0.0284484)	(30, 4.8588200000000003e-05)	(31, 0.00121912)	(32, 0.0)	(33, 0.109595)	(34, 0.0532107)	(35, 0.12878099999999998)	(36, 0.00019214400000000002)	(37, 3.09198e-05)	(38, 0.00171605)	(39, 0.000463797)	(40, 0.00097839)	(41, 0.000121471)	(42, 0.000689069)	(43, 0.0815929)	(44, 0.137423)	(45, 8.61336e-05)	(46, 0.059405700000000006)	(47, 0.11001699999999999)	(48, 0.0538578)	(49, 0.000865754)	(50, 0.16539)	(51, 0.24437399999999998)	(52, 0.145886)	(53, 0.164966)	(54, 0.0285124)	(55, 0.000477048)	(56, 0.0548605)	(57, 2.20855e-05)	(58, 0.000170059)	(59, 0.0830262)	(60, 0.00015239)	(61, 0.000362203)	(62, 0.000306989)	(63, 5.07968e-05)	(64, 0.0768953)	(65, 0.00035778599999999997)	(66, 0.00124342)	(67, 0.076374)	(68, 0.00131851)	(69, 5.30053e-05)	(70, 3.31283e-05)	(71, 6.183950000000001e-05)	(72, 1.9877e-05)	(73, 0.0506046)	(74, 0.0279912)	(75, 0.00019877)	(76, 0.000130305)	(77, 9.717640000000001e-05)	(78, 0.275318)	(79, 0.0733019)	(80, 0.0566826)	(81, 0.0856235)	(82, 0.173714)	(83, 5.7422399999999994e-05)	(84, 0.16497)	(85, 0.142734)	(86, 0.00039974799999999995)	(87, 0.000271652)	(88, 0.134095)	(89, 0.055346400000000004)	(90, 0.00021643799999999998)	(91, 5.7422399999999994e-05)	(92, 0.000651524)	(93, 0.000684652)	(94, 0.053696600000000004)	(95, 0.0)	(96, 0.026394400000000002)	(97, 1.76684e-05)	(98, 0.000437294)	(99, 0.000602935)	(100, 2.4294100000000002e-05)	(101, 0.11088)	(102, 0.0721734)	(103, 0.105922)	(104, 0.142085)	(105, 0.0524443)	(106, 0.000368829)	(107, 0.0)	(108, 0.000170059)	(109, 0.000388706)	(110, 0.0853916)	(111, 0.00118158)	(112, 0.0789315)	(113, 9.496790000000001e-05)	(114, 8.61336e-05)	(115, 1.10428e-05)	(116, 0.000541096)	(117, 0.0263613)	(118, 0.00101373)	(119, 0.057764800000000005)	(120, 0.0805946)	(121, 0.0233643)	(122, 0.046185300000000006)	(123, 0.0276401)	(124, 0.00038208)	(125, 0.000547722)	(126, 0.0007133630000000001)	(127, 0.000808331)	(128, 0.057095599999999996)	(129, 0.00021423)	(130, 0.0294953)	(131, 0.228217)	(132, 0.0564396)	(133, 0.11014499999999999)	(134, 0.00119262)	(135, 0.0288658)	(136, 0.14241900000000002)	(137, 0.00019877)	(138, 3.9754e-05)	(139, 0.0743775)	(140, 0.163371)	(141, 0.000362203)	(142, 0.248306)	(143, 0.000181101)	(144, 1.76684e-05)	(145, 0.052981)	(146, 0.199746)	(147, 0.029170599999999998)	(148, 4.4171099999999995e-05)	(149, 5.30053e-05)	(150, 0.000485882)	(151, 0.174149)
reports | SRR30333745	(1, 0.0734585)	(2, 0.04459)	(3, 0.000204964)	(4, 0.0022776)	(5, 0.048317)	(6, 0.00010039)	(7, 0.0718941)	(8, 0.08507239999999999)	(9, 7.32013e-05)	(10, 0.07311340000000001)	(11, 0.00043711600000000003)	(12, 0.1869)	(13, 0.134812)	(14, 0.0018969599999999998)	(15, 0.0885359)	(16, 0.0458198)	(17, 0.0231421)	(18, 0.047516)	(19, 0.00032836000000000003)	(20, 0.11559299999999999)	(21, 0.0825857)	(22, 0.16090500000000002)	(23, 0.0237737)	(24, 0.023347)	(25, 0.0227133)	(26, 0.00042875)	(27, 0.0740922)	(28, 9.62074e-05)	(29, 0.0238469)	(30, 6.69269e-05)	(31, 0.00125906)	(32, 0.0)	(33, 0.08992460000000001)	(34, 0.044201)	(35, 0.108256)	(36, 0.000359732)	(37, 4.18293e-05)	(38, 0.0024323699999999997)	(39, 0.0006839089999999999)	(40, 0.00148076)	(41, 0.00012130499999999999)	(42, 0.000922336)	(43, 0.0675627)	(44, 0.113669)	(45, 0.000115031)	(46, 0.0487437)	(47, 0.0923402)	(48, 0.0463908)	(49, 0.0011356699999999999)	(50, 0.138737)	(51, 0.20416900000000002)	(52, 0.119358)	(53, 0.13971999999999998)	(54, 0.0231692)	(55, 0.000719464)	(56, 0.044489600000000004)	(57, 3.1372e-05)	(58, 0.00019659800000000003)	(59, 0.0700975)	(60, 0.000230061)	(61, 0.000510317)	(62, 0.000470579)	(63, 6.48354e-05)	(64, 0.0641808)	(65, 0.000575153)	(66, 0.0017233700000000001)	(67, 0.061338500000000004)	(68, 0.00147448)	(69, 6.0652499999999996e-05)	(70, 5.8561000000000004e-05)	(71, 8.78415e-05)	(72, 3.9737800000000004e-05)	(73, 0.061677300000000004)	(74, 0.0236461)	(75, 0.000200781)	(76, 0.000167317)	(77, 0.000188232)	(78, 0.228727)	(79, 0.0633902)	(80, 0.046761)	(81, 0.072829)	(82, 0.140155)	(83, 0.00010875599999999999)	(84, 0.135659)	(85, 0.11764499999999999)	(86, 0.000646263)	(87, 0.0004914940000000001)	(88, 0.110249)	(89, 0.0474846)	(90, 0.00030117100000000003)	(91, 0.000129671)	(92, 0.000539598)	(93, 0.00101227)	(94, 0.044613)	(95, 0.0)	(96, 0.021184400000000003)	(97, 2.30061e-05)	(98, 0.0007278300000000001)	(99, 0.00052914)	(100, 2.30061e-05)	(101, 0.09312870000000001)	(102, 0.0589667)	(103, 0.0883205)	(104, 0.12144300000000001)	(105, 0.043812000000000004)	(106, 0.0004914940000000001)	(107, 0.0)	(108, 0.000192415)	(109, 0.000401561)	(110, 0.0720217)	(111, 0.00184258)	(112, 0.0659815)	(113, 0.000129671)	(114, 0.00010875599999999999)	(115, 1.46403e-05)	(116, 0.000782208)	(117, 0.0233763)	(118, 0.00113148)	(119, 0.0452928)	(120, 0.0678555)	(121, 0.0202935)	(122, 0.0382633)	(123, 0.0230458)	(124, 0.000422476)	(125, 0.000474762)	(126, 0.00105619)	(127, 0.00106665)	(128, 0.048181100000000004)	(129, 0.00032836000000000003)	(130, 0.024231700000000002)	(131, 0.188744)	(132, 0.0477168)	(133, 0.090962)	(134, 0.00166271)	(135, 0.023637699999999998)	(136, 0.11757000000000001)	(137, 0.00023215300000000003)	(138, 3.3463399999999995e-05)	(139, 0.061397)	(140, 0.135859)	(141, 0.000520775)	(142, 0.202696)	(143, 0.000204964)	(144, 1.88232e-05)	(145, 0.0445085)	(146, 0.164523)	(147, 0.0237695)	(148, 6.0652499999999996e-05)	(149, 3.9737800000000004e-05)	(150, 0.000539598)	(151, 0.145629)
reports | SRR30333746	(1, 0.06586600000000001)	(2, 0.044322)	(3, 0.000241614)	(4, 0.00176236)	(5, 0.05679119999999999)	(6, 0.00013502)	(7, 0.08505299999999999)	(8, 0.09967540000000001)	(9, 4.50066e-05)	(10, 0.0863203)	(11, 0.000312677)	(12, 0.22024800000000003)	(13, 0.156587)	(14, 0.00147101)	(15, 0.0776127)	(16, 0.0524966)	(17, 0.0279609)	(18, 0.0554292)	(19, 0.000246352)	(20, 0.135688)	(21, 0.09834180000000001)	(22, 0.189999)	(23, 0.0280746)	(24, 0.028017800000000002)	(25, 0.0277454)	(26, 0.000298465)	(27, 0.0865074)	(28, 4.73754e-05)	(29, 0.028247599999999998)	(30, 4.02691e-05)	(31, 0.0011654299999999999)	(32, 0.0)	(33, 0.106422)	(34, 0.050821899999999996)	(35, 0.127918)	(36, 0.000293727)	(37, 2.36877e-05)	(38, 0.00166998)	(39, 0.0005661360000000001)	(40, 0.0012080699999999999)	(41, 0.00010659499999999999)	(42, 0.0006703610000000001)	(43, 0.080666)	(44, 0.13353900000000002)	(45, 6.39567e-05)	(46, 0.05644540000000001)	(47, 0.10857)	(48, 0.0527596)	(49, 0.00084565)	(50, 0.163357)	(51, 0.23925499999999997)	(52, 0.140923)	(53, 0.162081)	(54, 0.028093600000000003)	(55, 0.000535342)	(56, 0.0528046)	(57, 3.0794e-05)	(58, 0.000187133)	(59, 0.0811066)	(60, 0.000139757)	(61, 0.00039795300000000004)	(62, 0.00030557100000000003)	(63, 5.44817e-05)	(64, 0.07544999999999999)	(65, 0.000381372)	(66, 0.0012104400000000001)	(67, 0.0736853)	(68, 0.00138573)	(69, 4.26378e-05)	(70, 4.26378e-05)	(71, 7.81693e-05)	(72, 1.18438e-05)	(73, 0.0552326)	(74, 0.0278188)	(75, 0.00020134500000000002)	(76, 9.71195e-05)	(77, 0.00011606999999999999)	(78, 0.269443)	(79, 0.0743438)	(80, 0.0554481)	(81, 0.08511690000000001)	(82, 0.168147)	(83, 7.81693e-05)	(84, 0.158987)	(85, 0.13794)	(86, 0.00038610900000000004)	(87, 0.000426378)	(88, 0.128856)	(89, 0.0558674)	(90, 0.00030794000000000004)	(91, 7.81693e-05)	(92, 0.000573242)	(93, 0.000651411)	(94, 0.0525037)	(95, 0.0)	(96, 0.024789199999999997)	(97, 3.5531500000000004e-05)	(98, 0.0005448170000000001)	(99, 0.0005779790000000001)	(100, 1.65814e-05)	(101, 0.10915)	(102, 0.07056090000000001)	(103, 0.103581)	(104, 0.14083299999999999)	(105, 0.051452)	(106, 0.000336365)	(107, 0.0)	(108, 0.000177658)	(109, 0.00034347100000000003)	(110, 0.08411729999999999)	(111, 0.0014165199999999999)	(112, 0.07792539999999999)	(113, 9.475070000000001e-05)	(114, 9.00132e-05)	(115, 1.4212600000000002e-05)	(116, 0.0005116540000000001)	(117, 0.0269684)	(118, 0.00101146)	(119, 0.055526299999999994)	(120, 0.07921160000000001)	(121, 0.023003100000000002)	(122, 0.045099)	(123, 0.0264449)	(124, 0.000409797)	(125, 0.000525867)	(126, 0.000753268)	(127, 0.0007959060000000001)	(128, 0.05622030000000001)	(129, 0.00020371400000000002)	(130, 0.0284015)	(131, 0.221778)	(132, 0.0557063)	(133, 0.10756800000000001)	(134, 0.00129098)	(135, 0.0282168)	(136, 0.137524)	(137, 0.00020845199999999998)	(138, 2.60564e-05)	(139, 0.0732968)	(140, 0.15921)	(141, 0.000379003)	(142, 0.24192200000000003)	(143, 0.000149232)	(144, 2.13189e-05)	(145, 0.052240800000000004)	(146, 0.19206900000000002)	(147, 0.028058100000000002)	(148, 5.44817e-05)	(149, 3.5531500000000004e-05)	(150, 0.000388478)	(151, 0.169926)
reports | SRR30333747	(1, 0.0524736)	(2, 0.0628803)	(3, 0.0313393)	(4, 0.009735790000000001)	(5, 0.06909130000000001)	(6, 0.00045701100000000006)	(7, 0.10382200000000001)	(8, 0.12332499999999999)	(9, 0.000114253)	(10, 0.10504200000000001)	(11, 0.008447409999999999)	(12, 0.271574)	(13, 0.20330700000000002)	(14, 0.0358802)	(15, 0.059615600000000005)	(16, 0.0636582)	(17, 0.0434428)	(18, 0.06850060000000001)	(19, 7.292730000000001e-05)	(20, 0.177595)	(21, 0.155043)	(22, 0.251679)	(23, 0.0340303)	(24, 0.042545799999999995)	(25, 0.0332062)	(26, 0.00849603)	(27, 0.10495199999999999)	(28, 0.0)	(29, 0.0429833)	(30, 0.00012154499999999999)	(31, 0.019615)	(32, 5.59109e-05)	(33, 0.131464)	(34, 0.0640472)	(35, 0.158046)	(36, 0.009422199999999999)	(37, 0.00923016)	(38, 0.0008605420000000001)	(39, 0.000119115)	(40, 0.0110315)	(41, 0.000119115)	(42, 0.00654644)	(43, 0.102419)	(44, 0.181458)	(45, 0.000184749)	(46, 0.0698789)	(47, 0.133277)	(48, 0.0779204)	(49, 0.00901381)	(50, 0.209248)	(51, 0.29635500000000004)	(52, 0.17038699999999998)	(53, 0.209345)	(54, 0.062114600000000006)	(55, 0.0009358999999999999)	(56, 0.0651897)	(57, 3.40327e-05)	(58, 0.0175876)	(59, 0.111406)	(60, 0.000308725)	(61, 0.00915237)	(62, 3.64636e-05)	(63, 2.91709e-05)	(64, 0.108494)	(65, 0.00020905799999999998)	(66, 0.0186499)	(67, 0.0888108)	(68, 0.010725199999999999)	(69, 0.00886553)	(70, 0.0094295)	(71, 5.348e-05)	(72, 0.000571264)	(73, 0.0432507)	(74, 0.0334882)	(75, 0.018645099999999998)	(76, 5.83418e-05)	(77, 7.292730000000001e-06)	(78, 0.326291)	(79, 0.0878409)	(80, 0.07537279999999999)	(81, 0.11293)	(82, 0.217459)	(83, 0.000707395)	(84, 0.20535599999999998)	(85, 0.17954900000000001)	(86, 0.009373590000000001)	(87, 0.000566402)	(88, 0.158566)	(89, 0.0789559)	(90, 2.18782e-05)	(91, 0.00862973)	(92, 0.000683086)	(93, 0.00037436)	(94, 0.06587280000000001)	(95, 7.292730000000001e-06)	(96, 0.0313709)	(97, 0.000211489)	(98, 0.00012883800000000002)	(99, 0.027119200000000003)	(100, 0.00015071599999999998)	(101, 0.135538)	(102, 0.0849579)	(103, 0.127185)	(104, 0.18318099999999998)	(105, 0.0635342)	(106, 0.0179304)	(107, 0.0)	(108, 0.00012154499999999999)	(109, 0.00021878200000000002)	(110, 0.11278200000000001)	(111, 0.009886510000000001)	(112, 0.0969641)	(113, 0.0334129)	(114, 0.00956806)	(115, 0.00909403)	(116, 0.00024066)	(117, 0.0501715)	(118, 0.000875127)	(119, 0.0662812)	(120, 0.0982768)	(121, 0.032994699999999995)	(122, 0.055103900000000004)	(123, 0.0317696)	(124, 0.00838664)	(125, 0.0170018)	(126, 0.000439995)	(127, 0.0355593)	(128, 0.0704842)	(129, 7.04964e-05)	(130, 0.0352069)	(131, 0.274792)	(132, 0.0824856)	(133, 0.13322799999999999)	(134, 0.000833802)	(135, 0.0341227)	(136, 0.169527)	(137, 0.0004910439999999999)	(138, 4.37564e-05)	(139, 0.10646900000000001)	(140, 0.198338)	(141, 0.016724700000000002)	(142, 0.294894)	(143, 0.019984500000000002)	(144, 1.70164e-05)	(145, 0.0728981)	(146, 0.239097)	(147, 0.0429323)	(148, 4.86182e-06)	(149, 5.348e-05)	(150, 0.000442426)	(151, 0.207619)
reports | SRR30333748	(1, 0.0715827)	(2, 0.0442611)	(3, 0.000178873)	(4, 0.0021311800000000003)	(5, 0.0489255)	(6, 9.784489999999999e-05)	(7, 0.0731513)	(8, 0.08596129999999999)	(9, 6.726840000000001e-05)	(10, 0.07430250000000001)	(11, 0.000425014)	(12, 0.190843)	(13, 0.136255)	(14, 0.00194925)	(15, 0.0873694)	(16, 0.04638)	(17, 0.0241188)	(18, 0.0488521)	(19, 0.000304237)	(20, 0.117681)	(21, 0.0896779)	(22, 0.16453500000000001)	(23, 0.0243252)	(24, 0.024329700000000003)	(25, 0.0230945)	(26, 0.000363861)	(27, 0.0750685)	(28, 7.49125e-05)	(29, 0.0243878)	(30, 6.87972e-05)	(31, 0.00120166)	(32, 0.0)	(33, 0.09202010000000001)	(34, 0.0448435)	(35, 0.114985)	(36, 0.000371505)	(37, 4.58648e-05)	(38, 0.00234216)	(39, 0.000707847)	(40, 0.00152118)	(41, 0.000107018)	(42, 0.000983036)	(43, 0.06882010000000001)	(44, 0.114879)	(45, 0.000113133)	(46, 0.0489958)	(47, 0.0946787)	(48, 0.0467729)	(49, 0.00111604)	(50, 0.141219)	(51, 0.20744800000000002)	(52, 0.119027)	(53, 0.142413)	(54, 0.0236617)	(55, 0.000785817)	(56, 0.0455835)	(57, 4.4336000000000004e-05)	(58, 0.00019569)	(59, 0.07208880000000001)	(60, 0.000238497)	(61, 0.000527445)	(62, 0.00039596600000000004)	(63, 7.49125e-05)	(64, 0.0657961)	(65, 0.00052133)	(66, 0.0015609299999999999)	(67, 0.060751)	(68, 0.00169088)	(69, 7.032599999999999e-05)	(70, 4.12783e-05)	(71, 9.32584e-05)	(72, 2.75189e-05)	(73, 0.0600538)	(74, 0.023414)	(75, 0.000226266)	(76, 0.000149825)	(77, 0.000128421)	(78, 0.232218)	(79, 0.0698781)	(80, 0.048381299999999995)	(81, 0.074804)	(82, 0.140508)	(83, 0.00010090299999999999)	(84, 0.13894700000000001)	(85, 0.11942000000000001)	(86, 0.000608473)	(87, 0.000475465)	(88, 0.11219599999999999)	(89, 0.0491518)	(90, 0.000308823)	(91, 0.000133008)	(92, 0.000524388)	(93, 0.0009952659999999999)	(94, 0.045663)	(95, 0.0)	(96, 0.0218546)	(97, 2.75189e-05)	(98, 0.000689501)	(99, 0.000499926)	(100, 2.29324e-05)	(101, 0.0943592)	(102, 0.0596135)	(103, 0.0893584)	(104, 0.12373600000000001)	(105, 0.0447839)	(106, 0.00046629200000000004)	(107, 0.0)	(108, 0.000258372)	(109, 0.000399024)	(110, 0.0741909)	(111, 0.00190492)	(112, 0.0680695)	(113, 0.000108547)	(114, 0.00011771999999999999)	(115, 1.37594e-05)	(116, 0.000785817)	(117, 0.0234155)	(118, 0.00103502)	(119, 0.046244)	(120, 0.0696396)	(121, 0.020049)	(122, 0.0387191)	(123, 0.023412500000000003)	(124, 0.00044947499999999996)	(125, 0.00050757)	(126, 0.000984564)	(127, 0.00104878)	(128, 0.0490937)	(129, 0.000266016)	(130, 0.0250376)	(131, 0.192311)	(132, 0.0493138)	(133, 0.0935871)	(134, 0.00171993)	(135, 0.0240225)	(136, 0.11932)	(137, 0.000267545)	(138, 3.5162999999999995e-05)	(139, 0.0628837)	(140, 0.137085)	(141, 0.000501455)	(142, 0.206093)	(143, 0.00022015099999999997)	(144, 1.2230600000000001e-05)	(145, 0.0442183)	(146, 0.169876)	(147, 0.024309900000000002)	(148, 7.49125e-05)	(149, 5.04513e-05)	(150, 0.000608473)	(151, 0.146345)
reports | SRR30333749	(1, 0.157759)	(2, 0.0467177)	(3, 0.00419175)	(4, 0.0589597)	(5, 0.0386169)	(6, 0.00142658)	(7, 0.05744320000000001)	(8, 0.0675734)	(9, 0.013035799999999998)	(10, 0.0596823)	(11, 0.019416100000000002)	(12, 0.145975)	(13, 0.106202)	(14, 0.00301604)	(15, 0.174395)	(16, 0.0756948)	(17, 0.0206536)	(18, 0.0396091)	(19, 0.0035645799999999995)	(20, 0.09257789999999999)	(21, 0.06379349999999999)	(22, 0.128576)	(23, 0.0203709)	(24, 0.0201275)	(25, 0.034159300000000004)	(26, 0.00403449)	(27, 0.0608093)	(28, 0.0040906499999999995)	(29, 0.023254)	(30, 0.0239504)	(31, 0.0239242)	(32, 0.00175608)	(33, 0.07319740000000001)	(34, 0.0364302)	(35, 0.08783200000000001)	(36, 0.00463357)	(37, 0.00281197)	(38, 0.00378362)	(39, 0.00582052)	(40, 0.0335546)	(41, 0.0023327)	(42, 0.0017673099999999998)	(43, 0.0550113)	(44, 0.09161)	(45, 0.00190959)	(46, 0.040519)	(47, 0.0739443)	(48, 0.0380309)	(49, 0.0033137099999999997)	(50, 0.11758400000000001)	(51, 0.16274)	(52, 0.0945155)	(53, 0.109841)	(54, 0.0228945)	(55, 0.00228028)	(56, 0.0368645)	(57, 0.00205749)	(58, 0.0031115200000000004)	(59, 0.058718099999999995)	(60, 0.00265845)	(61, 0.00264909)	(62, 0.0024749800000000003)	(63, 0.00242444)	(64, 0.052418400000000004)	(65, 0.0023177199999999997)	(66, 0.00217731)	(67, 0.049275)	(68, 0.00359266)	(69, 0.0022653)	(70, 0.00151457)	(71, 0.0026079099999999997)	(72, 0.0031545699999999998)	(73, 0.0407754)	(74, 0.021825499999999998)	(75, 0.0034297800000000003)	(76, 0.00127306)	(77, 0.00299731)	(78, 0.183557)	(79, 0.0487321)	(80, 0.0402381)	(81, 0.0585646)	(82, 0.112743)	(83, 0.00296549)	(84, 0.107544)	(85, 0.0936356)	(86, 0.00248622)	(87, 0.0025274)	(88, 0.0907001)	(89, 0.0393788)	(90, 0.00380047)	(91, 0.00304786)	(92, 0.0049481)	(93, 0.00312088)	(94, 0.0386094)	(95, 0.0024338)	(96, 0.0206143)	(97, 0.00268279)	(98, 0.00315645)	(99, 0.0044501)	(100, 0.0023401900000000002)	(101, 0.07770360000000001)	(102, 0.0500913)	(103, 0.0706194)	(104, 0.09818500000000001)	(105, 0.035368699999999996)	(106, 0.00358704)	(107, 0.00270526)	(108, 0.00425914)	(109, 0.00234393)	(110, 0.0632562)	(111, 0.005152159999999999)	(112, 0.054942)	(113, 0.0023813799999999998)	(114, 0.00279138)	(115, 0.00229339)	(116, 0.003950240000000001)	(117, 0.0223909)	(118, 0.0038566299999999998)	(119, 0.0393957)	(120, 0.05582379999999999)	(121, 0.018137399999999998)	(122, 0.0312069)	(123, 0.020625499999999998)	(124, 0.00359266)	(125, 0.0037611499999999996)	(126, 0.00419175)	(127, 0.0178304)	(128, 0.044765)	(129, 0.0563143)	(130, 0.025783300000000002)	(131, 0.150212)	(132, 0.042466)	(133, 0.0751275)	(134, 0.00546106)	(135, 0.022887)	(136, 0.0938285)	(137, 0.030319500000000003)	(138, 0.0034073099999999998)	(139, 0.049497799999999995)	(140, 0.11029399999999999)	(141, 0.00278951)	(142, 0.163444)	(143, 0.00348033)	(144, 0.0116785)	(145, 0.0391766)	(146, 0.132367)	(147, 0.0216833)	(148, 0.0300574)	(149, 0.00492189)	(150, 0.00474778)	(151, 0.170186)
reports | SRR30333750	(1, 0.0702057)	(2, 0.0434951)	(3, 0.000190776)	(4, 0.00204376)	(5, 0.050051399999999996)	(6, 0.000126555)	(7, 0.07396269999999999)	(8, 0.0865596)	(9, 6.61107e-05)	(10, 0.0753303)	(11, 0.00038721999999999997)	(12, 0.19247999999999998)	(13, 0.138643)	(14, 0.0017812099999999999)	(15, 0.0857455)	(16, 0.046438)	(17, 0.0240246)	(18, 0.0495358)	(19, 0.000304109)	(20, 0.11809800000000001)	(21, 0.0845536)	(22, 0.166393)	(23, 0.0242702)	(24, 0.0246158)	(25, 0.0232502)	(26, 0.00039855299999999995)	(27, 0.0761538)	(28, 8.68883e-05)	(29, 0.024336299999999998)	(30, 6.61107e-05)	(31, 0.0011049900000000001)	(32, 0.0)	(33, 0.09297240000000001)	(34, 0.0451309)	(35, 0.11133)	(36, 0.000360775)	(37, 2.83331e-05)	(38, 0.0022194299999999997)	(39, 0.0005761070000000001)	(40, 0.00146199)	(41, 0.000109555)	(42, 0.0008651050000000001)	(43, 0.06860959999999999)	(44, 0.116852)	(45, 0.00011711000000000001)	(46, 0.0508334)	(47, 0.094865)	(48, 0.047344699999999997)	(49, 0.00103699)	(50, 0.142965)	(51, 0.210553)	(52, 0.120558)	(53, 0.143419)	(54, 0.023786599999999998)	(55, 0.000725328)	(56, 0.0461301)	(57, 3.39998e-05)	(58, 0.000175665)	(59, 0.0732091)	(60, 0.00020966500000000002)	(61, 0.000540218)	(62, 0.000364553)	(63, 5.66663e-05)	(64, 0.06558370000000001)	(65, 0.000481663)	(66, 0.0014865500000000001)	(67, 0.0616661)	(68, 0.0015979899999999999)	(69, 6.79995e-05)	(70, 4.34441e-05)	(71, 7.5555e-05)	(72, 2.45554e-05)	(73, 0.059886800000000004)	(74, 0.0235751)	(75, 0.000181332)	(76, 0.00015111)	(77, 0.00011711000000000001)	(78, 0.23487400000000003)	(79, 0.0648092)	(80, 0.0492279)	(81, 0.0751546)	(82, 0.14127499999999998)	(83, 0.00010011)	(84, 0.139391)	(85, 0.120112)	(86, 0.000534552)	(87, 0.000460886)	(88, 0.113903)	(89, 0.049754900000000005)	(90, 0.00023988700000000002)	(91, 0.000118999)	(92, 0.000491108)	(93, 0.000855661)	(94, 0.0461547)	(95, 1.8888800000000001e-06)	(96, 0.0223227)	(97, 3.58886e-05)	(98, 0.000649773)	(99, 0.000498663)	(100, 1.8888799999999998e-05)	(101, 0.0950785)	(102, 0.0593145)	(103, 0.0906679)	(104, 0.12474299999999999)	(105, 0.0446171)	(106, 0.000466552)	(107, 0.0)	(108, 0.000217221)	(109, 0.00030788699999999996)	(110, 0.0751055)	(111, 0.0018170999999999999)	(112, 0.0689289)	(113, 0.00010011)	(114, 0.000103888)	(115, 7.555500000000001e-06)	(116, 0.000661107)	(117, 0.0234353)	(118, 0.00103888)	(119, 0.0466836)	(120, 0.07056649999999999)	(121, 0.0203621)	(122, 0.0393585)	(123, 0.0236261)	(124, 0.000466552)	(125, 0.00042310800000000006)	(126, 0.0009708820000000001)	(127, 0.00100677)	(128, 0.04990599999999999)	(129, 0.000256887)	(130, 0.0253789)	(131, 0.194864)	(132, 0.049560299999999995)	(133, 0.0949179)	(134, 0.00172832)	(135, 0.0245837)	(136, 0.120216)	(137, 0.000296554)	(138, 3.0222000000000003e-05)	(139, 0.06353990000000001)	(140, 0.13966)	(141, 0.00047788599999999996)	(142, 0.20628399999999997)	(143, 0.000181332)	(144, 1.8888799999999998e-05)	(145, 0.0456031)	(146, 0.171818)	(147, 0.024247499999999998)	(148, 6.61107e-05)	(149, 5.66663e-05)	(150, 0.000523219)	(151, 0.14856)
reports | SRR30333751	(1, 0.0721337)	(2, 0.0451979)	(3, 0.000199149)	(4, 0.00224677)	(5, 0.0505731)	(6, 0.00010862700000000002)	(7, 0.0758162)	(8, 0.091214)	(9, 7.603880000000001e-05)	(10, 0.0769477)	(11, 0.000438129)	(12, 0.19823699999999997)	(13, 0.14286800000000002)	(14, 0.0018901100000000002)	(15, 0.0860036)	(16, 0.0482702)	(17, 0.025098299999999997)	(18, 0.050555)	(19, 0.000309587)	(20, 0.12396099999999999)	(21, 0.08791)	(22, 0.172137)	(23, 0.0252449)	(24, 0.025292000000000002)	(25, 0.0245642)	(26, 0.00044537)	(27, 0.07784390000000001)	(28, 0.000110437)	(29, 0.025190599999999997)	(30, 8.69015e-05)	(31, 0.0013162)	(32, 1.8104499999999998e-06)	(33, 0.0969133)	(34, 0.046756599999999995)	(35, 0.115644)	(36, 0.000287861)	(37, 3.25881e-05)	(38, 0.00231375)	(39, 0.0007006439999999999)	(40, 0.00127637)	(41, 0.000101385)	(42, 0.0009197080000000001)	(43, 0.0712194)	(44, 0.120127)	(45, 0.000115869)	(46, 0.052615300000000004)	(47, 0.0989501)	(48, 0.0492858)	(49, 0.00114782)	(50, 0.14783000000000002)	(51, 0.21869099999999997)	(52, 0.12483399999999999)	(53, 0.147792)	(54, 0.024747)	(55, 0.000602879)	(56, 0.0476872)	(57, 3.43985e-05)	(58, 0.000171993)	(59, 0.07569490000000001)	(60, 0.00020096000000000003)	(61, 0.000476148)	(62, 0.00041821400000000003)	(63, 5.431350000000001e-05)	(64, 0.06831190000000001)	(65, 0.000474338)	(66, 0.00163846)	(67, 0.0661701)	(68, 0.00148095)	(69, 8.32806e-05)	(70, 3.25881e-05)	(71, 8.69015e-05)	(72, 2.71567e-05)	(73, 0.0583164)	(74, 0.0243849)	(75, 0.00023354800000000003)	(76, 0.000146646)	(77, 0.000155699)	(78, 0.24294400000000002)	(79, 0.06716950000000001)	(80, 0.050602)	(81, 0.07720300000000001)	(82, 0.14882800000000002)	(83, 0.000114058)	(84, 0.144374)	(85, 0.12430500000000001)	(86, 0.000555808)	(87, 0.000360279)	(88, 0.11682100000000001)	(89, 0.050851900000000005)	(90, 0.000318639)	(91, 8.8712e-05)	(92, 0.000572102)	(93, 0.000917897)	(94, 0.047853799999999995)	(95, 0.0)	(96, 0.0231303)	(97, 2.35358e-05)	(98, 0.000633657)	(99, 0.000599259)	(100, 2.71567e-05)	(101, 0.0991474)	(102, 0.0631521)	(103, 0.0935115)	(104, 0.12856700000000001)	(105, 0.046534)	(106, 0.00043631800000000005)	(107, 0.0)	(108, 0.00019733900000000002)	(109, 0.000398299)	(110, 0.0768825)	(111, 0.00163484)	(112, 0.0715182)	(113, 0.00010319599999999999)	(114, 9.414329999999999e-05)	(115, 1.2673099999999999e-05)	(116, 0.000707885)	(117, 0.024642)	(118, 0.0011043700000000001)	(119, 0.0490939)	(120, 0.07181509999999999)	(121, 0.0210754)	(122, 0.040746)	(123, 0.0242129)	(124, 0.000414593)	(125, 0.000463475)	(126, 0.000959538)	(127, 0.00101204)	(128, 0.0516322)	(129, 0.000340364)	(130, 0.0258242)	(131, 0.202167)	(132, 0.0508175)	(133, 0.0981209)	(134, 0.00151897)	(135, 0.025203299999999998)	(136, 0.124043)	(137, 0.00024984199999999996)	(138, 3.8019400000000004e-05)	(139, 0.0653409)	(140, 0.144865)	(141, 0.000517788)	(142, 0.21594499999999997)	(143, 0.000215443)	(144, 1.99149e-05)	(145, 0.0467023)	(146, 0.175737)	(147, 0.025232199999999996)	(148, 6.51762e-05)	(149, 7.24179e-05)	(150, 0.00060469)	(151, 0.15316)
reports | SRR30333752	(1, 0.0678946)	(2, 0.0435835)	(3, 0.000178635)	(4, 0.0021351900000000004)	(5, 0.04977500000000001)	(6, 8.931729999999999e-05)	(7, 0.07525910000000001)	(8, 0.0881123)	(9, 5.39274e-05)	(10, 0.0778172)	(11, 0.000407826)	(12, 0.194804)	(13, 0.139394)	(14, 0.00180657)	(15, 0.083729)	(16, 0.046975800000000005)	(17, 0.0246077)	(18, 0.050637800000000004)	(19, 0.000303342)	(20, 0.12206)	(21, 0.08643719999999999)	(22, 0.169148)	(23, 0.0248909)	(24, 0.024469599999999998)	(25, 0.0235123)	(26, 0.00033704599999999997)	(27, 0.0791722)	(28, 8.931729999999999e-05)	(29, 0.024808300000000002)	(30, 6.740930000000001e-05)	(31, 0.00121337)	(32, 1.68523e-06)	(33, 0.0945331)	(34, 0.0454119)	(35, 0.113912)	(36, 0.000350528)	(37, 4.21308e-05)	(38, 0.00226664)	(39, 0.00057972)	(40, 0.00140211)	(41, 9.4373e-05)	(42, 0.000938674)	(43, 0.0706179)	(44, 0.11855399999999999)	(45, 0.000134819)	(46, 0.051760200000000006)	(47, 0.0958526)	(48, 0.047228599999999996)	(49, 0.00110046)	(50, 0.145646)	(51, 0.213896)	(52, 0.123952)	(53, 0.14538299999999998)	(54, 0.0239674)	(55, 0.00068926)	(56, 0.0471629)	(57, 3.20194e-05)	(58, 0.000153356)	(59, 0.07434059999999999)	(60, 0.00019548700000000002)	(61, 0.000493773)	(62, 0.000372436)	(63, 5.39274e-05)	(64, 0.0672171)	(65, 0.0005072550000000001)	(66, 0.0015268200000000001)	(67, 0.061979400000000004)	(68, 0.00160603)	(69, 6.06683e-05)	(70, 3.8760299999999995e-05)	(71, 7.752059999999999e-05)	(72, 2.35932e-05)	(73, 0.0584758)	(74, 0.024178)	(75, 0.00019885699999999998)	(76, 0.000131448)	(77, 0.00013313300000000001)	(78, 0.241197)	(79, 0.06671490000000001)	(80, 0.0489155)	(81, 0.0764286)	(82, 0.145282)	(83, 8.7632e-05)	(84, 0.143282)	(85, 0.12312600000000001)	(86, 0.0005830900000000001)	(87, 0.00044995699999999996)	(88, 0.115863)	(89, 0.050128900000000004)	(90, 0.00026121099999999996)	(91, 9.4373e-05)	(92, 0.000552756)	(93, 0.000910025)	(94, 0.045995)	(95, 0.0)	(96, 0.022543300000000002)	(97, 2.52785e-05)	(98, 0.000610054)	(99, 0.000559497)	(100, 3.0334200000000002e-05)	(101, 0.0973811)	(102, 0.0609548)	(103, 0.0912822)	(104, 0.126202)	(105, 0.04478)	(106, 0.000414567)	(107, 0.0)	(108, 0.00020728299999999997)	(109, 0.000374121)	(110, 0.07619770000000001)	(111, 0.0017459)	(112, 0.0701242)	(113, 9.77434e-05)	(114, 9.10025e-05)	(115, 5.05569e-06)	(116, 0.0007634100000000001)	(117, 0.023819100000000003)	(118, 0.0010600100000000001)	(119, 0.0476415)	(120, 0.0713055)	(121, 0.0204435)	(122, 0.0395625)	(123, 0.0242235)	(124, 0.00044995699999999996)	(125, 0.000468494)	(126, 0.000970693)	(127, 0.000925192)	(128, 0.0515293)	(129, 0.000279748)	(130, 0.0261716)	(131, 0.19818000000000002)	(132, 0.050368199999999995)	(133, 0.09448250000000001)	(134, 0.00160097)	(135, 0.025184099999999997)	(136, 0.12241400000000001)	(137, 0.000266267)	(138, 2.1908e-05)	(139, 0.06445669999999999)	(140, 0.14226)	(141, 0.000567923)	(142, 0.21162099999999998)	(143, 0.00017357899999999999)	(144, 1.01114e-05)	(145, 0.0471224)	(146, 0.173854)	(147, 0.0248605)	(148, 5.72979e-05)	(149, 4.21308e-05)	(150, 0.000540959)	(151, 0.15217799999999998)
reports | SRR30333753	(1, 0.0510819)	(2, 0.0615131)	(3, 0.030338499999999997)	(4, 0.00931986)	(5, 0.0696447)	(6, 0.000419232)	(7, 0.10449299999999999)	(8, 0.123567)	(9, 8.43426e-05)	(10, 0.107333)	(11, 0.00793069)	(12, 0.27487)	(13, 0.202073)	(14, 0.0347516)	(15, 0.0591118)	(16, 0.0644725)	(17, 0.043496)	(18, 0.0700292)	(19, 6.44973e-05)	(20, 0.178568)	(21, 0.151154)	(22, 0.253472)	(23, 0.0345333)	(24, 0.0424442)	(25, 0.0337073)	(26, 0.007881069999999999)	(27, 0.106656)	(28, 0.0)	(29, 0.0435307)	(30, 0.000156282)	(31, 0.0188332)	(32, 6.6978e-05)	(33, 0.132654)	(34, 0.0631057)	(35, 0.157106)	(36, 0.00892047)	(37, 0.00874931)	(38, 0.000853349)	(39, 0.000109149)	(40, 0.010016899999999999)	(41, 9.6746e-05)	(42, 0.006343059999999999)	(43, 0.102739)	(44, 0.181892)	(45, 0.00014884)	(46, 0.0703442)	(47, 0.13486399999999998)	(48, 0.0782848)	(49, 0.00846899)	(50, 0.212752)	(51, 0.298781)	(52, 0.172178)	(53, 0.210859)	(54, 0.061800799999999996)	(55, 0.0008508680000000001)	(56, 0.0658964)	(57, 3.721e-05)	(58, 0.0166651)	(59, 0.11216799999999999)	(60, 0.000265431)	(61, 0.00883117)	(62, 1.4884e-05)	(63, 1.24033e-05)	(64, 0.109358)	(65, 0.00022326)	(66, 0.0180617)	(67, 0.0888748)	(68, 0.0103766)	(69, 0.00828542)	(70, 0.009148690000000001)	(71, 4.4652e-05)	(72, 0.000570553)	(73, 0.0387058)	(74, 0.0332831)	(75, 0.017161199999999998)	(76, 5.7055299999999996e-05)	(77, 1.24033e-05)	(78, 0.333005)	(79, 0.0852555)	(80, 0.0765236)	(81, 0.11421)	(82, 0.22041500000000003)	(83, 0.000694586)	(84, 0.20689200000000002)	(85, 0.179615)	(86, 0.008937839999999999)	(87, 0.000496133)	(88, 0.160886)	(89, 0.0778879)	(90, 4.7132600000000003e-05)	(91, 0.00852357)	(92, 0.000667299)	(93, 0.00030512199999999996)	(94, 0.0656186)	(95, 7.442e-06)	(96, 0.0309835)	(97, 0.000158763)	(98, 9.922659999999999e-05)	(99, 0.0266423)	(100, 0.000173647)	(101, 0.13612400000000002)	(102, 0.0853696)	(103, 0.128161)	(104, 0.184475)	(105, 0.0635646)	(106, 0.017387)	(107, 0.0)	(108, 0.000128995)	(109, 0.00018605)	(110, 0.11488500000000001)	(111, 0.0092256)	(112, 0.0976316)	(113, 0.0323479)	(114, 0.00929753)	(115, 0.00879148)	(116, 0.00020341499999999998)	(117, 0.0497349)	(118, 0.0008434260000000001)	(119, 0.0682704)	(120, 0.0985147)	(121, 0.0291205)	(122, 0.0557877)	(123, 0.0320502)	(124, 0.00841442)	(125, 0.0162781)	(126, 0.000386984)	(127, 0.0340025)	(128, 0.0704311)	(129, 5.9536e-05)	(130, 0.0355976)	(131, 0.277199)	(132, 0.08223899999999999)	(133, 0.134611)	(134, 0.0007442)	(135, 0.034754099999999996)	(136, 0.170161)	(137, 0.000416752)	(138, 6.6978e-05)	(139, 0.10681)	(140, 0.199448)	(141, 0.016362500000000002)	(142, 0.297251)	(143, 0.0189324)	(144, 2.9768e-05)	(145, 0.0733905)	(146, 0.24185199999999998)	(147, 0.0428163)	(148, 4.96133e-06)	(149, 4.7132600000000003e-05)	(150, 0.00042915499999999997)	(151, 0.209381)
reports | SRR30333754	(1, 0.0651963)	(2, 0.045017)	(3, 0.000272059)	(4, 0.00174783)	(5, 0.058387)	(6, 0.00012135)	(7, 0.0881374)	(8, 0.104827)	(9, 4.69742e-05)	(10, 0.0897521)	(11, 0.000272059)	(12, 0.230651)	(13, 0.164854)	(14, 0.0014562)	(15, 0.0753526)	(16, 0.0553533)	(17, 0.0290829)	(18, 0.0584731)	(19, 0.00021725599999999998)	(20, 0.142725)	(21, 0.110065)	(22, 0.198178)	(23, 0.0293452)	(24, 0.028595600000000002)	(25, 0.028855900000000004)	(26, 0.000305333)	(27, 0.0904)	(28, 5.67605e-05)	(29, 0.0291045)	(30, 3.71879e-05)	(31, 0.0012820099999999999)	(32, 0.0)	(33, 0.110969)	(34, 0.0542122)	(35, 0.141441)	(36, 0.000228999)	(37, 2.54444e-05)	(38, 0.00169499)	(39, 0.000573477)	(40, 0.00101778)	(41, 9.98203e-05)	(42, 0.000683084)	(43, 0.083528)	(44, 0.139153)	(45, 7.63331e-05)	(46, 0.0607827)	(47, 0.114212)	(48, 0.0556899)	(49, 0.000904254)	(50, 0.17209)	(51, 0.251541)	(52, 0.146276)	(53, 0.170401)	(54, 0.0292806)	(55, 0.000546076)	(56, 0.055662500000000004)	(57, 1.95726e-05)	(58, 0.000158538)	(59, 0.0864385)	(60, 0.000152666)	(61, 0.000336649)	(62, 0.000256401)	(63, 4.30597e-05)	(64, 0.0793297)	(65, 0.00039340900000000005)	(66, 0.00131724)	(67, 0.07926710000000001)	(68, 0.00138183)	(69, 3.32734e-05)	(70, 3.13162e-05)	(71, 6.85041e-05)	(72, 1.76153e-05)	(73, 0.053053499999999996)	(74, 0.028621)	(75, 0.00020747)	(76, 8.22049e-05)	(77, 9.98203e-05)	(78, 0.281389)	(79, 0.084718)	(80, 0.058320500000000004)	(81, 0.0897815)	(82, 0.17464)	(83, 9.39485e-05)	(84, 0.169252)	(85, 0.144667)	(86, 0.000381666)	(87, 0.00034252100000000004)	(88, 0.13594499999999998)	(89, 0.058355699999999996)	(90, 0.000240743)	(91, 7.43759e-05)	(92, 0.000638067)	(93, 0.000657639)	(94, 0.055459)	(95, 0.0)	(96, 0.0265855)	(97, 1.3700800000000001e-05)	(98, 0.0004912720000000001)	(99, 0.000610665)	(100, 1.76153e-05)	(101, 0.11486999999999999)	(102, 0.0731467)	(103, 0.10824)	(104, 0.14709)	(105, 0.054114300000000004)	(106, 0.00033469099999999997)	(107, 0.0)	(108, 0.000172239)	(109, 0.000324905)	(110, 0.0887304)	(111, 0.00133681)	(112, 0.0811441)	(113, 0.000107649)	(114, 8.807670000000001e-05)	(115, 1.95726e-06)	(116, 0.000516717)	(117, 0.0285036)	(118, 0.0009942879999999999)	(119, 0.0577568)	(120, 0.0830876)	(121, 0.0242035)	(122, 0.0477337)	(123, 0.0279692)	(124, 0.00038362300000000004)	(125, 0.000575434)	(126, 0.000653725)	(127, 0.0008279209999999999)	(128, 0.0591738)	(129, 0.000232914)	(130, 0.030361)	(131, 0.233855)	(132, 0.0579662)	(133, 0.113521)	(134, 0.00122329)	(135, 0.0292473)	(136, 0.145536)	(137, 0.000205512)	(138, 2.34871e-05)	(139, 0.0766952)	(140, 0.167577)	(141, 0.000352307)	(142, 0.251236)	(143, 0.000172239)	(144, 1.95726e-05)	(145, 0.054480299999999995)	(146, 0.20373499999999997)	(147, 0.0293374)	(148, 5.08888e-05)	(149, 3.13162e-05)	(150, 0.00042081100000000005)	(151, 0.177201)
reports | SRR30333755	(1, 0.0563895)	(2, 0.0701873)	(3, 0.043042699999999996)	(4, 0.013685699999999999)	(5, 0.0609364)	(6, 0.000543141)	(7, 0.0940606)	(8, 0.1087)	(9, 0.00012706500000000002)	(10, 0.0949924)	(11, 0.0119566)	(12, 0.240544)	(13, 0.18565)	(14, 0.0507663)	(15, 0.0667241)	(16, 0.0579218)	(17, 0.0446796)	(18, 0.061766100000000004)	(19, 8.221859999999999e-05)	(20, 0.162412)	(21, 0.156036)	(22, 0.231555)	(23, 0.031230599999999997)	(24, 0.041351)	(25, 0.0305604)	(26, 0.0118021)	(27, 0.0947981)	(28, 0.0)	(29, 0.0434039)	(30, 0.000189352)	(31, 0.0274187)	(32, 5.4812400000000004e-05)	(33, 0.118138)	(34, 0.05664109999999999)	(35, 0.140671)	(36, 0.0132173)	(37, 0.0129008)	(38, 0.00125321)	(39, 0.000196826)	(40, 0.015185500000000001)	(41, 0.000117099)	(42, 0.00917111)	(43, 0.09617579999999999)	(44, 0.17250500000000002)	(45, 0.00021925000000000002)	(46, 0.061948)	(47, 0.119005)	(48, 0.0772905)	(49, 0.0124773)	(50, 0.19076500000000002)	(51, 0.26329600000000003)	(52, 0.15495699999999998)	(53, 0.191355)	(54, 0.0705959)	(55, 0.00133792)	(56, 0.057994000000000004)	(57, 3.73721e-05)	(58, 0.0244314)	(59, 0.102801)	(60, 0.00040361899999999997)	(61, 0.013137500000000002)	(62, 5.2320899999999996e-05)	(63, 3.98636e-05)	(64, 0.105105)	(65, 0.000351298)	(66, 0.026736000000000003)	(67, 0.08038239999999999)	(68, 0.014450500000000002)	(69, 0.012773799999999998)	(70, 0.013875000000000002)	(71, 0.000117099)	(72, 0.0007748480000000001)	(73, 0.0398636)	(74, 0.0305778)	(75, 0.025746900000000003)	(76, 7.22527e-05)	(77, 0.0)	(78, 0.29553399999999996)	(79, 0.0781176)	(80, 0.0718466)	(81, 0.105382)	(82, 0.205803)	(83, 0.00107133)	(84, 0.188649)	(85, 0.165075)	(86, 0.013017899999999999)	(87, 0.000814712)	(88, 0.142338)	(89, 0.0728033)	(90, 3.23891e-05)	(91, 0.0125122)	(92, 0.000657749)	(93, 0.000498295)	(94, 0.0579243)	(95, 4.98295e-06)	(96, 0.0272592)	(97, 0.00025413000000000004)	(98, 0.000174403)	(99, 0.0379053)	(100, 0.000251639)	(101, 0.121768)	(102, 0.0762166)	(103, 0.11351200000000002)	(104, 0.167377)	(105, 0.056805600000000005)	(106, 0.0257319)	(107, 0.0)	(108, 0.000211775)	(109, 0.000241673)	(110, 0.104933)	(111, 0.0139572)	(112, 0.0855896)	(113, 0.047906000000000004)	(114, 0.0137978)	(115, 0.0123602)	(116, 0.000363755)	(117, 0.0537336)	(118, 0.000874507)	(119, 0.060921499999999996)	(120, 0.0876849)	(121, 0.025577500000000003)	(122, 0.050380100000000004)	(123, 0.0287566)	(124, 0.012073700000000001)	(125, 0.0237961)	(126, 0.000700104)	(127, 0.04931869999999999)	(128, 0.0632884)	(129, 0.00010215)	(130, 0.0311858)	(131, 0.246123)	(132, 0.08015570000000001)	(133, 0.11818600000000001)	(134, 0.0012083600000000001)	(135, 0.0306675)	(136, 0.151808)	(137, 0.000675189)	(138, 4.48465e-05)	(139, 0.105798)	(140, 0.17612)	(141, 0.023330200000000002)	(142, 0.26692899999999997)	(143, 0.0272044)	(144, 1.2457399999999999e-05)	(145, 0.0708475)	(146, 0.21211200000000002)	(147, 0.0440293)	(148, 2.49147e-06)	(149, 4.7338e-05)	(150, 0.000543141)	(151, 0.187917)
reports | SRR30333756	(1, 0.058617499999999996)	(2, 0.0436748)	(3, 0.00022902199999999998)	(4, 0.00153685)	(5, 0.0626233)	(6, 7.23226e-05)	(7, 0.09514639999999999)	(8, 0.11354399999999999)	(9, 2.81254e-05)	(10, 0.098208)	(11, 0.000210941)	(12, 0.24858100000000002)	(13, 0.179043)	(14, 0.00101653)	(15, 0.0670892)	(16, 0.0581956)	(17, 0.030958100000000002)	(18, 0.0642124)	(19, 0.000158708)	(20, 0.155817)	(21, 0.10807)	(22, 0.217665)	(23, 0.0319103)	(24, 0.0321976)	(25, 0.030335300000000003)	(26, 0.000202905)	(27, 0.0983165)	(28, 3.21434e-05)	(29, 0.031767699999999996)	(30, 1.80806e-05)	(31, 0.00123752)	(32, 0.0)	(33, 0.119656)	(34, 0.0584226)	(35, 0.142863)	(36, 0.00019286)	(37, 2.20986e-05)	(38, 0.00142034)	(39, 0.000371658)	(40, 0.000783495)	(41, 7.63405e-05)	(42, 0.0005825989999999999)	(43, 0.0891054)	(44, 0.15156)	(45, 8.23674e-05)	(46, 0.0655725)	(47, 0.12423000000000001)	(48, 0.060212600000000005)	(49, 0.000650903)	(50, 0.187261)	(51, 0.27409700000000004)	(52, 0.158155)	(53, 0.184848)	(54, 0.0310284)	(55, 0.000401792)	(56, 0.061439999999999995)	(57, 1.80806e-05)	(58, 0.000160717)	(59, 0.096844)	(60, 0.000122547)	(61, 0.00032947)	(62, 0.00021295)	(63, 3.21434e-05)	(64, 0.08528640000000001)	(65, 0.000307371)	(66, 0.0008879609999999999)	(67, 0.08219259999999999)	(68, 0.00121743)	(69, 1.80806e-05)	(70, 2.20986e-05)	(71, 4.2188200000000004e-05)	(72, 1.40627e-05)	(73, 0.0473653)	(74, 0.030891799999999997)	(75, 0.000162726)	(76, 5.625090000000001e-05)	(77, 6.62957e-05)	(78, 0.304191)	(79, 0.0805593)	(80, 0.0624365)	(81, 0.0972277)	(82, 0.18640900000000002)	(83, 3.81703e-05)	(84, 0.18287)	(85, 0.157364)	(86, 0.000353577)	(87, 0.00027924600000000003)	(88, 0.147731)	(89, 0.0634189)	(90, 0.000184824)	(91, 8.23674e-05)	(92, 0.000664966)	(93, 0.00054041)	(94, 0.0598409)	(95, 0.0)	(96, 0.0304177)	(97, 1.00448e-05)	(98, 0.00039978299999999996)	(99, 0.000648894)	(100, 1.40627e-05)	(101, 0.12311699999999999)	(102, 0.0788437)	(103, 0.11580099999999999)	(104, 0.159554)	(105, 0.057723500000000004)	(106, 0.000277237)	(107, 0.0)	(108, 0.000132591)	(109, 0.000293308)	(110, 0.0962252)	(111, 0.00102055)	(112, 0.090128)	(113, 7.23226e-05)	(114, 7.03136e-05)	(115, 2.0089600000000003e-06)	(116, 0.000421882)	(117, 0.0296723)	(118, 0.0009904179999999999)	(119, 0.061026199999999996)	(120, 0.0904434)	(121, 0.0252104)	(122, 0.051057700000000004)	(123, 0.0303293)	(124, 0.00031942499999999997)	(125, 0.000574563)	(126, 0.000590634)	(127, 0.0005605)	(128, 0.0638186)	(129, 0.000168753)	(130, 0.0328304)	(131, 0.25304899999999997)	(132, 0.063901)	(133, 0.121996)	(134, 0.000948229)	(135, 0.0317878)	(136, 0.155706)	(137, 0.000148663)	(138, 3.4152299999999995e-05)	(139, 0.0827933)	(140, 0.180997)	(141, 0.000357595)	(142, 0.26955)	(143, 0.000118529)	(144, 2.20986e-05)	(145, 0.059081499999999995)	(146, 0.22599)	(147, 0.0318882)	(148, 3.61613e-05)	(149, 1.80806e-05)	(150, 0.00035960399999999997)	(151, 0.192499)
reports | SRR30333757	(1, 0.00205907)	(2, 0.0044543099999999995)	(3, 1.3270099999999999e-05)	(4, 0.000962079)	(5, 2.43284e-05)	(6, 0.0006988890000000001)	(7, 4.42335e-05)	(8, 0.0)	(9, 0.0)	(10, 0.000115007)	(11, 1.54817e-05)	(12, 0.0)	(13, 8.8467e-06)	(14, 0.0)	(15, 0.0)	(16, 4.42335e-06)	(17, 0.00111247)	(18, 8.8467e-06)	(19, 0.0)	(20, 1.10584e-05)	(21, 2.43284e-05)	(22, 0.0)	(23, 0.000134912)	(24, 0.0)	(25, 1.10584e-05)	(26, 2.2116800000000002e-06)	(27, 0.0)	(28, 0.00030742300000000003)	(29, 2.2116800000000002e-06)	(30, 7.07736e-05)	(31, 3.7598499999999996e-05)	(32, 0.0)	(33, 3.98102e-05)	(34, 0.0)	(35, 8.8467e-06)	(36, 1.10584e-05)	(37, 1.3270099999999999e-05)	(38, 6.63503e-05)	(39, 0.0)	(40, 0.0016609700000000001)	(41, 0.00366696)	(42, 7.519699999999999e-05)	(43, 0.000128277)	(44, 1.76934e-05)	(45, 1.54817e-05)	(46, 0.0)	(47, 3.53868e-05)	(48, 0.0)	(49, 0.000110584)	(50, 9.28904e-05)	(51, 4.42335e-05)	(52, 0.00011943)	(53, 4.42335e-06)	(54, 6.6350299999999996e-06)	(55, 6.6350299999999996e-06)	(56, 9.952540000000001e-05)	(57, 2.87518e-05)	(58, 0.0)	(59, 1.99051e-05)	(60, 0.0)	(61, 0.00195512)	(62, 2.21168e-05)	(63, 5.75036e-05)	(64, 6.6350299999999996e-06)	(65, 8.8467e-06)	(66, 0.000190204)	(67, 6.6350299999999996e-06)	(68, 0.0007387)	(69, 0.00048435700000000004)	(70, 0.0)	(71, 0.0007165829999999999)	(72, 7.740859999999999e-05)	(73, 0.00011721899999999999)	(74, 0.000218956)	(75, 0.000563977)	(76, 6.6350299999999996e-06)	(77, 7.96203e-05)	(78, 0.000283094)	(79, 6.41386e-05)	(80, 3.7598499999999996e-05)	(81, 9.06787e-05)	(82, 0.0)	(83, 0.0)	(84, 0.0)	(85, 0.000347233)	(86, 2.87518e-05)	(87, 4.42335e-06)	(88, 0.00165876)	(89, 4.42335e-06)	(90, 2.43284e-05)	(91, 4.42335e-06)	(92, 1.3270099999999999e-05)	(93, 0.0)	(94, 2.2116800000000002e-06)	(95, 1.54817e-05)	(96, 0.0)	(97, 0.0)	(98, 2.2116800000000002e-06)	(99, 0.000194627)	(100, 2.87518e-05)	(101, 4.8656900000000005e-05)	(102, 0.000276459)	(103, 5.75036e-05)	(104, 0.0)	(105, 1.3270099999999999e-05)	(106, 0.00030742300000000003)	(107, 1.76934e-05)	(108, 0.0)	(109, 8.8467e-06)	(110, 0.0)	(111, 1.3270099999999999e-05)	(112, 6.6350299999999996e-06)	(113, 0.000619269)	(114, 3.7598499999999996e-05)	(115, 0.0)	(116, 0.000112795)	(117, 0.00015039399999999998)	(118, 1.76934e-05)	(119, 0.0)	(120, 0.000108372)	(121, 2.87518e-05)	(122, 0.0)	(123, 2.2116800000000002e-06)	(124, 2.65401e-05)	(125, 0.00011943)	(126, 0.00011943)	(127, 6.6350299999999996e-06)	(128, 1.99051e-05)	(129, 6.6350299999999996e-06)	(130, 6.6350299999999996e-06)	(131, 0.000274248)	(132, 0.00138451)	(133, 0.00277344)	(134, 1.76934e-05)	(135, 0.0)	(136, 4.42335e-06)	(137, 3.0963499999999996e-05)	(138, 2.43284e-05)	(139, 2.21168e-05)	(140, 0.0)	(141, 0.0)	(142, 2.21168e-05)	(143, 4.64452e-05)	(144, 1.3270099999999999e-05)	(145, 1.76934e-05)	(146, 6.6350299999999996e-06)	(147, 0.0)	(148, 0.0)	(149, 1.76934e-05)	(150, 6.41386e-05)	(151, 0.0065841599999999995)
reports | SRR30333758	(1, 0.00631126)	(2, 0.00356476)	(3, 0.0)	(4, 7.41629e-06)	(5, 0.0)	(6, 0.00035350999999999997)	(7, 0.0)	(8, 0.0)	(9, 0.0)	(10, 0.000140909)	(11, 0.0)	(12, 0.0)	(13, 4.94419e-06)	(14, 0.0)	(15, 0.0)	(16, 0.0)	(17, 0.00344857)	(18, 0.0)	(19, 0.0)	(20, 0.0)	(21, 4.20256e-05)	(22, 0.0)	(23, 2.4721e-06)	(24, 0.0)	(25, 7.41629e-06)	(26, 2.4721e-06)	(27, 0.0)	(28, 1.4832600000000001e-05)	(29, 0.0)	(30, 4.44977e-05)	(31, 4.44977e-05)	(32, 0.0)	(33, 4.20256e-05)	(34, 0.0)	(35, 0.0)	(36, 4.94419e-06)	(37, 7.41629e-06)	(38, 8.89954e-05)	(39, 2.4721e-06)	(40, 0.00382186)	(41, 0.00468957)	(42, 5.43861e-05)	(43, 0.000135965)	(44, 1.23605e-05)	(45, 9.88838e-06)	(46, 0.0)	(47, 0.0)	(48, 2.4721e-06)	(49, 0.000111244)	(50, 0.0)	(51, 4.94419e-06)	(52, 0.000155742)	(53, 2.4721e-06)	(54, 0.0)	(55, 0.0)	(56, 0.000111244)	(57, 0.0)	(58, 0.0)	(59, 0.0)	(60, 0.0)	(61, 0.00228422)	(62, 2.9665099999999998e-05)	(63, 5.68582e-05)	(64, 0.0)	(65, 4.94419e-06)	(66, 0.0)	(67, 0.0)	(68, 0.0008652330000000001)	(69, 0.0014709)	(70, 0.0)	(71, 4.94419e-06)	(72, 0.0)	(73, 0.00010630000000000001)	(74, 0.000205184)	(75, 0.000618024)	(76, 0.0)	(77, 0.0)	(78, 1.23605e-05)	(79, 0.000163158)	(80, 2.4721e-06)	(81, 8.652329999999999e-05)	(82, 0.0)	(83, 0.0)	(84, 0.0)	(85, 0.0)	(86, 0.0)	(87, 2.4721e-06)	(88, 0.00482059)	(89, 4.94419e-06)	(90, 1.97768e-05)	(91, 7.41629e-06)	(92, 0.0)	(93, 2.4721e-06)	(94, 7.41629e-06)	(95, 4.94419e-06)	(96, 0.0)	(97, 0.0)	(98, 0.0)	(99, 0.0)	(100, 2.9665099999999998e-05)	(101, 0.0)	(102, 1.23605e-05)	(103, 0.000155742)	(104, 0.0)	(105, 0.0)	(106, 0.0)	(107, 0.0)	(108, 0.0)	(109, 0.0)	(110, 0.0)	(111, 0.0)	(112, 0.0)	(113, 0.00061308)	(114, 4.20256e-05)	(115, 0.0)	(116, 9.88838e-05)	(117, 0.00017057499999999999)	(118, 0.0)	(119, 0.0)	(120, 0.0)	(121, 9.88838e-06)	(122, 0.0)	(123, 0.0)	(124, 0.0)	(125, 4.44977e-05)	(126, 0.0)	(127, 4.94419e-06)	(128, 0.0)	(129, 4.94419e-06)	(130, 2.4721e-06)	(131, 0.000889954)	(132, 0.00332991)	(133, 0.0031840600000000003)	(134, 4.44977e-05)	(135, 7.41629e-06)	(136, 1.23605e-05)	(137, 0.0)	(138, 2.4721e-05)	(139, 9.88838e-06)	(140, 0.0)	(141, 0.0)	(142, 1.4832600000000001e-05)	(143, 6.42745e-05)	(144, 0.0)	(145, 2.4721e-06)	(146, 7.41629e-06)	(147, 0.0)	(148, 0.0)	(149, 1.4832600000000001e-05)	(150, 7.41629e-06)	(151, 0.000331261)
reports | SRR30333759	(1, 0.00332005)	(2, 0.0038507899999999998)	(3, 4.6761200000000006e-06)	(4, 0.000722461)	(5, 7.01418e-06)	(6, 0.000556459)	(7, 3.0394800000000002e-05)	(8, 0.0)	(9, 0.0)	(10, 0.000121579)	(11, 9.35225e-06)	(12, 0.0)	(13, 0.0)	(14, 0.0)	(15, 0.0)	(16, 0.0)	(17, 0.00185174)	(18, 4.6761200000000006e-06)	(19, 0.0)	(20, 1.63664e-05)	(21, 2.80567e-05)	(22, 0.0)	(23, 7.7156e-05)	(24, 7.01418e-06)	(25, 4.6761200000000006e-06)	(26, 4.6761200000000006e-06)	(27, 0.0)	(28, 0.000187045)	(29, 0.0)	(30, 5.14374e-05)	(31, 6.31277e-05)	(32, 0.0)	(33, 2.57187e-05)	(34, 0.0)	(35, 9.35225e-06)	(36, 1.16903e-05)	(37, 9.35225e-06)	(38, 7.94941e-05)	(39, 2.3380600000000003e-06)	(40, 0.00230767)	(41, 0.00353749)	(42, 4.67612e-05)	(43, 8.65083e-05)	(44, 2.57187e-05)	(45, 7.01418e-06)	(46, 4.6761200000000006e-06)	(47, 2.10426e-05)	(48, 0.0)	(49, 5.377539999999999e-05)	(50, 4.67612e-05)	(51, 2.33806e-05)	(52, 0.000123917)	(53, 4.6761200000000006e-06)	(54, 7.01418e-06)	(55, 0.0)	(56, 5.377539999999999e-05)	(57, 1.63664e-05)	(58, 0.0)	(59, 9.35225e-06)	(60, 0.0)	(61, 0.00165301)	(62, 4.6761200000000006e-06)	(63, 4.44232e-05)	(64, 2.3380600000000003e-06)	(65, 7.01418e-06)	(66, 0.00013327)	(67, 4.6761200000000006e-06)	(68, 0.000600882)	(69, 0.000745842)	(70, 0.0)	(71, 0.0005284020000000001)	(72, 3.7409e-05)	(73, 0.00013560799999999998)	(74, 0.000123917)	(75, 0.00043721799999999996)	(76, 0.0)	(77, 3.9747000000000004e-05)	(78, 0.00018470700000000002)	(79, 0.000126255)	(80, 2.10426e-05)	(81, 7.7156e-05)	(82, 0.0)	(83, 0.0)	(84, 0.0)	(85, 0.00020107300000000002)	(86, 2.80567e-05)	(87, 7.01418e-06)	(88, 0.0026069400000000003)	(89, 4.6761200000000006e-06)	(90, 2.10426e-05)	(91, 1.16903e-05)	(92, 9.35225e-06)	(93, 0.0)	(94, 2.3380600000000003e-06)	(95, 1.40284e-05)	(96, 2.3380600000000003e-06)	(97, 0.0)	(98, 0.0)	(99, 0.00011690299999999999)	(100, 2.80567e-05)	(101, 2.33806e-05)	(102, 0.000259525)	(103, 0.000105213)	(104, 0.0)	(105, 7.01418e-06)	(106, 0.00021977799999999998)	(107, 9.35225e-06)	(108, 0.0)	(109, 0.0)	(110, 0.0)	(111, 7.01418e-06)	(112, 4.6761200000000006e-06)	(113, 0.000577501)	(114, 3.7409e-05)	(115, 0.0)	(116, 4.67612e-05)	(117, 0.00011690299999999999)	(118, 4.6761200000000006e-06)	(119, 0.0)	(120, 4.44232e-05)	(121, 2.57187e-05)	(122, 0.0)	(123, 0.0)	(124, 4.6761200000000006e-06)	(125, 7.4818e-05)	(126, 9.35225e-05)	(127, 2.3380600000000003e-06)	(128, 2.33806e-05)	(129, 2.3380600000000003e-06)	(130, 7.01418e-06)	(131, 0.000430203)	(132, 0.00192422)	(133, 0.0024082)	(134, 1.87045e-05)	(135, 9.35225e-06)	(136, 2.3380600000000003e-06)	(137, 2.33806e-05)	(138, 1.40284e-05)	(139, 1.40284e-05)	(140, 4.6761200000000006e-06)	(141, 0.0)	(142, 2.57187e-05)	(143, 4.44232e-05)	(144, 9.35225e-06)	(145, 4.6761200000000006e-06)	(146, 0.0)	(147, 0.0)	(148, 0.0)	(149, 2.57187e-05)	(150, 2.57187e-05)	(151, 0.0053752)
reports | SRR30333760	(1, 0.00219501)	(2, 0.003744)	(3, 7.3411799999999996e-06)	(4, 0.000746354)	(5, 0.0)	(6, 0.00068273)	(7, 1.95765e-05)	(8, 0.0)	(9, 0.0)	(10, 5.872950000000001e-05)	(11, 0.0)	(12, 0.0)	(13, 0.0)	(14, 4.89412e-06)	(15, 0.0)	(16, 0.000107671)	(17, 0.0012529)	(18, 7.3411799999999996e-06)	(19, 0.0)	(20, 0.0)	(21, 2.4470600000000003e-05)	(22, 0.0)	(23, 5.872950000000001e-05)	(24, 2.20235e-05)	(25, 0.0)	(26, 8.80942e-05)	(27, 0.0)	(28, 0.000467389)	(29, 0.0)	(30, 2.4470600000000003e-05)	(31, 2.93647e-05)	(32, 0.0)	(33, 9.78824e-06)	(34, 0.0)	(35, 2.44706e-06)	(36, 0.0)	(37, 0.0)	(38, 2.69177e-05)	(39, 0.0)	(40, 0.0016419800000000001)	(41, 0.000408659)	(42, 0.0)	(43, 0.0)	(44, 1.4682399999999999e-05)	(45, 6.607060000000001e-05)	(46, 0.0)	(47, 7.3411799999999996e-06)	(48, 9.78824e-06)	(49, 0.0)	(50, 0.000293647)	(51, 3.42588e-05)	(52, 5.6282399999999995e-05)	(53, 2.44706e-06)	(54, 2.69177e-05)	(55, 0.0)	(56, 0.0)	(57, 3.9153e-05)	(58, 0.0)	(59, 1.2235300000000001e-05)	(60, 0.0)	(61, 0.0)	(62, 0.0)	(63, 0.0)	(64, 8.80942e-05)	(65, 7.3411799999999996e-06)	(66, 0.000264283)	(67, 4.89412e-06)	(68, 0.0)	(69, 0.000464942)	(70, 0.0)	(71, 0.000513883)	(72, 0.0)	(73, 5.3835299999999996e-05)	(74, 3.9153e-05)	(75, 0.0)	(76, 4.89412e-06)	(77, 0.00019087099999999998)	(78, 0.00042823599999999997)	(79, 9.29883e-05)	(80, 0.00022023500000000002)	(81, 4.40471e-05)	(82, 0.0)	(83, 0.0)	(84, 0.0)	(85, 0.0001664)	(86, 7.3411799999999996e-06)	(87, 0.0)	(88, 0.0017472000000000002)	(89, 0.0)	(90, 2.4470600000000003e-05)	(91, 3.67059e-05)	(92, 5.872950000000001e-05)	(93, 0.0)	(94, 0.0)	(95, 7.3411799999999996e-06)	(96, 0.0)	(97, 0.0)	(98, 0.0)	(99, 0.00022023500000000002)	(100, 1.4682399999999999e-05)	(101, 7.3411799999999996e-06)	(102, 0.000587295)	(103, 7.34118e-05)	(104, 2.93647e-05)	(105, 1.71294e-05)	(106, 0.00025449399999999997)	(107, 5.872950000000001e-05)	(108, 9.78824e-06)	(109, 2.44706e-06)	(110, 0.0)	(111, 7.3411799999999996e-06)	(112, 0.0)	(113, 0.000188424)	(114, 1.4682399999999999e-05)	(115, 0.0)	(116, 4.89412e-06)	(117, 0.0)	(118, 0.000154165)	(119, 0.0)	(120, 0.000149271)	(121, 4.8941200000000005e-05)	(122, 0.0)	(123, 9.78824e-06)	(124, 0.0)	(125, 1.71294e-05)	(126, 1.71294e-05)	(127, 0.0)	(128, 2.69177e-05)	(129, 2.44706e-06)	(130, 4.64942e-05)	(131, 0.000259388)	(132, 0.0016688999999999999)	(133, 0.0)	(134, 9.78824e-06)	(135, 7.3411799999999996e-06)	(136, 0.0)	(137, 5.3835299999999996e-05)	(138, 0.0)	(139, 0.0)	(140, 2.44706e-06)	(141, 0.0)	(142, 9.78824e-06)	(143, 4.89412e-06)	(144, 8.0753e-05)	(145, 4.89412e-06)	(146, 0.0)	(147, 7.3411799999999996e-06)	(148, 0.0)	(149, 5.3835299999999996e-05)	(150, 9.78824e-06)	(151, 0.006861559999999999)
reports | SRR30333761	(1, 0.00318083)	(2, 0.004571700000000001)	(3, 0.0)	(4, 0.0010395699999999999)	(5, 4.77961e-06)	(6, 0.000748009)	(7, 4.77961e-05)	(8, 0.0)	(9, 0.0)	(10, 9.55922e-05)	(11, 1.43388e-05)	(12, 0.0)	(13, 1.43388e-05)	(14, 0.0)	(15, 0.0)	(16, 0.0)	(17, 0.00183298)	(18, 2.3898e-06)	(19, 0.0)	(20, 1.67286e-05)	(21, 3.58471e-05)	(22, 0.0)	(23, 0.000112321)	(24, 0.0)	(25, 1.43388e-05)	(26, 2.3898e-06)	(27, 0.0)	(28, 0.000301115)	(29, 1.1948999999999999e-05)	(30, 5.25757e-05)	(31, 2.3897999999999997e-05)	(32, 0.0)	(33, 2.3898e-06)	(34, 0.0)	(35, 4.77961e-06)	(36, 0.0)	(37, 0.0)	(38, 0.0)	(39, 0.0)	(40, 0.00245911)	(41, 0.000547265)	(42, 0.0)	(43, 0.0)	(44, 2.62879e-05)	(45, 7.16941e-06)	(46, 0.0)	(47, 2.15082e-05)	(48, 0.0)	(49, 0.0)	(50, 5.0185900000000003e-05)	(51, 2.62879e-05)	(52, 6.45247e-05)	(53, 7.16941e-06)	(54, 7.16941e-06)	(55, 2.3898e-06)	(56, 0.0)	(57, 2.3898e-06)	(58, 0.0)	(59, 7.16941e-06)	(60, 0.0)	(61, 2.3898e-06)	(62, 0.0)	(63, 0.0)	(64, 0.0)	(65, 0.0)	(66, 0.000207913)	(67, 4.77961e-06)	(68, 0.0)	(69, 0.000767127)	(70, 0.0)	(71, 0.0007838560000000001)	(72, 6.930429999999999e-05)	(73, 0.000136219)	(74, 1.1948999999999999e-05)	(75, 2.3898e-06)	(76, 0.0)	(77, 5.25757e-05)	(78, 0.000339352)	(79, 0.00012427)	(80, 2.62879e-05)	(81, 2.3898e-06)	(82, 2.3898e-06)	(83, 0.0)	(84, 0.0)	(85, 0.000332183)	(86, 4.54063e-05)	(87, 0.0)	(88, 0.0025929399999999997)	(89, 0.0)	(90, 0.0)	(91, 7.16941e-06)	(92, 4.77961e-06)	(93, 0.0)	(94, 2.3898e-06)	(95, 1.91184e-05)	(96, 2.3898e-06)	(97, 0.0)	(98, 4.77961e-06)	(99, 0.000212693)	(100, 3.3457299999999996e-05)	(101, 3.10675e-05)	(102, 0.00038236899999999997)	(103, 0.000100372)	(104, 0.0)	(105, 1.43388e-05)	(106, 0.000313064)	(107, 4.77961e-06)	(108, 0.0)	(109, 7.16941e-06)	(110, 0.0)	(111, 4.77961e-06)	(112, 0.0)	(113, 0.000224642)	(114, 5.25757e-05)	(115, 0.0)	(116, 0.0)	(117, 0.0)	(118, 9.55922e-06)	(119, 0.0)	(120, 6.69145e-05)	(121, 2.3897999999999997e-05)	(122, 0.0)	(123, 0.0)	(124, 1.67286e-05)	(125, 0.000109931)	(126, 0.00012188)	(127, 0.0)	(128, 1.67286e-05)	(129, 7.16941e-06)	(130, 0.0)	(131, 0.000451673)	(132, 0.00203133)	(133, 0.0)	(134, 2.15082e-05)	(135, 7.16941e-06)	(136, 0.0)	(137, 1.91184e-05)	(138, 0.0)	(139, 4.77961e-06)	(140, 0.0)	(141, 0.0)	(142, 2.15082e-05)	(143, 0.0)	(144, 1.1948999999999999e-05)	(145, 9.55922e-06)	(146, 0.0)	(147, 0.0)	(148, 0.0)	(149, 2.86777e-05)	(150, 4.54063e-05)	(151, 0.0070881600000000005)
reports | SRR30333762	(1, 0.0021417199999999997)	(2, 0.004194310000000001)	(3, 2.47598e-06)	(4, 0.000722985)	(5, 0.0)	(6, 0.0007031779999999999)	(7, 2.2283799999999998e-05)	(8, 0.0)	(9, 2.47598e-06)	(10, 9.90391e-05)	(11, 0.0)	(12, 0.0)	(13, 4.95195e-06)	(14, 0.0)	(15, 0.0)	(16, 8.66592e-05)	(17, 0.0012058000000000001)	(18, 7.42793e-06)	(19, 2.47598e-06)	(20, 0.0)	(21, 3.71397e-05)	(22, 0.0)	(23, 5.19955e-05)	(24, 2.4759800000000003e-05)	(25, 9.90391e-06)	(26, 0.000103991)	(27, 0.0)	(28, 0.000428344)	(29, 0.0)	(30, 2.9711700000000002e-05)	(31, 3.46637e-05)	(32, 0.0)	(33, 9.90391e-06)	(34, 0.0)	(35, 1.73318e-05)	(36, 0.0)	(37, 0.0)	(38, 2.72357e-05)	(39, 0.0)	(40, 0.0016168099999999998)	(41, 0.000361493)	(42, 0.0)	(43, 0.0)	(44, 2.2283799999999998e-05)	(45, 6.43754e-05)	(46, 0.0)	(47, 9.90391e-06)	(48, 7.42793e-06)	(49, 0.0)	(50, 0.000212934)	(51, 3.46637e-05)	(52, 2.9711700000000002e-05)	(53, 2.47598e-06)	(54, 2.72357e-05)	(55, 0.0)	(56, 0.0)	(57, 2.9711700000000002e-05)	(58, 0.0)	(59, 1.2379900000000002e-05)	(60, 0.0)	(61, 0.0)	(62, 0.0)	(63, 0.0)	(64, 7.42793e-05)	(65, 2.2283799999999998e-05)	(66, 0.000282261)	(67, 2.47598e-06)	(68, 0.0)	(69, 0.000465484)	(70, 0.0)	(71, 0.000487768)	(72, 0.0)	(73, 2.9711700000000002e-05)	(74, 4.2091599999999995e-05)	(75, 0.0)	(76, 4.95195e-06)	(77, 0.00017827)	(78, 0.000346637)	(79, 6.18994e-05)	(80, 0.000175794)	(81, 6.43754e-05)	(82, 0.0)	(83, 0.0)	(84, 0.0)	(85, 0.000153511)	(86, 2.47598e-06)	(87, 0.0)	(88, 0.0017232799999999998)	(89, 4.95195e-06)	(90, 2.9711700000000002e-05)	(91, 3.96156e-05)	(92, 6.43754e-05)	(93, 0.0)	(94, 0.0)	(95, 0.0)	(96, 0.0)	(97, 0.0)	(98, 0.0)	(99, 0.00017827)	(100, 4.95195e-06)	(101, 1.98078e-05)	(102, 0.0006388020000000001)	(103, 3.96156e-05)	(104, 1.98078e-05)	(105, 2.9711700000000002e-05)	(106, 0.000247598)	(107, 0.000103991)	(108, 9.90391e-06)	(109, 4.95195e-06)	(110, 0.0)	(111, 4.95195e-06)	(112, 0.0)	(113, 0.000242646)	(114, 2.9711700000000002e-05)	(115, 0.0)	(116, 2.47598e-06)	(117, 0.0)	(118, 0.000136179)	(119, 0.0)	(120, 0.000118847)	(121, 8.66592e-05)	(122, 0.0)	(123, 1.48559e-05)	(124, 7.42793e-06)	(125, 1.48559e-05)	(126, 1.98078e-05)	(127, 0.0)	(128, 4.7043600000000005e-05)	(129, 0.0)	(130, 4.7043600000000005e-05)	(131, 0.000272357)	(132, 0.0016910900000000001)	(133, 0.0)	(134, 1.73318e-05)	(135, 0.0)	(136, 0.0)	(137, 4.95195e-05)	(138, 0.0)	(139, 0.0)	(140, 0.0)	(141, 0.0)	(142, 1.73318e-05)	(143, 4.95195e-06)	(144, 8.418319999999999e-05)	(145, 4.95195e-06)	(146, 0.0)	(147, 7.42793e-06)	(148, 0.0)	(149, 7.18033e-05)	(150, 1.48559e-05)	(151, 0.0065143)
reports | SRR30333763	(1, 0.0)	(2, 0.00383015)	(3, 2.3340400000000003e-06)	(4, 0.00106665)	(5, 0.0)	(6, 0.0007959060000000001)	(7, 2.10063e-05)	(8, 0.0)	(9, 2.3340400000000003e-06)	(10, 8.40253e-05)	(11, 2.3340400000000003e-06)	(12, 0.0)	(13, 0.0)	(14, 0.0)	(15, 0.0)	(16, 0.000154046)	(17, 0.0)	(18, 1.63382e-05)	(19, 0.0)	(20, 0.0)	(21, 3.26765e-05)	(22, 0.0)	(23, 7.23551e-05)	(24, 1.86723e-05)	(25, 0.0)	(26, 0.000116702)	(27, 0.0)	(28, 0.000609183)	(29, 0.0)	(30, 3.50105e-05)	(31, 2.3340399999999998e-05)	(32, 0.0)	(33, 1.1670199999999999e-05)	(34, 0.0)	(35, 9.336140000000001e-06)	(36, 0.0)	(37, 0.0)	(38, 3.9678599999999996e-05)	(39, 2.3340400000000003e-06)	(40, 0.00038978399999999995)	(41, 6.3019e-05)	(42, 0.0)	(43, 0.0)	(44, 1.40042e-05)	(45, 5.36828e-05)	(46, 0.0)	(47, 9.336140000000001e-06)	(48, 2.3340400000000003e-06)	(49, 0.0)	(50, 0.00036411)	(51, 4.66807e-05)	(52, 1.1670199999999999e-05)	(53, 0.0)	(54, 3.0342499999999996e-05)	(55, 0.0)	(56, 0.0)	(57, 5.60169e-05)	(58, 0.0)	(59, 2.3340399999999998e-05)	(60, 0.0)	(61, 0.0)	(62, 0.0)	(63, 0.0)	(64, 0.000116702)	(65, 7.002109999999999e-06)	(66, 0.00038278199999999997)	(67, 2.3340400000000003e-06)	(68, 0.0)	(69, 0.0)	(70, 0.0)	(71, 0.000725885)	(72, 0.0)	(73, 2.3340400000000003e-06)	(74, 3.50105e-05)	(75, 0.0)	(76, 7.002109999999999e-06)	(77, 0.000263746)	(78, 0.000564837)	(79, 0.0)	(80, 0.000270748)	(81, 4.90147e-05)	(82, 0.0)	(83, 0.0)	(84, 0.0)	(85, 0.000207729)	(86, 0.0)	(87, 0.0)	(88, 2.80084e-05)	(89, 0.0)	(90, 4.43467e-05)	(91, 3.26765e-05)	(92, 6.3019e-05)	(93, 0.0)	(94, 0.0)	(95, 0.0)	(96, 0.0)	(97, 0.0)	(98, 0.0)	(99, 0.000273082)	(100, 0.0)	(101, 1.86723e-05)	(102, 0.000835585)	(103, 0.0)	(104, 5.36828e-05)	(105, 2.10063e-05)	(106, 0.000343103)	(107, 8.16912e-05)	(108, 1.86723e-05)	(109, 2.3340400000000003e-06)	(110, 0.0)	(111, 9.336140000000001e-06)	(112, 0.0)	(113, 0.000196059)	(114, 0.0)	(115, 0.0)	(116, 0.0)	(117, 0.0)	(118, 0.000212397)	(119, 0.0)	(120, 0.000182055)	(121, 6.3019e-05)	(122, 0.0)	(123, 2.3340399999999998e-05)	(124, 7.002109999999999e-06)	(125, 2.5674400000000003e-05)	(126, 2.3340400000000003e-06)	(127, 0.0)	(128, 3.50105e-05)	(129, 0.0)	(130, 0.000100364)	(131, 2.3340400000000003e-06)	(132, 0.0006652)	(133, 0.0)	(134, 0.0)	(135, 0.0)	(136, 0.0)	(137, 7.46891e-05)	(138, 0.0)	(139, 0.0)	(140, 0.0)	(141, 0.0)	(142, 1.40042e-05)	(143, 9.336140000000001e-06)	(144, 0.00011203399999999999)	(145, 2.3340400000000003e-06)	(146, 0.0)	(147, 1.1670199999999999e-05)	(148, 0.0)	(149, 5.8350900000000004e-05)	(150, 1.1670199999999999e-05)	(151, 0.00911208)
reports | SRR30333764	(1, 0.00195495)	(2, 0.00399382)	(3, 7.4051099999999995e-06)	(4, 0.0007750680000000001)	(5, 0.0)	(6, 0.000770131)	(7, 2.46837e-05)	(8, 0.0)	(9, 2.46837e-06)	(10, 0.00011107700000000001)	(11, 0.0)	(12, 0.0)	(13, 2.46837e-06)	(14, 0.0)	(15, 0.0)	(16, 0.000123418)	(17, 0.0011552)	(18, 1.23418e-05)	(19, 0.0)	(20, 0.0)	(21, 3.70255e-05)	(22, 0.0)	(23, 5.92409e-05)	(24, 1.9747e-05)	(25, 9.87348e-06)	(26, 0.00011107700000000001)	(27, 0.0)	(28, 0.000493674)	(29, 2.46837e-06)	(30, 1.9747e-05)	(31, 1.9747e-05)	(32, 0.0)	(33, 4.93674e-06)	(34, 0.0)	(35, 9.87348e-06)	(36, 4.93674e-06)	(37, 0.0)	(38, 2.71521e-05)	(39, 2.46837e-06)	(40, 0.0016167800000000002)	(41, 0.00031842)	(42, 0.0)	(43, 0.0)	(44, 1.9747e-05)	(45, 5.43041e-05)	(46, 0.0)	(47, 7.4051099999999995e-06)	(48, 2.46837e-06)	(49, 0.0)	(50, 0.000301141)	(51, 3.70255e-05)	(52, 3.70255e-05)	(53, 2.46837e-06)	(54, 1.23418e-05)	(55, 2.46837e-06)	(56, 0.0)	(57, 3.70255e-05)	(58, 0.0)	(59, 9.87348e-06)	(60, 0.0)	(61, 0.0)	(62, 0.0)	(63, 0.0)	(64, 0.000103672)	(65, 9.87348e-06)	(66, 0.000286331)	(67, 4.93674e-06)	(68, 0.0)	(69, 0.000456648)	(70, 0.0)	(71, 0.000555383)	(72, 0.0)	(73, 4.6899e-05)	(74, 3.94939e-05)	(75, 0.0)	(76, 9.87348e-06)	(77, 0.000229558)	(78, 0.00043443299999999997)	(79, 7.15827e-05)	(80, 0.000219685)	(81, 6.17092e-05)	(82, 0.0)	(83, 0.0)	(84, 0.0)	(85, 0.000162912)	(86, 2.46837e-06)	(87, 0.0)	(88, 0.0016118500000000002)	(89, 0.0)	(90, 1.72786e-05)	(91, 4.44307e-05)	(92, 7.89878e-05)	(93, 0.0)	(94, 2.46837e-06)	(95, 0.0)	(96, 0.0)	(97, 0.0)	(98, 0.0)	(99, 0.00021228)	(100, 1.4810200000000001e-05)	(101, 9.87348e-06)	(102, 0.000612156)	(103, 5.6772500000000006e-05)	(104, 3.2088800000000004e-05)	(105, 2.71521e-05)	(106, 0.000286331)	(107, 5.92409e-05)	(108, 7.4051099999999995e-06)	(109, 2.46837e-06)	(110, 0.0)	(111, 2.46837e-06)	(112, 0.0)	(113, 0.00022215299999999997)	(114, 2.71521e-05)	(115, 0.0)	(116, 0.0)	(117, 0.0)	(118, 0.00017772300000000002)	(119, 0.0)	(120, 0.000153039)	(121, 4.93674e-05)	(122, 0.0)	(123, 1.23418e-05)	(124, 0.0)	(125, 1.23418e-05)	(126, 1.23418e-05)	(127, 0.0)	(128, 3.45572e-05)	(129, 2.46837e-06)	(130, 6.6646e-05)	(131, 0.00022709000000000002)	(132, 0.0015994999999999998)	(133, 0.0)	(134, 1.23418e-05)	(135, 4.93674e-06)	(136, 0.0)	(137, 5.92409e-05)	(138, 0.0)	(139, 0.0)	(140, 0.0)	(141, 0.0)	(142, 2.22153e-05)	(143, 9.87348e-06)	(144, 0.000103672)	(145, 4.93674e-06)	(146, 0.0)	(147, 7.4051099999999995e-06)	(148, 0.0)	(149, 6.17092e-05)	(150, 1.23418e-05)	(151, 0.006825040000000001)
reports | SRR30333765	(1, 0.00282179)	(2, 0.0048384100000000005)	(3, 9.909700000000001e-06)	(4, 0.0009711510000000001)	(5, 1.23871e-05)	(6, 0.000733318)	(7, 5.45034e-05)	(8, 2.47743e-06)	(9, 0.0)	(10, 9.16648e-05)	(11, 2.22968e-05)	(12, 0.0)	(13, 4.9548500000000005e-06)	(14, 0.0)	(15, 0.0)	(16, 0.0)	(17, 0.0016251899999999999)	(18, 0.0)	(19, 0.0)	(20, 1.48646e-05)	(21, 3.22065e-05)	(22, 0.0)	(23, 0.000121394)	(24, 2.47743e-06)	(25, 9.909700000000001e-06)	(26, 4.9548500000000005e-06)	(27, 0.0)	(28, 0.00026013)	(29, 2.22968e-05)	(30, 4.21162e-05)	(31, 4.70711e-05)	(32, 0.0)	(33, 2.47743e-06)	(34, 0.0)	(35, 9.909700000000001e-06)	(36, 0.0)	(37, 0.0)	(38, 0.0)	(39, 0.0)	(40, 0.00220243)	(41, 0.00049053)	(42, 0.0)	(43, 0.0)	(44, 1.9819400000000002e-05)	(45, 4.9548500000000005e-06)	(46, 0.0)	(47, 3.4684e-05)	(48, 0.0)	(49, 2.47743e-06)	(50, 7.927760000000001e-05)	(51, 3.22065e-05)	(52, 5.202589999999999e-05)	(53, 4.9548500000000005e-06)	(54, 1.23871e-05)	(55, 0.0)	(56, 0.0)	(57, 2.47743e-05)	(58, 0.0)	(59, 7.43228e-06)	(60, 0.0)	(61, 2.47743e-06)	(62, 2.47743e-06)	(63, 0.0)	(64, 0.0)	(65, 2.47743e-06)	(66, 0.00019819399999999998)	(67, 4.9548500000000005e-06)	(68, 4.9548500000000005e-06)	(69, 0.000711021)	(70, 0.0)	(71, 0.000661473)	(72, 7.680020000000001e-05)	(73, 0.000138736)	(74, 4.9548500000000005e-06)	(75, 4.9548500000000005e-06)	(76, 0.0)	(77, 4.9548499999999995e-05)	(78, 0.00026260700000000004)	(79, 0.000104052)	(80, 4.70711e-05)	(81, 4.9548500000000005e-06)	(82, 0.0)	(83, 0.0)	(84, 0.0)	(85, 0.000314633)	(86, 2.72517e-05)	(87, 0.0)	(88, 0.0022767499999999997)	(89, 0.0)	(90, 2.47743e-06)	(91, 7.43228e-06)	(92, 2.22968e-05)	(93, 0.0)	(94, 0.0)	(95, 1.23871e-05)	(96, 4.9548500000000005e-06)	(97, 0.0)	(98, 0.0)	(99, 0.000175897)	(100, 2.72517e-05)	(101, 5.69808e-05)	(102, 0.00029976899999999997)	(103, 0.000109007)	(104, 0.0)	(105, 1.9819400000000002e-05)	(106, 0.000287381)	(107, 1.48646e-05)	(108, 4.9548500000000005e-06)	(109, 0.0)	(110, 0.0)	(111, 7.43228e-06)	(112, 7.43228e-06)	(113, 0.000230401)	(114, 4.9548499999999995e-05)	(115, 0.0)	(116, 0.0)	(117, 0.0)	(118, 1.48646e-05)	(119, 0.0)	(120, 8.42325e-05)	(121, 1.9819400000000002e-05)	(122, 0.0)	(123, 0.0)	(124, 2.47743e-05)	(125, 0.00010157399999999999)	(126, 0.000126349)	(127, 0.0)	(128, 9.909700000000001e-06)	(129, 4.9548500000000005e-06)	(130, 0.0)	(131, 0.00040382)	(132, 0.0018977100000000002)	(133, 2.47743e-06)	(134, 1.23871e-05)	(135, 2.47743e-06)	(136, 0.0)	(137, 2.97291e-05)	(138, 0.0)	(139, 1.23871e-05)	(140, 0.0)	(141, 0.0)	(142, 1.23871e-05)	(143, 0.0)	(144, 1.9819400000000002e-05)	(145, 9.909700000000001e-06)	(146, 0.0)	(147, 0.0)	(148, 0.0)	(149, 2.72517e-05)	(150, 3.71614e-05)	(151, 0.00671135)
reports | SRR30333766	(1, 0.00197269)	(2, 0.00339445)	(3, 2.2215000000000002e-06)	(4, 0.0007641939999999999)	(5, 2.2215000000000002e-06)	(6, 0.000557595)	(7, 1.3329e-05)	(8, 0.0)	(9, 0.0)	(10, 5.99804e-05)	(11, 0.0)	(12, 0.0)	(13, 2.2215000000000002e-06)	(14, 0.0)	(15, 0.0)	(16, 7.33094e-05)	(17, 0.00122849)	(18, 4.442990000000001e-06)	(19, 0.0)	(20, 0.0)	(21, 1.55505e-05)	(22, 0.0)	(23, 4.8872900000000004e-05)	(24, 4.442990000000001e-06)	(25, 6.66449e-06)	(26, 9.996730000000001e-05)	(27, 0.0)	(28, 0.00044652099999999996)	(29, 0.0)	(30, 6.22019e-05)	(31, 3.3322400000000005e-05)	(32, 0.0)	(33, 3.99869e-05)	(34, 0.0)	(35, 0.0)	(36, 6.66449e-06)	(37, 1.7772000000000002e-05)	(38, 0.00013329)	(39, 6.66449e-06)	(40, 0.00160392)	(41, 0.0038009800000000002)	(42, 5.99804e-05)	(43, 0.00011107499999999999)	(44, 1.3329e-05)	(45, 3.11009e-05)	(46, 0.0)	(47, 1.55505e-05)	(48, 1.11075e-05)	(49, 9.10813e-05)	(50, 0.000255472)	(51, 3.3322400000000005e-05)	(52, 7.775229999999999e-05)	(53, 2.2215000000000002e-06)	(54, 2.66579e-05)	(55, 0.0)	(56, 8.66383e-05)	(57, 3.11009e-05)	(58, 0.0)	(59, 1.11075e-05)	(60, 0.0)	(61, 0.00203933)	(62, 2.2215e-05)	(63, 4.8872900000000004e-05)	(64, 5.1094399999999997e-05)	(65, 1.99935e-05)	(66, 0.00024214300000000003)	(67, 4.442990000000001e-06)	(68, 0.000733094)	(69, 0.000444299)	(70, 0.0)	(71, 0.00045318499999999994)	(72, 0.0)	(73, 3.11009e-05)	(74, 0.000231036)	(75, 0.00051983)	(76, 4.442990000000001e-06)	(77, 0.00016439099999999998)	(78, 0.000384319)	(79, 5.99804e-05)	(80, 0.000188827)	(81, 0.00011107499999999999)	(82, 0.0)	(83, 0.0)	(84, 0.0)	(85, 0.000137733)	(86, 2.2215000000000002e-06)	(87, 1.11075e-05)	(88, 0.0017794199999999999)	(89, 2.2215000000000002e-06)	(90, 1.99935e-05)	(91, 2.88794e-05)	(92, 3.77654e-05)	(93, 0.0)	(94, 0.0)	(95, 2.2215000000000002e-06)	(96, 0.0)	(97, 0.0)	(98, 0.0)	(99, 0.000195492)	(100, 2.2215000000000002e-06)	(101, 8.885980000000001e-06)	(102, 0.0005376020000000001)	(103, 3.55439e-05)	(104, 2.66579e-05)	(105, 1.55505e-05)	(106, 0.00023769999999999998)	(107, 6.664489999999999e-05)	(108, 1.11075e-05)	(109, 2.2215000000000002e-06)	(110, 0.0)	(111, 0.0)	(112, 6.66449e-06)	(113, 0.000562038)	(114, 2.66579e-05)	(115, 0.0)	(116, 0.00010441000000000001)	(117, 0.000146619)	(118, 0.000153283)	(119, 0.0)	(120, 9.774580000000001e-05)	(121, 5.77589e-05)	(122, 0.0)	(123, 1.3329e-05)	(124, 0.0)	(125, 5.55374e-05)	(126, 1.11075e-05)	(127, 0.0)	(128, 4.22084e-05)	(129, 2.2215000000000002e-06)	(130, 8.88598e-05)	(131, 0.000233257)	(132, 0.00139066)	(133, 0.00284796)	(134, 6.66449e-06)	(135, 2.2215000000000002e-06)	(136, 6.66449e-06)	(137, 3.55439e-05)	(138, 2.2215e-05)	(139, 1.55505e-05)	(140, 0.0)	(141, 0.0)	(142, 1.55505e-05)	(143, 4.66514e-05)	(144, 7.33094e-05)	(145, 4.442990000000001e-06)	(146, 6.66449e-06)	(147, 6.66449e-06)	(148, 0.0)	(149, 3.77654e-05)	(150, 1.7772000000000002e-05)	(151, 0.00634459)
reports | SRR30333767	(1, 0.0021605699999999997)	(2, 0.004092950000000001)	(3, 4.7537200000000005e-06)	(4, 0.000705927)	(5, 0.0)	(6, 0.000710681)	(7, 9.507440000000001e-06)	(8, 0.0)	(9, 0.0)	(10, 9.03207e-05)	(11, 0.0)	(12, 0.0)	(13, 0.0)	(14, 0.0)	(15, 0.0)	(16, 0.000111712)	(17, 0.00123359)	(18, 1.18843e-05)	(19, 2.3768600000000002e-06)	(20, 0.0)	(21, 2.85223e-05)	(22, 0.0)	(23, 6.41752e-05)	(24, 9.507440000000001e-06)	(25, 7.13058e-06)	(26, 6.65521e-05)	(27, 0.0)	(28, 0.00042783500000000005)	(29, 0.0)	(30, 4.51603e-05)	(31, 4.27835e-05)	(32, 0.0)	(33, 2.3768600000000002e-06)	(34, 0.0)	(35, 9.507440000000001e-06)	(36, 2.3768600000000002e-06)	(37, 0.0)	(38, 2.13917e-05)	(39, 4.7537200000000005e-06)	(40, 0.0016566699999999998)	(41, 0.000375544)	(42, 0.0)	(43, 0.0)	(44, 1.42612e-05)	(45, 5.46678e-05)	(46, 0.0)	(47, 2.3768600000000002e-06)	(48, 0.0)	(49, 0.0)	(50, 0.000301861)	(51, 3.56529e-05)	(52, 3.56529e-05)	(53, 2.3768600000000002e-06)	(54, 9.507440000000001e-06)	(55, 0.0)	(56, 0.0)	(57, 4.51603e-05)	(58, 0.0)	(59, 7.13058e-06)	(60, 0.0)	(61, 0.0)	(62, 0.0)	(63, 0.0)	(64, 8.79438e-05)	(65, 1.18843e-05)	(66, 0.000247193)	(67, 0.0)	(68, 0.0)	(69, 0.000511025)	(70, 0.0)	(71, 0.000489633)	(72, 0.0)	(73, 5.46678e-05)	(74, 2.61455e-05)	(75, 0.0)	(76, 2.3768600000000002e-06)	(77, 0.000190149)	(78, 0.00041357400000000005)	(79, 8.31901e-05)	(80, 0.00022342499999999997)	(81, 3.56529e-05)	(82, 0.0)	(83, 0.0)	(84, 0.0)	(85, 0.00016638000000000002)	(86, 2.3768600000000002e-06)	(87, 0.0)	(88, 0.00174461)	(89, 2.3768600000000002e-06)	(90, 3.0899200000000004e-05)	(91, 4.27835e-05)	(92, 6.65521e-05)	(93, 0.0)	(94, 0.0)	(95, 0.0)	(96, 0.0)	(97, 0.0)	(98, 0.0)	(99, 0.000194902)	(100, 1.42612e-05)	(101, 1.6638000000000002e-05)	(102, 0.000546678)	(103, 6.89289e-05)	(104, 4.04066e-05)	(105, 1.18843e-05)	(106, 0.000256701)	(107, 4.27835e-05)	(108, 4.7537200000000005e-06)	(109, 0.0)	(110, 0.0)	(111, 4.7537200000000005e-06)	(112, 0.0)	(113, 0.00020203299999999998)	(114, 1.90149e-05)	(115, 0.0)	(116, 2.3768600000000002e-06)	(117, 0.0)	(118, 0.000161626)	(119, 0.0)	(120, 0.00012835)	(121, 3.3276000000000005e-05)	(122, 0.0)	(123, 4.7537200000000005e-06)	(124, 2.3768600000000002e-06)	(125, 7.13058e-06)	(126, 4.7537200000000005e-06)	(127, 0.0)	(128, 2.13917e-05)	(129, 2.3768600000000002e-06)	(130, 7.368259999999999e-05)	(131, 0.000278093)	(132, 0.0016328999999999998)	(133, 0.0)	(134, 1.18843e-05)	(135, 0.0)	(136, 0.0)	(137, 5.9421499999999993e-05)	(138, 0.0)	(139, 0.0)	(140, 0.0)	(141, 0.0)	(142, 1.18843e-05)	(143, 9.507440000000001e-06)	(144, 8.31901e-05)	(145, 0.0)	(146, 0.0)	(147, 9.507440000000001e-06)	(148, 0.0)	(149, 6.41752e-05)	(150, 9.507440000000001e-06)	(151, 0.00639137)
reports | SRR30333768	(1, 0.0036943999999999996)	(2, 0.00687548)	(3, 0.0)	(4, 2.40991e-06)	(5, 0.0)	(6, 0.0007687620000000001)	(7, 0.0)	(8, 0.0)	(9, 0.0)	(10, 0.000202433)	(11, 0.0)	(12, 0.0)	(13, 4.81982e-06)	(14, 0.0)	(15, 0.0)	(16, 0.0)	(17, 0.00225327)	(18, 0.0)	(19, 0.0)	(20, 0.0)	(21, 5.78379e-05)	(22, 0.0)	(23, 0.0)	(24, 0.0)	(25, 1.2049599999999999e-05)	(26, 4.81982e-06)	(27, 0.0)	(28, 0.0)	(29, 0.0)	(30, 0.0)	(31, 7.47073e-05)	(32, 0.0)	(33, 2.40991e-06)	(34, 0.0)	(35, 0.0)	(36, 0.0)	(37, 0.0)	(38, 0.0)	(39, 0.0)	(40, 0.00250149)	(41, 0.000609708)	(42, 0.0)	(43, 0.0)	(44, 4.57883e-05)	(45, 0.0)	(46, 0.0)	(47, 0.0)	(48, 0.0)	(49, 0.0)	(50, 0.0)	(51, 0.0)	(52, 0.00010362600000000001)	(53, 7.22974e-06)	(54, 0.0)	(55, 0.0)	(56, 0.0)	(57, 0.0)	(58, 0.0)	(59, 0.0)	(60, 0.0)	(61, 0.0)	(62, 0.0)	(63, 0.0)	(64, 0.0)	(65, 0.0)	(66, 0.0)	(67, 0.0)	(68, 0.0)	(69, 0.0008964870000000001)	(70, 0.0)	(71, 0.0)	(72, 0.0)	(73, 9.639650000000001e-05)	(74, 9.63965e-06)	(75, 0.0)	(76, 0.0)	(77, 9.63965e-06)	(78, 2.40991e-06)	(79, 0.000144595)	(80, 1.2049599999999999e-05)	(81, 0.0)	(82, 0.0)	(83, 0.0)	(84, 0.0)	(85, 2.40991e-06)	(86, 0.0)	(87, 0.0)	(88, 0.0031425299999999997)	(89, 2.40991e-06)	(90, 0.0)	(91, 1.6869399999999998e-05)	(92, 0.0)	(93, 0.0)	(94, 0.0)	(95, 9.63965e-06)	(96, 0.0)	(97, 0.0)	(98, 0.0)	(99, 0.0)	(100, 9.63965e-06)	(101, 0.0)	(102, 2.40991e-06)	(103, 0.000130135)	(104, 0.0)	(105, 0.0)	(106, 0.0)	(107, 0.0)	(108, 0.0)	(109, 0.0)	(110, 0.0)	(111, 0.0)	(112, 0.0)	(113, 0.000414505)	(114, 4.3378400000000005e-05)	(115, 0.0)	(116, 0.0)	(117, 0.0)	(118, 0.0)	(119, 0.0)	(120, 0.0)	(121, 0.0)	(122, 0.0)	(123, 0.0)	(124, 0.0)	(125, 0.0)	(126, 0.0)	(127, 0.0)	(128, 0.0)	(129, 1.4459500000000001e-05)	(130, 0.0)	(131, 0.000515721)	(132, 0.00196167)	(133, 0.0)	(134, 2.89189e-05)	(135, 4.81982e-06)	(136, 0.0)	(137, 0.0)	(138, 7.22974e-06)	(139, 0.0)	(140, 0.0)	(141, 0.0)	(142, 3.3738799999999996e-05)	(143, 0.0)	(144, 0.0)	(145, 0.0)	(146, 0.0)	(147, 0.0)	(148, 0.0)	(149, 2.40991e-05)	(150, 0.0)	(151, 0.000240991)
