Sample	0	1	2	3	4	5	6	7	8	9	10	11	12	13	14	15	16	17	18	19	20	21	22	23	24	25	26	27	28	29	30	31	32	33	34	35	36	37	38	39	40	41	42	43	44	45	46	47	48	49	50	51	52	53	54	55	56	57	58	59	60	61	62	63	64	65	66	67	68	69	70	71	72	73	74	75	76	77	78	79	80	81	82	83	84	85	86	87	88	89	90	91	92	93	94	95	96	97	98	99	100	101	102	103	104	105	106	107	108	109	110	111	112	113	114	115	116	117	118	119	120	121	122	123	124	125	126	127	128	129	130	131	132	133	134	135	136	137	138	139	140	141	142	143	144	145	146	147	148	149	150
reports | SRR30333743	(1, 72.3387)	(2, 49.4155)	(3, 52.8301)	(4, 51.623799999999996)	(5, 51.527699999999996)	(6, 48.753299999999996)	(7, 50.4712)	(8, 54.928200000000004)	(9, 52.5039)	(10, 48.4852)	(11, 58.510799999999996)	(12, 56.7443)	(13, 55.007)	(14, 52.921600000000005)	(15, 52.824000000000005)	(16, 54.585300000000004)	(17, 54.171400000000006)	(18, 52.9544)	(19, 54.2084)	(20, 54.015100000000004)	(21, 52.971199999999996)	(22, 53.7989)	(23, 53.5828)	(24, 52.685700000000004)	(25, 54.0737)	(26, 53.89319999999999)	(27, 52.7956)	(28, 54.0597)	(29, 53.798)	(30, 52.864900000000006)	(31, 53.9864)	(32, 53.6184)	(33, 52.627100000000006)	(34, 53.7668)	(35, 53.59969999999999)	(36, 52.8056)	(37, 53.9444)	(38, 53.7323)	(39, 52.7869)	(40, 53.840900000000005)	(41, 53.7717)	(42, 52.7758)	(43, 53.885799999999996)	(44, 53.60510000000001)	(45, 52.7407)	(46, 53.9137)	(47, 53.6025)	(48, 52.6695)	(49, 53.8895)	(50, 53.661)	(51, 52.6514)	(52, 53.856700000000004)	(53, 53.571400000000004)	(54, 52.662200000000006)	(55, 53.734)	(56, 53.476)	(57, 52.6817)	(58, 53.7258)	(59, 53.67809999999999)	(60, 52.6461)	(61, 53.76499999999999)	(62, 53.5159)	(63, 52.63250000000001)	(64, 53.6534)	(65, 53.506)	(66, 52.5531)	(67, 53.5199)	(68, 53.50430000000001)	(69, 52.475300000000004)	(70, 53.5588)	(71, 53.450900000000004)	(72, 52.4938)	(73, 53.576299999999996)	(74, 53.3978)	(75, 52.5305)	(76, 53.4496)	(77, 53.315999999999995)	(78, 52.249)	(79, 53.4606)	(80, 53.261199999999995)	(81, 52.3061)	(82, 53.3122)	(83, 53.2528)	(84, 52.283199999999994)	(85, 53.3211)	(86, 53.1559)	(87, 52.28040000000001)	(88, 53.246300000000005)	(89, 53.166599999999995)	(90, 52.290000000000006)	(91, 53.2791)	(92, 53.1616)	(93, 52.371)	(94, 53.2231)	(95, 53.135600000000004)	(96, 52.287099999999995)	(97, 53.2671)	(98, 53.0981)	(99, 52.169399999999996)	(100, 53.159)	(101, 53.0716)	(102, 52.2735)	(103, 53.111)	(104, 53.036899999999996)	(105, 52.1582)	(106, 53.2052)	(107, 53.0568)	(108, 52.2238)	(109, 53.1972)	(110, 53.0448)	(111, 52.1912)	(112, 53.1024)	(113, 53.013600000000004)	(114, 52.1405)	(115, 53.0592)	(116, 52.980799999999995)	(117, 52.2072)	(118, 53.0466)	(119, 52.9118)	(120, 51.918200000000006)	(121, 52.959500000000006)	(122, 52.7798)	(123, 51.975899999999996)	(124, 52.8976)	(125, 52.77929999999999)	(126, 51.8782)	(127, 52.8547)	(128, 52.5799)	(129, 51.7614)	(130, 52.75840000000001)	(131, 52.4976)	(132, 51.6888)	(133, 52.6322)	(134, 52.4699)	(135, 51.65)	(136, 52.5002)	(137, 52.307)	(138, 51.5903)	(139, 52.29279999999999)	(140, 52.1451)	(141, 51.4382)	(142, 52.0984)	(143, 52.144800000000004)	(144, 51.252399999999994)	(145, 52.188199999999995)	(146, 51.9703)	(147, 51.1792)	(148, 51.96150000000001)	(149, 51.905199999999994)	(150, 51.07509999999999)	(151, 52.022800000000004)
reports | SRR30333744	(1, 73.1947)	(2, 49.9332)	(3, 53.12)	(4, 51.6618)	(5, 51.4995)	(6, 48.9488)	(7, 50.5203)	(8, 55.1099)	(9, 52.591699999999996)	(10, 48.5407)	(11, 58.6247)	(12, 56.7059)	(13, 54.8455)	(14, 52.8292)	(15, 52.797700000000006)	(16, 54.55219999999999)	(17, 54.0723)	(18, 52.8872)	(19, 54.2008)	(20, 53.92209999999999)	(21, 52.8939)	(22, 53.7469)	(23, 53.5073)	(24, 52.657900000000005)	(25, 54.0303)	(26, 53.773)	(27, 52.6695)	(28, 53.963499999999996)	(29, 53.672)	(30, 52.727999999999994)	(31, 53.9053)	(32, 53.459)	(33, 52.487700000000004)	(34, 53.7182)	(35, 53.4728)	(36, 52.6806)	(37, 53.8643)	(38, 53.5759)	(39, 52.6447)	(40, 53.730199999999996)	(41, 53.5709)	(42, 52.6182)	(43, 53.789699999999996)	(44, 53.41160000000001)	(45, 52.618900000000004)	(46, 53.8133)	(47, 53.441300000000005)	(48, 52.535900000000005)	(49, 53.8225)	(50, 53.46490000000001)	(51, 52.4819)	(52, 53.760200000000005)	(53, 53.3632)	(54, 52.5524)	(55, 53.685)	(56, 53.344800000000006)	(57, 52.5963)	(58, 53.663700000000006)	(59, 53.493199999999995)	(60, 52.5655)	(61, 53.6736)	(62, 53.381)	(63, 52.5021)	(64, 53.6154)	(65, 53.3575)	(66, 52.48009999999999)	(67, 53.496)	(68, 53.4204)	(69, 52.45419999999999)	(70, 53.561)	(71, 53.3535)	(72, 52.4433)	(73, 53.567699999999995)	(74, 53.301500000000004)	(75, 52.51050000000001)	(76, 53.47730000000001)	(77, 53.2423)	(78, 52.2243)	(79, 53.4717)	(80, 53.2095)	(81, 52.2802)	(82, 53.347500000000004)	(83, 53.197300000000006)	(84, 52.3085)	(85, 53.3528)	(86, 53.1258)	(87, 52.2941)	(88, 53.3066)	(89, 53.1706)	(90, 52.331399999999995)	(91, 53.391999999999996)	(92, 53.173700000000004)	(93, 52.3938)	(94, 53.3214)	(95, 53.1639)	(96, 52.3608)	(97, 53.3922)	(98, 53.1532)	(99, 52.255300000000005)	(100, 53.32170000000001)	(101, 53.1535)	(102, 52.364)	(103, 53.2582)	(104, 53.1159)	(105, 52.2783)	(106, 53.4184)	(107, 53.192099999999996)	(108, 52.4078)	(109, 53.4589)	(110, 53.1989)	(111, 52.4255)	(112, 53.3392)	(113, 53.2086)	(114, 52.389300000000006)	(115, 53.459599999999995)	(116, 53.211299999999994)	(117, 52.503)	(118, 53.4589)	(119, 53.252500000000005)	(120, 52.2931)	(121, 53.471199999999996)	(122, 53.1744)	(123, 52.4315)	(124, 53.4813)	(125, 53.2733)	(126, 52.4353)	(127, 53.5103)	(128, 53.211600000000004)	(129, 52.3662)	(130, 53.5021)	(131, 53.12519999999999)	(132, 52.3969)	(133, 53.447900000000004)	(134, 53.278000000000006)	(135, 52.431799999999996)	(136, 53.409600000000005)	(137, 53.223200000000006)	(138, 52.4905)	(139, 53.3551)	(140, 53.101200000000006)	(141, 52.4435)	(142, 53.2342)	(143, 53.2738)	(144, 52.357299999999995)	(145, 53.42829999999999)	(146, 53.1341)	(147, 52.3131)	(148, 53.3308)	(149, 53.1763)	(150, 52.3439)	(151, 53.491299999999995)
reports | SRR30333745	(1, 72.4364)	(2, 50.7386)	(3, 52.947100000000006)	(4, 51.7548)	(5, 51.73330000000001)	(6, 49.0813)	(7, 50.5146)	(8, 55.149800000000006)	(9, 52.6277)	(10, 48.6988)	(11, 58.6225)	(12, 56.702)	(13, 55.0029)	(14, 53.138799999999996)	(15, 52.9688)	(16, 54.727000000000004)	(17, 54.3493)	(18, 53.0875)	(19, 54.339800000000004)	(20, 54.21660000000001)	(21, 53.1265)	(22, 53.942)	(23, 53.766000000000005)	(24, 52.842299999999994)	(25, 54.199799999999996)	(26, 54.0667)	(27, 52.925599999999996)	(28, 54.1041)	(29, 53.9404)	(30, 52.924400000000006)	(31, 54.0959)	(32, 53.7438)	(33, 52.729099999999995)	(34, 53.8744)	(35, 53.7543)	(36, 52.87070000000001)	(37, 54.034099999999995)	(38, 53.840900000000005)	(39, 52.83219999999999)	(40, 53.9307)	(41, 53.856899999999996)	(42, 52.849000000000004)	(43, 53.9863)	(44, 53.71939999999999)	(45, 52.817400000000006)	(46, 53.99549999999999)	(47, 53.715599999999995)	(48, 52.7322)	(49, 53.981500000000004)	(50, 53.779999999999994)	(51, 52.7162)	(52, 53.9521)	(53, 53.6654)	(54, 52.7647)	(55, 53.847699999999996)	(56, 53.6138)	(57, 52.785199999999996)	(58, 53.8512)	(59, 53.7854)	(60, 52.7464)	(61, 53.84759999999999)	(62, 53.662600000000005)	(63, 52.721700000000006)	(64, 53.7783)	(65, 53.6409)	(66, 52.6328)	(67, 53.67659999999999)	(68, 53.673)	(69, 52.6054)	(70, 53.69819999999999)	(71, 53.6053)	(72, 52.6146)	(73, 53.7046)	(74, 53.563300000000005)	(75, 52.6991)	(76, 53.61939999999999)	(77, 53.481)	(78, 52.4012)	(79, 53.635)	(80, 53.4429)	(81, 52.4546)	(82, 53.4843)	(83, 53.4191)	(84, 52.4578)	(85, 53.480799999999995)	(86, 53.308699999999995)	(87, 52.4507)	(88, 53.438900000000004)	(89, 53.3786)	(90, 52.47540000000001)	(91, 53.4871)	(92, 53.3691)	(93, 52.52909999999999)	(94, 53.4436)	(95, 53.3632)	(96, 52.514700000000005)	(97, 53.516600000000004)	(98, 53.3589)	(99, 52.3935)	(100, 53.437900000000006)	(101, 53.3536)	(102, 52.507400000000004)	(103, 53.3667)	(104, 53.303)	(105, 52.420100000000005)	(106, 53.525)	(107, 53.410000000000004)	(108, 52.5317)	(109, 53.559999999999995)	(110, 53.394299999999994)	(111, 52.5371)	(112, 53.4524)	(113, 53.3956)	(114, 52.5357)	(115, 53.4948)	(116, 53.425599999999996)	(117, 52.628600000000006)	(118, 53.520500000000006)	(119, 53.4281)	(120, 52.3824)	(121, 53.513200000000005)	(122, 53.3517)	(123, 52.5355)	(124, 53.490700000000004)	(125, 53.3791)	(126, 52.5021)	(127, 53.50899999999999)	(128, 53.308299999999996)	(129, 52.3665)	(130, 53.4741)	(131, 53.223)	(132, 52.414300000000004)	(133, 53.407700000000006)	(134, 53.317)	(135, 52.412499999999994)	(136, 53.349999999999994)	(137, 53.2374)	(138, 52.422599999999996)	(139, 53.2351)	(140, 53.0785)	(141, 52.3192)	(142, 53.060700000000004)	(143, 53.1489)	(144, 52.201600000000006)	(145, 53.201100000000004)	(146, 53.030699999999996)	(147, 52.1748)	(148, 53.088100000000004)	(149, 52.9973)	(150, 52.1321)	(151, 53.18730000000001)
reports | SRR30333746	(1, 71.2174)	(2, 50.946000000000005)	(3, 52.42790000000001)	(4, 51.72710000000001)	(5, 51.7056)	(6, 48.8051)	(7, 50.135)	(8, 54.71359999999999)	(9, 52.4026)	(10, 48.3795)	(11, 58.2596)	(12, 56.37219999999999)	(13, 54.8087)	(14, 53.1269)	(15, 52.751999999999995)	(16, 54.5173)	(17, 54.245200000000004)	(18, 52.903999999999996)	(19, 54.1514)	(20, 54.1245)	(21, 52.969)	(22, 53.737)	(23, 53.638600000000004)	(24, 52.586200000000005)	(25, 53.929899999999996)	(26, 53.9382)	(27, 52.666000000000004)	(28, 53.839800000000004)	(29, 53.7911)	(30, 52.716300000000004)	(31, 53.772)	(32, 53.60470000000001)	(33, 52.451)	(34, 53.589)	(35, 53.542199999999994)	(36, 52.601600000000005)	(37, 53.712700000000005)	(38, 53.6361)	(39, 52.5659)	(40, 53.5952)	(41, 53.67229999999999)	(42, 52.569900000000004)	(43, 53.6524)	(44, 53.5215)	(45, 52.538)	(46, 53.6582)	(47, 53.5141)	(48, 52.4314)	(49, 53.6394)	(50, 53.5586)	(51, 52.423500000000004)	(52, 53.648700000000005)	(53, 53.43560000000001)	(54, 52.4966)	(55, 53.5094)	(56, 53.4243)	(57, 52.487399999999994)	(58, 53.53830000000001)	(59, 53.604)	(60, 52.4803)	(61, 53.5274)	(62, 53.4566)	(63, 52.4622)	(64, 53.4782)	(65, 53.4311)	(66, 52.4084)	(67, 53.364)	(68, 53.522099999999995)	(69, 52.3386)	(70, 53.40780000000001)	(71, 53.4478)	(72, 52.3555)	(73, 53.408100000000005)	(74, 53.3978)	(75, 52.4381)	(76, 53.364999999999995)	(77, 53.34100000000001)	(78, 52.1524)	(79, 53.3353)	(80, 53.310599999999994)	(81, 52.1897)	(82, 53.196299999999994)	(83, 53.2578)	(84, 52.2153)	(85, 53.2109)	(86, 53.174200000000006)	(87, 52.229499999999994)	(88, 53.171400000000006)	(89, 53.2304)	(90, 52.2423)	(91, 53.249500000000005)	(92, 53.2523)	(93, 52.3239)	(94, 53.1888)	(95, 53.2227)	(96, 52.295199999999994)	(97, 53.276999999999994)	(98, 53.244899999999994)	(99, 52.1922)	(100, 53.1918)	(101, 53.216300000000004)	(102, 52.2879)	(103, 53.1208)	(104, 53.175799999999995)	(105, 52.1974)	(106, 53.305800000000005)	(107, 53.2854)	(108, 52.3326)	(109, 53.3458)	(110, 53.294200000000004)	(111, 52.3449)	(112, 53.2537)	(113, 53.325599999999994)	(114, 52.35189999999999)	(115, 53.3542)	(116, 53.333200000000005)	(117, 52.47579999999999)	(118, 53.35379999999999)	(119, 53.3661)	(120, 52.2821)	(121, 53.36450000000001)	(122, 53.310500000000005)	(123, 52.38159999999999)	(124, 53.3886)	(125, 53.3771)	(126, 52.431700000000006)	(127, 53.4469)	(128, 53.3396)	(129, 52.356199999999994)	(130, 53.411699999999996)	(131, 53.2577)	(132, 52.403)	(133, 53.3522)	(134, 53.3848)	(135, 52.4319)	(136, 53.359500000000004)	(137, 53.3758)	(138, 52.4679)	(139, 53.315999999999995)	(140, 53.244)	(141, 52.415)	(142, 53.177099999999996)	(143, 53.3444)	(144, 52.3623)	(145, 53.355399999999996)	(146, 53.29469999999999)	(147, 52.376400000000004)	(148, 53.297799999999995)	(149, 53.341899999999995)	(150, 52.3644)	(151, 53.4254)
reports | SRR30333747	(1, 72.8647)	(2, 47.7165)	(3, 51.6499)	(4, 50.1934)	(5, 50.0232)	(6, 47.1734)	(7, 49.0376)	(8, 53.261)	(9, 51.07190000000001)	(10, 47.055)	(11, 57.0266)	(12, 55.1972)	(13, 53.4134)	(14, 51.5107)	(15, 51.4035)	(16, 53.1937)	(17, 52.778000000000006)	(18, 51.696799999999996)	(19, 52.925900000000006)	(20, 52.5808)	(21, 51.5837)	(22, 52.3402)	(23, 52.0992)	(24, 51.2093)	(25, 52.5856)	(26, 52.2493)	(27, 51.280899999999995)	(28, 52.5827)	(29, 52.293800000000005)	(30, 51.4035)	(31, 52.4794)	(32, 52.079600000000006)	(33, 51.118300000000005)	(34, 52.3328)	(35, 52.068000000000005)	(36, 51.3278)	(37, 52.443200000000004)	(38, 52.1599)	(39, 51.25999999999999)	(40, 52.3396)	(41, 52.1859)	(42, 51.2625)	(43, 52.3234)	(44, 51.9766)	(45, 51.2312)	(46, 52.379200000000004)	(47, 52.0097)	(48, 51.1556)	(49, 52.382799999999996)	(50, 52.0)	(51, 51.0749)	(52, 52.2729)	(53, 51.9223)	(54, 51.1328)	(55, 52.24720000000001)	(56, 51.9216)	(57, 51.226000000000006)	(58, 52.2061)	(59, 52.063)	(60, 51.1354)	(61, 52.207300000000004)	(62, 51.952799999999996)	(63, 51.139100000000006)	(64, 52.1585)	(65, 51.953700000000005)	(66, 51.0706)	(67, 52.1147)	(68, 51.969)	(69, 51.047200000000004)	(70, 52.128)	(71, 51.9213)	(72, 51.0572)	(73, 52.134800000000006)	(74, 51.8983)	(75, 51.085100000000004)	(76, 52.042500000000004)	(77, 51.8786)	(78, 50.8104)	(79, 52.0518)	(80, 51.7656)	(81, 50.9088)	(82, 51.9316)	(83, 51.828700000000005)	(84, 50.8973)	(85, 51.9443)	(86, 51.753099999999996)	(87, 50.9648)	(88, 51.8935)	(89, 51.732)	(90, 50.9776)	(91, 51.9826)	(92, 51.779399999999995)	(93, 51.032999999999994)	(94, 51.944599999999994)	(95, 51.7532)	(96, 50.9733)	(97, 52.018299999999996)	(98, 51.735299999999995)	(99, 50.935399999999994)	(100, 51.9142)	(101, 51.7547)	(102, 50.951299999999996)	(103, 51.867700000000006)	(104, 51.6769)	(105, 50.875400000000006)	(106, 52.04990000000001)	(107, 51.791399999999996)	(108, 51.0076)	(109, 52.063)	(110, 51.761100000000006)	(111, 51.04149999999999)	(112, 51.9799)	(113, 51.7864)	(114, 51.019999999999996)	(115, 52.050200000000004)	(116, 51.827999999999996)	(117, 51.081900000000005)	(118, 52.0405)	(119, 51.794700000000006)	(120, 50.933099999999996)	(121, 52.0236)	(122, 51.7954)	(123, 51.02139999999999)	(124, 52.0321)	(125, 51.844699999999996)	(126, 51.0765)	(127, 52.08930000000001)	(128, 51.8165)	(129, 51.029500000000006)	(130, 52.0558)	(131, 51.742999999999995)	(132, 51.0001)	(133, 52.02719999999999)	(134, 51.835)	(135, 51.017999999999994)	(136, 51.9699)	(137, 51.8305)	(138, 51.07000000000001)	(139, 51.997099999999996)	(140, 51.6956)	(141, 51.058400000000006)	(142, 51.862399999999994)	(143, 51.8127)	(144, 51.0067)	(145, 52.0086)	(146, 51.680400000000006)	(147, 51.005)	(148, 51.93879999999999)	(149, 51.8133)	(150, 51.0031)	(151, 52.125600000000006)
reports | SRR30333748	(1, 73.36500000000001)	(2, 47.5426)	(3, 51.5832)	(4, 50.1802)	(5, 50.160700000000006)	(6, 47.4135)	(7, 49.5789)	(8, 53.6083)	(9, 51.526799999999994)	(10, 47.4044)	(11, 57.4594)	(12, 55.71469999999999)	(13, 53.892300000000006)	(14, 51.8643)	(15, 51.7853)	(16, 53.604)	(17, 53.12050000000001)	(18, 52.034800000000004)	(19, 53.3003)	(20, 52.9637)	(21, 52.0083)	(22, 52.8242)	(23, 52.5179)	(24, 51.672399999999996)	(25, 53.0515)	(26, 52.64020000000001)	(27, 51.7115)	(28, 53.0015)	(29, 52.627199999999995)	(30, 51.810199999999995)	(31, 52.919000000000004)	(32, 52.4227)	(33, 51.534400000000005)	(34, 52.755399999999995)	(35, 52.4491)	(36, 51.71170000000001)	(37, 52.869600000000005)	(38, 52.51240000000001)	(39, 51.6489)	(40, 52.762299999999996)	(41, 52.555099999999996)	(42, 51.651199999999996)	(43, 52.777300000000004)	(44, 52.3934)	(45, 51.6317)	(46, 52.8208)	(47, 52.431700000000006)	(48, 51.5989)	(49, 52.8267)	(50, 52.4035)	(51, 51.5309)	(52, 52.7177)	(53, 52.337500000000006)	(54, 51.560399999999994)	(55, 52.681400000000004)	(56, 52.30479999999999)	(57, 51.6111)	(58, 52.664100000000005)	(59, 52.454)	(60, 51.5293)	(61, 52.645399999999995)	(62, 52.3315)	(63, 51.566199999999995)	(64, 52.6219)	(65, 52.3571)	(66, 51.493900000000004)	(67, 52.5491)	(68, 52.363099999999996)	(69, 51.4477)	(70, 52.583800000000004)	(71, 52.3031)	(72, 51.480199999999996)	(73, 52.571400000000004)	(74, 52.286500000000004)	(75, 51.4967)	(76, 52.4901)	(77, 52.281200000000005)	(78, 51.2686)	(79, 52.514)	(80, 52.181200000000004)	(81, 51.329100000000004)	(82, 52.4175)	(83, 52.2497)	(84, 51.3343)	(85, 52.43449999999999)	(86, 52.170899999999996)	(87, 51.37819999999999)	(88, 52.3545)	(89, 52.1307)	(90, 51.391799999999996)	(91, 52.4018)	(92, 52.1782)	(93, 51.4161)	(94, 52.3823)	(95, 52.1308)	(96, 51.3636)	(97, 52.4622)	(98, 52.1184)	(99, 51.3527)	(100, 52.333)	(101, 52.145300000000006)	(102, 51.3497)	(103, 52.345)	(104, 52.08350000000001)	(105, 51.2745)	(106, 52.455)	(107, 52.1792)	(108, 51.4126)	(109, 52.478199999999994)	(110, 52.1528)	(111, 51.4203)	(112, 52.41440000000001)	(113, 52.1672)	(114, 51.391799999999996)	(115, 52.4667)	(116, 52.1691)	(117, 51.4798)	(118, 52.4705)	(119, 52.148300000000006)	(120, 51.3382)	(121, 52.4551)	(122, 52.134800000000006)	(123, 51.3919)	(124, 52.4664)	(125, 52.1945)	(126, 51.4571)	(127, 52.519000000000005)	(128, 52.183800000000005)	(129, 51.3984)	(130, 52.476800000000004)	(131, 52.1134)	(132, 51.3863)	(133, 52.436099999999996)	(134, 52.1836)	(135, 51.4077)	(136, 52.3969)	(137, 52.1738)	(138, 51.463899999999995)	(139, 52.4339)	(140, 52.0754)	(141, 51.44)	(142, 52.3388)	(143, 52.1773)	(144, 51.3833)	(145, 52.4238)	(146, 52.0961)	(147, 51.3512)	(148, 52.374500000000005)	(149, 52.1779)	(150, 51.3742)	(151, 52.5319)
reports | SRR30333749	(1, 70.2909)	(2, 48.4927)	(3, 50.9842)	(4, 49.9946)	(5, 49.884299999999996)	(6, 47.1664)	(7, 48.6308)	(8, 53.6654)	(9, 51.160700000000006)	(10, 47.3056)	(11, 56.878499999999995)	(12, 55.1744)	(13, 53.2484)	(14, 51.4809)	(15, 51.214999999999996)	(16, 52.8849)	(17, 52.6656)	(18, 51.503699999999995)	(19, 52.596)	(20, 52.4814)	(21, 51.5072)	(22, 52.3115)	(23, 52.231300000000005)	(24, 51.31)	(25, 52.568000000000005)	(26, 52.4332)	(27, 51.4791)	(28, 52.5961)	(29, 52.493599999999994)	(30, 51.554199999999994)	(31, 52.5454)	(32, 52.2995)	(33, 51.3372)	(34, 52.3984)	(35, 52.2745)	(36, 51.4727)	(37, 52.5208)	(38, 52.4276)	(39, 51.518699999999995)	(40, 52.52139999999999)	(41, 52.5247)	(42, 51.541000000000004)	(43, 52.5043)	(44, 52.3104)	(45, 51.463899999999995)	(46, 52.5745)	(47, 52.3787)	(48, 51.499399999999994)	(49, 52.577)	(50, 52.40050000000001)	(51, 51.4727)	(52, 52.48310000000001)	(53, 52.30780000000001)	(54, 51.3981)	(55, 52.42099999999999)	(56, 52.2219)	(57, 51.49209999999999)	(58, 52.4053)	(59, 52.4253)	(60, 51.460899999999995)	(61, 52.4136)	(62, 52.3045)	(63, 51.4362)	(64, 52.3401)	(65, 52.260799999999996)	(66, 51.3522)	(67, 52.2745)	(68, 52.25450000000001)	(69, 51.35380000000001)	(70, 52.2983)	(71, 52.221799999999995)	(72, 51.353)	(73, 52.264900000000004)	(74, 52.188500000000005)	(75, 51.3474)	(76, 52.17230000000001)	(77, 52.1601)	(78, 51.070499999999996)	(79, 52.184)	(80, 52.0257)	(81, 51.187000000000005)	(82, 52.1109)	(83, 52.061)	(84, 51.1599)	(85, 52.0534)	(86, 51.954)	(87, 51.1424)	(88, 51.956599999999995)	(89, 51.895100000000006)	(90, 51.1029)	(91, 51.993599999999994)	(92, 51.932)	(93, 51.119899999999994)	(94, 51.9065)	(95, 51.861999999999995)	(96, 51.0141)	(97, 51.9315)	(98, 51.7584)	(99, 50.9965)	(100, 51.783100000000005)	(101, 51.756899999999995)	(102, 50.929500000000004)	(103, 51.715500000000006)	(104, 51.624199999999995)	(105, 50.8238)	(106, 51.7752)	(107, 51.666999999999994)	(108, 50.818200000000004)	(109, 51.7485)	(110, 51.5639)	(111, 50.80440000000001)	(112, 51.644800000000004)	(113, 51.5733)	(114, 50.7861)	(115, 51.5918)	(116, 51.491600000000005)	(117, 50.7506)	(118, 51.5562)	(119, 51.426)	(120, 50.5304)	(121, 51.50169999999999)	(122, 51.322599999999994)	(123, 50.537299999999995)	(124, 51.4343)	(125, 51.275499999999994)	(126, 50.5126)	(127, 51.404300000000006)	(128, 51.1974)	(129, 50.3814)	(130, 51.3174)	(131, 51.1393)	(132, 50.328399999999995)	(133, 51.2114)	(134, 51.0768)	(135, 50.3159)	(136, 51.1269)	(137, 51.0197)	(138, 50.346900000000005)	(139, 51.0557)	(140, 50.938300000000005)	(141, 50.20250000000001)	(142, 50.8969)	(143, 50.9328)	(144, 50.0842)	(145, 50.9358)	(146, 50.768299999999996)	(147, 50.057700000000004)	(148, 50.8356)	(149, 50.77460000000001)	(150, 50.001200000000004)	(151, 50.9192)
reports | SRR30333750	(1, 71.86240000000001)	(2, 48.4195)	(3, 51.0365)	(4, 50.1802)	(5, 50.449999999999996)	(6, 47.3747)	(7, 49.1329)	(8, 53.285199999999996)	(9, 51.4139)	(10, 47.1421)	(11, 57.0326)	(12, 55.2789)	(13, 53.6943)	(14, 52.0162)	(15, 51.6895)	(16, 53.48309999999999)	(17, 53.1806)	(18, 51.9312)	(19, 53.13)	(20, 53.0035)	(21, 51.930200000000006)	(22, 52.675700000000006)	(23, 52.502)	(24, 51.5216)	(25, 52.86450000000001)	(26, 52.695)	(27, 51.5831)	(28, 52.7759)	(29, 52.60399999999999)	(30, 51.6486)	(31, 52.7148)	(32, 52.42)	(33, 51.4083)	(34, 52.5706)	(35, 52.438300000000005)	(36, 51.5539)	(37, 52.6525)	(38, 52.473099999999995)	(39, 51.479)	(40, 52.5103)	(41, 52.473499999999994)	(42, 51.5049)	(43, 52.5434)	(44, 52.32750000000001)	(45, 51.456199999999995)	(46, 52.5919)	(47, 52.340399999999995)	(48, 51.400800000000004)	(49, 52.5708)	(50, 52.3282)	(51, 51.3603)	(52, 52.4915)	(53, 52.268899999999995)	(54, 51.3904)	(55, 52.4255)	(56, 52.2471)	(57, 51.437200000000004)	(58, 52.4198)	(59, 52.3732)	(60, 51.357200000000006)	(61, 52.3959)	(62, 52.263999999999996)	(63, 51.373599999999996)	(64, 52.373999999999995)	(65, 52.2469)	(66, 51.315)	(67, 52.316399999999994)	(68, 52.295)	(69, 51.2543)	(70, 52.3239)	(71, 52.2169)	(72, 51.281)	(73, 52.30590000000001)	(74, 52.2192)	(75, 51.3233)	(76, 52.25959999999999)	(77, 52.203900000000004)	(78, 51.0814)	(79, 52.2589)	(80, 52.092499999999994)	(81, 51.1561)	(82, 52.15220000000001)	(83, 52.134800000000006)	(84, 51.1502)	(85, 52.174600000000005)	(86, 52.073100000000004)	(87, 51.1678)	(88, 52.131499999999996)	(89, 52.0319)	(90, 51.1884)	(91, 52.169200000000004)	(92, 52.0985)	(93, 51.2652)	(94, 52.1519)	(95, 52.0423)	(96, 51.1916)	(97, 52.20249999999999)	(98, 52.056599999999996)	(99, 51.1898)	(100, 52.1169)	(101, 52.0753)	(102, 51.186)	(103, 52.103100000000005)	(104, 52.015100000000004)	(105, 51.1119)	(106, 52.243700000000004)	(107, 52.10979999999999)	(108, 51.2517)	(109, 52.2666)	(110, 52.1157)	(111, 51.28509999999999)	(112, 52.2262)	(113, 52.110299999999995)	(114, 51.275499999999994)	(115, 52.2723)	(116, 52.15260000000001)	(117, 51.3652)	(118, 52.28)	(119, 52.1513)	(120, 51.2233)	(121, 52.2995)	(122, 52.0995)	(123, 51.2868)	(124, 52.2912)	(125, 52.1715)	(126, 51.336800000000004)	(127, 52.364599999999996)	(128, 52.169)	(129, 51.2915)	(130, 52.32560000000001)	(131, 52.1255)	(132, 51.286500000000004)	(133, 52.29859999999999)	(134, 52.170899999999996)	(135, 51.3169)	(136, 52.2532)	(137, 52.176100000000005)	(138, 51.370000000000005)	(139, 52.2759)	(140, 52.103100000000005)	(141, 51.3483)	(142, 52.18469999999999)	(143, 52.1744)	(144, 51.2937)	(145, 52.3037)	(146, 52.0826)	(147, 51.2768)	(148, 52.2226)	(149, 52.1745)	(150, 51.2862)	(151, 52.398199999999996)
reports | SRR30333751	(1, 72.343)	(2, 49.2014)	(3, 52.044599999999996)	(4, 50.91949999999999)	(5, 50.8035)	(6, 47.897)	(7, 49.5078)	(8, 54.046400000000006)	(9, 51.7146)	(10, 47.614000000000004)	(11, 57.635099999999994)	(12, 55.668099999999995)	(13, 53.91439999999999)	(14, 52.1505)	(15, 51.9063)	(16, 53.691)	(17, 53.3315)	(18, 52.12)	(19, 53.3806)	(20, 53.180899999999994)	(21, 52.120400000000004)	(22, 52.906600000000005)	(23, 52.71360000000001)	(24, 51.7392)	(25, 53.102700000000006)	(26, 52.8845)	(27, 51.83560000000001)	(28, 53.0789)	(29, 52.86149999999999)	(30, 51.9219)	(31, 52.992799999999995)	(32, 52.669900000000005)	(33, 51.6285)	(34, 52.8574)	(35, 52.6643)	(36, 51.834199999999996)	(37, 52.947599999999994)	(38, 52.762100000000004)	(39, 51.7724)	(40, 52.8469)	(41, 52.783100000000005)	(42, 51.769299999999994)	(43, 52.86450000000001)	(44, 52.598299999999995)	(45, 51.7543)	(46, 52.9065)	(47, 52.63099999999999)	(48, 51.724599999999995)	(49, 52.891200000000005)	(50, 52.6124)	(51, 51.6264)	(52, 52.821)	(53, 52.5559)	(54, 51.6686)	(55, 52.7508)	(56, 52.532199999999996)	(57, 51.719800000000006)	(58, 52.754400000000004)	(59, 52.644000000000005)	(60, 51.6331)	(61, 52.7358)	(62, 52.55459999999999)	(63, 51.6601)	(64, 52.693900000000006)	(65, 52.544599999999996)	(66, 51.601200000000006)	(67, 52.6269)	(68, 52.565)	(69, 51.571999999999996)	(70, 52.6655)	(71, 52.5241)	(72, 51.584399999999995)	(73, 52.6313)	(74, 52.477799999999995)	(75, 51.5883)	(76, 52.5702)	(77, 52.4698)	(78, 51.368100000000005)	(79, 52.574)	(80, 52.37270000000001)	(81, 51.4324)	(82, 52.4703)	(83, 52.4506)	(84, 51.426899999999996)	(85, 52.503299999999996)	(86, 52.337199999999996)	(87, 51.4601)	(88, 52.4505)	(89, 52.3171)	(90, 51.4807)	(91, 52.4837)	(92, 52.379799999999996)	(93, 51.54600000000001)	(94, 52.4586)	(95, 52.322599999999994)	(96, 51.4678)	(97, 52.5031)	(98, 52.320100000000004)	(99, 51.4849)	(100, 52.4178)	(101, 52.369299999999996)	(102, 51.475)	(103, 52.4311)	(104, 52.30050000000001)	(105, 51.4318)	(106, 52.567099999999996)	(107, 52.406)	(108, 51.5347)	(109, 52.6038)	(110, 52.3829)	(111, 51.5821)	(112, 52.5543)	(113, 52.4064)	(114, 51.564600000000006)	(115, 52.603)	(116, 52.421099999999996)	(117, 51.628099999999996)	(118, 52.6014)	(119, 52.4281)	(120, 51.5293)	(121, 52.5865)	(122, 52.40089999999999)	(123, 51.5835)	(124, 52.6224)	(125, 52.447900000000004)	(126, 51.6339)	(127, 52.669200000000004)	(128, 52.449)	(129, 51.5927)	(130, 52.6289)	(131, 52.405)	(132, 51.5652)	(133, 52.599700000000006)	(134, 52.4827)	(135, 51.60829999999999)	(136, 52.553399999999996)	(137, 52.4722)	(138, 51.6754)	(139, 52.582499999999996)	(140, 52.371100000000006)	(141, 51.6489)	(142, 52.5043)	(143, 52.4529)	(144, 51.601)	(145, 52.5991)	(146, 52.352900000000005)	(147, 51.5715)	(148, 52.504799999999996)	(149, 52.4471)	(150, 51.58279999999999)	(151, 52.6952)
reports | SRR30333752	(1, 73.2844)	(2, 48.2122)	(3, 52.0573)	(4, 50.5918)	(5, 50.4707)	(6, 47.593)	(7, 49.431599999999996)	(8, 53.7457)	(9, 51.5668)	(10, 47.422599999999996)	(11, 57.424299999999995)	(12, 55.6797)	(13, 53.8848)	(14, 51.889799999999994)	(15, 51.7643)	(16, 53.5844)	(17, 53.1535)	(18, 52.04109999999999)	(19, 53.2902)	(20, 52.994699999999995)	(21, 51.9963)	(22, 52.7926)	(23, 52.5294)	(24, 51.627)	(25, 53.014799999999994)	(26, 52.6613)	(27, 51.6779)	(28, 52.974)	(29, 52.6799)	(30, 51.8016)	(31, 52.9017)	(32, 52.4706)	(33, 51.5204)	(34, 52.7442)	(35, 52.48159999999999)	(36, 51.6999)	(37, 52.856)	(38, 52.5624)	(39, 51.6369)	(40, 52.7408)	(41, 52.555600000000005)	(42, 51.6505)	(43, 52.76220000000001)	(44, 52.403)	(45, 51.6301)	(46, 52.7921)	(47, 52.4107)	(48, 51.5614)	(49, 52.811)	(50, 52.4141)	(51, 51.515299999999996)	(52, 52.7022)	(53, 52.3501)	(54, 51.5471)	(55, 52.660399999999996)	(56, 52.3223)	(57, 51.6186)	(58, 52.6383)	(59, 52.4787)	(60, 51.5379)	(61, 52.63290000000001)	(62, 52.3537)	(63, 51.5419)	(64, 52.59819999999999)	(65, 52.345200000000006)	(66, 51.4756)	(67, 52.5319)	(68, 52.389300000000006)	(69, 51.4386)	(70, 52.556999999999995)	(71, 52.3171)	(72, 51.4497)	(73, 52.55)	(74, 52.321600000000004)	(75, 51.486900000000006)	(76, 52.4703)	(77, 52.2903)	(78, 51.251599999999996)	(79, 52.4837)	(80, 52.209799999999994)	(81, 51.33410000000001)	(82, 52.3849)	(83, 52.244299999999996)	(84, 51.3247)	(85, 52.393299999999996)	(86, 52.1644)	(87, 51.379799999999996)	(88, 52.3412)	(89, 52.145300000000006)	(90, 51.369699999999995)	(91, 52.393)	(92, 52.1846)	(93, 51.4193)	(94, 52.37270000000001)	(95, 52.1536)	(96, 51.36619999999999)	(97, 52.4367)	(98, 52.153000000000006)	(99, 51.3525)	(100, 52.3293)	(101, 52.16)	(102, 51.3451)	(103, 52.315)	(104, 52.1069)	(105, 51.293200000000006)	(106, 52.444900000000004)	(107, 52.192499999999995)	(108, 51.4297)	(109, 52.4554)	(110, 52.196)	(111, 51.443799999999996)	(112, 52.41289999999999)	(113, 52.1899)	(114, 51.410199999999996)	(115, 52.4589)	(116, 52.2215)	(117, 51.5001)	(118, 52.4748)	(119, 52.2196)	(120, 51.370099999999994)	(121, 52.454299999999996)	(122, 52.183800000000005)	(123, 51.4157)	(124, 52.44069999999999)	(125, 52.2401)	(126, 51.488)	(127, 52.5278)	(128, 52.22560000000001)	(129, 51.424800000000005)	(130, 52.4813)	(131, 52.19200000000001)	(132, 51.4169)	(133, 52.441700000000004)	(134, 52.2388)	(135, 51.430600000000005)	(136, 52.4152)	(137, 52.2471)	(138, 51.491699999999994)	(139, 52.41479999999999)	(140, 52.1183)	(141, 51.4625)	(142, 52.3305)	(143, 52.242)	(144, 51.405699999999996)	(145, 52.4315)	(146, 52.153099999999995)	(147, 51.3963)	(148, 52.3902)	(149, 52.2157)	(150, 51.4123)	(151, 52.543099999999995)
reports | SRR30333753	(1, 71.2675)	(2, 50.9395)	(3, 52.047)	(4, 51.4539)	(5, 51.6047)	(6, 48.795)	(7, 50.095)	(8, 54.6471)	(9, 52.3698)	(10, 48.437999999999995)	(11, 58.0823)	(12, 56.226699999999994)	(13, 54.7712)	(14, 53.230500000000006)	(15, 52.8305)	(16, 54.579299999999996)	(17, 54.3524)	(18, 52.9857)	(19, 54.2125)	(20, 54.153)	(21, 52.985400000000006)	(22, 53.7211)	(23, 53.734700000000004)	(24, 52.67190000000001)	(25, 54.028200000000005)	(26, 54.062)	(27, 52.7672)	(28, 53.9852)	(29, 53.902899999999995)	(30, 52.8249)	(31, 53.896699999999996)	(32, 53.71979999999999)	(33, 52.582300000000004)	(34, 53.7057)	(35, 53.706900000000005)	(36, 52.7677)	(37, 53.8322)	(38, 53.775600000000004)	(39, 52.727199999999996)	(40, 53.705999999999996)	(41, 53.8168)	(42, 52.67230000000001)	(43, 53.76649999999999)	(44, 53.6341)	(45, 52.6911)	(46, 53.79859999999999)	(47, 53.653099999999995)	(48, 52.5592)	(49, 53.803)	(50, 53.6702)	(51, 52.5515)	(52, 53.7274)	(53, 53.5711)	(54, 52.5941)	(55, 53.6455)	(56, 53.5837)	(57, 52.6266)	(58, 53.6653)	(59, 53.693400000000004)	(60, 52.6095)	(61, 53.670300000000005)	(62, 53.5844)	(63, 52.585300000000004)	(64, 53.5612)	(65, 53.56229999999999)	(66, 52.4922)	(67, 53.4404)	(68, 53.60660000000001)	(69, 52.4337)	(70, 53.489)	(71, 53.518699999999995)	(72, 52.4521)	(73, 53.4911)	(74, 53.4795)	(75, 52.5231)	(76, 53.3926)	(77, 53.4107)	(78, 52.15689999999999)	(79, 53.412400000000005)	(80, 53.3196)	(81, 52.274100000000004)	(82, 53.234700000000004)	(83, 53.3111)	(84, 52.2369)	(85, 53.221399999999996)	(86, 53.2377)	(87, 52.2718)	(88, 53.1643)	(89, 53.2724)	(90, 52.276)	(91, 53.246)	(92, 53.2654)	(93, 52.3598)	(94, 53.205400000000004)	(95, 53.2277)	(96, 52.308699999999995)	(97, 53.2486)	(98, 53.2378)	(99, 52.193599999999996)	(100, 53.1573)	(101, 53.1991)	(102, 52.2949)	(103, 53.0794)	(104, 53.1543)	(105, 52.19049999999999)	(106, 53.253099999999996)	(107, 53.271)	(108, 52.3088)	(109, 53.2682)	(110, 53.2355)	(111, 52.3185)	(112, 53.1697)	(113, 53.2321)	(114, 52.3128)	(115, 53.2095)	(116, 53.2365)	(117, 52.3682)	(118, 53.222100000000005)	(119, 53.203100000000006)	(120, 52.1278)	(121, 53.2048)	(122, 53.1149)	(123, 52.218900000000005)	(124, 53.166500000000006)	(125, 53.148399999999995)	(126, 52.2057)	(127, 53.1575)	(128, 53.059999999999995)	(129, 52.074299999999994)	(130, 53.12480000000001)	(131, 52.9254)	(132, 52.0636)	(133, 52.9957)	(134, 53.0073)	(135, 52.09160000000001)	(136, 52.9428)	(137, 52.9097)	(138, 52.083800000000004)	(139, 52.804300000000005)	(140, 52.7662)	(141, 51.9627)	(142, 52.5949)	(143, 52.794)	(144, 51.8486)	(145, 52.7308)	(146, 52.6319)	(147, 51.787099999999995)	(148, 52.6111)	(149, 52.6222)	(150, 51.7052)	(151, 52.6405)
reports | SRR30333754	(1, 72.1551)	(2, 50.298)	(3, 52.5141)	(4, 51.41250000000001)	(5, 51.4848)	(6, 48.928)	(7, 50.2882)	(8, 54.9787)	(9, 52.4253)	(10, 48.6624)	(11, 58.3326)	(12, 56.3678)	(13, 54.6933)	(14, 53.0131)	(15, 52.783)	(16, 54.5215)	(17, 54.1891)	(18, 52.9539)	(19, 54.1726)	(20, 54.0049)	(21, 52.925900000000006)	(22, 53.7384)	(23, 53.62479999999999)	(24, 52.6733)	(25, 54.0453)	(26, 53.9108)	(27, 52.736799999999995)	(28, 54.025999999999996)	(29, 53.8464)	(30, 52.851000000000006)	(31, 53.9502)	(32, 53.646499999999996)	(33, 52.629099999999994)	(34, 53.7771)	(35, 53.6567)	(36, 52.765499999999996)	(37, 53.94)	(38, 53.7438)	(39, 52.764900000000004)	(40, 53.8211)	(41, 53.7693)	(42, 52.7446)	(43, 53.8857)	(44, 53.5832)	(45, 52.742900000000006)	(46, 53.9032)	(47, 53.624700000000004)	(48, 52.6639)	(49, 53.9109)	(50, 53.635)	(51, 52.630500000000005)	(52, 53.8503)	(53, 53.572900000000004)	(54, 52.6572)	(55, 53.7709)	(56, 53.521300000000004)	(57, 52.677600000000005)	(58, 53.7358)	(59, 53.689699999999995)	(60, 52.6577)	(61, 53.7578)	(62, 53.56340000000001)	(63, 52.6246)	(64, 53.6712)	(65, 53.547900000000006)	(66, 52.5789)	(67, 53.5629)	(68, 53.5389)	(69, 52.514799999999994)	(70, 53.6077)	(71, 53.51820000000001)	(72, 52.5298)	(73, 53.5957)	(74, 53.4584)	(75, 52.576299999999996)	(76, 53.4863)	(77, 53.3775)	(78, 52.243399999999994)	(79, 53.500800000000005)	(80, 53.3292)	(81, 52.33)	(82, 53.3667)	(83, 53.3065)	(84, 52.3209)	(85, 53.3602)	(86, 53.2123)	(87, 52.351000000000006)	(88, 53.3091)	(89, 53.2361)	(90, 52.33330000000001)	(91, 53.3359)	(92, 53.2599)	(93, 52.408100000000005)	(94, 53.3014)	(95, 53.18770000000001)	(96, 52.32)	(97, 53.3235)	(98, 53.195800000000006)	(99, 52.2428)	(100, 53.226099999999995)	(101, 53.1611)	(102, 52.3037)	(103, 53.2047)	(104, 53.0918)	(105, 52.233399999999996)	(106, 53.304399999999994)	(107, 53.196799999999996)	(108, 52.303399999999996)	(109, 53.3007)	(110, 53.1456)	(111, 52.297000000000004)	(112, 53.2142)	(113, 53.123)	(114, 52.23910000000001)	(115, 53.1987)	(116, 53.0845)	(117, 52.330299999999994)	(118, 53.180400000000006)	(119, 53.0389)	(120, 52.0629)	(121, 53.14149999999999)	(122, 52.961400000000005)	(123, 52.11599999999999)	(124, 53.1159)	(125, 52.932599999999994)	(126, 52.080099999999995)	(127, 53.034000000000006)	(128, 52.8412)	(129, 51.9213)	(130, 52.995400000000004)	(131, 52.717499999999994)	(132, 51.897400000000005)	(133, 52.8266)	(134, 52.743300000000005)	(135, 51.8891)	(136, 52.7428)	(137, 52.63719999999999)	(138, 51.824999999999996)	(139, 52.6042)	(140, 52.4094)	(141, 51.722)	(142, 52.38549999999999)	(143, 52.457699999999996)	(144, 51.56269999999999)	(145, 52.4685)	(146, 52.27739999999999)	(147, 51.444599999999994)	(148, 52.3329)	(149, 52.2738)	(150, 51.3527)	(151, 52.4092)
reports | SRR30333755	(1, 72.51419999999999)	(2, 49.7759)	(3, 52.5918)	(4, 51.4514)	(5, 51.2564)	(6, 48.6379)	(7, 50.1541)	(8, 54.790499999999994)	(9, 52.3252)	(10, 48.3574)	(11, 58.160500000000006)	(12, 56.3649)	(13, 54.6288)	(14, 52.756499999999996)	(15, 52.585300000000004)	(16, 54.3632)	(17, 53.9528)	(18, 52.74680000000001)	(19, 53.9921)	(20, 53.771)	(21, 52.682300000000005)	(22, 53.549899999999994)	(23, 53.3535)	(24, 52.4482)	(25, 53.8282)	(26, 53.6763)	(27, 52.558099999999996)	(28, 53.8427)	(29, 53.632999999999996)	(30, 52.6496)	(31, 53.759299999999996)	(32, 53.43449999999999)	(33, 52.4236)	(34, 53.596)	(35, 53.4301)	(36, 52.5989)	(37, 53.752500000000005)	(38, 53.54)	(39, 52.560399999999994)	(40, 53.6285)	(41, 53.56229999999999)	(42, 52.5701)	(43, 53.686299999999996)	(44, 53.3833)	(45, 52.540200000000006)	(46, 53.731700000000004)	(47, 53.3963)	(48, 52.4092)	(49, 53.691500000000005)	(50, 53.4209)	(51, 52.38699999999999)	(52, 53.635600000000004)	(53, 53.3269)	(54, 52.4397)	(55, 53.561)	(56, 53.27119999999999)	(57, 52.47619999999999)	(58, 53.536300000000004)	(59, 53.46379999999999)	(60, 52.428200000000004)	(61, 53.5227)	(62, 53.312099999999994)	(63, 52.417)	(64, 53.4428)	(65, 53.295899999999996)	(66, 52.350300000000004)	(67, 53.327400000000004)	(68, 53.293400000000005)	(69, 52.242599999999996)	(70, 53.3468)	(71, 53.2435)	(72, 52.2729)	(73, 53.349000000000004)	(74, 53.190000000000005)	(75, 52.3309)	(76, 53.266400000000004)	(77, 53.135200000000005)	(78, 52.0039)	(79, 53.2459)	(80, 53.0572)	(81, 52.0707)	(82, 53.0586)	(83, 53.0334)	(84, 52.0438)	(85, 53.0577)	(86, 52.947)	(87, 52.1073)	(88, 53.0061)	(89, 52.9721)	(90, 52.0871)	(91, 53.0871)	(92, 52.9742)	(93, 52.149)	(94, 53.041799999999995)	(95, 52.937900000000006)	(96, 52.0967)	(97, 53.085899999999995)	(98, 52.9396)	(99, 51.9688)	(100, 52.9748)	(101, 52.8806)	(102, 52.074299999999994)	(103, 52.905100000000004)	(104, 52.817899999999995)	(105, 51.947500000000005)	(106, 53.0433)	(107, 52.900400000000005)	(108, 52.0587)	(109, 53.039199999999994)	(110, 52.8329)	(111, 52.0436)	(112, 52.881699999999995)	(113, 52.84140000000001)	(114, 51.97429999999999)	(115, 52.896699999999996)	(116, 52.836099999999995)	(117, 52.0414)	(118, 52.876)	(119, 52.7522)	(120, 51.792899999999996)	(121, 52.831799999999994)	(122, 52.64149999999999)	(123, 51.8401)	(124, 52.761)	(125, 52.628699999999995)	(126, 51.78939999999999)	(127, 52.7077)	(128, 52.5038)	(129, 51.6405)	(130, 52.657)	(131, 52.361999999999995)	(132, 51.560300000000005)	(133, 52.508900000000004)	(134, 52.371500000000005)	(135, 51.554)	(136, 52.38739999999999)	(137, 52.242)	(138, 51.5044)	(139, 52.1779)	(140, 52.01090000000001)	(141, 51.314400000000006)	(142, 51.988299999999995)	(143, 52.078199999999995)	(144, 51.1204)	(145, 52.059599999999996)	(146, 51.8526)	(147, 51.0822)	(148, 51.881299999999996)	(149, 51.8123)	(150, 50.9833)	(151, 51.9478)
reports | SRR30333756	(1, 71.909)	(2, 49.143100000000004)	(3, 51.9382)	(4, 50.87930000000001)	(5, 50.7664)	(6, 48.1463)	(7, 49.7511)	(8, 54.378499999999995)	(9, 51.8154)	(10, 48.077799999999996)	(11, 57.734700000000004)	(12, 55.8065)	(13, 54.1217)	(14, 52.322599999999994)	(15, 52.0788)	(16, 53.8752)	(17, 53.530199999999994)	(18, 52.2884)	(19, 53.553)	(20, 53.3012)	(21, 52.208299999999994)	(22, 53.087399999999995)	(23, 52.934000000000005)	(24, 52.0064)	(25, 53.3902)	(26, 53.2475)	(27, 52.12)	(28, 53.4489)	(29, 53.234700000000004)	(30, 52.23480000000001)	(31, 53.3566)	(32, 53.042)	(33, 52.003600000000006)	(34, 53.1829)	(35, 53.05760000000001)	(36, 52.18390000000001)	(37, 53.34870000000001)	(38, 53.1393)	(39, 52.1585)	(40, 53.249)	(41, 53.174299999999995)	(42, 52.151199999999996)	(43, 53.2987)	(44, 52.992700000000006)	(45, 52.18000000000001)	(46, 53.3382)	(47, 53.051899999999996)	(48, 52.083999999999996)	(49, 53.3818)	(50, 53.105599999999995)	(51, 52.058099999999996)	(52, 53.307700000000004)	(53, 53.015100000000004)	(54, 52.095499999999994)	(55, 53.2381)	(56, 52.9496)	(57, 52.1138)	(58, 53.2025)	(59, 53.1331)	(60, 52.1068)	(61, 53.2109)	(62, 53.014399999999995)	(63, 52.0802)	(64, 53.1572)	(65, 52.976299999999995)	(66, 52.0335)	(67, 53.0375)	(68, 52.986200000000004)	(69, 51.9741)	(70, 53.101299999999995)	(71, 52.9667)	(72, 52.010999999999996)	(73, 53.089299999999994)	(74, 52.9118)	(75, 52.0577)	(76, 52.995599999999996)	(77, 52.8597)	(78, 51.724599999999995)	(79, 53.0001)	(80, 52.781800000000004)	(81, 51.79089999999999)	(82, 52.8544)	(83, 52.7715)	(84, 51.8022)	(85, 52.851400000000005)	(86, 52.6952)	(87, 51.8239)	(88, 52.782700000000006)	(89, 52.7197)	(90, 51.8055)	(91, 52.8362)	(92, 52.7243)	(93, 51.8881)	(94, 52.7632)	(95, 52.65)	(96, 51.7575)	(97, 52.7993)	(98, 52.623)	(99, 51.7051)	(100, 52.67810000000001)	(101, 52.589600000000004)	(102, 51.7819)	(103, 52.6509)	(104, 52.545500000000004)	(105, 51.6649)	(106, 52.7475)	(107, 52.59)	(108, 51.7377)	(109, 52.7485)	(110, 52.552600000000005)	(111, 51.7034)	(112, 52.6302)	(113, 52.5395)	(114, 51.653999999999996)	(115, 52.6177)	(116, 52.4962)	(117, 51.7285)	(118, 52.608900000000006)	(119, 52.4472)	(120, 51.499300000000005)	(121, 52.581999999999994)	(122, 52.3588)	(123, 51.5331)	(124, 52.5511)	(125, 52.370799999999996)	(126, 51.496900000000004)	(127, 52.5011)	(128, 52.258300000000006)	(129, 51.4089)	(130, 52.452600000000004)	(131, 52.1474)	(132, 51.3552)	(133, 52.3523)	(134, 52.184799999999996)	(135, 51.3668)	(136, 52.2431)	(137, 52.0663)	(138, 51.3386)	(139, 52.1293)	(140, 51.890899999999995)	(141, 51.2094)	(142, 51.926700000000004)	(143, 51.9671)	(144, 51.0381)	(145, 52.0131)	(146, 51.755799999999994)	(147, 51.0192)	(148, 51.917100000000005)	(149, 51.8061)	(150, 50.9026)	(151, 52.00169999999999)
reports | SRR30333757	(1, 70.0404)	(2, 45.4717)	(3, 49.1751)	(4, 47.1196)	(5, 47.1891)	(6, 44.272600000000004)	(7, 46.4589)	(8, 50.552299999999995)	(9, 48.656)	(10, 44.216499999999996)	(11, 55.00279999999999)	(12, 54.252)	(13, 52.140699999999995)	(14, 48.8842)	(15, 48.898799999999994)	(16, 50.649100000000004)	(17, 50.334900000000005)	(18, 49.2695)	(19, 50.457499999999996)	(20, 50.2305)	(21, 49.259)	(22, 50.0109)	(23, 49.6132)	(24, 48.848200000000006)	(25, 50.0463)	(26, 49.841499999999996)	(27, 48.951699999999995)	(28, 50.0779)	(29, 49.8361)	(30, 49.016799999999996)	(31, 49.9363)	(32, 49.6045)	(33, 48.8053)	(34, 49.9307)	(35, 49.7066)	(36, 48.9105)	(37, 49.8689)	(38, 49.6742)	(39, 48.869600000000005)	(40, 49.8425)	(41, 49.664)	(42, 48.831599999999995)	(43, 49.833800000000004)	(44, 49.5885)	(45, 48.8985)	(46, 49.8883)	(47, 49.6064)	(48, 48.7996)	(49, 49.9009)	(50, 49.6571)	(51, 48.9052)	(52, 49.9056)	(53, 49.6135)	(54, 48.7866)	(55, 49.782)	(56, 49.5084)	(57, 48.8973)	(58, 49.7066)	(59, 49.7175)	(60, 48.8025)	(61, 49.7657)	(62, 49.5235)	(63, 48.7566)	(64, 49.7303)	(65, 49.5246)	(66, 48.7145)	(67, 49.6077)	(68, 49.4901)	(69, 48.6753)	(70, 49.675200000000004)	(71, 49.481700000000004)	(72, 48.7367)	(73, 49.7059)	(74, 49.5395)	(75, 48.7481)	(76, 49.5614)	(77, 49.431799999999996)	(78, 48.6282)	(79, 49.587199999999996)	(80, 49.424600000000005)	(81, 48.6496)	(82, 49.5563)	(83, 49.3423)	(84, 48.709599999999995)	(85, 49.5565)	(86, 49.3782)	(87, 48.6092)	(88, 49.5784)	(89, 49.3925)	(90, 48.649300000000004)	(91, 49.5036)	(92, 49.4184)	(93, 48.7874)	(94, 49.5133)	(95, 49.3583)	(96, 48.6865)	(97, 49.5051)	(98, 49.3754)	(99, 48.5522)	(100, 49.4393)	(101, 49.3621)	(102, 48.6721)	(103, 49.5755)	(104, 49.3997)	(105, 48.607099999999996)	(106, 49.5208)	(107, 49.3334)	(108, 48.694500000000005)	(109, 49.6224)	(110, 49.411899999999996)	(111, 48.7494)	(112, 49.5351)	(113, 49.3838)	(114, 48.6734)	(115, 49.5158)	(116, 49.4362)	(117, 48.8402)	(118, 49.544700000000006)	(119, 49.4469)	(120, 48.6742)	(121, 49.6118)	(122, 49.4765)	(123, 48.7598)	(124, 49.6394)	(125, 49.5043)	(126, 48.777300000000004)	(127, 49.662)	(128, 49.4403)	(129, 48.733399999999996)	(130, 49.715900000000005)	(131, 49.5591)	(132, 48.7847)	(133, 49.688500000000005)	(134, 49.5182)	(135, 48.8139)	(136, 49.6987)	(137, 49.483700000000006)	(138, 48.8429)	(139, 49.5832)	(140, 49.466)	(141, 48.810900000000004)	(142, 49.6404)	(143, 49.573)	(144, 48.781600000000005)	(145, 49.7617)	(146, 49.565)	(147, 48.88)	(148, 49.59)	(149, 49.621700000000004)	(150, 48.8307)	(151, 49.729299999999995)
reports | SRR30333758	(1, 71.1039)	(2, 45.1472)	(3, 48.8446)	(4, 47.8062)	(5, 47.857699999999994)	(6, 45.0083)	(7, 46.7291)	(8, 50.8858)	(9, 49.1201)	(10, 44.6747)	(11, 54.7519)	(12, 53.3033)	(13, 51.4255)	(14, 49.3677)	(15, 49.3089)	(16, 51.0029)	(17, 50.734)	(18, 49.6)	(19, 50.849500000000006)	(20, 50.615)	(21, 49.5513)	(22, 50.318799999999996)	(23, 49.9813)	(24, 49.2297)	(25, 50.4502)	(26, 50.238099999999996)	(27, 49.2604)	(28, 50.361999999999995)	(29, 50.1676)	(30, 49.33)	(31, 50.253400000000006)	(32, 49.9521)	(33, 49.1162)	(34, 50.2824)	(35, 50.074200000000005)	(36, 49.2365)	(37, 50.1704)	(38, 49.9948)	(39, 49.1466)	(40, 50.1034)	(41, 49.96)	(42, 49.112899999999996)	(43, 50.096)	(44, 49.8857)	(45, 49.1607)	(46, 50.200100000000006)	(47, 49.9022)	(48, 49.036699999999996)	(49, 50.20440000000001)	(50, 49.975500000000004)	(51, 49.1814)	(52, 50.2305)	(53, 49.9131)	(54, 49.0409)	(55, 50.0289)	(56, 49.8193)	(57, 49.146699999999996)	(58, 49.980599999999995)	(59, 50.0366)	(60, 49.0548)	(61, 50.022800000000004)	(62, 49.8154)	(63, 49.0278)	(64, 50.06230000000001)	(65, 49.8543)	(66, 49.0132)	(67, 49.8938)	(68, 49.811899999999994)	(69, 48.9477)	(70, 49.9686)	(71, 49.8071)	(72, 49.017500000000005)	(73, 50.01370000000001)	(74, 49.8605)	(75, 49.0457)	(76, 49.838)	(77, 49.7658)	(78, 48.8994)	(79, 49.879)	(80, 49.7756)	(81, 48.931000000000004)	(82, 49.864799999999995)	(83, 49.6517)	(84, 49.0006)	(85, 49.8738)	(86, 49.6852)	(87, 48.889300000000006)	(88, 49.8633)	(89, 49.7262)	(90, 48.9554)	(91, 49.8092)	(92, 49.7192)	(93, 49.1151)	(94, 49.8598)	(95, 49.6822)	(96, 48.9686)	(97, 49.824400000000004)	(98, 49.7282)	(99, 48.8721)	(100, 49.7568)	(101, 49.688700000000004)	(102, 48.983399999999996)	(103, 49.8678)	(104, 49.725)	(105, 48.8922)	(106, 49.8604)	(107, 49.6865)	(108, 48.957499999999996)	(109, 49.9228)	(110, 49.7535)	(111, 49.0525)	(112, 49.8612)	(113, 49.704)	(114, 48.931200000000004)	(115, 49.831599999999995)	(116, 49.784299999999995)	(117, 49.111399999999996)	(118, 49.8299)	(119, 49.7633)	(120, 48.8804)	(121, 49.9213)	(122, 49.7659)	(123, 49.0295)	(124, 49.885400000000004)	(125, 49.8195)	(126, 49.0419)	(127, 49.966699999999996)	(128, 49.756099999999996)	(129, 48.9771)	(130, 49.9674)	(131, 49.853500000000004)	(132, 49.0576)	(133, 49.91)	(134, 49.797799999999995)	(135, 49.0594)	(136, 49.9266)	(137, 49.7676)	(138, 49.058800000000005)	(139, 49.8461)	(140, 49.7379)	(141, 49.0106)	(142, 49.8735)	(143, 49.8152)	(144, 49.0157)	(145, 49.9664)	(146, 49.803599999999996)	(147, 49.1166)	(148, 49.8078)	(149, 49.8883)	(150, 49.036699999999996)	(151, 49.9433)
reports | SRR30333759	(1, 69.2247)	(2, 44.5861)	(3, 48.332)	(4, 46.556599999999996)	(5, 46.624500000000005)	(6, 43.649300000000004)	(7, 45.8225)	(8, 49.9093)	(9, 47.9826)	(10, 43.6033)	(11, 54.488)	(12, 53.7668)	(13, 51.62989999999999)	(14, 48.4504)	(15, 48.409400000000005)	(16, 50.1336)	(17, 49.8746)	(18, 48.7935)	(19, 49.9628)	(20, 49.7348)	(21, 48.753600000000006)	(22, 49.4646)	(23, 49.0755)	(24, 48.3043)	(25, 49.4767)	(26, 49.3211)	(27, 48.458600000000004)	(28, 49.518)	(29, 49.3196)	(30, 48.5193)	(31, 49.3663)	(32, 49.091499999999996)	(33, 48.3176)	(34, 49.4098)	(35, 49.221599999999995)	(36, 48.4132)	(37, 49.2654)	(38, 49.167699999999996)	(39, 48.3326)	(40, 49.2742)	(41, 49.147)	(42, 48.3038)	(43, 49.2408)	(44, 49.0896)	(45, 48.4229)	(46, 49.349399999999996)	(47, 49.0895)	(48, 48.2999)	(49, 49.341499999999996)	(50, 49.186)	(51, 48.3958)	(52, 49.3442)	(53, 49.1344)	(54, 48.2672)	(55, 49.231)	(56, 49.025)	(57, 48.4041)	(58, 49.119)	(59, 49.2128)	(60, 48.2878)	(61, 49.217499999999994)	(62, 49.011900000000004)	(63, 48.24)	(64, 49.170199999999994)	(65, 49.0415)	(66, 48.2308)	(67, 49.025600000000004)	(68, 48.9828)	(69, 48.158)	(70, 49.127900000000004)	(71, 48.946)	(72, 48.261199999999995)	(73, 49.1488)	(74, 49.0513)	(75, 48.2329)	(76, 48.9902)	(77, 48.9454)	(78, 48.119)	(79, 49.013600000000004)	(80, 48.946400000000004)	(81, 48.1428)	(82, 48.977399999999996)	(83, 48.8255)	(84, 48.1973)	(85, 48.9819)	(86, 48.8805)	(87, 48.1246)	(88, 49.005500000000005)	(89, 48.8913)	(90, 48.15)	(91, 48.8971)	(92, 48.885600000000004)	(93, 48.3117)	(94, 48.9343)	(95, 48.832)	(96, 48.141)	(97, 48.9132)	(98, 48.8601)	(99, 48.053200000000004)	(100, 48.8608)	(101, 48.8036)	(102, 48.1982)	(103, 49.0047)	(104, 48.893)	(105, 48.0889)	(106, 48.9448)	(107, 48.8016)	(108, 48.1592)	(109, 49.0426)	(110, 48.8772)	(111, 48.225899999999996)	(112, 48.9571)	(113, 48.8644)	(114, 48.112700000000004)	(115, 48.8885)	(116, 48.9377)	(117, 48.304399999999994)	(118, 48.942099999999996)	(119, 48.9058)	(120, 48.1165)	(121, 49.0485)	(122, 48.9523)	(123, 48.2329)	(124, 49.050700000000006)	(125, 48.9549)	(126, 48.2535)	(127, 49.0564)	(128, 48.8818)	(129, 48.1839)	(130, 49.1288)	(131, 49.0398)	(132, 48.2551)	(133, 49.0649)	(134, 48.9859)	(135, 48.220800000000004)	(136, 49.0753)	(137, 48.912800000000004)	(138, 48.263)	(139, 48.9569)	(140, 48.912800000000004)	(141, 48.2528)	(142, 49.0475)	(143, 49.0455)	(144, 48.2161)	(145, 49.154399999999995)	(146, 48.9968)	(147, 48.3386)	(148, 48.979099999999995)	(149, 49.078)	(150, 48.255700000000004)	(151, 49.1154)
reports | SRR30333760	(1, 69.5524)	(2, 45.345800000000004)	(3, 49.0963)	(4, 47.2802)	(5, 47.2918)	(6, 44.327)	(7, 46.5407)	(8, 50.526199999999996)	(9, 48.5676)	(10, 44.221700000000006)	(11, 55.049499999999995)	(12, 54.251099999999994)	(13, 52.2104)	(14, 48.9884)	(15, 48.9206)	(16, 50.6989)	(17, 50.4355)	(18, 49.308800000000005)	(19, 50.497899999999994)	(20, 50.2965)	(21, 49.2933)	(22, 50.040600000000005)	(23, 49.667899999999996)	(24, 48.8524)	(25, 50.06230000000001)	(26, 49.8951)	(27, 48.9835)	(28, 50.1174)	(29, 49.933499999999995)	(30, 49.0626)	(31, 49.9913)	(32, 49.6652)	(33, 48.837199999999996)	(34, 49.971700000000006)	(35, 49.778)	(36, 48.9465)	(37, 49.885200000000005)	(38, 49.755)	(39, 48.9024)	(40, 49.8711)	(41, 49.7267)	(42, 48.8637)	(43, 49.8464)	(44, 49.662099999999995)	(45, 48.9196)	(46, 49.9276)	(47, 49.6608)	(48, 48.832300000000004)	(49, 49.9077)	(50, 49.723099999999995)	(51, 48.9274)	(52, 49.9359)	(53, 49.6845)	(54, 48.7989)	(55, 49.7913)	(56, 49.5634)	(57, 48.884899999999995)	(58, 49.7345)	(59, 49.7511)	(60, 48.8013)	(61, 49.7735)	(62, 49.5858)	(63, 48.762)	(64, 49.7281)	(65, 49.567699999999995)	(66, 48.7049)	(67, 49.6246)	(68, 49.5392)	(69, 48.6858)	(70, 49.670700000000004)	(71, 49.5179)	(72, 48.7382)	(73, 49.7323)	(74, 49.5766)	(75, 48.742799999999995)	(76, 49.556)	(77, 49.4813)	(78, 48.6136)	(79, 49.579699999999995)	(80, 49.4502)	(81, 48.635099999999994)	(82, 49.5267)	(83, 49.3689)	(84, 48.696400000000004)	(85, 49.5219)	(86, 49.3876)	(87, 48.5967)	(88, 49.548199999999994)	(89, 49.411300000000004)	(90, 48.6556)	(91, 49.485600000000005)	(92, 49.411699999999996)	(93, 48.776399999999995)	(94, 49.509)	(95, 49.3533)	(96, 48.641400000000004)	(97, 49.4763)	(98, 49.351299999999995)	(99, 48.5371)	(100, 49.4125)	(101, 49.3533)	(102, 48.6554)	(103, 49.5052)	(104, 49.3992)	(105, 48.5686)	(106, 49.4925)	(107, 49.3342)	(108, 48.6471)	(109, 49.5791)	(110, 49.3896)	(111, 48.6871)	(112, 49.4917)	(113, 49.3947)	(114, 48.6156)	(115, 49.4665)	(116, 49.4219)	(117, 48.769800000000004)	(118, 49.479299999999995)	(119, 49.432500000000005)	(120, 48.620000000000005)	(121, 49.5693)	(122, 49.4518)	(123, 48.7331)	(124, 49.5913)	(125, 49.4707)	(126, 48.7327)	(127, 49.6074)	(128, 49.3899)	(129, 48.6835)	(130, 49.6368)	(131, 49.5218)	(132, 48.728)	(133, 49.599199999999996)	(134, 49.4983)	(135, 48.7193)	(136, 49.6137)	(137, 49.4514)	(138, 48.7604)	(139, 49.519000000000005)	(140, 49.446400000000004)	(141, 48.738)	(142, 49.553799999999995)	(143, 49.5479)	(144, 48.714600000000004)	(145, 49.6709)	(146, 49.5267)	(147, 48.8344)	(148, 49.5095)	(149, 49.5847)	(150, 48.7703)	(151, 49.626599999999996)
reports | SRR30333761	(1, 68.5775)	(2, 46.7479)	(3, 49.5215)	(4, 48.2032)	(5, 47.6841)	(6, 44.711099999999995)	(7, 46.773199999999996)	(8, 51.0057)	(9, 49.0329)	(10, 44.3928)	(11, 55.386599999999994)	(12, 54.6076)	(13, 52.406200000000005)	(14, 49.113299999999995)	(15, 49.092999999999996)	(16, 50.7869)	(17, 50.4803)	(18, 49.3978)	(19, 50.563199999999995)	(20, 50.4111)	(21, 49.454100000000004)	(22, 50.2174)	(23, 49.864999999999995)	(24, 49.0905)	(25, 50.244299999999996)	(26, 50.1168)	(27, 49.1991)	(28, 50.2566)	(29, 50.10829999999999)	(30, 49.2637)	(31, 50.0856)	(32, 49.8183)	(33, 49.0064)	(34, 50.082899999999995)	(35, 49.9291)	(36, 49.1121)	(37, 50.010299999999994)	(38, 49.9105)	(39, 49.0807)	(40, 50.0167)	(41, 49.932300000000005)	(42, 49.0613)	(43, 50.0047)	(44, 49.851600000000005)	(45, 49.1555)	(46, 50.0907)	(47, 49.8331)	(48, 49.0152)	(49, 50.068)	(50, 49.9095)	(51, 49.099)	(52, 50.0503)	(53, 49.851299999999995)	(54, 48.9881)	(55, 49.9545)	(56, 49.774)	(57, 49.1288)	(58, 49.8654)	(59, 49.945499999999996)	(60, 48.9991)	(61, 49.9158)	(62, 49.7793)	(63, 48.958800000000004)	(64, 49.882)	(65, 49.7686)	(66, 48.9259)	(67, 49.7382)	(68, 49.7325)	(69, 48.8749)	(70, 49.8364)	(71, 49.691)	(72, 48.9598)	(73, 49.8476)	(74, 49.782199999999996)	(75, 48.9363)	(76, 49.7252)	(77, 49.677)	(78, 48.8234)	(79, 49.7405)	(80, 49.6536)	(81, 48.8487)	(82, 49.6821)	(83, 49.5452)	(84, 48.9011)	(85, 49.6862)	(86, 49.5787)	(87, 48.8334)	(88, 49.709399999999995)	(89, 49.594500000000004)	(90, 48.837)	(91, 49.6353)	(92, 49.6203)	(93, 48.984899999999996)	(94, 49.6533)	(95, 49.5475)	(96, 48.8783)	(97, 49.6367)	(98, 49.5849)	(99, 48.759)	(100, 49.5762)	(101, 49.5516)	(102, 48.8774)	(103, 49.6802)	(104, 49.6181)	(105, 48.8079)	(106, 49.6683)	(107, 49.5309)	(108, 48.8721)	(109, 49.7637)	(110, 49.621700000000004)	(111, 48.9521)	(112, 49.6575)	(113, 49.6253)	(114, 48.8539)	(115, 49.624)	(116, 49.6862)	(117, 49.027)	(118, 49.6649)	(119, 49.6635)	(120, 48.850100000000005)	(121, 49.7323)	(122, 49.670199999999994)	(123, 48.9398)	(124, 49.7582)	(125, 49.7019)	(126, 48.954)	(127, 49.768699999999995)	(128, 49.613)	(129, 48.912)	(130, 49.8016)	(131, 49.7476)	(132, 48.9619)	(133, 49.769000000000005)	(134, 49.710300000000004)	(135, 48.944500000000005)	(136, 49.7967)	(137, 49.6498)	(138, 48.9864)	(139, 49.6627)	(140, 49.6225)	(141, 48.9135)	(142, 49.7068)	(143, 49.7401)	(144, 48.9261)	(145, 49.8023)	(146, 49.715199999999996)	(147, 49.0019)	(148, 49.6246)	(149, 49.748999999999995)	(150, 48.9212)	(151, 49.6929)
reports | SRR30333762	(1, 69.1127)	(2, 45.569700000000005)	(3, 48.9485)	(4, 47.4178)	(5, 47.3225)	(6, 44.3916)	(7, 46.381099999999996)	(8, 50.4915)	(9, 48.4981)	(10, 44.096000000000004)	(11, 54.94949999999999)	(12, 54.1591)	(13, 52.081599999999995)	(14, 48.863299999999995)	(15, 48.843399999999995)	(16, 50.5765)	(17, 50.288900000000005)	(18, 49.1954)	(19, 50.350300000000004)	(20, 50.1464)	(21, 49.187)	(22, 49.9174)	(23, 49.5694)	(24, 48.7586)	(25, 49.9469)	(26, 49.7862)	(27, 48.8752)	(28, 49.9589)	(29, 49.782700000000006)	(30, 48.953)	(31, 49.8344)	(32, 49.5085)	(33, 48.716)	(34, 49.8459)	(35, 49.6478)	(36, 48.8236)	(37, 49.7037)	(38, 49.5978)	(39, 48.7624)	(40, 49.7278)	(41, 49.5952)	(42, 48.7375)	(43, 49.7005)	(44, 49.5375)	(45, 48.8354)	(46, 49.7916)	(47, 49.5174)	(48, 48.7149)	(49, 49.763200000000005)	(50, 49.6077)	(51, 48.8111)	(52, 49.7895)	(53, 49.5524)	(54, 48.6902)	(55, 49.6683)	(56, 49.447)	(57, 48.7988)	(58, 49.5503)	(59, 49.637)	(60, 48.6894)	(61, 49.6359)	(62, 49.4598)	(63, 48.615199999999994)	(64, 49.5973)	(65, 49.46)	(66, 48.6164)	(67, 49.454100000000004)	(68, 49.3869)	(69, 48.5769)	(70, 49.5371)	(71, 49.3684)	(72, 48.667)	(73, 49.5818)	(74, 49.4667)	(75, 48.6334)	(76, 49.4131)	(77, 49.3623)	(78, 48.5166)	(79, 49.4532)	(80, 49.327799999999996)	(81, 48.5462)	(82, 49.3892)	(83, 49.2415)	(84, 48.5899)	(85, 49.4031)	(86, 49.298500000000004)	(87, 48.5147)	(88, 49.4133)	(89, 49.2914)	(90, 48.5288)	(91, 49.344300000000004)	(92, 49.2976)	(93, 48.7122)	(94, 49.362899999999996)	(95, 49.2423)	(96, 48.519800000000004)	(97, 49.3546)	(98, 49.260999999999996)	(99, 48.4454)	(100, 49.2689)	(101, 49.2119)	(102, 48.5809)	(103, 49.399100000000004)	(104, 49.3191)	(105, 48.4686)	(106, 49.3575)	(107, 49.209399999999995)	(108, 48.566700000000004)	(109, 49.4687)	(110, 49.2828)	(111, 48.6358)	(112, 49.3604)	(113, 49.2864)	(114, 48.5178)	(115, 49.3126)	(116, 49.3335)	(117, 48.706700000000005)	(118, 49.3689)	(119, 49.3257)	(120, 48.5289)	(121, 49.4681)	(122, 49.3645)	(123, 48.6377)	(124, 49.485800000000005)	(125, 49.3933)	(126, 48.6555)	(127, 49.4563)	(128, 49.309599999999996)	(129, 48.6046)	(130, 49.5135)	(131, 49.4553)	(132, 48.6358)	(133, 49.4936)	(134, 49.3934)	(135, 48.6616)	(136, 49.4898)	(137, 49.3482)	(138, 48.6779)	(139, 49.3831)	(140, 49.3342)	(141, 48.6451)	(142, 49.459900000000005)	(143, 49.4555)	(144, 48.6091)	(145, 49.5707)	(146, 49.4512)	(147, 48.7441)	(148, 49.3759)	(149, 49.5008)	(150, 48.647800000000004)	(151, 49.5654)
reports | SRR30333763	(1, 69.0828)	(2, 46.1882)	(3, 49.2815)	(4, 47.641600000000004)	(5, 47.4657)	(6, 44.4632)	(7, 46.6492)	(8, 50.82489999999999)	(9, 48.8838)	(10, 44.2677)	(11, 55.1544)	(12, 54.3614)	(13, 52.2223)	(14, 48.9339)	(15, 48.9278)	(16, 50.6583)	(17, 50.3022)	(18, 49.2305)	(19, 50.428399999999996)	(20, 50.239)	(21, 49.3191)	(22, 50.038700000000006)	(23, 49.6695)	(24, 48.8687)	(25, 50.07040000000001)	(26, 49.9112)	(27, 48.9769)	(28, 50.110299999999995)	(29, 49.875)	(30, 49.0358)	(31, 49.946400000000004)	(32, 49.608000000000004)	(33, 48.823)	(34, 49.9071)	(35, 49.698100000000004)	(36, 48.9057)	(37, 49.8267)	(38, 49.6822)	(39, 48.855199999999996)	(40, 49.830999999999996)	(41, 49.6718)	(42, 48.836400000000005)	(43, 49.8227)	(44, 49.616)	(45, 48.924800000000005)	(46, 49.8938)	(47, 49.594500000000004)	(48, 48.795500000000004)	(49, 49.8788)	(50, 49.6777)	(51, 48.8843)	(52, 49.8751)	(53, 49.6181)	(54, 48.7785)	(55, 49.7778)	(56, 49.5332)	(57, 48.8957)	(58, 49.6811)	(59, 49.7151)	(60, 48.802)	(61, 49.7419)	(62, 49.5486)	(63, 48.737399999999994)	(64, 49.6847)	(65, 49.55)	(66, 48.7003)	(67, 49.5518)	(68, 49.5097)	(69, 48.6565)	(70, 49.655)	(71, 49.4615)	(72, 48.7604)	(73, 49.697)	(74, 49.5552)	(75, 48.7288)	(76, 49.547999999999995)	(77, 49.4471)	(78, 48.5955)	(79, 49.5597)	(80, 49.4284)	(81, 48.6404)	(82, 49.5186)	(83, 49.3204)	(84, 48.6958)	(85, 49.5027)	(86, 49.3695)	(87, 48.6132)	(88, 49.5316)	(89, 49.3727)	(90, 48.641400000000004)	(91, 49.4708)	(92, 49.3838)	(93, 48.7939)	(94, 49.478699999999996)	(95, 49.3253)	(96, 48.6499)	(97, 49.4427)	(98, 49.3425)	(99, 48.570600000000006)	(100, 49.3839)	(101, 49.323899999999995)	(102, 48.6713)	(103, 49.5326)	(104, 49.3772)	(105, 48.5929)	(106, 49.4747)	(107, 49.3074)	(108, 48.66)	(109, 49.582100000000004)	(110, 49.3692)	(111, 48.729099999999995)	(112, 49.4925)	(113, 49.389)	(114, 48.6323)	(115, 49.458200000000005)	(116, 49.4451)	(117, 48.8025)	(118, 49.4839)	(119, 49.4129)	(120, 48.6228)	(121, 49.5873)	(122, 49.4645)	(123, 48.7406)	(124, 49.6028)	(125, 49.4833)	(126, 48.7543)	(127, 49.6151)	(128, 49.389300000000006)	(129, 48.7045)	(130, 49.637100000000004)	(131, 49.5162)	(132, 48.757400000000004)	(133, 49.594)	(134, 49.4863)	(135, 48.7382)	(136, 49.634699999999995)	(137, 49.4412)	(138, 48.7582)	(139, 49.486999999999995)	(140, 49.420500000000004)	(141, 48.760999999999996)	(142, 49.5591)	(143, 49.5345)	(144, 48.7435)	(145, 49.679899999999996)	(146, 49.513400000000004)	(147, 48.8409)	(148, 49.4959)	(149, 49.588100000000004)	(150, 48.7791)	(151, 49.6154)
reports | SRR30333764	(1, 68.5136)	(2, 46.3436)	(3, 49.366)	(4, 47.876400000000004)	(5, 47.5439)	(6, 44.522600000000004)	(7, 46.6966)	(8, 51.032500000000006)	(9, 49.0548)	(10, 44.3558)	(11, 55.384299999999996)	(12, 54.572500000000005)	(13, 52.2903)	(14, 49.0098)	(15, 49.056)	(16, 50.7233)	(17, 50.3588)	(18, 49.308600000000006)	(19, 50.507000000000005)	(20, 50.3438)	(21, 49.425799999999995)	(22, 50.1725)	(23, 49.818400000000004)	(24, 49.0355)	(25, 50.2074)	(26, 50.0659)	(27, 49.1515)	(28, 50.1996)	(29, 50.0221)	(30, 49.1883)	(31, 50.050799999999995)	(32, 49.7631)	(33, 48.9815)	(34, 50.00599999999999)	(35, 49.8549)	(36, 49.0683)	(37, 49.9502)	(38, 49.8285)	(39, 49.032599999999995)	(40, 49.9722)	(41, 49.8388)	(42, 49.012)	(43, 49.9472)	(44, 49.8037)	(45, 49.083)	(46, 50.0039)	(47, 49.768299999999996)	(48, 48.945699999999995)	(49, 50.009499999999996)	(50, 49.849199999999996)	(51, 49.047000000000004)	(52, 49.9962)	(53, 49.7749)	(54, 48.9219)	(55, 49.8872)	(56, 49.696400000000004)	(57, 49.067)	(58, 49.824400000000004)	(59, 49.8779)	(60, 48.9678)	(61, 49.86)	(62, 49.682900000000004)	(63, 48.8922)	(64, 49.8296)	(65, 49.6954)	(66, 48.8676)	(67, 49.682700000000004)	(68, 49.660399999999996)	(69, 48.8122)	(70, 49.7756)	(71, 49.6108)	(72, 48.9012)	(73, 49.8056)	(74, 49.6862)	(75, 48.8802)	(76, 49.6988)	(77, 49.6039)	(78, 48.7528)	(79, 49.6778)	(80, 49.561)	(81, 48.7821)	(82, 49.6342)	(83, 49.4668)	(84, 48.8335)	(85, 49.6075)	(86, 49.4994)	(87, 48.7483)	(88, 49.642399999999995)	(89, 49.515100000000004)	(90, 48.7777)	(91, 49.5808)	(92, 49.5267)	(93, 48.927)	(94, 49.5895)	(95, 49.4668)	(96, 48.79)	(97, 49.565)	(98, 49.498599999999996)	(99, 48.6853)	(100, 49.5099)	(101, 49.4667)	(102, 48.8033)	(103, 49.6159)	(104, 49.4913)	(105, 48.7329)	(106, 49.5897)	(107, 49.4405)	(108, 48.8117)	(109, 49.668600000000005)	(110, 49.5268)	(111, 48.8742)	(112, 49.5825)	(113, 49.5297)	(114, 48.7872)	(115, 49.5719)	(116, 49.593900000000005)	(117, 48.9401)	(118, 49.600699999999996)	(119, 49.546099999999996)	(120, 48.77)	(121, 49.6923)	(122, 49.5808)	(123, 48.865199999999994)	(124, 49.695499999999996)	(125, 49.5983)	(126, 48.8848)	(127, 49.7147)	(128, 49.505900000000004)	(129, 48.8236)	(130, 49.7606)	(131, 49.6581)	(132, 48.9049)	(133, 49.7012)	(134, 49.6432)	(135, 48.884)	(136, 49.7406)	(137, 49.601299999999995)	(138, 48.923899999999996)	(139, 49.6027)	(140, 49.5608)	(141, 48.8924)	(142, 49.6749)	(143, 49.6858)	(144, 48.8865)	(145, 49.7693)	(146, 49.6721)	(147, 49.004799999999996)	(148, 49.6149)	(149, 49.7158)	(150, 48.943599999999996)	(151, 49.7385)
reports | SRR30333765	(1, 68.9136)	(2, 46.5691)	(3, 49.3346)	(4, 47.9238)	(5, 47.5745)	(6, 44.6577)	(7, 46.7323)	(8, 50.9473)	(9, 48.954)	(10, 44.2961)	(11, 55.09460000000001)	(12, 54.238600000000005)	(13, 52.152)	(14, 49.0296)	(15, 48.991)	(16, 50.6816)	(17, 50.404)	(18, 49.2988)	(19, 50.4953)	(20, 50.309599999999996)	(21, 49.323)	(22, 50.099700000000006)	(23, 49.7464)	(24, 48.9547)	(25, 50.1486)	(26, 49.9979)	(27, 49.0886)	(28, 50.1742)	(29, 49.9744)	(30, 49.122)	(31, 49.9763)	(32, 49.7007)	(33, 48.8826)	(34, 49.965900000000005)	(35, 49.808099999999996)	(36, 48.9993)	(37, 49.9221)	(38, 49.799)	(39, 48.946)	(40, 49.9122)	(41, 49.7715)	(42, 48.917300000000004)	(43, 49.8934)	(44, 49.7164)	(45, 48.9843)	(46, 49.963800000000006)	(47, 49.7006)	(48, 48.8869)	(49, 49.956)	(50, 49.7825)	(51, 48.9759)	(52, 49.9277)	(53, 49.7184)	(54, 48.845)	(55, 49.832)	(56, 49.6168)	(57, 48.952600000000004)	(58, 49.7585)	(59, 49.8236)	(60, 48.869099999999996)	(61, 49.816300000000005)	(62, 49.6325)	(63, 48.8248)	(64, 49.769000000000005)	(65, 49.605700000000006)	(66, 48.7763)	(67, 49.6291)	(68, 49.5978)	(69, 48.7498)	(70, 49.7258)	(71, 49.5844)	(72, 48.809000000000005)	(73, 49.7573)	(74, 49.626)	(75, 48.7904)	(76, 49.613800000000005)	(77, 49.5595)	(78, 48.6807)	(79, 49.641999999999996)	(80, 49.5257)	(81, 48.7479)	(82, 49.5772)	(83, 49.4365)	(84, 48.76)	(85, 49.5807)	(86, 49.4633)	(87, 48.6973)	(88, 49.593399999999995)	(89, 49.4987)	(90, 48.727)	(91, 49.5531)	(92, 49.5188)	(93, 48.8564)	(94, 49.5493)	(95, 49.4351)	(96, 48.742000000000004)	(97, 49.5315)	(98, 49.4771)	(99, 48.6497)	(100, 49.471399999999996)	(101, 49.4423)	(102, 48.7525)	(103, 49.5938)	(104, 49.495400000000004)	(105, 48.680800000000005)	(106, 49.5601)	(107, 49.4424)	(108, 48.7705)	(109, 49.6598)	(110, 49.504599999999996)	(111, 48.8281)	(112, 49.58)	(113, 49.501400000000004)	(114, 48.7386)	(115, 49.544700000000006)	(116, 49.5767)	(117, 48.914699999999996)	(118, 49.5851)	(119, 49.547999999999995)	(120, 48.7327)	(121, 49.6652)	(122, 49.5903)	(123, 48.865199999999994)	(124, 49.6958)	(125, 49.5961)	(126, 48.8596)	(127, 49.7009)	(128, 49.5373)	(129, 48.8288)	(130, 49.764)	(131, 49.6683)	(132, 48.899100000000004)	(133, 49.7108)	(134, 49.641400000000004)	(135, 48.8825)	(136, 49.7672)	(137, 49.585)	(138, 48.916399999999996)	(139, 49.6177)	(140, 49.5661)	(141, 48.8801)	(142, 49.688300000000005)	(143, 49.6796)	(144, 48.8613)	(145, 49.7767)	(146, 49.680400000000006)	(147, 48.9704)	(148, 49.644800000000004)	(149, 49.7153)	(150, 48.9158)	(151, 49.7726)
reports | SRR30333766	(1, 68.4041)	(2, 46.7117)	(3, 49.5438)	(4, 48.2255)	(5, 47.5822)	(6, 44.6175)	(7, 46.6929)	(8, 51.025299999999994)	(9, 49.0338)	(10, 44.2333)	(11, 55.2628)	(12, 54.4718)	(13, 52.1853)	(14, 48.8314)	(15, 48.8808)	(16, 50.551500000000004)	(17, 50.1898)	(18, 49.1492)	(19, 50.3572)	(20, 50.1571)	(21, 49.2342)	(22, 49.9881)	(23, 49.6433)	(24, 48.877700000000004)	(25, 50.029500000000006)	(26, 49.8662)	(27, 48.991)	(28, 50.05)	(29, 49.8632)	(30, 49.0452)	(31, 49.8641)	(32, 49.559599999999996)	(33, 48.7982)	(34, 49.852000000000004)	(35, 49.6777)	(36, 48.8963)	(37, 49.7695)	(38, 49.648399999999995)	(39, 48.8403)	(40, 49.7858)	(41, 49.6641)	(42, 48.8298)	(43, 49.7799)	(44, 49.6137)	(45, 48.918)	(46, 49.8493)	(47, 49.5561)	(48, 48.7865)	(49, 49.819)	(50, 49.6656)	(51, 48.8558)	(52, 49.8063)	(53, 49.5978)	(54, 48.7294)	(55, 49.7213)	(56, 49.505500000000005)	(57, 48.891400000000004)	(58, 49.63)	(59, 49.6753)	(60, 48.793)	(61, 49.6625)	(62, 49.5087)	(63, 48.700500000000005)	(64, 49.6253)	(65, 49.4932)	(66, 48.6753)	(67, 49.4813)	(68, 49.4218)	(69, 48.6299)	(70, 49.5842)	(71, 49.4126)	(72, 48.725699999999996)	(73, 49.6147)	(74, 49.5022)	(75, 48.6785)	(76, 49.4617)	(77, 49.4)	(78, 48.566500000000005)	(79, 49.4977)	(80, 49.3641)	(81, 48.6077)	(82, 49.4143)	(83, 49.2716)	(84, 48.661300000000004)	(85, 49.444700000000005)	(86, 49.323299999999996)	(87, 48.571799999999996)	(88, 49.4427)	(89, 49.3097)	(90, 48.5768)	(91, 49.3749)	(92, 49.3487)	(93, 48.767300000000006)	(94, 49.4078)	(95, 49.2562)	(96, 48.5911)	(97, 49.370000000000005)	(98, 49.3023)	(99, 48.5055)	(100, 49.3132)	(101, 49.2575)	(102, 48.6296)	(103, 49.431799999999996)	(104, 49.3294)	(105, 48.553000000000004)	(106, 49.4004)	(107, 49.2364)	(108, 48.6249)	(109, 49.5006)	(110, 49.3264)	(111, 48.694900000000004)	(112, 49.377900000000004)	(113, 49.335699999999996)	(114, 48.5734)	(115, 49.3733)	(116, 49.3979)	(117, 48.75)	(118, 49.3782)	(119, 49.3666)	(120, 48.5973)	(121, 49.513600000000004)	(122, 49.4039)	(123, 48.7119)	(124, 49.5296)	(125, 49.410900000000005)	(126, 48.7234)	(127, 49.517)	(128, 49.3461)	(129, 48.6655)	(130, 49.576100000000004)	(131, 49.494899999999994)	(132, 48.7217)	(133, 49.520399999999995)	(134, 49.457699999999996)	(135, 48.7068)	(136, 49.551899999999996)	(137, 49.3887)	(138, 48.7447)	(139, 49.4088)	(140, 49.3798)	(141, 48.687799999999996)	(142, 49.5152)	(143, 49.5229)	(144, 48.6618)	(145, 49.6119)	(146, 49.4662)	(147, 48.8067)	(148, 49.4023)	(149, 49.5257)	(150, 48.7337)	(151, 49.5182)
reports | SRR30333767	(1, 68.59530000000001)	(2, 46.6916)	(3, 49.719)	(4, 48.228100000000005)	(5, 47.734300000000005)	(6, 44.7609)	(7, 46.799)	(8, 51.123)	(9, 49.1075)	(10, 44.4286)	(11, 55.4261)	(12, 54.6424)	(13, 52.44180000000001)	(14, 49.0246)	(15, 49.081399999999995)	(16, 50.7776)	(17, 50.4323)	(18, 49.3724)	(19, 50.571299999999994)	(20, 50.360499999999995)	(21, 49.422700000000006)	(22, 50.200100000000006)	(23, 49.8234)	(24, 49.0295)	(25, 50.2295)	(26, 50.065000000000005)	(27, 49.1747)	(28, 50.2378)	(29, 50.051100000000005)	(30, 49.2202)	(31, 50.0857)	(32, 49.7648)	(33, 48.9813)	(34, 50.049699999999994)	(35, 49.885200000000005)	(36, 49.093599999999995)	(37, 50.0197)	(38, 49.8849)	(39, 49.0484)	(40, 50.0108)	(41, 49.871500000000005)	(42, 49.016999999999996)	(43, 50.002)	(44, 49.8169)	(45, 49.092200000000005)	(46, 50.072399999999995)	(47, 49.7988)	(48, 48.993900000000004)	(49, 50.039699999999996)	(50, 49.8813)	(51, 49.0853)	(52, 50.035700000000006)	(53, 49.8147)	(54, 48.950500000000005)	(55, 49.925599999999996)	(56, 49.7307)	(57, 49.065)	(58, 49.8573)	(59, 49.884)	(60, 48.987199999999994)	(61, 49.9048)	(62, 49.7312)	(63, 48.9153)	(64, 49.8549)	(65, 49.7254)	(66, 48.8805)	(67, 49.709900000000005)	(68, 49.674800000000005)	(69, 48.855399999999996)	(70, 49.8043)	(71, 49.6406)	(72, 48.9463)	(73, 49.8553)	(74, 49.7143)	(75, 48.8983)	(76, 49.7112)	(77, 49.6113)	(78, 48.7917)	(79, 49.7194)	(80, 49.5989)	(81, 48.824600000000004)	(82, 49.666399999999996)	(83, 49.509100000000004)	(84, 48.8588)	(85, 49.6865)	(86, 49.5574)	(87, 48.7864)	(88, 49.689699999999995)	(89, 49.555)	(90, 48.8221)	(91, 49.636599999999994)	(92, 49.5784)	(93, 48.949999999999996)	(94, 49.6516)	(95, 49.513600000000004)	(96, 48.829299999999996)	(97, 49.621700000000004)	(98, 49.5267)	(99, 48.7532)	(100, 49.539)	(101, 49.5034)	(102, 48.8456)	(103, 49.670500000000004)	(104, 49.5714)	(105, 48.783)	(106, 49.6492)	(107, 49.4979)	(108, 48.841)	(109, 49.74)	(110, 49.552099999999996)	(111, 48.9154)	(112, 49.6373)	(113, 49.5639)	(114, 48.8137)	(115, 49.6307)	(116, 49.637100000000004)	(117, 48.976)	(118, 49.6533)	(119, 49.6005)	(120, 48.8145)	(121, 49.7677)	(122, 49.6461)	(123, 48.9501)	(124, 49.7802)	(125, 49.6581)	(126, 48.9383)	(127, 49.7614)	(128, 49.5815)	(129, 48.878899999999994)	(130, 49.825199999999995)	(131, 49.703)	(132, 48.9633)	(133, 49.7624)	(134, 49.6915)	(135, 48.9465)	(136, 49.802400000000006)	(137, 49.643)	(138, 48.9694)	(139, 49.6838)	(140, 49.620999999999995)	(141, 48.9291)	(142, 49.7601)	(143, 49.7403)	(144, 48.9145)	(145, 49.8438)	(146, 49.7072)	(147, 49.039100000000005)	(148, 49.6572)	(149, 49.7684)	(150, 48.9604)	(151, 49.7965)
reports | SRR30333768	(1, 70.03160000000001)	(2, 45.8677)	(3, 48.903600000000004)	(4, 47.9615)	(5, 47.8677)	(6, 44.9158)	(7, 46.597699999999996)	(8, 51.1486)	(9, 49.3318)	(10, 44.5381)	(11, 54.799)	(12, 53.3647)	(13, 51.402800000000006)	(14, 49.271300000000004)	(15, 49.2725)	(16, 50.8455)	(17, 50.5444)	(18, 49.4505)	(19, 50.690900000000006)	(20, 50.475899999999996)	(21, 49.497600000000006)	(22, 50.207)	(23, 49.922)	(24, 49.157000000000004)	(25, 50.3589)	(26, 50.1594)	(27, 49.261500000000005)	(28, 50.312)	(29, 50.1182)	(30, 49.2962)	(31, 50.12950000000001)	(32, 49.8382)	(33, 49.0738)	(34, 50.1887)	(35, 50.005500000000005)	(36, 49.1879)	(37, 50.050399999999996)	(38, 49.918099999999995)	(39, 49.076)	(40, 50.009499999999996)	(41, 49.9086)	(42, 49.046800000000005)	(43, 49.990899999999996)	(44, 49.8345)	(45, 49.1483)	(46, 50.11560000000001)	(47, 49.827)	(48, 49.012899999999995)	(49, 50.0791)	(50, 49.9182)	(51, 49.1154)	(52, 50.09010000000001)	(53, 49.8357)	(54, 48.989)	(55, 49.9561)	(56, 49.7633)	(57, 49.1195)	(58, 49.8807)	(59, 49.9506)	(60, 49.0022)	(61, 49.914199999999994)	(62, 49.7432)	(63, 48.936800000000005)	(64, 49.9037)	(65, 49.792199999999994)	(66, 48.9614)	(67, 49.7655)	(68, 49.706)	(69, 48.8649)	(70, 49.8367)	(71, 49.694300000000005)	(72, 49.0138)	(73, 49.8784)	(74, 49.7735)	(75, 48.9855)	(76, 49.7054)	(77, 49.7009)	(78, 48.8161)	(79, 49.7721)	(80, 49.6566)	(81, 48.8873)	(82, 49.7307)	(83, 49.538900000000005)	(84, 48.9336)	(85, 49.7117)	(86, 49.589299999999994)	(87, 48.8669)	(88, 49.747400000000006)	(89, 49.6381)	(90, 48.8933)	(91, 49.697599999999994)	(92, 49.666399999999996)	(93, 49.066700000000004)	(94, 49.7458)	(95, 49.6043)	(96, 48.889500000000005)	(97, 49.7143)	(98, 49.6451)	(99, 48.8833)	(100, 49.659)	(101, 49.621900000000004)	(102, 48.9754)	(103, 49.7881)	(104, 49.7211)	(105, 48.8874)	(106, 49.782399999999996)	(107, 49.6524)	(108, 49.0201)	(109, 49.899)	(110, 49.7302)	(111, 49.1102)	(112, 49.7927)	(113, 49.7232)	(114, 48.9869)	(115, 49.7798)	(116, 49.8176)	(117, 49.168800000000005)	(118, 49.815799999999996)	(119, 49.7816)	(120, 48.9525)	(121, 49.930400000000006)	(122, 49.8526)	(123, 49.108000000000004)	(124, 49.9297)	(125, 49.8737)	(126, 49.1163)	(127, 49.979600000000005)	(128, 49.7996)	(129, 49.064)	(130, 50.015600000000006)	(131, 49.947599999999994)	(132, 49.1791)	(133, 49.9696)	(134, 49.9007)	(135, 49.1409)	(136, 50.0052)	(137, 49.8422)	(138, 49.1903)	(139, 49.8455)	(140, 49.8104)	(141, 49.1573)	(142, 49.9214)	(143, 49.9561)	(144, 49.134899999999995)	(145, 50.0346)	(146, 49.9359)	(147, 49.2832)	(148, 49.8504)	(149, 49.9932)	(150, 49.167899999999996)	(151, 50.0701)
