Sample	0	1	2	3	4	5	6	7	8	9	10	11	12	13	14	15	16	17	18	19	20	21	22	23	24	25	26	27	28	29	30	31	32	33	34	35
qc_bundle_trimmed | SRR30333743_1 - illumina_universal_adapter	(1, 2.595026942268376e-05)	(2, 2.794644399365943e-05)	(3, 4.591201513244049e-05)	(4, 0.00013374369625537014)	(5, 0.00019961745709756737)	(6, 0.00031938793135610777)	(7, 0.0003672961210595239)	(8, 0.0004591201513244049)	(9, 0.0005389671341634319)	(10, 0.0009637530828670553)	(15, 0.001387341326828093)	(20, 0.0016628134176227363)	(25, 0.0024105804119102237)	(30, 0.005796491719199161)	(35, 0.015925480727243924)	(40, 0.04126531996612333)	(45, 0.08274103673202748)	(50, 0.15864437708863488)	(55, 0.2741885505455056)	(60, 0.451928732815008)	(65, 0.722322954736003)	(70, 1.1166955869111552)	(75, 1.71904365911255)	(80, 2.617788921666297)	(85, 3.9521541707901813)	(90, 5.869263860123736)	(95, 8.506161362488154)	(100, 11.944831563687979)	(105, 16.143882586289287)	(110, 20.97281531618437)	(115, 26.166203610724477)	(120, 31.51892057099615)	(125, 36.78531735353005)	(130, 41.82307669228844)	(135, 46.53481401312153)	(140, 49.176836494079474)
qc_bundle_trimmed | SRR30333743_2 - illumina_universal_adapter	(1, 1.3973221996829715e-05)	(2, 2.195792028073241e-05)	(3, 3.79273168485378e-05)	(4, 6.78699354131729e-05)	(5, 0.00010380107769073503)	(6, 0.0001816518859587863)	(7, 0.00021558685366537274)	(8, 0.00028146061450756997)	(9, 0.00034334202620781587)	(10, 0.0005090245155987968)	(15, 0.0008415871991233439)	(20, 0.0011282378675154506)	(25, 0.0017642190858283002)	(30, 0.004975664735613963)	(35, 0.014954541415921358)	(40, 0.040313144695767925)	(45, 0.08156808455412216)	(50, 0.15746863026633023)	(55, 0.27398334379960937)	(60, 0.4529372002082649)	(65, 0.7246936116564937)	(70, 1.1191409007606006)	(75, 1.7193646439835626)	(80, 2.6166351327642734)	(85, 3.955510937948733)	(90, 5.88621337840589)	(95, 8.538835546335713)	(100, 11.988763373646012)	(105, 16.196925336224165)	(110, 21.045785876861302)	(115, 26.272400896370215)	(120, 31.654830515895945)	(125, 36.94857608775695)	(130, 42.01556580999304)	(135, 46.74630910815132)	(140, 49.39035531088932)
qc_bundle_trimmed | SRR30333744_1 - illumina_universal_adapter	(1, 4.858820671022128e-05)	(2, 5.96309809625443e-05)	(3, 8.392508431765494e-05)	(4, 0.00022085548504646038)	(5, 0.0003091976790650445)	(6, 0.00044171097009292076)	(7, 0.0005057590607563942)	(8, 0.0005830584805226554)	(9, 0.0006956947778963502)	(10, 0.00118113513402847)	(15, 0.0016714343108316123)	(20, 0.002057047987722732)	(25, 0.0026772101897331924)	(30, 0.004485133190323518)	(35, 0.009597937669149074)	(40, 0.022499873394593202)	(45, 0.04444054070104876)	(50, 0.08527804501904956)	(55, 0.14591966068116646)	(60, 0.24093699087979484)	(65, 0.38493300028620664)	(70, 0.6015233242054497)	(75, 0.9410762645572198)	(80, 1.4613998611304881)	(85, 2.262948906165726)	(90, 3.4526629506553412)	(95, 5.160201832760409)	(100, 7.493474217341719)	(105, 10.480881678065277)	(110, 14.090903720105251)	(115, 18.175901985395843)	(120, 22.624340478589858)	(125, 27.24418093832971)	(130, 31.885963832219886)	(135, 36.46031247914986)	(140, 39.12556290265682)
qc_bundle_trimmed | SRR30333744_2 - illumina_universal_adapter	(1, 3.312832275696906e-05)	(2, 3.975398730836287e-05)	(3, 5.7422426112079696e-05)	(4, 0.00013251329102787623)	(5, 0.00019435282684088513)	(6, 0.00030698912421457994)	(7, 0.000340117446971549)	(8, 0.0004041655376350225)	(9, 0.0004969248413545359)	(10, 0.0007438412736364786)	(15, 0.001170092359776147)	(20, 0.001550405505026152)	(25, 0.0020261282198162276)	(30, 0.003700212796468397)	(35, 0.008676970296505335)	(40, 0.02156256271605602)	(45, 0.043116732923680276)	(50, 0.08353726208591336)	(55, 0.14448189147351403)	(60, 0.2399722941211119)	(65, 0.3844188487170185)	(70, 0.600117799898614)	(75, 0.9366958168668085)	(80, 1.4540462569003814)	(85, 2.256158925133458)	(90, 3.450557756171878)	(95, 5.162109140729269)	(100, 7.4943814916742895)	(105, 10.478535309392141)	(110, 14.09137546742131)	(115, 18.19291315827606)	(120, 22.65675322957528)	(125, 27.289070699087336)	(130, 31.946930547155993)	(135, 36.52560221935026)	(140, 39.1827357620708)
qc_bundle_trimmed | SRR30333745_1 - illumina_universal_adapter	(1, 3.346343078637305e-05)	(2, 5.019514617955958e-05)	(3, 7.529271926933937e-05)	(4, 0.00018823179817334843)	(5, 0.00023215255108046306)	(6, 0.00032208552131884064)	(7, 0.0004078355627089216)	(8, 0.0004726709598575194)	(9, 0.0005605124656717487)	(10, 0.0009662565639565219)	(15, 0.0014213592226511953)	(20, 0.0016857203258635427)	(25, 0.00223577546941455)	(30, 0.004105962957487974)	(35, 0.009001662881534353)	(40, 0.0221942021761771)	(45, 0.04549688049715281)	(50, 0.08966693596362593)	(55, 0.15905168652763116)	(60, 0.2724174241741665)	(65, 0.44899767404058455)	(70, 0.7168933521297424)	(75, 1.1437344703537846)	(80, 1.797634587199719)	(85, 2.7980451834954674)	(90, 4.281771038688996)	(95, 6.3870939244046046)	(100, 9.22837511535472)	(105, 12.807785969904495)	(110, 17.069803963693182)	(115, 21.807707916452188)	(120, 26.876130593381085)	(125, 32.04456375272967)	(130, 37.14349211145632)	(135, 42.05583130816833)	(140, 44.86611992440276)
qc_bundle_trimmed | SRR30333745_2 - illumina_universal_adapter	(1, 2.3006108665631475e-05)	(2, 3.9737824058818005e-05)	(3, 5.646953945200453e-05)	(4, 0.00011293907890400906)	(5, 0.00014849397411453044)	(6, 0.0002216952289597215)	(7, 0.00029489648380491253)	(8, 0.0003513660232569171)	(9, 0.0004203843492538115)	(10, 0.0006123807833906268)	(15, 0.000985916329543516)	(20, 0.0012527871900648413)	(25, 0.0016807008112455866)	(30, 0.003395701639047206)	(35, 0.008167586869184004)	(40, 0.021379367636528916)	(45, 0.04450887270318514)	(50, 0.08866763426176787)	(55, 0.15866685707358782)	(60, 0.27283320730168714)	(65, 0.4503993734976488)	(70, 0.7182515491267842)	(75, 1.1435169580536733)	(80, 1.795922932714996)	(85, 2.7993837207269223)	(90, 4.292255131554367)	(95, 6.4098268878164415)	(100, 9.259155615577795)	(105, 12.845748977252981)	(110, 17.1236867799454)	(115, 21.891393682455636)	(120, 26.98942814928739)	(125, 32.186844404332945)	(130, 37.31731957584767)	(135, 42.251913208911276)	(140, 45.064924075240185)
qc_bundle_trimmed | SRR30333746_1 - illumina_universal_adapter	(1, 1.8950145365380713e-05)	(2, 2.6056449877398483e-05)	(3, 5.921920426681473e-05)	(4, 0.00019187022182447973)	(5, 0.0002700395714566752)	(6, 0.0004097968935263579)	(7, 0.0004998100840119163)	(8, 0.0006135109562042006)	(9, 0.0007058929148604316)	(10, 0.001177277780824277)	(15, 0.0017192519382741654)	(20, 0.00206793461299717)	(25, 0.002622700118568691)	(30, 0.004300261737039018)	(35, 0.008546515559786702)	(40, 0.019760737833384872)	(45, 0.03992369250214996)	(50, 0.07897046702751691)	(55, 0.14165517912802567)	(60, 0.24433559428307278)	(65, 0.4069998520704277)	(70, 0.6507266729336376)	(75, 1.0345490759613025)	(80, 1.6119495826645018)	(85, 2.4896227227403047)	(90, 3.7763759670940202)	(95, 5.591166484488655)	(100, 8.043675821284495)	(105, 11.146956363855582)	(110, 14.875786416227863)	(115, 19.077491763496973)	(120, 23.64550673695434)	(125, 28.380497126269677)	(130, 33.14207835956172)	(135, 37.8333393934319)	(140, 40.55942250379506)
qc_bundle_trimmed | SRR30333746_2 - illumina_universal_adapter	(1, 1.4212609024035535e-05)	(2, 1.6581377194708125e-05)	(3, 4.026905890143402e-05)	(4, 0.00010422579950959393)	(5, 0.0001539699310937183)	(6, 0.00022503297621389597)	(7, 0.0002842521804807107)	(8, 0.0003813716754782869)	(9, 0.00045480348876913713)	(10, 0.0007002078712508174)	(15, 0.0011739615053853352)	(20, 0.0015430155863761245)	(25, 0.0019968715678769927)	(30, 0.003543203429692059)	(35, 0.007669123829369575)	(40, 0.01894351281450283)	(45, 0.03890133215968766)	(50, 0.07788083366900753)	(55, 0.14119137432020795)	(60, 0.24472786229213614)	(65, 0.40857650416482744)	(70, 0.6520072290067033)	(75, 1.0338801358299043)	(80, 1.6101213673903765)	(85, 2.491370873650261)	(90, 3.7881359535541415)	(95, 5.614839006079088)	(100, 8.07700344193859)	(105, 11.188330689985452)	(110, 14.934365579334962)	(115, 19.16960273507448)	(120, 23.77149346214063)	(125, 28.538030632199348)	(130, 33.33413097653534)	(135, 38.05025507487854)	(140, 40.78512347263309)
qc_bundle_trimmed | SRR30333747_1 - illumina_universal_adapter	(1, 4.1325460168722614e-05)	(2, 6.563455438561828e-05)	(3, 0.00012397638050616784)	(4, 0.00031601822481964353)	(5, 0.00039380732631370965)	(6, 0.0005882800800488749)	(7, 0.000687947366338147)	(8, 0.0008289401127961419)	(9, 0.000962640130989068)	(10, 0.0014245129211100855)	(15, 0.002081344646850606)	(20, 0.002642884723260896)	(25, 0.003278324446090548)	(30, 0.004732008280260909)	(35, 0.008886432481928375)	(40, 0.019702520862793928)	(45, 0.03810693609440564)	(50, 0.07192380324141352)	(55, 0.1220982598869705)	(60, 0.20091563606641127)	(65, 0.3209699873116252)	(70, 0.5017902675526975)	(75, 0.786033102957668)	(80, 1.2197326252450722)	(85, 1.8889245530311154)	(90, 2.886511924048277)	(95, 4.319163043720295)	(100, 6.285728898952638)	(105, 8.822158264455135)	(110, 11.916986485213215)	(115, 15.44572717592404)	(120, 19.32247880417148)	(125, 23.375531165863187)	(130, 27.48957796203639)	(135, 31.584809519285717)	(140, 33.97511205763161)
qc_bundle_trimmed | SRR30333747_2 - illumina_universal_adapter	(1, 4.375636959041218e-05)	(2, 5.3480007277170446e-05)	(3, 9.966728628927219e-05)	(4, 0.00024552185159064615)	(5, 0.0003233109530847122)	(6, 0.000481320065494534)	(7, 0.0005761255329404271)	(8, 0.0007073946417116636)	(9, 0.0008386637504829001)	(10, 0.0012480288970954229)	(15, 0.001902915895298592)	(20, 0.0024882788840414395)	(25, 0.003130525153251822)	(30, 0.004636716630930677)	(35, 0.008932619760940477)	(40, 0.01985615433824471)	(45, 0.0382668899343528)	(50, 0.07209348071904745)	(55, 0.12276335670474474)	(60, 0.20240092172306362)	(65, 0.3233119254484809)	(70, 0.5037101998139479)	(75, 0.7859028062126654)	(80, 1.2178515875345686)	(85, 1.8881549271082085)	(90, 2.8914058308960224)	(95, 4.3303398790593395)	(100, 6.299157728779936)	(105, 8.83383051913432)	(110, 11.93481185782058)	(115, 15.482741175142456)	(120, 19.37734394363713)	(125, 23.4444314039659)	(130, 27.576010405070214)	(135, 31.674469723849665)	(140, 34.05929931272357)
qc_bundle_trimmed | SRR30333748_1 - illumina_universal_adapter	(1, 2.904770878247079e-05)	(2, 5.9624244342966355e-05)	(3, 0.00010396022090568494)	(4, 0.0002706023397103858)	(5, 0.000351630158945699)	(6, 0.0005626082543131184)	(7, 0.0006451649003264564)	(8, 0.0007582980819002901)	(9, 0.0008744889170301732)	(10, 0.0013074526605667905)	(15, 0.0018804569369704773)	(20, 0.002304859250550156)	(25, 0.0027567804461342805)	(30, 0.0037544928014732514)	(35, 0.006350440670559325)	(40, 0.012325095719080158)	(45, 0.022812235885618933)	(50, 0.04259831204681561)	(55, 0.07351149526383223)	(60, 0.12499626584059467)	(65, 0.20786907323162823)	(70, 0.3415989149243672)	(75, 0.5626755226913516)	(80, 0.9157895609078015)	(85, 1.4767549379652547)	(90, 2.333998383173953)	(95, 3.5895152692644636)	(100, 5.333028464889438)	(105, 7.608554116049632)	(110, 10.398864485314196)	(115, 13.603240770312215)	(120, 17.140384855234014)	(125, 20.86491968446116)	(130, 24.672198899629983)	(135, 28.484258144602983)	(140, 30.731856717008995)
qc_bundle_trimmed | SRR30333748_2 - illumina_universal_adapter	(1, 2.1403574892346898e-05)	(2, 3.6691842672594685e-05)	(3, 7.185485856716458e-05)	(4, 0.00018804569369704774)	(5, 0.00026601585937631147)	(6, 0.0004494750727392849)	(7, 0.0005228587580844742)	(8, 0.00062070367187806)	(9, 0.0007323080266738688)	(10, 0.0010924996155765067)	(15, 0.0016453233785102665)	(20, 0.0021030541158508853)	(25, 0.0025788250091721963)	(30, 0.0036282117096084047)	(35, 0.0062960144372616435)	(40, 0.012457186352701502)	(45, 0.022979795300490442)	(50, 0.04288909489999593)	(55, 0.0742434975251505)	(60, 0.1263303200870991)	(65, 0.20981221206649772)	(70, 0.3433751058750764)	(75, 0.5632106120636602)	(80, 0.9153082862380792)	(85, 1.4777774173143974)	(90, 2.3398754990740356)	(95, 3.6013710151626896)	(100, 5.347848300144899)	(105, 7.62545499031534)	(110, 10.4237051685689)	(115, 13.645899012368726)	(120, 17.1999146180821)	(125, 20.94018107485512)	(130, 24.769022251370494)	(135, 28.594817699178684)	(140, 30.84326996845755)
qc_bundle_trimmed | SRR30333749_1 - illumina_universal_adapter	(1, 3.744302061534085e-06)	(2, 3.744302061534085e-06)	(3, 7.48860412306817e-06)	(4, 4.3059473707641976e-05)	(5, 5.054807783071014e-05)	(6, 8.42467963845169e-05)	(7, 9.173540050758508e-05)	(8, 9.73518535998862e-05)	(9, 0.00012917842112292592)	(10, 0.00019807357905515308)	(15, 0.0002486216568858632)	(20, 0.00030253960657195407)	(25, 0.0004478185265594766)	(30, 0.0009866235932142315)	(35, 0.0024719882210248027)	(40, 0.006033568341956024)	(45, 0.012277940889976417)	(50, 0.024584712905826644)	(55, 0.04388134801014871)	(60, 0.07630475728179696)	(65, 0.1298093360202944)	(70, 0.2157672784469324)	(75, 0.3596593089508627)	(80, 0.5940020699250657)	(85, 0.9815358355730188)	(90, 1.5919858755939915)	(95, 2.5200276164742847)	(100, 3.8479012831236403)	(105, 5.634894903244801)	(110, 7.897832000430445)	(115, 10.566809076203175)	(120, 13.60307372751673)	(125, 16.917365911956406)	(130, 20.439229097630317)	(135, 24.08269972565873)	(140, 26.273672086082104)
qc_bundle_trimmed | SRR30333749_2 - illumina_universal_adapter	(1, 1.8721510307670424e-06)	(2, 1.8721510307670424e-06)	(3, 5.616453092301127e-06)	(4, 1.497720824613634e-05)	(5, 1.497720824613634e-05)	(6, 6.365313504607944e-05)	(7, 7.301389019991465e-05)	(8, 8.799109844605099e-05)	(9, 9.173540050758508e-05)	(10, 0.0001243108284429316)	(15, 0.00017485890627364176)	(20, 0.0002441284944120223)	(25, 0.0004137453777995163)	(30, 0.0009637833506388734)	(35, 0.0024405360837079166)	(40, 0.006058655165768303)	(45, 0.012347584908320951)	(50, 0.024569361267374357)	(55, 0.044102636261985365)	(60, 0.0767143839273288)	(65, 0.13031107249654)	(70, 0.21586537916094456)	(75, 0.3588943480396913)	(80, 0.5921460193931632)	(85, 0.9794783415902059)	(90, 1.591318640966626)	(95, 2.519888702867802)	(100, 3.845514290559412)	(105, 5.628031223135803)	(110, 7.888088952036128)	(115, 10.55912164964064)	(120, 13.595475040913053)	(125, 16.90973202891335)	(130, 20.433914809714384)	(135, 24.07269158067846)	(140, 26.260664380720335)
qc_bundle_trimmed | SRR30333750_1 - illumina_universal_adapter	(1, 5.2888523723015096e-05)	(2, 7.366615804277102e-05)	(3, 0.00010388817159877965)	(4, 0.0002965535080183346)	(5, 0.0003872195486863605)	(6, 0.0005761071334114145)	(7, 0.0006894396842464467)	(8, 0.000798994483386978)	(9, 0.0009331046685417664)	(10, 0.0013739682912900422)	(15, 0.0019406310454652038)	(20, 0.002358828158046473)	(25, 0.0028937577979878263)	(30, 0.004580901704752008)	(35, 0.00900653781486002)	(40, 0.020227593673036573)	(45, 0.03955646021795134)	(50, 0.07583043198855069)	(55, 0.1337837874083834)	(60, 0.2255559537725592)	(65, 0.368914830625825)	(70, 0.5809959218792683)	(75, 0.9110592207533358)	(80, 1.4017513883520807)	(85, 2.1394665837273874)	(90, 3.214502894532237)	(95, 4.727059517835729)	(100, 6.768250913432025)	(105, 9.363202907841256)	(110, 12.500060538470905)	(115, 16.06421361886286)	(120, 19.974144689627664)	(125, 24.072395926813012)	(130, 28.23686850677678)	(135, 32.380122211022865)	(140, 34.80813800247828)
qc_bundle_trimmed | SRR30333750_2 - illumina_universal_adapter	(1, 4.533302033401294e-05)	(2, 5.4777399570265635e-05)	(3, 7.366615804277102e-05)	(4, 0.00023044285336456578)	(5, 0.00031166451479633893)	(6, 0.0004778855893543864)	(7, 0.0005893292643421681)	(8, 0.0006969951876354489)	(9, 0.0008122166143177318)	(10, 0.0012020805891902432)	(15, 0.0017762988467544065)	(20, 0.0022114958419609315)	(25, 0.0027551143107996364)	(30, 0.004474746882136527)	(35, 0.008963849220712158)	(40, 0.020279726646420686)	(45, 0.0395961266107436)	(50, 0.0758780316599014)	(55, 0.13421633997740373)	(60, 0.2265355247869433)	(65, 0.37032846530990726)	(70, 0.5818954045577289)	(75, 0.9098631845668568)	(80, 1.3987624312113915)	(85, 2.137653262914027)	(90, 3.2185503776977256)	(95, 4.737450223871454)	(100, 6.781030291864186)	(105, 9.377117122882444)	(110, 12.521114326439527)	(115, 16.10414029874687)	(120, 20.033136926763483)	(125, 24.146618547680383)	(130, 28.33074336973411)	(135, 32.48530350702667)	(140, 34.91067185009458)
qc_bundle_trimmed | SRR30333751_1 - illumina_universal_adapter	(1, 4.1640320111952355e-05)	(2, 5.974480711714903e-05)	(3, 8.690153762494405e-05)	(4, 0.00021363294666132076)	(5, 0.00028242999728106817)	(6, 0.00044537038032783823)	(7, 0.0005268405718512233)	(8, 0.0006227943529787657)	(9, 0.0007386630698120244)	(10, 0.0011199435661414664)	(15, 0.0016489566764333133)	(20, 0.002044358672626809)	(25, 0.002512902796321299)	(30, 0.003936277564669861)	(35, 0.007999286538376098)	(40, 0.01858715262875522)	(45, 0.03666520708292431)	(50, 0.07107097418760007)	(55, 0.12329372904382999)	(60, 0.2062354532709974)	(65, 0.3358711841127478)	(70, 0.5316223289590358)	(75, 0.8415501452830767)	(80, 1.3174649677271224)	(85, 2.053878373983881)	(90, 3.1485679912017983)	(95, 4.716977080769512)	(100, 6.855384580401176)	(105, 9.602482313455077)	(110, 12.927091818680086)	(115, 16.696720839274775)	(120, 20.811717209506174)	(125, 25.104042684876596)	(130, 29.447831612918247)	(135, 33.73622877669828)	(140, 36.24142992424757)
qc_bundle_trimmed | SRR30333751_2 - illumina_universal_adapter	(1, 3.077762790883435e-05)	(2, 3.9829871411432685e-05)	(3, 5.612390971610969e-05)	(4, 0.0001502672421431324)	(5, 0.0002118224979608011)	(6, 0.00036027929140341385)	(7, 0.0004290763420231612)	(8, 0.0005250301231507036)	(9, 0.000626415250379805)	(10, 0.0009486751190723059)	(15, 0.0014860162933865429)	(20, 0.00191654099437012)	(25, 0.002418035284414068)	(30, 0.003930122039088094)	(35, 0.008103568383526032)	(40, 0.018863789190194623)	(45, 0.03695487887500745)	(50, 0.07153951831129457)	(55, 0.12424964595770435)	(60, 0.20791736011378018)	(65, 0.33828596058950094)	(70, 0.5340566582817546)	(75, 0.842561099837447)	(80, 1.3179617548505451)	(85, 2.057339227719795)	(90, 3.1602765250377995)	(95, 4.739015310711197)	(100, 6.885294279202981)	(105, 9.638507345877498)	(110, 12.977283974273814)	(115, 16.77550034193944)	(120, 20.91809483007183)	(125, 25.236820992572707)	(130, 29.6123898129238)	(135, 33.92237693954727)	(140, 36.43200680670777)
qc_bundle_trimmed | SRR30333752_1 - illumina_universal_adapter	(1, 5.392740663270026e-05)	(2, 7.752064703450662e-05)	(3, 0.00014492990532538196)	(4, 0.00029491550502257956)	(5, 0.00034884291165527984)	(6, 0.0005308479090406432)	(7, 0.0006420731852205875)	(8, 0.0007634098501441631)	(9, 0.0008881169779822825)	(10, 0.0013525667676064135)	(15, 0.0019899213047466398)	(20, 0.002465493621988765)	(25, 0.0030502689376621086)	(30, 0.004612815544844599)	(35, 0.008779381799803605)	(40, 0.019128388178910237)	(45, 0.03672658619461761)	(50, 0.0681895204555922)	(55, 0.11468707863947221)	(60, 0.18718910639422318)	(65, 0.2964413135839935)	(70, 0.46095630481320643)	(75, 0.7191172487989776)	(80, 1.114870600345169)	(85, 1.7254286091296067)	(90, 2.6357346926634966)	(95, 3.9477170422233057)	(100, 5.754233596336172)	(105, 8.097142808030398)	(110, 10.969316822334306)	(115, 14.26337033146649)	(120, 17.899564923794678)	(125, 21.72678353522125)	(130, 25.64384790246824)	(135, 29.554422443373277)	(140, 31.85324903356189)
qc_bundle_trimmed | SRR30333752_2 - illumina_universal_adapter	(1, 4.550124934634085e-05)	(2, 6.06683324617878e-05)	(3, 0.00011796620200903183)	(4, 0.0002325619411035199)	(5, 0.0002797484219071326)	(6, 0.0004432158732625053)	(7, 0.0005274774461260994)	(8, 0.0006302765650196844)	(9, 0.0007381313782850848)	(10, 0.0011304532615379792)	(15, 0.0017715153078842034)	(20, 0.002274725421025588)	(25, 0.002867252801402382)	(30, 0.00445271855640377)	(35, 0.008616925487322593)	(40, 0.019054912087373182)	(45, 0.03653446980848861)	(50, 0.06800448204158377)	(55, 0.1147979668693607)	(60, 0.18774253640479124)	(65, 0.2972960629791218)	(70, 0.46114976938450125)	(75, 0.7168587015999419)	(80, 1.1105095583800408)	(85, 1.7210847565253427)	(90, 2.634303594109981)	(95, 3.9480931858845687)	(100, 5.751912695573217)	(105, 8.089236713171754)	(110, 10.960072316652294)	(115, 14.262912622602695)	(120, 17.905152814260695)	(125, 21.73635699808372)	(130, 25.660270820065648)	(135, 29.569646824358266)	(140, 31.86000175601118)
qc_bundle_trimmed | SRR30333753_1 - illumina_universal_adapter	(1, 3.720998352788449e-05)	(2, 4.4651980233461393e-05)	(3, 6.201663921314082e-05)	(4, 0.00016868525865974303)	(5, 0.00021333723889320442)	(6, 0.0003398511828880117)	(7, 0.0003845031631214731)	(8, 0.0004961331137051265)	(9, 0.0005705530807608956)	(10, 0.0010126076850721633)	(15, 0.0014606158867478927)	(20, 0.001735969764854238)	(25, 0.0023794544133297875)	(30, 0.004795622677073752)	(35, 0.010714490723575915)	(40, 0.025603941598980468)	(45, 0.050535126695776776)	(50, 0.0965058287454664)	(55, 0.17122397180257215)	(60, 0.29269720336213534)	(65, 0.48721660938561806)	(70, 0.7807572390410522)	(75, 1.247626933300509)	(80, 1.9601549542786045)	(85, 3.050482883878904)	(90, 4.653947897390345)	(95, 6.905295283297218)	(100, 9.912835365519374)	(105, 13.682730613462144)	(110, 18.133654390993875)	(115, 23.046769823655932)	(120, 28.274247600489407)	(125, 33.563251340886566)	(130, 38.74570305311884)	(135, 43.726965345746976)	(140, 46.555429653509066)
qc_bundle_trimmed | SRR30333753_2 - illumina_universal_adapter	(1, 3.224865239083322e-05)	(2, 3.472931795935886e-05)	(3, 4.961331137051265e-05)	(4, 7.690063262429461e-05)	(5, 9.92266227410253e-05)	(6, 0.00017612725536531992)	(7, 0.00021829857003025568)	(8, 0.0003026411993601272)	(9, 0.0003770611664158962)	(10, 0.0005556690873497418)	(15, 0.0009089158643077919)	(20, 0.0011981614695978807)	(25, 0.0016278127460665204)	(30, 0.0037507663396107566)	(35, 0.009463243010811584)	(40, 0.024272816454909613)	(45, 0.048882507294025004)	(50, 0.09460663118620319)	(55, 0.16977179017875726)	(60, 0.2920418115189309)	(65, 0.48721264032070843)	(70, 0.7798334391833331)	(75, 1.2424006670807395)	(80, 1.9509129866365058)	(85, 3.0432820078665874)	(90, 4.655121748337371)	(95, 6.915199092512999)	(100, 9.923570693833726)	(105, 13.688413322146525)	(110, 18.148128082319992)	(115, 23.08891583553207)	(120, 28.34086686659839)	(125, 33.646295589857864)	(130, 38.85002099387271)	(135, 43.83569142921612)	(140, 46.65650685276421)
qc_bundle_trimmed | SRR30333754_1 - illumina_universal_adapter	(1, 1.761534084803774e-05)	(2, 2.3487121130716986e-05)	(3, 5.480328263833963e-05)	(4, 0.00014287998687852833)	(5, 0.00020551230989377363)	(6, 0.00026423011272056607)	(7, 0.0003307769559242642)	(8, 0.0004305972207298114)	(9, 0.0004834432432739246)	(10, 0.0008991652872876153)	(15, 0.0013297625080174267)	(20, 0.0016108250575483398)	(25, 0.002196045825722038)	(30, 0.004591340729036325)	(35, 0.011166951741599391)	(40, 0.02718164528457877)	(45, 0.05399806583557489)	(50, 0.10262306126047942)	(55, 0.17634365416153622)	(60, 0.293966765332148)	(65, 0.4798919905589602)	(70, 0.761914771892101)	(75, 1.2084773632105175)	(80, 1.8987047439874438)	(85, 2.95807568450768)	(90, 4.5297066086691355)	(95, 6.749103721671351)	(100, 9.715357230304727)	(105, 13.42118377830663)	(110, 17.776141899791025)	(115, 22.56181780922703)	(120, 27.591658783801638)	(125, 32.63785853824378)	(130, 37.54051714334758)	(135, 42.217203024436586)	(140, 44.868886082177916)
qc_bundle_trimmed | SRR30333754_2 - illumina_universal_adapter	(1, 1.5658080753811324e-05)	(2, 1.761534084803774e-05)	(3, 4.501698216720755e-05)	(4, 6.850410329792454e-05)	(5, 9.00339643344151e-05)	(6, 0.00013309368640739626)	(7, 0.0001898542291399623)	(8, 0.0002583583324378868)	(9, 0.0002896744939455095)	(10, 0.0004513441777286114)	(15, 0.0007891672699920907)	(20, 0.0010917596805594945)	(25, 0.0016159139337933285)	(30, 0.003773206009649684)	(35, 0.0101288209876217)	(40, 0.026118070149376133)	(45, 0.052608802620692986)	(50, 0.1011715571746011)	(55, 0.17554665785116721)	(60, 0.2941859784627014)	(65, 0.48115285751166087)	(70, 0.7628609114216499)	(75, 1.2067502769033718)	(80, 1.8949734233438105)	(85, 2.9576055506330463)	(90, 4.54060424142177)	(95, 6.773631713720178)	(100, 9.748921109304558)	(105, 13.461856425968694)	(110, 17.8344854744878)	(115, 22.656156962864706)	(120, 27.71955594465886)	(125, 32.79757409354881)	(130, 37.735444199199755)	(135, 42.43333033872538)	(140, 45.08971982408929)
qc_bundle_trimmed | SRR30333755_1 - illumina_universal_adapter	(1, 3.4880620205331744e-05)	(2, 5.979534892342585e-05)	(3, 8.471007764151996e-05)	(4, 0.00020180930261656224)	(5, 0.00029648527174531985)	(6, 0.0004210589153357904)	(7, 0.0005007860472336915)	(8, 0.0006104108535933056)	(9, 0.0007275100785683479)	(10, 0.0011271423272065774)	(15, 0.0016020170565734509)	(20, 0.0019378675996933597)	(25, 0.0028851255855552975)	(30, 0.0069502127231995305)	(35, 0.018578913205082776)	(40, 0.04627013929152129)	(45, 0.08967408819131303)	(50, 0.16469831589638673)	(55, 0.27401517620904514)	(60, 0.4360152269852623)	(65, 0.6730953144588816)	(70, 1.0164167881321977)	(75, 1.536285524385652)	(80, 2.313359469382053)	(85, 3.4806374313751824)	(90, 5.189098680040097)	(95, 7.586642027993143)	(100, 10.79251584470859)	(105, 14.788491019772554)	(110, 19.48527615522683)	(115, 24.631101937840192)	(120, 30.031476022526004)	(125, 35.423552505959535)	(130, 40.62818203129335)	(135, 45.53436350255342)	(140, 48.280817694420406)
qc_bundle_trimmed | SRR30333755_2 - illumina_universal_adapter	(1, 2.7406201589903514e-05)	(2, 3.7372093077141156e-05)	(3, 4.73379845643788e-05)	(4, 0.00010464186061599525)	(5, 0.0001669286824112305)	(6, 0.0002541302329245599)	(7, 0.0003313658919506516)	(8, 0.00039614418661769625)	(9, 0.0004783627913874068)	(10, 0.0006682130242192839)	(15, 0.0010195106991444107)	(20, 0.0013598458934335762)	(25, 0.0021740592279408917)	(30, 0.006034347295522392)	(35, 0.017494125916696957)	(40, 0.04510363169294012)	(45, 0.08818966865428898)	(50, 0.16330209449902472)	(55, 0.2736379672162532)	(60, 0.43679705117243606)	(65, 0.6755778180283525)	(70, 1.0192874631750966)	(75, 1.5370459219061283)	(80, 2.3138816820959844)	(85, 3.4881517135565603)	(90, 5.214165886897945)	(95, 7.631655468368123)	(100, 10.855746436427667)	(105, 14.869485314773055)	(110, 19.60068765647851)	(115, 24.799467701803884)	(120, 30.24553240919123)	(125, 35.67796178384574)	(130, 40.92342405807564)	(135, 45.852509141151685)	(140, 48.60427066853019)
qc_bundle_trimmed | SRR30333756_1 - illumina_universal_adapter	(1, 6.026881579370836e-06)	(2, 6.026881579370836e-06)	(3, 6.026881579370836e-06)	(4, 6.026881579370836e-05)	(5, 8.43763421111917e-05)	(6, 0.00010647490790221811)	(7, 0.00011651971053450283)	(8, 0.0001546899605371848)	(9, 0.0001687526842223834)	(10, 0.00042228350266125)	(15, 0.0005556784816179911)	(20, 0.0006139383368852425)	(25, 0.0008433616290066257)	(30, 0.0015039078501056693)	(35, 0.003002994194947842)	(40, 0.0062012593530673)	(45, 0.0119778244508416)	(50, 0.02328987938321537)	(55, 0.040991232373932804)	(60, 0.07074514314707604)	(65, 0.12050950614004634)	(70, 0.20302434542742304)	(75, 0.3450695066189825)	(80, 0.5848248827279338)	(85, 0.9891273850931833)	(90, 1.6572574321796019)	(95, 2.711946038677392)	(100, 4.286848544827523)	(105, 6.479246051578936)	(110, 9.32215341443132)	(115, 12.741929774534762)	(120, 16.660528220812726)	(125, 20.89869121444999)	(130, 25.30351476081738)	(135, 29.767496569599455)	(140, 32.40337211256624)
qc_bundle_trimmed | SRR30333756_2 - illumina_universal_adapter	(1, 4.017921052913891e-06)	(2, 6.026881579370836e-06)	(3, 6.026881579370836e-06)	(4, 1.6071684211655563e-05)	(5, 1.8080644738112508e-05)	(6, 2.8125447370397237e-05)	(7, 3.013440789685418e-05)	(8, 3.4152328949768074e-05)	(9, 4.41971315820528e-05)	(10, 8.156379737415198e-05)	(15, 0.00015589533685305895)	(20, 0.00024388780791187318)	(25, 0.0004021938973966805)	(30, 0.0008505938869018707)	(35, 0.0021660612396258785)	(40, 0.005324950771426779)	(45, 0.0108439671297093)	(50, 0.02185949948837802)	(55, 0.03979991878174383)	(60, 0.0698511557128027)	(65, 0.1198991839321087)	(70, 0.20204718702735436)	(75, 0.3430681801425261)	(80, 0.5816804577119232)	(85, 0.9864128776298348)	(90, 1.6583824500744178)	(95, 2.7183803374515283)	(100, 4.294734116685972)	(105, 6.485746244258341)	(110, 9.33349721094001)	(115, 12.772413339771115)	(120, 16.709761816434604)	(125, 20.962085972822862)	(130, 25.386998722662717)	(135, 29.858998694697988)	(140, 32.48929937220385)
qc_bundle_trimmed | SRR30333757_1 - illumina_universal_adapter	(1, 2.875178122813897e-05)	(2, 3.7598483144489424e-05)	(3, 8.846701916350453e-05)	(4, 0.0002366492762623746)	(5, 0.0003052112161140906)	(6, 0.00041800666554755886)	(7, 0.0004622401751293111)	(8, 0.0005064736847110634)	(9, 0.0005418604923764652)	(10, 0.0008890935425932203)	(15, 0.001123973478472325)	(20, 0.0012473849702054139)	(25, 0.0015893099992723588)	(30, 0.002354549715036673)	(35, 0.004227838845823882)	(40, 0.008176564246186905)	(45, 0.015187575514894639)	(50, 0.027831281893742704)	(55, 0.04857104753133888)	(60, 0.083380165561603)	(65, 0.14048341475616608)	(70, 0.23378604118714774)	(75, 0.3892593076703781)	(80, 0.6418923626201188)	(85, 1.0474910863949005)	(90, 1.6776929747676583)	(95, 2.628685121329199)	(100, 3.99345034423623)	(105, 5.851543052806627)	(110, 8.252318997031711)	(115, 11.179629849568467)	(120, 14.569911172477735)	(125, 18.32032624867327)	(130, 22.308304465439143)	(135, 26.413109131366667)	(140, 28.853580227090415)
qc_bundle_trimmed | SRR30333757_2 - illumina_universal_adapter	(1, 2.211682767459184e-05)	(2, 3.317524151188776e-05)	(3, 5.308038641902042e-05)	(4, 0.00010394909007058165)	(5, 0.0001526061109546837)	(6, 0.00022337995951337758)	(7, 0.00024328510442051026)	(8, 0.00027203698039747964)	(9, 0.000300788856374449)	(10, 0.0004321628127615246)	(15, 0.00062369454042349)	(20, 0.0007502027947221552)	(25, 0.000924041060244447)	(30, 0.0015326961578492142)	(35, 0.003250731331611509)	(40, 0.0072268946109496305)	(45, 0.014064090718272951)	(50, 0.02676003447659565)	(55, 0.04784887200087247)	(60, 0.08332514826402476)	(65, 0.14135705006283278)	(70, 0.23620019984323154)	(75, 0.39433640238967016)	(80, 0.6504735953718856)	(85, 1.0618496864751683)	(90, 1.7010100821549472)	(95, 2.665436027396645)	(100, 4.0467194983124966)	(105, 5.9253405344544685)	(110, 8.349148892496537)	(115, 11.301595877299468)	(120, 14.714623586743006)	(125, 18.4828170274183)	(130, 22.48234452351186)	(135, 26.59426929551114)	(140, 29.050521712742174)
qc_bundle_trimmed | SRR30333758_1 - illumina_universal_adapter	(1, 9.888382411435321e-06)	(2, 1.2360478014294151e-05)	(3, 2.9665147234305963e-05)	(4, 0.00016563040539154162)	(5, 0.00021754441305157706)	(6, 0.0002867630899316243)	(7, 0.0003189003327687891)	(8, 0.0003708143404288245)	(9, 0.00041531206128028346)	(10, 0.0006897146731976137)	(15, 0.0008795716154971718)	(20, 0.000986860564661245)	(25, 0.0012286315146208386)	(30, 0.0017156343483840282)	(35, 0.0027341377367618666)	(40, 0.004979789382398828)	(45, 0.0093143618124515)	(50, 0.018223794365154724)	(55, 0.03380788504557679)	(60, 0.06146717390772309)	(65, 0.1093842973970564)	(70, 0.1910801352038527)	(75, 0.3331692685884903)	(80, 0.5685755612089635)	(85, 0.958738993921364)	(90, 1.5722117666312085)	(95, 2.5007175257487297)	(100, 3.818835440259214)	(105, 5.57402035177426)	(110, 7.784314602841772)	(115, 10.373712625313617)	(120, 13.296562229691798)	(125, 16.441416402008233)	(130, 19.739458922547023)	(135, 23.079586893047995)	(140, 25.050132862778177)
qc_bundle_trimmed | SRR30333758_2 - illumina_universal_adapter	(1, 9.88844059094112e-06)	(2, 9.88844059094112e-06)	(3, 1.483266088641168e-05)	(4, 4.697009280697032e-05)	(5, 5.933064354564672e-05)	(6, 8.899596531847008e-05)	(7, 0.00011371706679582288)	(8, 0.0001507987190118521)	(9, 0.000185408261080146)	(10, 0.0002664934739258632)	(15, 0.0004167977709081682)	(20, 0.0005641355357131909)	(25, 0.0006996071718090843)	(30, 0.0010506468127874941)	(35, 0.001976204852099583)	(40, 0.004249557343956946)	(45, 0.00843236771392504)	(50, 0.017287466263112814)	(55, 0.03318115682493248)	(60, 0.06142007104251258)	(65, 0.11015722818308409)	(70, 0.1932087574403099)	(75, 0.33790235323131496)	(80, 0.5774310385097408)	(85, 0.9744281959786086)	(90, 1.5992401920018733)	(95, 2.5447170116183244)	(100, 3.886169512790599)	(105, 5.671956619806665)	(110, 7.922114785413918)	(115, 10.560748250388764)	(120, 13.53736515380777)	(125, 16.740053563704993)	(130, 20.097863918840424)	(135, 23.504508832256256)	(140, 25.528915382438406)
qc_bundle_trimmed | SRR30333759_1 - illumina_universal_adapter	(1, 1.1690308210767467e-05)	(2, 2.3380616421534933e-05)	(3, 4.6761232843069866e-05)	(4, 0.00019405911629873993)	(5, 0.00023146810257319581)	(6, 0.0003249905682593356)	(7, 0.0003787659860288659)	(8, 0.0004114988490190148)	(9, 0.0004465697736513172)	(10, 0.0007879267734057273)	(15, 0.0010016256074985564)	(20, 0.001113852566321924)	(25, 0.0014935537770076515)	(30, 0.002189360921712531)	(35, 0.003952259399896265)	(40, 0.007588412865773378)	(45, 0.014529650268998667)	(50, 0.027208023329740195)	(55, 0.04802098045586216)	(60, 0.08250738967762619)	(65, 0.13990820582947974)	(70, 0.23351671218405073)	(75, 0.38987551972772244)	(80, 0.641966261209369)	(85, 1.0461474449007717)	(90, 1.6755489628452078)	(95, 2.623949532284797)	(100, 3.985735766488619)	(105, 5.8467093839880935)	(110, 8.245582606617013)	(115, 11.162343964780188)	(120, 14.541209178145147)	(125, 18.276759723390477)	(130, 22.25110211549688)	(135, 26.339493751670545)	(140, 28.76927801965805)
qc_bundle_trimmed | SRR30333759_2 - illumina_universal_adapter	(1, 9.352258376338524e-06)	(2, 1.4028387564507787e-05)	(3, 2.3380645940846313e-05)	(4, 7.715613160479282e-05)	(5, 9.586064835746988e-05)	(6, 0.0001496361340214164)	(7, 0.0001800309737445166)	(8, 0.00020574968427944753)	(9, 0.00022679226562620923)	(10, 0.00033855175322345456)	(15, 0.000500345823134111)	(20, 0.0006228604078641457)	(25, 0.0008206606725237054)	(30, 0.0013761848200782138)	(35, 0.0029997368742105818)	(40, 0.006641506285956803)	(45, 0.013453223674362969)	(50, 0.026150317258998967)	(55, 0.04730278764168262)	(60, 0.0822909890663215)	(65, 0.1404456697149885)	(70, 0.2350825750639145)	(75, 0.3934167769882445)	(80, 0.6479099643122497)	(85, 1.0563268285103036)	(90, 1.6917908073753218)	(95, 2.6485539608240445)	(100, 4.019827442415924)	(105, 5.891008593836983)	(110, 8.299865575314229)	(115, 11.224509893730755)	(120, 14.60660075849621)	(125, 18.339924103617598)	(130, 22.301916245008407)	(135, 26.371271377333745)	(140, 28.800097300896148)
qc_bundle_trimmed | SRR30333760_1 - illumina_universal_adapter	(1, 7.341181970429034e-06)	(2, 1.4682363940858068e-05)	(3, 4.649415247938388e-05)	(4, 0.000220235459112871)	(5, 0.00024960018699458713)	(6, 0.0003352473099829259)	(7, 0.0003964238264031678)	(8, 0.00045025916085298073)	(9, 0.000501647434645984)	(10, 0.0008594077026715588)	(15, 0.0010908996408057546)	(20, 0.001215210322171686)	(25, 0.0015891211905322048)	(30, 0.0023095358478969737)	(35, 0.0042162855116830746)	(40, 0.008361116852187307)	(45, 0.015246166716187018)	(50, 0.027826994964976936)	(55, 0.04843907628941622)	(60, 0.08243119587315946)	(65, 0.13798289866765867)	(70, 0.2283332722383856)	(75, 0.37669953868501915)	(80, 0.6145347474537968)	(85, 0.99817121368874)	(90, 1.596184875824152)	(95, 2.503859871127019)	(100, 3.811524060210025)	(105, 5.60946370365469)	(110, 7.9561067793515265)	(115, 10.837900486558857)	(120, 14.21248082177387)	(125, 17.976201552053116)	(130, 22.010069458837922)	(135, 26.189630952419993)	(140, 28.686870056233943)
qc_bundle_trimmed | SRR30333760_2 - illumina_universal_adapter	(1, 4.894129577219393e-06)	(2, 1.2235323943048483e-05)	(3, 2.691771267470666e-05)	(4, 7.341194365829089e-05)	(5, 8.320020281272968e-05)	(6, 0.00012235323943048484)	(7, 0.00016150627604823997)	(8, 0.0002031063774546048)	(9, 0.00024225941407235996)	(10, 0.0003690173701223422)	(15, 0.0005403119053250209)	(20, 0.0006700063391213349)	(25, 0.0008784962591108812)	(30, 0.0014579612010536573)	(35, 0.0032218055006835262)	(40, 0.0072937213089300625)	(45, 0.013953652837610209)	(50, 0.02640725495980268)	(55, 0.04704971469059863)	(60, 0.08099980215481184)	(65, 0.1364023277948508)	(70, 0.22637943183315618)	(75, 0.3739457586066021)	(80, 0.6103728384617898)	(85, 0.99117233612833)	(90, 1.5846888135002608)	(95, 2.4854435739283356)	(100, 3.7807356537462056)	(105, 5.558479281375378)	(110, 7.875324006672168)	(115, 10.714482475773753)	(120, 14.032451260281189)	(125, 17.72713734897481)	(130, 21.678350707697255)	(135, 25.767050933328864)	(140, 28.21422143513743)
qc_bundle_trimmed | SRR30333761_1 - illumina_universal_adapter	(1, 1.433882906397486e-05)	(2, 3.345726781594134e-05)	(3, 5.735531625589944e-05)	(4, 0.0001935741923636606)	(5, 0.0002342008747115894)	(6, 0.00031784404425144275)	(7, 0.0003584707265993715)	(8, 0.0003943177992593087)	(9, 0.0004421138961392249)	(10, 0.0007351039700131111)	(15, 0.000990813088320663)	(20, 0.001100266150175671)	(25, 0.001507010934623758)	(30, 0.002773607501941537)	(35, 0.00618816066304275)	(40, 0.013307389293306271)	(45, 0.025398367921018673)	(50, 0.046227428980317356)	(55, 0.07951454269136618)	(60, 0.13149184212633747)	(65, 0.21243739995828834)	(70, 0.33866497997427186)	(75, 0.5407540469970896)	(80, 0.8571369645669134)	(85, 1.353968788336204)	(90, 2.1152310842107243)	(95, 3.2444392049300914)	(100, 4.837607383789586)	(105, 6.973127911125833)	(110, 9.689938833183998)	(115, 12.951140607250846)	(120, 16.679082260452354)	(125, 20.735068600901418)	(130, 25.001099190737996)	(135, 29.342095090764907)	(140, 31.9011750694316)
qc_bundle_trimmed | SRR30333761_2 - illumina_universal_adapter	(1, 1.6728732254847896e-05)	(2, 3.345746450969579e-05)	(3, 4.540655897744429e-05)	(4, 9.320293684843828e-05)	(5, 0.00011710112578393529)	(6, 0.00016250768476137956)	(7, 0.00019596514927107536)	(8, 0.00022703279488722145)	(9, 0.00026765971607756634)	(10, 0.00041152681346925827)	(15, 0.0006342579343480903)	(20, 0.0007446675672300864)	(25, 0.0010252323053328211)	(30, 0.002178558903359906)	(35, 0.005440183729276536)	(40, 0.012579528691866909)	(45, 0.024569728044584464)	(50, 0.04540082341209977)	(55, 0.07895722642398853)	(60, 0.13135687344773797)	(65, 0.21299643259784667)	(70, 0.3399947543475287)	(75, 0.5436035003677333)	(80, 0.8619450616483657)	(85, 1.3617885882563106)	(90, 2.127552520751096)	(95, 3.262504279269456)	(100, 4.8624335406302075)	(105, 7.004658115496364)	(110, 9.727613461132881)	(115, 12.9941101718459)	(120, 16.72298378448135)	(125, 20.77339080051166)	(130, 25.0263665133797)	(135, 29.3517446574105)	(140, 31.915001311413118)
qc_bundle_trimmed | SRR30333762_1 - illumina_universal_adapter	(1, 2.4759772025884657e-06)	(2, 1.237988601294233e-05)	(3, 4.209161244400392e-05)	(4, 0.0002401697886510812)	(5, 0.0002896893327028505)	(6, 0.0003788245119960353)	(7, 0.0004209161244400392)	(8, 0.0004704356684918085)	(9, 0.0005249071669487548)	(10, 0.000885904643086153)	(15, 0.0011037906369139381)	(20, 0.0012171903927924899)	(25, 0.0016435536670782237)	(30, 0.0024591405576108645)	(35, 0.004381489257700549)	(40, 0.008454966951399094)	(45, 0.015636786425227197)	(50, 0.028887721218040154)	(55, 0.05048666074710038)	(60, 0.08640516682961072)	(65, 0.14444801480357058)	(70, 0.24050800713695475)	(75, 0.39894578833059074)	(80, 0.6535520096590842)	(85, 1.0600366533761165)	(90, 1.6916658656880414)	(95, 2.6402572995893294)	(100, 3.9924919457699586)	(105, 5.824716561271745)	(110, 8.170015648671116)	(115, 10.99976938748335)	(120, 14.249581572232648)	(125, 17.81362101415333)	(130, 21.57874446860503)	(135, 25.438235337374426)	(140, 27.724598739420582)
qc_bundle_trimmed | SRR30333762_2 - illumina_universal_adapter	(1, 2.4759852335211855e-06)	(2, 1.2379926167605927e-05)	(3, 2.9711822802254224e-05)	(4, 9.161145364028387e-05)	(5, 0.00010646736504141098)	(6, 0.0001535110844783135)	(7, 0.00017331896634648297)	(8, 0.00021045874484930076)	(9, 0.0002550264790526821)	(10, 0.0003877392875694176)	(15, 0.0005823517269241829)	(20, 0.000724473279328299)	(25, 0.0009517687237655438)	(30, 0.001585620943546967)	(35, 0.003324752971572248)	(40, 0.007444792400151501)	(45, 0.014549879626263895)	(50, 0.028029638434599935)	(55, 0.050431857630452916)	(60, 0.08761669906452078)	(65, 0.1476326003368875)	(70, 0.24651156583460274)	(75, 0.410291551470422)	(80, 0.6738314581500433)	(85, 1.095363487383605)	(90, 1.7505443391636266)	(95, 2.736500476639537)	(100, 4.143350334355808)	(105, 6.0522161021094325)	(110, 8.499454156675345)	(115, 11.4561543992699)	(120, 14.852969435472641)	(125, 18.58029136057196)	(130, 22.522796210346133)	(135, 26.56952963931358)	(140, 28.97347905364774)
qc_bundle_trimmed | SRR30333763_1 - illumina_universal_adapter	(1, 1.4004213914647631e-05)	(2, 2.8008427829295262e-05)	(3, 5.6016855658590525e-05)	(4, 0.00019139092350018428)	(5, 0.00024273970785389226)	(6, 0.00034310324090886695)	(7, 0.0004061222035247813)	(8, 0.0004854794157077845)	(9, 0.000567170663543229)	(10, 0.0008920684263630539)	(15, 0.0012020283610072549)	(20, 0.0014139587982489226)	(25, 0.0017995414880322205)	(30, 0.0027079481639623636)	(35, 0.004900074448735206)	(40, 0.009829090939560683)	(45, 0.018381931184366478)	(50, 0.034308456862364736)	(55, 0.06024005976811776)	(60, 0.10409332202757585)	(65, 0.1755334852774983)	(70, 0.2931273363259249)	(75, 0.48703901833074587)	(80, 0.7998488105065775)	(85, 1.2988628321557385)	(90, 2.066762429037439)	(95, 3.2087537913783377)	(100, 4.818405140834894)	(105, 6.969390312776416)	(110, 9.681534139227608)	(115, 12.899083043751475)	(120, 16.546120649523846)	(125, 20.49776858022502)	(130, 24.627696689359485)	(135, 28.825674074748008)	(140, 31.307386496954887)
qc_bundle_trimmed | SRR30333763_2 - illumina_universal_adapter	(1, 1.1670203321783333e-05)	(2, 1.6338284650496667e-05)	(3, 3.2676569300993334e-05)	(4, 0.00010269778923169333)	(5, 0.0001400424398614)	(6, 0.00020539557846338666)	(7, 0.00024507426975745)	(8, 0.00030809336769508)	(9, 0.00037811458762578)	(10, 0.0005386965853335186)	(15, 0.0008290512439794881)	(20, 0.0010666565836109968)	(25, 0.0013570112422569658)	(30, 0.002195865457026752)	(35, 0.0042745620727027995)	(40, 0.009161109607599917)	(45, 0.017488966698024504)	(50, 0.033272683286670025)	(55, 0.059206209108336946)	(60, 0.10309597656903258)	(65, 0.17453956088059155)	(70, 0.29177608941056254)	(75, 0.48493335905446144)	(80, 0.7961370693388632)	(85, 1.29252636678212)	(90, 2.055589146290784)	(95, 3.1897284472059253)	(100, 4.786263610520502)	(105, 6.917119032922928)	(110, 9.599792083657618)	(115, 12.775249739433537)	(120, 16.368554357064575)	(125, 20.255827661906274)	(130, 24.31004322526608)	(135, 28.424618947438688)	(140, 30.858795091185716)
qc_bundle_trimmed | SRR30333764_1 - illumina_universal_adapter	(1, 1.7278586576073558e-05)	(2, 2.4683695108676508e-05)	(3, 6.170923777169127e-05)	(4, 0.00016538075722813262)	(5, 0.00021721651695635327)	(6, 0.000318419666901927)	(7, 0.0003628503180975447)	(8, 0.0004023442302714271)	(9, 0.0004418381424453095)	(10, 0.0006852193762168599)	(15, 0.0008624483070971573)	(20, 0.0009932718911731427)	(25, 0.001317615644901152)	(30, 0.0022353554290417445)	(35, 0.004653863875789868)	(40, 0.0100171371490031)	(45, 0.019365346160561066)	(50, 0.036179385594689334)	(55, 0.06290244759324469)	(60, 0.10641782737423269)	(65, 0.17515500681726634)	(70, 0.28320047704696516)	(75, 0.45787662017912306)	(80, 0.7308792754288896)	(85, 1.1626637488564353)	(90, 1.8243363609613241)	(95, 2.813090642255677)	(100, 4.226140857555505)	(105, 6.149847357263633)	(110, 8.641509883857537)	(115, 11.684972465214688)	(120, 15.234813152943904)	(125, 19.173397848613565)	(130, 23.38079637647305)	(135, 27.72422526705475)	(140, 30.313887987316924)
qc_bundle_trimmed | SRR30333764_2 - illumina_universal_adapter	(1, 9.873501927492704e-06)	(2, 1.4810252891239056e-05)	(3, 2.7152130300604938e-05)	(4, 6.664613801057576e-05)	(5, 0.00010120339475680022)	(6, 0.00016044440632175644)	(7, 0.00019006491210423455)	(8, 0.00021228029144109315)	(9, 0.00024190079722357125)	(10, 0.00034458521726949537)	(15, 0.0005124347500368713)	(20, 0.0006467143762507721)	(25, 0.0008431970646078771)	(30, 0.0016725712265172644)	(35, 0.00396519837408107)	(40, 0.009295408389638006)	(45, 0.018485663983748214)	(50, 0.03530714921761754)	(55, 0.06219664436695116)	(60, 0.10595501755940609)	(65, 0.17495647945478524)	(70, 0.283373948394908)	(75, 0.45835017485354823)	(80, 0.7316541386326063)	(85, 1.163307351624407)	(90, 1.8248941838285613)	(95, 2.8132174101927867)	(100, 4.223903377910138)	(105, 6.141769911613645)	(110, 8.622611677020473)	(115, 11.648297962541168)	(120, 15.172123154657916)	(125, 19.076587150007498)	(130, 23.239982252380287)	(135, 27.53299915643268)	(140, 30.099600184881325)
qc_bundle_trimmed | SRR30333765_1 - illumina_universal_adapter	(1, 1.981940803144349e-05)	(2, 2.2296834035373928e-05)	(3, 5.2025946082539165e-05)	(4, 0.0001833295242908523)	(5, 0.0002304006183655306)	(6, 0.00033692993653453934)	(7, 0.0003889558826170785)	(8, 0.0004533689587192699)	(9, 0.0005153046088175307)	(10, 0.0007645336648129326)	(15, 0.0010221859692216982)	(20, 0.0011510121214260806)	(25, 0.001471095561133893)	(30, 0.002334726266104043)	(35, 0.004436574487838625)	(40, 0.009129810309684443)	(45, 0.01751094248098111)	(50, 0.03222239357752083)	(55, 0.05617563463912264)	(60, 0.09516536508897985)	(65, 0.15729574087114973)	(70, 0.2568297989754605)	(75, 0.4182673006399811)	(80, 0.6757035735012037)	(85, 1.0854584383916799)	(90, 1.715126481887848)	(95, 2.6573936611339555)	(100, 4.008360321792863)	(105, 5.849247388947831)	(110, 8.230025536068535)	(115, 11.13075941158655)	(120, 14.515841467032581)	(125, 18.270567373909852)	(130, 22.269094791893117)	(135, 26.39613273800786)	(140, 28.849174924237214)
qc_bundle_trimmed | SRR30333765_2 - illumina_universal_adapter	(1, 2.2296984285803932e-05)	(2, 2.477442698422659e-05)	(3, 4.4593968571607865e-05)	(4, 0.00010900747873059702)	(5, 0.00013378190571482361)	(6, 0.00021058262936592603)	(7, 0.0002452668271438433)	(8, 0.0002972931238107191)	(9, 0.00036170663396970827)	(10, 0.00046476825022409086)	(15, 0.0006867471160027611)	(20, 0.0008205290217175847)	(25, 0.001017237971972344)	(30, 0.0017763264147690467)	(35, 0.0037855324431898237)	(40, 0.008502087852446882)	(45, 0.016854538165909035)	(50, 0.03163595228177799)	(55, 0.05593916966476459)	(60, 0.09560005433527326)	(65, 0.1584785409983197)	(70, 0.2590671739511368)	(75, 0.4221299749186178)	(80, 0.6824864100500138)	(85, 1.0964373556440594)	(90, 1.7318632551719155)	(95, 2.6821235637924032)	(100, 4.043447110797653)	(105, 5.895805251004213)	(110, 8.288587291070753)	(115, 11.203121240867805)	(120, 14.596435856791226)	(125, 18.355895693022852)	(130, 22.351700589752756)	(135, 26.470310834577855)	(140, 28.926001586108363)
qc_bundle_trimmed | SRR30333766_1 - illumina_universal_adapter	(1, 1.1107477978480772e-05)	(2, 1.7771964765569235e-05)	(3, 4.665140750961924e-05)	(4, 0.00013995422252885772)	(5, 0.00018882712563417312)	(6, 0.00025547199350505774)	(7, 0.0002932374186318924)	(8, 0.0003132308789931578)	(9, 0.0003621037820984732)	(10, 0.0006020253064336578)	(15, 0.000783299347042464)	(20, 0.0008983728188995248)	(25, 0.001241371738875011)	(30, 0.0019957916431734253)	(35, 0.0038276369113844745)	(40, 0.007883643570006513)	(45, 0.015195474173680838)	(50, 0.02862974663909376)	(55, 0.05058967490166939)	(60, 0.08677383946348749)	(65, 0.14603578887163554)	(70, 0.24144680321118966)	(75, 0.39966260813490806)	(80, 0.6545090284802177)	(85, 1.0644887064606579)	(90, 1.7021241429942058)	(95, 2.6641321475315665)	(100, 4.0510429488630155)	(105, 5.949325152957192)	(110, 8.409856340544966)	(115, 11.420552019884875)	(120, 14.93248019608875)	(125, 18.835142789628435)	(130, 23.00436486119129)	(135, 27.309764612770323)	(140, 29.87593458042024)
qc_bundle_trimmed | SRR30333766_2 - illumina_universal_adapter	(1, 8.885997582742077e-06)	(2, 1.3328996374113116e-05)	(3, 3.110099153959727e-05)	(4, 7.330948005762214e-05)	(5, 9.774597341016285e-05)	(6, 0.00013106846434544564)	(7, 0.00015550495769798637)	(8, 0.0001821629504462126)	(9, 0.00022437143896423745)	(10, 0.0003007910181758193)	(15, 0.0004540744764781202)	(20, 0.000590474539373211)	(25, 0.0007846335865561256)	(30, 0.0014257583121509662)	(35, 0.003136757146707953)	(40, 0.007177220247580776)	(45, 0.01431623070555576)	(50, 0.027691434267099135)	(55, 0.04964695709453826)	(60, 0.0859204878270497)	(65, 0.1452562923859308)	(70, 0.240611932446336)	(75, 0.3985347700865865)	(80, 0.6526760781525265)	(85, 1.061204929720423)	(90, 1.6966395067631548)	(95, 2.654259029761916)	(100, 4.0329277749226575)	(105, 5.9166193080020495)	(110, 8.355312033804466)	(115, 11.333094685058253)	(120, 14.80108094606195)	(125, 18.648250940216297)	(130, 22.747914778484745)	(135, 26.975561418438026)	(140, 29.499530397242747)
qc_bundle_trimmed | SRR30333767_1 - illumina_universal_adapter	(1, 1.1884296580132032e-05)	(2, 2.1391733844237658e-05)	(3, 4.9914045636554536e-05)	(4, 0.00015687271485774284)	(5, 0.0001830181673340333)	(6, 0.00026620824339495755)	(7, 0.00031136857039945924)	(8, 0.000356528897403961)	(9, 0.00040881980235654193)	(10, 0.0006493579651384143)	(15, 0.0008399820822837321)	(20, 0.0009659556260331315)	(25, 0.0012839794025174649)	(30, 0.002279883455932529)	(35, 0.004725196320260497)	(40, 0.010380695376813728)	(45, 0.020063544858442105)	(50, 0.03703527111859706)	(55, 0.06423652450306647)	(60, 0.10704043318165961)	(65, 0.17485555707093542)	(70, 0.2814638772289414)	(75, 0.4532181082643255)	(80, 0.7245665476161218)	(85, 1.1538216356281323)	(90, 1.8190964768622493)	(95, 2.814901652929767)	(100, 4.240661189020069)	(105, 6.18357349674463)	(110, 8.695033880465747)	(115, 11.754520061476992)	(120, 15.306186304032726)	(125, 19.224570564508365)	(130, 23.38834891134852)	(135, 27.676370923727866)	(140, 30.2297215514065)
qc_bundle_trimmed | SRR30333767_2 - illumina_universal_adapter	(1, 9.507473420788461e-06)	(2, 1.663807848637981e-05)	(3, 3.327615697275962e-05)	(4, 9.032099749749038e-05)	(5, 0.00011171281269426443)	(6, 0.00016400391650860097)	(7, 0.00019014946841576922)	(8, 0.0002329330988093173)	(9, 0.00027096299249247115)	(10, 0.0003936093996206423)	(15, 0.0005704484052473077)	(20, 0.0007197157379536864)	(25, 0.0009417152423290972)	(30, 0.00185395731705375)	(35, 0.004184239052489002)	(40, 0.009825023033042796)	(45, 0.019439455529815127)	(50, 0.036397935870475503)	(55, 0.06372241448182155)	(60, 0.10675846829469156)	(65, 0.17493608482149456)	(70, 0.28172735389948783)	(75, 0.4542404591196945)	(80, 0.7263429223016471)	(85, 1.156291786831227)	(90, 1.8221952252232512)	(95, 2.8184282216418333)	(100, 4.243018056165685)	(105, 6.18189279819822)	(110, 8.684136205395273)	(115, 11.727416648812424)	(120, 15.253604960581303)	(125, 19.137090303361134)	(130, 23.257492851687267)	(135, 27.493627021722624)	(140, 30.02306322902415)
qc_bundle_trimmed | SRR30333768_1 - illumina_universal_adapter	(1, 1.4459472388312024e-05)	(2, 2.1689208582468035e-05)	(3, 3.8558593035498725e-05)	(4, 0.00017592358072446293)	(5, 0.00021689208582468034)	(6, 0.0002699101512484911)	(7, 0.0002915993598309591)	(8, 0.0003325678649311765)	(9, 0.0003783561941608313)	(10, 0.0006429645388669412)	(15, 0.0008531088709104094)	(20, 0.0009986675596194172)	(25, 0.001294122778753926)	(30, 0.0021506055265549415)	(35, 0.00463908072458344)	(40, 0.010474441798093228)	(45, 0.021503645353484695)	(50, 0.0437191787308873)	(55, 0.08046069806958814)	(60, 0.14217035234601325)	(65, 0.2452928995073899)	(70, 0.4112423361783952)	(75, 0.6855688922766896)	(80, 1.1210592816678715)	(85, 1.8089412075442781)	(90, 2.847724645375415)	(95, 4.357518648502035)	(100, 6.427131368403498)	(105, 9.08988610514591)	(110, 12.340275727678975)	(115, 16.04800448436437)	(120, 20.119393791439947)	(125, 24.369356136563933)	(130, 28.694085521513408)	(135, 32.964736961713)	(140, 35.43009580123431)
qc_bundle_trimmed | SRR30333768_2 - illumina_universal_adapter	(1, 1.4459632333482693e-05)	(2, 1.686957105572981e-05)	(3, 2.4099387222471157e-05)	(4, 8.193791655640193e-05)	(5, 0.00010362736505662596)	(6, 0.0001373665071680856)	(7, 0.00014700626205707405)	(8, 0.0001711056492795452)	(9, 0.00020484479139100482)	(10, 0.0003031702912586871)	(15, 0.0004766858792604795)	(20, 0.0006453815898177775)	(25, 0.000849744393464333)	(30, 0.0016035732257832307)	(35, 0.003950371553507472)	(40, 0.009813752464734704)	(45, 0.02076933389607009)	(50, 0.043088740378289525)	(55, 0.08031217189437402)	(60, 0.14251702820527212)	(65, 0.24642973000661214)	(70, 0.41359850338949455)	(75, 0.6902016301741293)	(80, 1.12889337951515)	(85, 1.8214119247768477)	(90, 2.867206279259217)	(95, 4.3873107954096735)	(100, 6.4687854735448855)	(105, 9.144690817032124)	(110, 12.408830391428754)	(115, 16.13224259185439)	(120, 20.209949523592467)	(125, 24.45919733954333)	(130, 28.77884524942396)	(135, 33.04746608077521)	(140, 35.52641291634613)
