Sample	0	1	2	3	4	5	6	7	8	9	10	11	12	13	14	15	16	17	18	19	20	21	22	23	24	25	26	27	28	29	30	31	32	33	34	35	36	37	38	39	40	41	42	43	44	45	46	47	48	49	50	51	52	53	54	55	56	57	58	59	60	61	62	63	64	65	66	67	68	69	70	71	72	73	74	75	76	77	78	79	80	81	82	83	84	85	86	87	88	89	90	91	92	93	94	95	96	97	98	99	100	101	102	103	104	105	106	107	108	109	110	111	112	113	114	115	116	117	118	119	120	121	122	123	124	125	126	127	128	129	130	131	132	133	134	135	136	137	138	139	140	141	142	143	144	145	146	147	148	149	150
reports | SRR30333743	(1, 80.171)	(2, 54.7563)	(3, 65.724)	(4, 60.0512)	(5, 53.334199999999996)	(6, 52.039199999999994)	(7, 43.0613)	(8, 49.1456)	(9, 47.3331)	(10, 45.675)	(11, 55.101)	(12, 53.7964)	(13, 52.956)	(14, 51.2863)	(15, 52.261599999999994)	(16, 53.4219)	(17, 52.160799999999995)	(18, 52.2235)	(19, 53.21979999999999)	(20, 51.90129999999999)	(21, 52.59740000000001)	(22, 52.8753)	(23, 51.77739999999999)	(24, 52.4647)	(25, 53.0437)	(26, 52.0582)	(27, 52.434099999999994)	(28, 53.05069999999999)	(29, 52.0976)	(30, 52.449)	(31, 53.384100000000004)	(32, 51.97730000000001)	(33, 52.5491)	(34, 53.103500000000004)	(35, 52.0621)	(36, 52.70249999999999)	(37, 53.262299999999996)	(38, 52.3211)	(39, 52.7837)	(40, 53.4465)	(41, 52.436899999999994)	(42, 52.5872)	(43, 53.2475)	(44, 52.3276)	(45, 52.7286)	(46, 53.513299999999994)	(47, 52.4373)	(48, 52.8702)	(49, 53.644099999999995)	(50, 52.534499999999994)	(51, 52.943200000000004)	(52, 53.5515)	(53, 52.4502)	(54, 52.8799)	(55, 53.51669999999999)	(56, 52.487700000000004)	(57, 52.812000000000005)	(58, 53.415)	(59, 52.4857)	(60, 52.839000000000006)	(61, 53.557)	(62, 52.488800000000005)	(63, 52.902499999999996)	(64, 53.52869999999999)	(65, 52.5298)	(66, 53.013200000000005)	(67, 53.5986)	(68, 52.593)	(69, 52.907000000000004)	(70, 53.5941)	(71, 52.671)	(72, 53.0188)	(73, 53.63909999999999)	(74, 52.700199999999995)	(75, 53.1088)	(76, 53.68540000000001)	(77, 52.763099999999994)	(78, 53.132400000000004)	(79, 53.6548)	(80, 52.7887)	(81, 53.1264)	(82, 53.747299999999996)	(83, 52.839000000000006)	(84, 53.147200000000005)	(85, 53.7527)	(86, 52.7648)	(87, 53.1163)	(88, 53.711200000000005)	(89, 52.735600000000005)	(90, 53.1355)	(91, 53.6683)	(92, 52.773)	(93, 53.0764)	(94, 53.6876)	(95, 52.774100000000004)	(96, 53.0146)	(97, 53.6489)	(98, 52.7853)	(99, 53.2048)	(100, 53.6764)	(101, 52.8857)	(102, 52.97690000000001)	(103, 53.5992)	(104, 52.7482)	(105, 53.06849999999999)	(106, 53.455)	(107, 52.63060000000001)	(108, 52.939400000000006)	(109, 53.547599999999996)	(110, 52.675000000000004)	(111, 53.0745)	(112, 53.5789)	(113, 52.7756)	(114, 53.128)	(115, 53.4925)	(116, 52.785199999999996)	(117, 53.128699999999995)	(118, 53.445699999999995)	(119, 52.8195)	(120, 53.069900000000004)	(121, 53.527100000000004)	(122, 52.903299999999994)	(123, 53.11860000000001)	(124, 53.5238)	(125, 53.1532)	(126, 53.36959999999999)	(127, 53.6951)	(128, 53.2311)	(129, 53.4123)	(130, 53.8809)	(131, 53.381699999999995)	(132, 53.47539999999999)	(133, 53.961000000000006)	(134, 53.5948)	(135, 53.858399999999996)	(136, 54.2081)	(137, 53.91049999999999)	(138, 54.158300000000004)	(139, 54.505700000000004)	(140, 54.3202)	(141, 54.5141)	(142, 54.9264)	(143, 54.7807)	(144, 55.0055)	(145, 55.4195)	(146, 55.319700000000005)	(147, 55.5281)	(148, 55.96719999999999)	(149, 55.8474)	(150, 56.1176)	(151, 56.3481)
reports | SRR30333744	(1, 81.7836)	(2, 54.6067)	(3, 65.0501)	(4, 58.7229)	(5, 52.84720000000001)	(6, 51.4737)	(7, 42.8077)	(8, 49.722100000000005)	(9, 47.748400000000004)	(10, 45.6638)	(11, 55.9007)	(12, 54.2976)	(13, 53.18150000000001)	(14, 51.3904)	(15, 52.458000000000006)	(16, 53.5597)	(17, 52.29390000000001)	(18, 52.3594)	(19, 53.330200000000005)	(20, 52.037)	(21, 52.673199999999994)	(22, 53.020599999999995)	(23, 51.90240000000001)	(24, 52.6241)	(25, 53.1697)	(26, 52.141000000000005)	(27, 52.5227)	(28, 53.1374)	(29, 52.1671)	(30, 52.5651)	(31, 53.433)	(32, 52.0134)	(33, 52.6)	(34, 53.3261)	(35, 52.323699999999995)	(36, 52.587799999999994)	(37, 53.432)	(38, 52.188900000000004)	(39, 52.6308)	(40, 53.312099999999994)	(41, 52.2817)	(42, 52.61)	(43, 53.260600000000004)	(44, 52.3408)	(45, 52.7686)	(46, 53.4656)	(47, 52.453300000000006)	(48, 52.8012)	(49, 53.602399999999996)	(50, 52.486999999999995)	(51, 52.94069999999999)	(52, 53.451499999999996)	(53, 52.4351)	(54, 52.8589)	(55, 53.4406)	(56, 52.43600000000001)	(57, 52.759100000000004)	(58, 53.33560000000001)	(59, 52.452)	(60, 52.7874)	(61, 53.48309999999999)	(62, 52.417)	(63, 52.817499999999995)	(64, 53.4597)	(65, 52.430200000000006)	(66, 52.939099999999996)	(67, 53.506)	(68, 52.45419999999999)	(69, 52.776599999999995)	(70, 53.4934)	(71, 52.5741)	(72, 52.9308)	(73, 53.5694)	(74, 52.58429999999999)	(75, 53.022999999999996)	(76, 53.6018)	(77, 52.6734)	(78, 53.0343)	(79, 53.5787)	(80, 52.681599999999996)	(81, 53.0312)	(82, 53.6532)	(83, 52.7362)	(84, 53.083999999999996)	(85, 53.685)	(86, 52.6826)	(87, 53.04990000000001)	(88, 53.6585)	(89, 52.6208)	(90, 53.062)	(91, 53.6072)	(92, 52.690000000000005)	(93, 53.0261)	(94, 53.6609)	(95, 52.701)	(96, 53.0122)	(97, 53.652100000000004)	(98, 52.7166)	(99, 53.156800000000004)	(100, 53.6736)	(101, 52.82940000000001)	(102, 52.9097)	(103, 53.5841)	(104, 52.670399999999994)	(105, 53.0631)	(106, 53.47769999999999)	(107, 52.607099999999996)	(108, 52.981)	(109, 53.5923)	(110, 52.636)	(111, 53.07770000000001)	(112, 53.607800000000005)	(113, 52.6745)	(114, 53.103500000000004)	(115, 53.5371)	(116, 52.6558)	(117, 53.0886)	(118, 53.428200000000004)	(119, 52.660399999999996)	(120, 52.9527)	(121, 53.439499999999995)	(122, 52.68469999999999)	(123, 52.90709999999999)	(124, 53.3494)	(125, 52.8027)	(126, 53.034499999999994)	(127, 53.467600000000004)	(128, 52.7099)	(129, 52.9444)	(130, 53.432500000000005)	(131, 52.67659999999999)	(132, 52.781)	(133, 53.271)	(134, 52.635299999999994)	(135, 52.8742)	(136, 53.1902)	(137, 52.6366)	(138, 52.8247)	(139, 53.1163)	(140, 52.637)	(141, 52.788500000000006)	(142, 53.14149999999999)	(143, 52.6673)	(144, 52.8523)	(145, 53.1412)	(146, 52.6803)	(147, 52.79390000000001)	(148, 53.1045)	(149, 52.69200000000001)	(150, 52.8662)	(151, 53.138600000000004)
reports | SRR30333745	(1, 80.9766)	(2, 55.8555)	(3, 65.7439)	(4, 59.7347)	(5, 53.4109)	(6, 52.234100000000005)	(7, 43.0462)	(8, 49.596000000000004)	(9, 47.6447)	(10, 45.8375)	(11, 55.468399999999995)	(12, 54.0864)	(13, 53.2215)	(14, 51.5617)	(15, 52.56269999999999)	(16, 53.63099999999999)	(17, 52.4131)	(18, 52.465300000000006)	(19, 53.3878)	(20, 52.207300000000004)	(21, 52.759299999999996)	(22, 53.13139999999999)	(23, 52.05650000000001)	(24, 52.6813)	(25, 53.2705)	(26, 52.261100000000006)	(27, 52.6073)	(28, 53.2399)	(29, 52.2503)	(30, 52.6676)	(31, 53.50240000000001)	(32, 52.198)	(33, 52.7226)	(34, 53.2915)	(35, 52.3147)	(36, 52.85300000000001)	(37, 53.54370000000001)	(38, 52.350699999999996)	(39, 52.779399999999995)	(40, 53.5505)	(41, 52.6146)	(42, 52.7855)	(43, 53.410999999999994)	(44, 52.50129999999999)	(45, 52.916700000000006)	(46, 53.602700000000006)	(47, 52.587300000000006)	(48, 52.9765)	(49, 53.723600000000005)	(50, 52.6614)	(51, 53.0679)	(52, 53.6057)	(53, 52.5926)	(54, 52.9896)	(55, 53.5805)	(56, 52.6375)	(57, 52.9544)	(58, 53.5356)	(59, 52.675000000000004)	(60, 52.9944)	(61, 53.6555)	(62, 52.639)	(63, 53.01240000000001)	(64, 53.662200000000006)	(65, 52.658)	(66, 53.138200000000005)	(67, 53.71359999999999)	(68, 52.662699999999994)	(69, 52.9551)	(70, 53.679100000000005)	(71, 52.7906)	(72, 53.116)	(73, 53.733799999999995)	(74, 52.7899)	(75, 53.206900000000005)	(76, 53.7845)	(77, 52.8867)	(78, 53.2216)	(79, 53.757)	(80, 52.880799999999994)	(81, 53.22559999999999)	(82, 53.8122)	(83, 52.9421)	(84, 53.246)	(85, 53.8422)	(86, 52.8644)	(87, 53.233)	(88, 53.7984)	(89, 52.8366)	(90, 53.242900000000006)	(91, 53.7585)	(92, 52.8618)	(93, 53.208200000000005)	(94, 53.8032)	(95, 52.8963)	(96, 53.161899999999996)	(97, 53.764100000000006)	(98, 52.8878)	(99, 53.322599999999994)	(100, 53.7952)	(101, 53.0058)	(102, 53.0528)	(103, 53.7041)	(104, 52.844100000000005)	(105, 53.184799999999996)	(106, 53.5794)	(107, 52.7104)	(108, 53.069599999999994)	(109, 53.6423)	(110, 52.755700000000004)	(111, 53.1518)	(112, 53.647800000000004)	(113, 52.7903)	(114, 53.174699999999994)	(115, 53.567)	(116, 52.786699999999996)	(117, 53.123200000000004)	(118, 53.4462)	(119, 52.7562)	(120, 53.032599999999995)	(121, 53.4511)	(122, 52.7523)	(123, 52.9752)	(124, 53.3521)	(125, 52.8839)	(126, 53.1025)	(127, 53.4671)	(128, 52.828900000000004)	(129, 53.0098)	(130, 53.43449999999999)	(131, 52.80479999999999)	(132, 52.8958)	(133, 53.317899999999995)	(134, 52.8076)	(135, 53.0453)	(136, 53.31399999999999)	(137, 52.8945)	(138, 53.0883)	(139, 53.360600000000005)	(140, 53.020199999999996)	(141, 53.160399999999996)	(142, 53.4897)	(143, 53.1404)	(144, 53.3273)	(145, 53.610400000000006)	(146, 53.3192)	(147, 53.4709)	(148, 53.7999)	(149, 53.534400000000005)	(150, 53.7342)	(151, 53.97880000000001)
reports | SRR30333746	(1, 80.4992)	(2, 55.725899999999996)	(3, 66.1084)	(4, 60.1993)	(5, 53.381299999999996)	(6, 52.194399999999995)	(7, 42.6886)	(8, 49.3645)	(9, 47.3089)	(10, 45.3712)	(11, 55.23519999999999)	(12, 53.78770000000001)	(13, 53.1261)	(14, 51.523300000000006)	(15, 52.455200000000005)	(16, 53.486900000000006)	(17, 52.261100000000006)	(18, 52.3426)	(19, 53.1652)	(20, 52.074299999999994)	(21, 52.5635)	(22, 52.966800000000006)	(23, 51.858000000000004)	(24, 52.4246)	(25, 53.104099999999995)	(26, 52.0927)	(27, 52.384)	(28, 53.054199999999994)	(29, 52.0572)	(30, 52.5293)	(31, 53.2987)	(32, 52.07469999999999)	(33, 52.492799999999995)	(34, 53.167500000000004)	(35, 52.2324)	(36, 52.5571)	(37, 53.26109999999999)	(38, 52.2737)	(39, 52.6485)	(40, 53.251400000000004)	(41, 52.30970000000001)	(42, 52.614000000000004)	(43, 53.2176)	(44, 52.294200000000004)	(45, 52.7283)	(46, 53.4136)	(47, 52.376400000000004)	(48, 52.7776)	(49, 53.4944)	(50, 52.444)	(51, 52.831799999999994)	(52, 53.395199999999996)	(53, 52.395)	(54, 52.7758)	(55, 53.3814)	(56, 52.438300000000005)	(57, 52.7407)	(58, 53.316900000000004)	(59, 52.491699999999994)	(60, 52.7743)	(61, 53.408100000000005)	(62, 52.438300000000005)	(63, 52.815599999999996)	(64, 53.4564)	(65, 52.4493)	(66, 52.863800000000005)	(67, 53.4607)	(68, 52.469699999999996)	(69, 52.728699999999996)	(70, 53.3994)	(71, 52.551899999999996)	(72, 52.831700000000005)	(73, 53.4527)	(74, 52.534400000000005)	(75, 52.9324)	(76, 53.498900000000006)	(77, 52.6265)	(78, 52.937599999999996)	(79, 53.4968)	(80, 52.6697)	(81, 52.9247)	(82, 53.5404)	(83, 52.67960000000001)	(84, 52.9594)	(85, 53.6)	(86, 52.6177)	(87, 52.985800000000005)	(88, 53.55069999999999)	(89, 52.6134)	(90, 52.965799999999994)	(91, 53.48349999999999)	(92, 52.646899999999995)	(93, 52.944599999999994)	(94, 53.560399999999994)	(95, 52.676199999999994)	(96, 52.8857)	(97, 53.55760000000001)	(98, 52.666999999999994)	(99, 53.085800000000006)	(100, 53.6092)	(101, 52.8075)	(102, 52.8584)	(103, 53.5123)	(104, 52.6458)	(105, 53.01820000000001)	(106, 53.4076)	(107, 52.587700000000005)	(108, 52.9146)	(109, 53.522400000000005)	(110, 52.6261)	(111, 53.0382)	(112, 53.567600000000006)	(113, 52.727599999999995)	(114, 53.096)	(115, 53.525800000000004)	(116, 52.7278)	(117, 53.1102)	(118, 53.4767)	(119, 52.7791)	(120, 53.0435)	(121, 53.510999999999996)	(122, 52.843700000000005)	(123, 53.0486)	(124, 53.5061)	(125, 53.024)	(126, 53.25)	(127, 53.693999999999996)	(128, 52.9952)	(129, 53.2475)	(130, 53.759100000000004)	(131, 53.052299999999995)	(132, 53.2034)	(133, 53.687)	(134, 53.16610000000001)	(135, 53.428200000000004)	(136, 53.782700000000006)	(137, 53.319700000000005)	(138, 53.5255)	(139, 53.8925)	(140, 53.48500000000001)	(141, 53.6717)	(142, 54.1096)	(143, 53.7104)	(144, 53.955299999999994)	(145, 54.300000000000004)	(146, 53.954)	(147, 54.1326)	(148, 54.5285)	(149, 54.2519)	(150, 54.4041)	(151, 54.678000000000004)
reports | SRR30333747	(1, 82.4537)	(2, 50.975300000000004)	(3, 64.6186)	(4, 57.312)	(5, 50.9896)	(6, 49.1038)	(7, 41.0423)	(8, 48.3613)	(9, 46.185500000000005)	(10, 44.1452)	(11, 54.6453)	(12, 52.85300000000001)	(13, 51.86730000000001)	(14, 50.025600000000004)	(15, 51.1819)	(16, 52.2641)	(17, 51.04149999999999)	(18, 51.2344)	(19, 52.0119)	(20, 50.7679)	(21, 51.283500000000004)	(22, 51.6738)	(23, 50.4755)	(24, 51.138799999999996)	(25, 51.835)	(26, 50.67359999999999)	(27, 51.1718)	(28, 51.8459)	(29, 50.7281)	(30, 51.290400000000005)	(31, 52.047900000000006)	(32, 50.6927)	(33, 51.2176)	(34, 51.8575)	(35, 50.8372)	(36, 51.286500000000004)	(37, 51.9832)	(38, 50.8278)	(39, 51.38700000000001)	(40, 51.931700000000006)	(41, 50.863899999999994)	(42, 51.288)	(43, 51.82790000000001)	(44, 50.8055)	(45, 51.3571)	(46, 52.06229999999999)	(47, 50.9404)	(48, 51.4243)	(49, 52.12290000000001)	(50, 50.9965)	(51, 51.4784)	(52, 52.044599999999996)	(53, 50.9039)	(54, 51.4433)	(55, 52.0102)	(56, 50.96000000000001)	(57, 51.41)	(58, 51.9666)	(59, 51.02139999999999)	(60, 51.39660000000001)	(61, 52.0362)	(62, 51.0015)	(63, 51.4376)	(64, 52.0875)	(65, 50.987)	(66, 51.471599999999995)	(67, 52.1033)	(68, 50.997800000000005)	(69, 51.4313)	(70, 52.06960000000001)	(71, 51.082499999999996)	(72, 51.484399999999994)	(73, 52.0792)	(74, 51.0726)	(75, 51.5903)	(76, 52.1167)	(77, 51.1321)	(78, 51.6139)	(79, 52.128699999999995)	(80, 51.2278)	(81, 51.5655)	(82, 52.174)	(83, 51.2053)	(84, 51.6128)	(85, 52.2705)	(86, 51.153800000000004)	(87, 51.625600000000006)	(88, 52.182399999999994)	(89, 51.1566)	(90, 51.6015)	(91, 52.186699999999995)	(92, 51.2135)	(93, 51.58239999999999)	(94, 52.1887)	(95, 51.2014)	(96, 51.5574)	(97, 52.16929999999999)	(98, 51.2034)	(99, 51.680800000000005)	(100, 52.1495)	(101, 51.3432)	(102, 51.422000000000004)	(103, 52.1313)	(104, 51.1831)	(105, 51.6678)	(106, 52.1254)	(107, 51.18129999999999)	(108, 51.6737)	(109, 52.2022)	(110, 51.2369)	(111, 51.7215)	(112, 52.2196)	(113, 51.273)	(114, 51.6887)	(115, 52.189600000000006)	(116, 51.2679)	(117, 51.77270000000001)	(118, 52.1493)	(119, 51.329800000000006)	(120, 51.6876)	(121, 52.141099999999994)	(122, 51.34570000000001)	(123, 51.6208)	(124, 52.0605)	(125, 51.419000000000004)	(126, 51.7358)	(127, 52.1802)	(128, 51.4261)	(129, 51.688599999999994)	(130, 52.1668)	(131, 51.3863)	(132, 51.4963)	(133, 52.029199999999996)	(134, 51.3784)	(135, 51.7008)	(136, 52.038)	(137, 51.446999999999996)	(138, 51.7105)	(139, 52.0428)	(140, 51.5026)	(141, 51.7191)	(142, 52.1321)	(143, 51.6206)	(144, 51.92210000000001)	(145, 52.269299999999994)	(146, 51.7954)	(147, 52.024800000000006)	(148, 52.4373)	(149, 51.9791)	(150, 52.1935)	(151, 52.4145)
reports | SRR30333748	(1, 83.3391)	(2, 50.2664)	(3, 64.4228)	(4, 57.1577)	(5, 50.9174)	(6, 49.4705)	(7, 41.3936)	(8, 48.5741)	(9, 46.494)	(10, 44.615)	(11, 55.0942)	(12, 53.3401)	(13, 52.391600000000004)	(14, 50.332100000000004)	(15, 51.6085)	(16, 52.6984)	(17, 51.335699999999996)	(18, 51.627199999999995)	(19, 52.4981)	(20, 51.117900000000006)	(21, 51.7651)	(22, 52.1953)	(23, 50.893100000000004)	(24, 51.6533)	(25, 52.3949)	(26, 51.0371)	(27, 51.6374)	(28, 52.3829)	(29, 51.0587)	(30, 51.72839999999999)	(31, 52.5357)	(32, 51.07899999999999)	(33, 51.641400000000004)	(34, 52.373000000000005)	(35, 51.23609999999999)	(36, 51.7825)	(37, 52.48500000000001)	(38, 51.258700000000005)	(39, 51.7931)	(40, 52.451899999999995)	(41, 51.233799999999995)	(42, 51.7656)	(43, 52.4162)	(44, 51.1834)	(45, 51.8511)	(46, 52.54879999999999)	(47, 51.302800000000005)	(48, 51.8459)	(49, 52.611)	(50, 51.3593)	(51, 51.916799999999995)	(52, 52.537800000000004)	(53, 51.290800000000004)	(54, 51.8886)	(55, 52.5119)	(56, 51.3467)	(57, 51.8853)	(58, 52.4934)	(59, 51.406600000000005)	(60, 51.842)	(61, 52.5367)	(62, 51.356)	(63, 51.882)	(64, 52.58969999999999)	(65, 51.379799999999996)	(66, 51.92099999999999)	(67, 52.5827)	(68, 51.3402)	(69, 51.8724)	(70, 52.5501)	(71, 51.426700000000004)	(72, 51.914300000000004)	(73, 52.5887)	(74, 51.417)	(75, 52.011300000000006)	(76, 52.5975)	(77, 51.4904)	(78, 52.025999999999996)	(79, 52.5867)	(80, 51.562200000000004)	(81, 51.9694)	(82, 52.6741)	(83, 51.532999999999994)	(84, 52.041000000000004)	(85, 52.7114)	(86, 51.500800000000005)	(87, 52.0458)	(88, 52.657399999999996)	(89, 51.4861)	(90, 52.0177)	(91, 52.6451)	(92, 51.544999999999995)	(93, 52.005199999999995)	(94, 52.63139999999999)	(95, 51.5538)	(96, 51.9922)	(97, 52.6326)	(98, 51.5664)	(99, 52.051899999999996)	(100, 52.65220000000001)	(101, 51.6404)	(102, 51.8479)	(103, 52.584399999999995)	(104, 51.5185)	(105, 52.038399999999996)	(106, 52.549)	(107, 51.505599999999994)	(108, 52.051199999999994)	(109, 52.63290000000001)	(110, 51.5673)	(111, 52.078100000000006)	(112, 52.638200000000005)	(113, 51.5652)	(114, 52.044999999999995)	(115, 52.602000000000004)	(116, 51.5323)	(117, 52.1302)	(118, 52.554100000000005)	(119, 51.58970000000001)	(120, 52.027699999999996)	(121, 52.515)	(122, 51.6363)	(123, 51.9756)	(124, 52.4698)	(125, 51.6733)	(126, 52.0673)	(127, 52.5547)	(128, 51.647600000000004)	(129, 52.005199999999995)	(130, 52.5053)	(131, 51.583400000000005)	(132, 51.7872)	(133, 52.3517)	(134, 51.519000000000005)	(135, 51.8997)	(136, 52.266)	(137, 51.5379)	(138, 51.810900000000004)	(139, 52.19970000000001)	(140, 51.465799999999994)	(141, 51.6984)	(142, 52.142599999999995)	(143, 51.439800000000005)	(144, 51.75189999999999)	(145, 52.0692)	(146, 51.369699999999995)	(147, 51.599700000000006)	(148, 51.9945)	(149, 51.353300000000004)	(150, 51.5586)	(151, 51.917699999999996)
reports | SRR30333749	(1, 76.5679)	(2, 57.2074)	(3, 65.0517)	(4, 60.4398)	(5, 53.393)	(6, 52.3743)	(7, 41.917100000000005)	(8, 46.9402)	(9, 45.2782)	(10, 44.3985)	(11, 51.611700000000006)	(12, 50.863400000000006)	(13, 50.6262)	(14, 49.584)	(15, 50.45889999999999)	(16, 51.422999999999995)	(17, 50.5119)	(18, 50.568900000000006)	(19, 51.3409)	(20, 50.3333)	(21, 50.8208)	(22, 51.1814)	(23, 50.3123)	(24, 50.844199999999994)	(25, 51.334999999999994)	(26, 50.4972)	(27, 50.8621)	(28, 51.377399999999994)	(29, 50.5649)	(30, 50.9385)	(31, 51.6108)	(32, 50.6081)	(33, 51.022999999999996)	(34, 51.49209999999999)	(35, 50.6528)	(36, 51.0903)	(37, 51.6028)	(38, 50.7765)	(39, 51.2205)	(40, 51.7344)	(41, 50.893100000000004)	(42, 51.105500000000006)	(43, 51.6138)	(44, 50.8406)	(45, 51.211)	(46, 51.81679999999999)	(47, 50.974)	(48, 51.3146)	(49, 51.8929)	(50, 51.03)	(51, 51.369)	(52, 51.849599999999995)	(53, 50.944100000000006)	(54, 51.3833)	(55, 51.8598)	(56, 51.0673)	(57, 51.359)	(58, 51.7687)	(59, 51.0826)	(60, 51.3606)	(61, 51.8743)	(62, 51.0438)	(63, 51.3708)	(64, 51.9551)	(65, 51.1188)	(66, 51.468)	(67, 51.966699999999996)	(68, 51.1537)	(69, 51.444500000000005)	(70, 51.949999999999996)	(71, 51.193)	(72, 51.511399999999995)	(73, 51.98779999999999)	(74, 51.207899999999995)	(75, 51.6379)	(76, 52.04990000000001)	(77, 51.3098)	(78, 51.6182)	(79, 52.093199999999996)	(80, 51.37779999999999)	(81, 51.64919999999999)	(82, 52.154500000000006)	(83, 51.377700000000004)	(84, 51.644999999999996)	(85, 52.207499999999996)	(86, 51.37779999999999)	(87, 51.692800000000005)	(88, 52.159299999999995)	(89, 51.3969)	(90, 51.7231)	(91, 52.162299999999995)	(92, 51.3767)	(93, 51.67230000000001)	(94, 52.198699999999995)	(95, 51.379799999999996)	(96, 51.6363)	(97, 52.1157)	(98, 51.3891)	(99, 51.731700000000004)	(100, 52.1714)	(101, 51.4649)	(102, 51.6061)	(103, 52.125600000000006)	(104, 51.3253)	(105, 51.6424)	(106, 52.020500000000006)	(107, 51.283500000000004)	(108, 51.6676)	(109, 52.0885)	(110, 51.373999999999995)	(111, 51.690999999999995)	(112, 52.111799999999995)	(113, 51.3767)	(114, 51.7278)	(115, 52.081900000000005)	(116, 51.3528)	(117, 51.708299999999994)	(118, 52.052200000000006)	(119, 51.3729)	(120, 51.7113)	(121, 52.0764)	(122, 51.4529)	(123, 51.6865)	(124, 52.0451)	(125, 51.53529999999999)	(126, 51.788599999999995)	(127, 52.154199999999996)	(128, 51.5501)	(129, 51.80479999999999)	(130, 52.235600000000005)	(131, 51.591)	(132, 51.7618)	(133, 52.215599999999995)	(134, 51.68279999999999)	(135, 51.986200000000004)	(136, 52.2833)	(137, 51.8588)	(138, 52.100199999999994)	(139, 52.4207)	(140, 51.9933)	(141, 52.1965)	(142, 52.592099999999995)	(143, 52.2065)	(144, 52.4684)	(145, 52.817400000000006)	(146, 52.4425)	(147, 52.663700000000006)	(148, 53.0528)	(149, 52.6427)	(150, 52.8845)	(151, 53.1239)
reports | SRR30333750	(1, 82.5761)	(2, 51.803)	(3, 65.1664)	(4, 58.318000000000005)	(5, 51.5975)	(6, 50.0657)	(7, 41.099999999999994)	(8, 48.1479)	(9, 46.212599999999995)	(10, 44.0297)	(11, 54.428399999999996)	(12, 52.8574)	(13, 52.1018)	(14, 50.349)	(15, 51.46190000000001)	(16, 52.538)	(17, 51.237)	(18, 51.4386)	(19, 52.2268)	(20, 50.9886)	(21, 51.5439)	(22, 51.9431)	(23, 50.6884)	(24, 51.3628)	(25, 52.1068)	(26, 50.9046)	(27, 51.441)	(28, 52.0861)	(29, 50.9002)	(30, 51.564299999999996)	(31, 52.3349)	(32, 50.9378)	(33, 51.48930000000001)	(34, 52.1696)	(35, 51.116099999999996)	(36, 51.6437)	(37, 52.31099999999999)	(38, 51.1509)	(39, 51.6595)	(40, 52.2586)	(41, 51.181)	(42, 51.6328)	(43, 52.1927)	(44, 51.102199999999996)	(45, 51.7062)	(46, 52.365899999999996)	(47, 51.20440000000001)	(48, 51.734899999999996)	(49, 52.408)	(50, 51.2715)	(51, 51.7575)	(52, 52.366800000000005)	(53, 51.1902)	(54, 51.7603)	(55, 52.3037)	(56, 51.253400000000006)	(57, 51.7431)	(58, 52.2968)	(59, 51.3209)	(60, 51.7383)	(61, 52.3532)	(62, 51.249199999999995)	(63, 51.7447)	(64, 52.4003)	(65, 51.280800000000006)	(66, 51.77739999999999)	(67, 52.410900000000005)	(68, 51.2691)	(69, 51.720699999999994)	(70, 52.3516)	(71, 51.3436)	(72, 51.788000000000004)	(73, 52.4115)	(74, 51.350899999999996)	(75, 51.8838)	(76, 52.4175)	(77, 51.4154)	(78, 51.8891)	(79, 52.4419)	(80, 51.4966)	(81, 51.8609)	(82, 52.4992)	(83, 51.47350000000001)	(84, 51.9132)	(85, 52.5808)	(86, 51.431000000000004)	(87, 51.9246)	(88, 52.5064)	(89, 51.4551)	(90, 51.9131)	(91, 52.4834)	(92, 51.4885)	(93, 51.92210000000001)	(94, 52.4794)	(95, 51.490100000000005)	(96, 51.8765)	(97, 52.5041)	(98, 51.5437)	(99, 52.009499999999996)	(100, 52.5093)	(101, 51.6637)	(102, 51.803999999999995)	(103, 52.4963)	(104, 51.5365)	(105, 52.0279)	(106, 52.483599999999996)	(107, 51.52139999999999)	(108, 52.051)	(109, 52.5942)	(110, 51.6147)	(111, 52.142599999999995)	(112, 52.6636)	(113, 51.71059999999999)	(114, 52.1461)	(115, 52.6888)	(116, 51.73029999999999)	(117, 52.2853)	(118, 52.71900000000001)	(119, 51.880700000000004)	(120, 52.2878)	(121, 52.762)	(122, 51.98310000000001)	(123, 52.3446)	(124, 52.8365)	(125, 52.174600000000005)	(126, 52.566100000000006)	(127, 53.0553)	(128, 52.296600000000005)	(129, 52.6572)	(130, 53.1788)	(131, 52.4053)	(132, 52.6351)	(133, 53.20439999999999)	(134, 52.534000000000006)	(135, 52.959599999999995)	(136, 53.352900000000005)	(137, 52.768)	(138, 53.1018)	(139, 53.519099999999995)	(140, 52.9799)	(141, 53.238600000000005)	(142, 53.733200000000004)	(143, 53.1773)	(144, 53.5544)	(145, 53.898900000000005)	(146, 53.372299999999996)	(147, 53.6617)	(148, 54.0967)	(149, 53.592099999999995)	(150, 53.8815)	(151, 54.25450000000001)
reports | SRR30333751	(1, 82.0234)	(2, 53.3225)	(3, 65.26429999999999)	(4, 58.466300000000004)	(5, 52.009499999999996)	(6, 50.422599999999996)	(7, 41.5906)	(8, 48.9028)	(9, 46.733000000000004)	(10, 44.5402)	(11, 54.97260000000001)	(12, 53.2095)	(13, 52.3133)	(14, 50.645399999999995)	(15, 51.716899999999995)	(16, 52.7743)	(17, 51.5371)	(18, 51.6576)	(19, 52.5031)	(20, 51.2987)	(21, 51.81249999999999)	(22, 52.1926)	(23, 51.0342)	(24, 51.6606)	(25, 52.322199999999995)	(26, 51.2545)	(27, 51.72130000000001)	(28, 52.3626)	(29, 51.29860000000001)	(30, 51.798)	(31, 52.5654)	(32, 51.2704)	(33, 51.7315)	(34, 52.35340000000001)	(35, 51.40559999999999)	(36, 51.89470000000001)	(37, 52.477799999999995)	(38, 51.4203)	(39, 51.8723)	(40, 52.5211)	(41, 51.4242)	(42, 51.8386)	(43, 52.4275)	(44, 51.4119)	(45, 51.92099999999999)	(46, 52.554199999999994)	(47, 51.5297)	(48, 51.9481)	(49, 52.682300000000005)	(50, 51.588)	(51, 52.0432)	(52, 52.5788)	(53, 51.508900000000004)	(54, 52.0144)	(55, 52.55649999999999)	(56, 51.542100000000005)	(57, 51.97540000000001)	(58, 52.51440000000001)	(59, 51.6278)	(60, 51.956599999999995)	(61, 52.573)	(62, 51.570499999999996)	(63, 51.9824)	(64, 52.6054)	(65, 51.595)	(66, 52.0543)	(67, 52.6222)	(68, 51.5865)	(69, 51.9745)	(70, 52.6081)	(71, 51.68770000000001)	(72, 52.053000000000004)	(73, 52.6474)	(74, 51.657)	(75, 52.1599)	(76, 52.6461)	(77, 51.71940000000001)	(78, 52.1753)	(79, 52.6525)	(80, 51.8084)	(81, 52.105500000000006)	(82, 52.7344)	(83, 51.776900000000005)	(84, 52.161699999999996)	(85, 52.7913)	(86, 51.724000000000004)	(87, 52.1756)	(88, 52.72599999999999)	(89, 51.7229)	(90, 52.13759999999999)	(91, 52.709799999999994)	(92, 51.7907)	(93, 52.1455)	(94, 52.708600000000004)	(95, 51.7744)	(96, 52.1211)	(97, 52.672399999999996)	(98, 51.7777)	(99, 52.1498)	(100, 52.669399999999996)	(101, 51.8598)	(102, 51.9664)	(103, 52.652)	(104, 51.71019999999999)	(105, 52.1437)	(106, 52.56229999999999)	(107, 51.684799999999996)	(108, 52.124700000000004)	(109, 52.638799999999996)	(110, 51.7378)	(111, 52.15539999999999)	(112, 52.651)	(113, 51.7312)	(114, 52.1278)	(115, 52.5885)	(116, 51.678900000000006)	(117, 52.1366)	(118, 52.500899999999994)	(119, 51.7115)	(120, 52.0212)	(121, 52.4404)	(122, 51.690599999999996)	(123, 51.932500000000005)	(124, 52.3505)	(125, 51.7023)	(126, 51.9937)	(127, 52.38120000000001)	(128, 51.647200000000005)	(129, 51.9016)	(130, 52.288000000000004)	(131, 51.5399)	(132, 51.639500000000005)	(133, 52.079699999999995)	(134, 51.433099999999996)	(135, 51.695)	(136, 51.9848)	(137, 51.4001)	(138, 51.592000000000006)	(139, 51.8857)	(140, 51.3137)	(141, 51.4846)	(142, 51.8084)	(143, 51.2807)	(144, 51.525299999999994)	(145, 51.7348)	(146, 51.241400000000006)	(147, 51.3776)	(148, 51.7167)	(149, 51.254599999999996)	(150, 51.39169999999999)	(151, 51.69820000000001)
reports | SRR30333752	(1, 82.7976)	(2, 51.79129999999999)	(3, 64.8865)	(4, 57.72389999999999)	(5, 51.4447)	(6, 49.6952)	(7, 41.4354)	(8, 48.7318)	(9, 46.6866)	(10, 44.462)	(11, 55.03)	(12, 53.3345)	(13, 52.3392)	(14, 50.3943)	(15, 51.5977)	(16, 52.68279999999999)	(17, 51.4293)	(18, 51.6277)	(19, 52.45419999999999)	(20, 51.1803)	(21, 51.754900000000006)	(22, 52.126)	(23, 50.956999999999994)	(24, 51.6073)	(25, 52.311099999999996)	(26, 51.1124)	(27, 51.6267)	(28, 52.317)	(29, 51.1634)	(30, 51.7524)	(31, 52.5231)	(32, 51.1529)	(33, 51.674299999999995)	(34, 52.359500000000004)	(35, 51.32790000000001)	(36, 51.8344)	(37, 52.5041)	(38, 51.3522)	(39, 51.8004)	(40, 52.478100000000005)	(41, 51.319700000000005)	(42, 51.776999999999994)	(43, 52.352900000000005)	(44, 51.286)	(45, 51.844)	(46, 52.5442)	(47, 51.3906)	(48, 51.9131)	(49, 52.6068)	(50, 51.452299999999994)	(51, 51.92790000000001)	(52, 52.5068)	(53, 51.346199999999996)	(54, 51.8907)	(55, 52.4983)	(56, 51.4157)	(57, 51.887499999999996)	(58, 52.4524)	(59, 51.4849)	(60, 51.879)	(61, 52.493199999999995)	(62, 51.427299999999995)	(63, 51.8891)	(64, 52.5598)	(65, 51.441199999999995)	(66, 51.924899999999994)	(67, 52.54259999999999)	(68, 51.425399999999996)	(69, 51.859)	(70, 52.5039)	(71, 51.513600000000004)	(72, 51.9189)	(73, 52.5651)	(74, 51.493100000000005)	(75, 52.046099999999996)	(76, 52.587300000000006)	(77, 51.5691)	(78, 52.031499999999994)	(79, 52.5975)	(80, 51.6501)	(81, 51.9787)	(82, 52.615100000000005)	(83, 51.6288)	(84, 52.0492)	(85, 52.7192)	(86, 51.61019999999999)	(87, 52.061)	(88, 52.657399999999996)	(89, 51.597)	(90, 52.058800000000005)	(91, 52.6342)	(92, 51.65689999999999)	(93, 52.0556)	(94, 52.6597)	(95, 51.6562)	(96, 52.044999999999995)	(97, 52.67659999999999)	(98, 51.697199999999995)	(99, 52.1663)	(100, 52.6856)	(101, 51.829800000000006)	(102, 51.958800000000004)	(103, 52.6563)	(104, 51.696600000000004)	(105, 52.17309999999999)	(106, 52.6554)	(107, 51.7022)	(108, 52.2038)	(109, 52.757299999999994)	(110, 51.7883)	(111, 52.285199999999996)	(112, 52.835100000000004)	(113, 51.855700000000006)	(114, 52.3196)	(115, 52.873000000000005)	(116, 51.9136)	(117, 52.477799999999995)	(118, 52.8949)	(119, 52.075700000000005)	(120, 52.4742)	(121, 52.9923)	(122, 52.2046)	(123, 52.559900000000006)	(124, 53.0495)	(125, 52.4006)	(126, 52.8088)	(127, 53.3137)	(128, 52.556099999999994)	(129, 52.931)	(130, 53.4767)	(131, 52.7012)	(132, 52.9787)	(133, 53.542500000000004)	(134, 52.929)	(135, 53.3522)	(136, 53.7639)	(137, 53.218900000000005)	(138, 53.5706)	(139, 54.0347)	(140, 53.486900000000006)	(141, 53.80049999999999)	(142, 54.306200000000004)	(143, 53.80779999999999)	(144, 54.2029)	(145, 54.611900000000006)	(146, 54.11319999999999)	(147, 54.4502)	(148, 54.9033)	(149, 54.432100000000005)	(150, 54.7398)	(151, 54.993700000000004)
reports | SRR30333753	(1, 80.2505)	(2, 56.090399999999995)	(3, 65.98479999999999)	(4, 60.575100000000006)	(5, 53.7952)	(6, 52.6139)	(7, 42.848000000000006)	(8, 48.877900000000004)	(9, 47.116400000000006)	(10, 45.515)	(11, 54.5743)	(12, 53.381699999999995)	(13, 52.8763)	(14, 51.42139999999999)	(15, 52.3439)	(16, 53.4412)	(17, 52.1859)	(18, 52.2365)	(19, 53.128699999999995)	(20, 51.958499999999994)	(21, 52.542100000000005)	(22, 52.908100000000005)	(23, 51.82679999999999)	(24, 52.403200000000005)	(25, 53.039899999999996)	(26, 52.030699999999996)	(27, 52.398199999999996)	(28, 53.02440000000001)	(29, 52.0165)	(30, 52.4866)	(31, 53.330299999999994)	(32, 52.02759999999999)	(33, 52.512)	(34, 53.1436)	(35, 52.2389)	(36, 52.6405)	(37, 53.2517)	(38, 52.1633)	(39, 52.7037)	(40, 53.3976)	(41, 52.3516)	(42, 52.60359999999999)	(43, 53.2196)	(44, 52.312999999999995)	(45, 52.7547)	(46, 53.4699)	(47, 52.406)	(48, 52.7787)	(49, 53.5558)	(50, 52.44799999999999)	(51, 52.874500000000005)	(52, 53.4508)	(53, 52.433099999999996)	(54, 52.8429)	(55, 53.4397)	(56, 52.473000000000006)	(57, 52.77230000000001)	(58, 53.3845)	(59, 52.517100000000006)	(60, 52.818)	(61, 53.5196)	(62, 52.48890000000001)	(63, 52.8208)	(64, 53.503299999999996)	(65, 52.5193)	(66, 52.9748)	(67, 53.5404)	(68, 52.5548)	(69, 52.8451)	(70, 53.5192)	(71, 52.637299999999996)	(72, 52.959199999999996)	(73, 53.575799999999994)	(74, 52.672399999999996)	(75, 53.065799999999996)	(76, 53.6284)	(77, 52.73290000000001)	(78, 53.0718)	(79, 53.605000000000004)	(80, 52.76499999999999)	(81, 53.0711)	(82, 53.6927)	(83, 52.8027)	(84, 53.08619999999999)	(85, 53.7191)	(86, 52.717999999999996)	(87, 53.088800000000006)	(88, 53.636399999999995)	(89, 52.715199999999996)	(90, 53.09930000000001)	(91, 53.6069)	(92, 52.719300000000004)	(93, 53.0375)	(94, 53.6864)	(95, 52.751099999999994)	(96, 52.967299999999994)	(97, 53.6269)	(98, 52.753099999999996)	(99, 53.1793)	(100, 53.6452)	(101, 52.8857)	(102, 52.9157)	(103, 53.581500000000005)	(104, 52.6975)	(105, 53.0569)	(106, 53.457100000000004)	(107, 52.623200000000004)	(108, 52.9491)	(109, 53.57150000000001)	(110, 52.6798)	(111, 53.106500000000004)	(112, 53.5788)	(113, 52.7638)	(114, 53.142500000000005)	(115, 53.5196)	(116, 52.7686)	(117, 53.119099999999996)	(118, 53.4301)	(119, 52.7863)	(120, 53.0608)	(121, 53.508100000000006)	(122, 52.848600000000005)	(123, 53.021499999999996)	(124, 53.4671)	(125, 53.079699999999995)	(126, 53.2617)	(127, 53.655699999999996)	(128, 53.0731)	(129, 53.2288)	(130, 53.7454)	(131, 53.1259)	(132, 53.1888)	(133, 53.707499999999996)	(134, 53.2505)	(135, 53.4776)	(136, 53.775600000000004)	(137, 53.390899999999995)	(138, 53.6192)	(139, 53.8945)	(140, 53.5844)	(141, 53.748200000000004)	(142, 54.1145)	(143, 53.8266)	(144, 54.0094)	(145, 54.342800000000004)	(146, 54.0904)	(147, 54.1984)	(148, 54.540299999999995)	(149, 54.3253)	(150, 54.426300000000005)	(151, 54.6611)
reports | SRR30333754	(1, 80.4991)	(2, 56.0815)	(3, 65.52980000000001)	(4, 60.014599999999994)	(5, 53.592099999999995)	(6, 52.3922)	(7, 42.9564)	(8, 48.9062)	(9, 47.2029)	(10, 45.6958)	(11, 54.605599999999995)	(12, 53.387499999999996)	(13, 52.6831)	(14, 51.3176)	(15, 52.255399999999995)	(16, 53.3877)	(17, 52.183)	(18, 52.1715)	(19, 53.173700000000004)	(20, 51.8745)	(21, 52.499399999999994)	(22, 52.8714)	(23, 51.7743)	(24, 52.480199999999996)	(25, 53.0065)	(26, 52.0342)	(27, 52.4309)	(28, 53.02)	(29, 52.0784)	(30, 52.4354)	(31, 53.384299999999996)	(32, 51.967200000000005)	(33, 52.577600000000004)	(34, 53.3051)	(35, 52.1249)	(36, 52.5376)	(37, 53.41630000000001)	(38, 52.3214)	(39, 52.629000000000005)	(40, 53.2811)	(41, 52.237199999999994)	(42, 52.6038)	(43, 53.25450000000001)	(44, 52.3683)	(45, 52.7385)	(46, 53.47539999999999)	(47, 52.457600000000006)	(48, 52.7068)	(49, 53.5092)	(50, 52.3888)	(51, 52.98389999999999)	(52, 53.534800000000004)	(53, 52.49209999999999)	(54, 52.910500000000006)	(55, 53.416799999999995)	(56, 52.532999999999994)	(57, 52.758)	(58, 53.3867)	(59, 52.6063)	(60, 52.7925)	(61, 53.5966)	(62, 52.5404)	(63, 52.8196)	(64, 53.5094)	(65, 52.5656)	(66, 52.925)	(67, 53.50129999999999)	(68, 52.5121)	(69, 52.7969)	(70, 53.4961)	(71, 52.628699999999995)	(72, 53.0017)	(73, 53.6158)	(74, 52.684)	(75, 53.088800000000006)	(76, 53.6889)	(77, 52.769299999999994)	(78, 53.1154)	(79, 53.6563)	(80, 52.77309999999999)	(81, 53.142500000000005)	(82, 53.7392)	(83, 52.8168)	(84, 53.1495)	(85, 53.7577)	(86, 52.761199999999995)	(87, 53.136)	(88, 53.715)	(89, 52.722100000000005)	(90, 53.103100000000005)	(91, 53.6551)	(92, 52.7404)	(93, 53.0617)	(94, 53.6874)	(95, 52.721700000000006)	(96, 53.0154)	(97, 53.6404)	(98, 52.732299999999995)	(99, 53.135600000000004)	(100, 53.626)	(101, 52.8223)	(102, 52.8647)	(103, 53.5308)	(104, 52.642199999999995)	(105, 52.946000000000005)	(106, 53.366)	(107, 52.5101)	(108, 52.8249)	(109, 53.4132)	(110, 52.5101)	(111, 52.896100000000004)	(112, 53.3835)	(113, 52.5064)	(114, 52.8877)	(115, 53.2297)	(116, 52.4327)	(117, 52.772200000000005)	(118, 53.041700000000006)	(119, 52.3589)	(120, 52.60209999999999)	(121, 52.9958)	(122, 52.2758)	(123, 52.4371)	(124, 52.82940000000001)	(125, 52.312000000000005)	(126, 52.4772)	(127, 52.790499999999994)	(128, 52.131499999999996)	(129, 52.23179999999999)	(130, 52.631499999999996)	(131, 51.936899999999994)	(132, 51.93600000000001)	(133, 52.3343)	(134, 51.753899999999994)	(135, 51.8892)	(136, 52.0789)	(137, 51.577)	(138, 51.657)	(139, 51.867)	(140, 51.4078)	(141, 51.447500000000005)	(142, 51.7209)	(143, 51.2607)	(144, 51.3198)	(145, 51.519099999999995)	(146, 51.1018)	(147, 51.1131)	(148, 51.34459999999999)	(149, 50.9419)	(150, 51.0231)	(151, 51.2725)
reports | SRR30333755	(1, 80.4211)	(2, 55.47689999999999)	(3, 65.64320000000001)	(4, 60.0254)	(5, 53.649899999999995)	(6, 52.21360000000001)	(7, 42.8183)	(8, 48.923100000000005)	(9, 47.2735)	(10, 45.5509)	(11, 54.7419)	(12, 53.4914)	(13, 52.6087)	(14, 51.1985)	(15, 52.0452)	(16, 53.2677)	(17, 52.0386)	(18, 51.9964)	(19, 53.0276)	(20, 51.6855)	(21, 52.395)	(22, 52.6412)	(23, 51.5529)	(24, 52.30669999999999)	(25, 52.7912)	(26, 51.88700000000001)	(27, 52.2413)	(28, 52.7875)	(29, 51.904799999999994)	(30, 52.2127)	(31, 53.1929)	(32, 51.714400000000005)	(33, 52.4075)	(34, 53.0822)	(35, 51.828799999999994)	(36, 52.4849)	(37, 53.2369)	(38, 52.137100000000004)	(39, 52.337900000000005)	(40, 53.271100000000004)	(41, 52.225699999999996)	(42, 52.3247)	(43, 52.9366)	(44, 52.1456)	(45, 52.4772)	(46, 53.180499999999995)	(47, 52.2575)	(48, 52.6142)	(49, 53.3698)	(50, 52.249)	(51, 52.7548)	(52, 53.2841)	(53, 52.23910000000001)	(54, 52.7008)	(55, 53.195800000000006)	(56, 52.245200000000004)	(57, 52.512)	(58, 53.1062)	(59, 52.3118)	(60, 52.5775)	(61, 53.34759999999999)	(62, 52.3007)	(63, 52.5942)	(64, 53.251099999999994)	(65, 52.346000000000004)	(66, 52.833200000000005)	(67, 53.30819999999999)	(68, 52.337500000000006)	(69, 52.6417)	(70, 53.34989999999999)	(71, 52.4689)	(72, 52.820299999999996)	(73, 53.4502)	(74, 52.5721)	(75, 52.9488)	(76, 53.547)	(77, 52.6116)	(78, 52.9771)	(79, 53.4983)	(80, 52.6528)	(81, 52.9694)	(82, 53.5689)	(83, 52.704499999999996)	(84, 53.0108)	(85, 53.6255)	(86, 52.6639)	(87, 52.9972)	(88, 53.5486)	(89, 52.580099999999995)	(90, 53.018)	(91, 53.5175)	(92, 52.659299999999995)	(93, 52.9521)	(94, 53.5828)	(95, 52.665099999999995)	(96, 52.9114)	(97, 53.5395)	(98, 52.698100000000004)	(99, 53.0945)	(100, 53.5668)	(101, 52.821600000000004)	(102, 52.837199999999996)	(103, 53.4839)	(104, 52.6534)	(105, 53.0276)	(106, 53.3868)	(107, 52.5876)	(108, 52.90390000000001)	(109, 53.5054)	(110, 52.6452)	(111, 53.0634)	(112, 53.52440000000001)	(113, 52.7661)	(114, 53.126200000000004)	(115, 53.4667)	(116, 52.761)	(117, 53.120599999999996)	(118, 53.3834)	(119, 52.83520000000001)	(120, 53.1063)	(121, 53.52479999999999)	(122, 52.9406)	(123, 53.1207)	(124, 53.537800000000004)	(125, 53.190599999999996)	(126, 53.400000000000006)	(127, 53.812099999999994)	(128, 53.26689999999999)	(129, 53.434599999999996)	(130, 53.9269)	(131, 53.3698)	(132, 53.4952)	(133, 53.947100000000006)	(134, 53.5608)	(135, 53.7952)	(136, 54.099)	(137, 53.780499999999996)	(138, 53.9802)	(139, 54.252)	(140, 53.982600000000005)	(141, 54.1494)	(142, 54.4955)	(143, 54.252199999999995)	(144, 54.416)	(145, 54.7261)	(146, 54.4622)	(147, 54.5921)	(148, 54.8975)	(149, 54.675700000000006)	(150, 54.793400000000005)	(151, 54.9949)
reports | SRR30333756	(1, 79.3273)	(2, 56.125499999999995)	(3, 65.47070000000001)	(4, 59.984)	(5, 53.3463)	(6, 52.0664)	(7, 42.6684)	(8, 48.2539)	(9, 46.4242)	(10, 45.2438)	(11, 53.5438)	(12, 52.431000000000004)	(13, 51.98779999999999)	(14, 50.608399999999996)	(15, 51.593)	(16, 52.5925)	(17, 51.456100000000006)	(18, 51.596)	(19, 52.438399999999994)	(20, 51.314499999999995)	(21, 51.7556)	(22, 52.292)	(23, 51.229499999999994)	(24, 51.733200000000004)	(25, 52.400999999999996)	(26, 51.29240000000001)	(27, 51.703500000000005)	(28, 52.4371)	(29, 51.40050000000001)	(30, 51.8535)	(31, 52.628600000000006)	(32, 51.4298)	(33, 51.8231)	(34, 52.559)	(35, 51.575700000000005)	(36, 51.900400000000005)	(37, 52.6556)	(38, 51.5799)	(39, 52.048)	(40, 52.690400000000004)	(41, 51.7022)	(42, 52.0178)	(43, 52.65109999999999)	(44, 51.6932)	(45, 52.170899999999996)	(46, 52.8429)	(47, 51.7781)	(48, 52.11409999999999)	(49, 52.896)	(50, 51.8545)	(51, 52.2373)	(52, 52.8061)	(53, 51.80630000000001)	(54, 52.1864)	(55, 52.812000000000005)	(56, 51.8507)	(57, 52.162)	(58, 52.7878)	(59, 51.918299999999995)	(60, 52.203599999999994)	(61, 52.863499999999995)	(62, 51.891799999999996)	(63, 52.252900000000004)	(64, 52.91780000000001)	(65, 51.915800000000004)	(66, 52.30479999999999)	(67, 52.9046)	(68, 51.9237)	(69, 52.205)	(70, 52.8762)	(71, 51.9694)	(72, 52.2965)	(73, 52.920500000000004)	(74, 52.0308)	(75, 52.394600000000004)	(76, 52.9787)	(77, 52.079299999999996)	(78, 52.432100000000005)	(79, 52.970600000000005)	(80, 52.1153)	(81, 52.4162)	(82, 53.075399999999995)	(83, 52.1971)	(84, 52.492799999999995)	(85, 53.1516)	(86, 52.146)	(87, 52.457699999999996)	(88, 53.076100000000004)	(89, 52.1066)	(90, 52.491699999999994)	(91, 52.999300000000005)	(92, 52.1577)	(93, 52.4313)	(94, 53.115100000000005)	(95, 52.15539999999999)	(96, 52.4162)	(97, 53.0736)	(98, 52.1873)	(99, 52.5836)	(100, 53.109700000000004)	(101, 52.303900000000006)	(102, 52.3192)	(103, 53.0324)	(104, 52.1014)	(105, 52.424800000000005)	(106, 52.880700000000004)	(107, 52.008900000000004)	(108, 52.3412)	(109, 52.9511)	(110, 52.0398)	(111, 52.4034)	(112, 52.995099999999994)	(113, 52.04299999999999)	(114, 52.44370000000001)	(115, 52.877300000000005)	(116, 51.9794)	(117, 52.355700000000006)	(118, 52.703199999999995)	(119, 51.9613)	(120, 52.1953)	(121, 52.6691)	(122, 51.879799999999996)	(123, 52.064)	(124, 52.519400000000005)	(125, 51.9578)	(126, 52.1355)	(127, 52.548300000000005)	(128, 51.7934)	(129, 51.932500000000005)	(130, 52.4375)	(131, 51.6236)	(132, 51.659)	(133, 52.12369999999999)	(134, 51.496900000000004)	(135, 51.65149999999999)	(136, 51.897000000000006)	(137, 51.3039)	(138, 51.4535)	(139, 51.69089999999999)	(140, 51.1757)	(141, 51.2269)	(142, 51.5535)	(143, 51.0182)	(144, 51.068599999999996)	(145, 51.3431)	(146, 50.8362)	(147, 50.8555)	(148, 51.092400000000005)	(149, 50.6193)	(150, 50.668)	(151, 50.875099999999996)
reports | SRR30333757	(1, 81.39189999999999)	(2, 48.6709)	(3, 62.05310000000001)	(4, 53.32639999999999)	(5, 47.9331)	(6, 45.703500000000005)	(7, 38.4504)	(8, 46.6196)	(9, 44.474000000000004)	(10, 41.5332)	(11, 53.4444)	(12, 52.1613)	(13, 50.7042)	(14, 47.5927)	(15, 48.7743)	(16, 49.7174)	(17, 48.6968)	(18, 48.8484)	(19, 49.6122)	(20, 48.5907)	(21, 48.9249)	(22, 49.303399999999996)	(23, 48.1695)	(24, 48.6207)	(25, 49.3339)	(26, 48.2866)	(27, 48.735299999999995)	(28, 49.3958)	(29, 48.430499999999995)	(30, 48.9067)	(31, 49.5471)	(32, 48.2567)	(33, 48.8711)	(34, 49.4321)	(35, 48.540299999999995)	(36, 49.0907)	(37, 49.6524)	(38, 48.620999999999995)	(39, 48.955)	(40, 49.546099999999996)	(41, 48.7866)	(42, 48.9838)	(43, 49.595800000000004)	(44, 48.576)	(45, 49.0968)	(46, 49.7059)	(47, 48.5675)	(48, 49.0235)	(49, 49.764199999999995)	(50, 48.7147)	(51, 49.1012)	(52, 49.675399999999996)	(53, 48.653600000000004)	(54, 49.0043)	(55, 49.551)	(56, 48.5968)	(57, 49.1286)	(58, 49.5998)	(59, 48.7757)	(60, 49.039100000000005)	(61, 49.7141)	(62, 48.5971)	(63, 49.0554)	(64, 49.710100000000004)	(65, 48.6624)	(66, 49.129)	(67, 49.7069)	(68, 48.686299999999996)	(69, 49.0689)	(70, 49.6143)	(71, 48.765)	(72, 49.133700000000005)	(73, 49.8056)	(74, 48.7937)	(75, 49.1723)	(76, 49.6931)	(77, 48.8172)	(78, 49.2315)	(79, 49.672)	(80, 48.8523)	(81, 49.1617)	(82, 49.750499999999995)	(83, 48.9219)	(84, 49.288199999999996)	(85, 49.8301)	(86, 48.847699999999996)	(87, 49.1746)	(88, 49.792199999999994)	(89, 48.777300000000004)	(90, 49.254799999999996)	(91, 49.7459)	(92, 48.883700000000005)	(93, 49.2375)	(94, 49.82)	(95, 48.9269)	(96, 49.2836)	(97, 49.9485)	(98, 49.0375)	(99, 49.4521)	(100, 49.9159)	(101, 49.1803)	(102, 49.3219)	(103, 49.8753)	(104, 48.999900000000004)	(105, 49.4176)	(106, 49.9144)	(107, 48.9591)	(108, 49.379)	(109, 49.9427)	(110, 49.0635)	(111, 49.5556)	(112, 50.148199999999996)	(113, 49.1479)	(114, 49.5834)	(115, 50.0389)	(116, 49.167)	(117, 49.6282)	(118, 50.122699999999995)	(119, 49.2943)	(120, 49.5952)	(121, 50.1507)	(122, 49.3862)	(123, 49.804700000000004)	(124, 50.2679)	(125, 49.5708)	(126, 49.8945)	(127, 50.375)	(128, 49.6202)	(129, 49.9538)	(130, 50.4341)	(131, 49.6514)	(132, 49.9052)	(133, 50.453)	(134, 49.7427)	(135, 50.0624)	(136, 50.470499999999994)	(137, 49.8543)	(138, 50.04880000000001)	(139, 50.577600000000004)	(140, 49.9615)	(141, 50.2353)	(142, 50.62140000000001)	(143, 50.0552)	(144, 50.293)	(145, 50.6143)	(146, 50.15880000000001)	(147, 50.3335)	(148, 50.7034)	(149, 50.1958)	(150, 50.42569999999999)	(151, 50.82640000000001)
reports | SRR30333758	(1, 82.2593)	(2, 48.7678)	(3, 62.695100000000004)	(4, 54.9388)	(5, 48.755900000000004)	(6, 46.354)	(7, 38.1959)	(8, 46.102900000000005)	(9, 44.6956)	(10, 41.7981)	(11, 52.5548)	(12, 51.0076)	(13, 49.937599999999996)	(14, 47.8786)	(15, 49.2113)	(16, 50.266)	(17, 49.2571)	(18, 49.4945)	(19, 50.242799999999995)	(20, 48.9929)	(21, 49.3713)	(22, 49.7265)	(23, 48.5243)	(24, 49.1545)	(25, 49.871500000000005)	(26, 48.741099999999996)	(27, 49.2798)	(28, 49.9105)	(29, 48.7899)	(30, 49.3673)	(31, 50.01520000000001)	(32, 48.5913)	(33, 49.317699999999995)	(34, 49.9144)	(35, 48.9103)	(36, 49.5852)	(37, 50.105999999999995)	(38, 48.9685)	(39, 49.3793)	(40, 49.918099999999995)	(41, 49.0937)	(42, 49.363800000000005)	(43, 49.9683)	(44, 48.8857)	(45, 49.5278)	(46, 50.0984)	(47, 48.8474)	(48, 49.3762)	(49, 50.131099999999996)	(50, 48.977)	(51, 49.434)	(52, 50.0562)	(53, 48.9469)	(54, 49.3721)	(55, 49.885400000000004)	(56, 48.876799999999996)	(57, 49.477399999999996)	(58, 49.971700000000006)	(59, 49.0099)	(60, 49.4066)	(61, 50.0715)	(62, 48.8188)	(63, 49.3701)	(64, 50.0386)	(65, 48.922)	(66, 49.51)	(67, 50.0283)	(68, 48.8925)	(69, 49.371700000000004)	(70, 49.9312)	(71, 48.9344)	(72, 49.4253)	(73, 50.153499999999994)	(74, 49.0425)	(75, 49.496)	(76, 49.9885)	(77, 49.0497)	(78, 49.5471)	(79, 49.9484)	(80, 49.075)	(81, 49.477199999999996)	(82, 50.073100000000004)	(83, 49.1342)	(84, 49.5894)	(85, 50.124199999999995)	(86, 49.0648)	(87, 49.4627)	(88, 50.105999999999995)	(89, 48.9878)	(90, 49.5544)	(91, 50.0279)	(92, 49.050399999999996)	(93, 49.5078)	(94, 50.0618)	(95, 49.092999999999996)	(96, 49.5413)	(97, 50.236599999999996)	(98, 49.2251)	(99, 49.7722)	(100, 50.222)	(101, 49.41)	(102, 49.6086)	(103, 50.1687)	(104, 49.2054)	(105, 49.7088)	(106, 50.180499999999995)	(107, 49.0995)	(108, 49.6323)	(109, 50.211600000000004)	(110, 49.1769)	(111, 49.812)	(112, 50.4202)	(113, 49.323299999999996)	(114, 49.8512)	(115, 50.2919)	(116, 49.3349)	(117, 49.8765)	(118, 50.35190000000001)	(119, 49.4598)	(120, 49.805)	(121, 50.3501)	(122, 49.4832)	(123, 49.992)	(124, 50.456599999999995)	(125, 49.683)	(126, 50.065000000000005)	(127, 50.5282)	(128, 49.6853)	(129, 50.082899999999995)	(130, 50.5482)	(131, 49.6934)	(132, 49.9692)	(133, 50.5618)	(134, 49.736399999999996)	(135, 50.116499999999995)	(136, 50.504099999999994)	(137, 49.8544)	(138, 50.0855)	(139, 50.6231)	(140, 49.9073)	(141, 50.2363)	(142, 50.59669999999999)	(143, 49.986399999999996)	(144, 50.271699999999996)	(145, 50.6077)	(146, 50.0544)	(147, 50.2833)	(148, 50.7011)	(149, 50.1173)	(150, 50.370599999999996)	(151, 50.7857)
reports | SRR30333759	(1, 81.3819)	(2, 47.5548)	(3, 61.6009)	(4, 53.2577)	(5, 47.264)	(6, 44.9355)	(7, 37.8316)	(8, 45.9059)	(9, 43.789699999999996)	(10, 41.0101)	(11, 52.8531)	(12, 51.513799999999996)	(13, 50.120200000000004)	(14, 46.999)	(15, 48.1431)	(16, 49.172)	(17, 48.1565)	(18, 48.2984)	(19, 49.1409)	(20, 48.0534)	(21, 48.3588)	(22, 48.7539)	(23, 47.608200000000004)	(24, 48.019800000000004)	(25, 48.7964)	(26, 47.7226)	(27, 48.2052)	(28, 48.8746)	(29, 47.8586)	(30, 48.3598)	(31, 49.046299999999995)	(32, 47.6734)	(33, 48.3603)	(34, 48.8882)	(35, 48.004000000000005)	(36, 48.5365)	(37, 49.1329)	(38, 48.0699)	(39, 48.3834)	(40, 48.986000000000004)	(41, 48.2624)	(42, 48.4211)	(43, 49.0556)	(44, 48.0261)	(45, 48.5659)	(46, 49.1596)	(47, 47.9885)	(48, 48.4615)	(49, 49.2505)	(50, 48.1541)	(51, 48.5344)	(52, 49.1795)	(53, 48.112300000000005)	(54, 48.4349)	(55, 49.003600000000006)	(56, 48.0501)	(57, 48.6032)	(58, 49.115700000000004)	(59, 48.2305)	(60, 48.5045)	(61, 49.2068)	(62, 48.051300000000005)	(63, 48.5109)	(64, 49.1972)	(65, 48.1245)	(66, 48.5964)	(67, 49.167300000000004)	(68, 48.140100000000004)	(69, 48.5289)	(70, 49.101800000000004)	(71, 48.1997)	(72, 48.6117)	(73, 49.3136)	(74, 48.2771)	(75, 48.6236)	(76, 49.1589)	(77, 48.2983)	(78, 48.714200000000005)	(79, 49.141400000000004)	(80, 48.339999999999996)	(81, 48.6049)	(82, 49.2427)	(83, 48.419000000000004)	(84, 48.7722)	(85, 49.3254)	(86, 48.2915)	(87, 48.6076)	(88, 49.272)	(89, 48.2367)	(90, 48.726)	(91, 49.2397)	(92, 48.3433)	(93, 48.7122)	(94, 49.305)	(95, 48.3881)	(96, 48.7145)	(97, 49.4563)	(98, 48.5061)	(99, 48.9734)	(100, 49.4086)	(101, 48.6834)	(102, 48.799)	(103, 49.3662)	(104, 48.4563)	(105, 48.9163)	(106, 49.4518)	(107, 48.4302)	(108, 48.855900000000005)	(109, 49.458999999999996)	(110, 48.5419)	(111, 49.0479)	(112, 49.6972)	(113, 48.6746)	(114, 49.068)	(115, 49.5502)	(116, 48.6378)	(117, 49.134699999999995)	(118, 49.6614)	(119, 48.8072)	(120, 49.1173)	(121, 49.6812)	(122, 48.899300000000004)	(123, 49.336)	(124, 49.8307)	(125, 49.095499999999994)	(126, 49.4133)	(127, 49.9147)	(128, 49.1709)	(129, 49.4811)	(130, 49.9563)	(131, 49.1928)	(132, 49.445299999999996)	(133, 50.0375)	(134, 49.2998)	(135, 49.5782)	(136, 50.0399)	(137, 49.3913)	(138, 49.6017)	(139, 50.1485)	(140, 49.5135)	(141, 49.8027)	(142, 50.210699999999996)	(143, 49.6399)	(144, 49.8786)	(145, 50.198600000000006)	(146, 49.773)	(147, 49.926500000000004)	(148, 50.3443)	(149, 49.8424)	(150, 50.0639)	(151, 50.548700000000004)
reports | SRR30333760	(1, 81.0524)	(2, 48.6373)	(3, 62.3534)	(4, 53.8096)	(5, 48.0155)	(6, 45.7611)	(7, 38.5539)	(8, 46.4955)	(9, 44.3589)	(10, 41.5139)	(11, 53.35530000000001)	(12, 52.1382)	(13, 50.79559999999999)	(14, 47.6562)	(15, 48.832)	(16, 49.788700000000006)	(17, 48.7467)	(18, 48.8961)	(19, 49.688300000000005)	(20, 48.6247)	(21, 48.9936)	(22, 49.3885)	(23, 48.187200000000004)	(24, 48.659400000000005)	(25, 49.3711)	(26, 48.3333)	(27, 48.8022)	(28, 49.443799999999996)	(29, 48.4571)	(30, 48.9595)	(31, 49.6323)	(32, 48.303000000000004)	(33, 48.8879)	(34, 49.4625)	(35, 48.5836)	(36, 49.1408)	(37, 49.6769)	(38, 48.6582)	(39, 48.985800000000005)	(40, 49.5782)	(41, 48.788599999999995)	(42, 49.0102)	(43, 49.6392)	(44, 48.608000000000004)	(45, 49.1313)	(46, 49.7198)	(47, 48.586600000000004)	(48, 49.0313)	(49, 49.806)	(50, 48.7387)	(51, 49.1276)	(52, 49.7282)	(53, 48.7059)	(54, 49.0341)	(55, 49.574200000000005)	(56, 48.638799999999996)	(57, 49.167300000000004)	(58, 49.6477)	(59, 48.8036)	(60, 49.078300000000006)	(61, 49.764)	(62, 48.6321)	(63, 49.0886)	(64, 49.7534)	(65, 48.7203)	(66, 49.1756)	(67, 49.7354)	(68, 48.7033)	(69, 49.101800000000004)	(70, 49.6498)	(71, 48.796099999999996)	(72, 49.1627)	(73, 49.8547)	(74, 48.8289)	(75, 49.208)	(76, 49.7249)	(77, 48.8635)	(78, 49.270199999999996)	(79, 49.7373)	(80, 48.912299999999995)	(81, 49.1896)	(82, 49.8339)	(83, 48.9709)	(84, 49.3438)	(85, 49.8823)	(86, 48.8681)	(87, 49.2121)	(88, 49.8197)	(89, 48.8377)	(90, 49.2787)	(91, 49.813)	(92, 48.9007)	(93, 49.247800000000005)	(94, 49.8635)	(95, 48.9675)	(96, 49.3148)	(97, 50.00639999999999)	(98, 49.0648)	(99, 49.4938)	(100, 49.9426)	(101, 49.2167)	(102, 49.349199999999996)	(103, 49.910700000000006)	(104, 49.021100000000004)	(105, 49.465900000000005)	(106, 49.938700000000004)	(107, 48.9796)	(108, 49.3885)	(109, 49.9734)	(110, 49.071)	(111, 49.575)	(112, 50.1628)	(113, 49.1696)	(114, 49.5753)	(115, 50.04690000000001)	(116, 49.1529)	(117, 49.6368)	(118, 50.1302)	(119, 49.2878)	(120, 49.5875)	(121, 50.171200000000006)	(122, 49.3581)	(123, 49.807)	(124, 50.2824)	(125, 49.5414)	(126, 49.8865)	(127, 50.346199999999996)	(128, 49.605199999999996)	(129, 49.9501)	(130, 50.4096)	(131, 49.662299999999995)	(132, 49.863800000000005)	(133, 50.4385)	(134, 49.721900000000005)	(135, 50.037)	(136, 50.4406)	(137, 49.8377)	(138, 50.036)	(139, 50.5557)	(140, 49.9319)	(141, 50.1975)	(142, 50.5758)	(143, 50.0259)	(144, 50.2703)	(145, 50.588100000000004)	(146, 50.1269)	(147, 50.308699999999995)	(148, 50.67)	(149, 50.1739)	(150, 50.3946)	(151, 50.7777)
reports | SRR30333761	(1, 79.31200000000001)	(2, 50.7833)	(3, 62.198100000000004)	(4, 54.161300000000004)	(5, 48.369800000000005)	(6, 46.240500000000004)	(7, 38.7663)	(8, 47.1259)	(9, 44.9657)	(10, 41.658699999999996)	(11, 53.9051)	(12, 52.521499999999996)	(13, 50.9357)	(14, 47.9298)	(15, 48.946)	(16, 49.8006)	(17, 48.8456)	(18, 48.896)	(19, 49.6477)	(20, 48.8298)	(21, 49.1159)	(22, 49.3968)	(23, 48.464400000000005)	(24, 48.7889)	(25, 49.4493)	(26, 48.6325)	(27, 48.9297)	(28, 49.487700000000004)	(29, 48.6984)	(30, 49.096000000000004)	(31, 49.6409)	(32, 48.484899999999996)	(33, 49.058)	(34, 49.452600000000004)	(35, 48.7774)	(36, 49.265100000000004)	(37, 49.668800000000005)	(38, 48.856500000000004)	(39, 49.1)	(40, 49.5954)	(41, 49.0764)	(42, 49.153400000000005)	(43, 49.6616)	(44, 48.849599999999995)	(45, 49.2682)	(46, 49.8003)	(47, 48.8254)	(48, 49.179899999999996)	(49, 49.832100000000004)	(50, 48.951699999999995)	(51, 49.269400000000005)	(52, 49.7869)	(53, 48.9155)	(54, 49.1605)	(55, 49.608000000000004)	(56, 48.8815)	(57, 49.2931)	(58, 49.7282)	(59, 49.0592)	(60, 49.262699999999995)	(61, 49.8071)	(62, 48.8665)	(63, 49.2327)	(64, 49.8208)	(65, 48.9545)	(66, 49.298500000000004)	(67, 49.797000000000004)	(68, 48.9616)	(69, 49.2324)	(70, 49.7123)	(71, 49.0283)	(72, 49.378699999999995)	(73, 49.9235)	(74, 49.0928)	(75, 49.3718)	(76, 49.8142)	(77, 49.0885)	(78, 49.425000000000004)	(79, 49.808099999999996)	(80, 49.1502)	(81, 49.3606)	(82, 49.8985)	(83, 49.2226)	(84, 49.528299999999994)	(85, 49.9782)	(86, 49.135400000000004)	(87, 49.3834)	(88, 49.922)	(89, 49.0682)	(90, 49.489)	(91, 49.8687)	(92, 49.155100000000004)	(93, 49.4593)	(94, 49.9384)	(95, 49.2065)	(96, 49.4717)	(97, 50.1039)	(98, 49.3324)	(99, 49.68)	(100, 50.0639)	(101, 49.4668)	(102, 49.544700000000006)	(103, 50.0196)	(104, 49.3016)	(105, 49.6305)	(106, 50.0812)	(107, 49.2421)	(108, 49.586200000000005)	(109, 50.071299999999994)	(110, 49.3354)	(111, 49.7858)	(112, 50.2821)	(113, 49.4518)	(114, 49.8121)	(115, 50.1579)	(116, 49.4237)	(117, 49.835)	(118, 50.253099999999996)	(119, 49.5692)	(120, 49.8138)	(121, 50.303399999999996)	(122, 49.6538)	(123, 50.0302)	(124, 50.390100000000004)	(125, 49.84)	(126, 50.0962)	(127, 50.4741)	(128, 49.894800000000004)	(129, 50.1426)	(130, 50.5479)	(131, 49.9195)	(132, 50.1015)	(133, 50.5892)	(134, 50.0038)	(135, 50.2325)	(136, 50.5876)	(137, 50.073100000000004)	(138, 50.247)	(139, 50.6955)	(140, 50.18749999999999)	(141, 50.405100000000004)	(142, 50.726499999999994)	(143, 50.2923)	(144, 50.4538)	(145, 50.7428)	(146, 50.388999999999996)	(147, 50.4948)	(148, 50.8189)	(149, 50.451)	(150, 50.6153)	(151, 50.9533)
reports | SRR30333762	(1, 80.5671)	(2, 48.7942)	(3, 62.0145)	(4, 53.742599999999996)	(5, 47.8742)	(6, 45.685199999999995)	(7, 38.4036)	(8, 46.4561)	(9, 44.3272)	(10, 41.3991)	(11, 53.3268)	(12, 52.0703)	(13, 50.6348)	(14, 47.5285)	(15, 48.695)	(16, 49.605700000000006)	(17, 48.5764)	(18, 48.7046)	(19, 49.493500000000004)	(20, 48.5102)	(21, 48.8187)	(22, 49.1856)	(23, 48.0674)	(24, 48.491099999999996)	(25, 49.2248)	(26, 48.194199999999995)	(27, 48.652699999999996)	(28, 49.2562)	(29, 48.3087)	(30, 48.7856)	(31, 49.4156)	(32, 48.1225)	(33, 48.7651)	(34, 49.2844)	(35, 48.438900000000004)	(36, 48.953799999999994)	(37, 49.505900000000004)	(38, 48.506)	(39, 48.802099999999996)	(40, 49.371700000000004)	(41, 48.666399999999996)	(42, 48.8648)	(43, 49.4646)	(44, 48.471599999999995)	(45, 48.9682)	(46, 49.564099999999996)	(47, 48.428)	(48, 48.8848)	(49, 49.6324)	(50, 48.6206)	(51, 48.9698)	(52, 49.561699999999995)	(53, 48.568099999999994)	(54, 48.877500000000005)	(55, 49.3874)	(56, 48.4724)	(57, 49.0363)	(58, 49.486200000000004)	(59, 48.6867)	(60, 48.919000000000004)	(61, 49.5933)	(62, 48.4777)	(63, 48.9313)	(64, 49.5975)	(65, 48.5676)	(66, 49.0351)	(67, 49.5628)	(68, 48.591699999999996)	(69, 48.9487)	(70, 49.4854)	(71, 48.645300000000006)	(72, 49.0465)	(73, 49.7078)	(74, 48.7188)	(75, 49.0674)	(76, 49.5697)	(77, 48.7387)	(78, 49.1423)	(79, 49.5509)	(80, 48.788199999999996)	(81, 49.0583)	(82, 49.6596)	(83, 48.8665)	(84, 49.1982)	(85, 49.7312)	(86, 48.7444)	(87, 49.0483)	(88, 49.6791)	(89, 48.6809)	(90, 49.165)	(91, 49.641600000000004)	(92, 48.790800000000004)	(93, 49.1397)	(94, 49.7055)	(95, 48.838300000000004)	(96, 49.194500000000005)	(97, 49.8836)	(98, 48.9633)	(99, 49.3929)	(100, 49.8141)	(101, 49.1384)	(102, 49.246)	(103, 49.7915)	(104, 48.938199999999995)	(105, 49.3711)	(106, 49.8466)	(107, 48.9193)	(108, 49.3061)	(109, 49.845)	(110, 48.9886)	(111, 49.4944)	(112, 50.1244)	(113, 49.1242)	(114, 49.5138)	(115, 49.9795)	(116, 49.1385)	(117, 49.5628)	(118, 50.062799999999996)	(119, 49.2628)	(120, 49.5615)	(121, 50.1158)	(122, 49.3806)	(123, 49.8092)	(124, 50.280199999999994)	(125, 49.588100000000004)	(126, 49.8771)	(127, 50.338499999999996)	(128, 49.6573)	(129, 49.9862)	(130, 50.431099999999994)	(131, 49.7044)	(132, 49.9499)	(133, 50.4795)	(134, 49.7918)	(135, 50.1015)	(136, 50.486799999999995)	(137, 49.9224)	(138, 50.0854)	(139, 50.6393)	(140, 50.0326)	(141, 50.285999999999994)	(142, 50.672200000000004)	(143, 50.1233)	(144, 50.366200000000006)	(145, 50.68)	(146, 50.24720000000001)	(147, 50.4261)	(148, 50.759)	(149, 50.304700000000004)	(150, 50.5005)	(151, 50.9616)
reports | SRR30333763	(1, 80.21740000000001)	(2, 50.132200000000005)	(3, 61.8387)	(4, 53.583000000000006)	(5, 48.0651)	(6, 45.8025)	(7, 38.5978)	(8, 46.9653)	(9, 44.8207)	(10, 41.558)	(11, 53.662)	(12, 52.2925)	(13, 50.727999999999994)	(14, 47.7005)	(15, 48.811)	(16, 49.681599999999996)	(17, 48.6891)	(18, 48.7948)	(19, 49.5589)	(20, 48.6477)	(21, 48.934)	(22, 49.2689)	(23, 48.289500000000004)	(24, 48.644)	(25, 49.3057)	(26, 48.408)	(27, 48.769)	(28, 49.3348)	(29, 48.5073)	(30, 48.9364)	(31, 49.5025)	(32, 48.310199999999995)	(33, 48.8933)	(34, 49.370799999999996)	(35, 48.606)	(36, 49.1047)	(37, 49.5888)	(38, 48.6586)	(39, 48.96)	(40, 49.4876)	(41, 48.88)	(42, 49.0053)	(43, 49.5649)	(44, 48.6903)	(45, 49.109199999999994)	(46, 49.6638)	(47, 48.6274)	(48, 49.030699999999996)	(49, 49.7209)	(50, 48.7973)	(51, 49.0971)	(52, 49.649300000000004)	(53, 48.7401)	(54, 49.021100000000004)	(55, 49.5015)	(56, 48.692)	(57, 49.1738)	(58, 49.6042)	(59, 48.8603)	(60, 49.0916)	(61, 49.6798)	(62, 48.6598)	(63, 49.0808)	(64, 49.6862)	(65, 48.78)	(66, 49.1736)	(67, 49.6786)	(68, 48.767700000000005)	(69, 49.1182)	(70, 49.592000000000006)	(71, 48.8319)	(72, 49.1977)	(73, 49.7947)	(74, 48.9047)	(75, 49.199)	(76, 49.6813)	(77, 48.9313)	(78, 49.2719)	(79, 49.6554)	(80, 48.9415)	(81, 49.195699999999995)	(82, 49.7431)	(83, 49.0563)	(84, 49.3425)	(85, 49.8307)	(86, 48.9411)	(87, 49.2129)	(88, 49.7743)	(89, 48.8608)	(90, 49.296099999999996)	(91, 49.7519)	(92, 48.996)	(93, 49.2806)	(94, 49.783500000000004)	(95, 49.0342)	(96, 49.3099)	(97, 49.9398)	(98, 49.1378)	(99, 49.507400000000004)	(100, 49.9081)	(101, 49.3053)	(102, 49.3885)	(103, 49.8681)	(104, 49.086600000000004)	(105, 49.4865)	(106, 49.9439)	(107, 49.0617)	(108, 49.427)	(109, 49.9598)	(110, 49.1699)	(111, 49.634)	(112, 50.1633)	(113, 49.3108)	(114, 49.644800000000004)	(115, 50.0659)	(116, 49.2922)	(117, 49.6898)	(118, 50.1255)	(119, 49.4138)	(120, 49.6785)	(121, 50.192499999999995)	(122, 49.4973)	(123, 49.893)	(124, 50.2954)	(125, 49.6922)	(126, 49.9754)	(127, 50.3795)	(128, 49.7472)	(129, 50.0264)	(130, 50.4432)	(131, 49.7583)	(132, 49.961800000000004)	(133, 50.446000000000005)	(134, 49.8603)	(135, 50.1105)	(136, 50.4497)	(137, 49.9572)	(138, 50.1166)	(139, 50.5678)	(140, 50.0494)	(141, 50.2665)	(142, 50.5898)	(143, 50.10210000000001)	(144, 50.2989)	(145, 50.566)	(146, 50.199400000000004)	(147, 50.377700000000004)	(148, 50.6432)	(149, 50.2623)	(150, 50.4438)	(151, 50.7791)
reports | SRR30333764	(1, 79.2515)	(2, 50.6936)	(3, 61.9255)	(4, 53.7163)	(5, 48.127900000000004)	(6, 45.8569)	(7, 38.6054)	(8, 47.2125)	(9, 45.001799999999996)	(10, 41.5673)	(11, 53.917)	(12, 52.424400000000006)	(13, 50.7354)	(14, 47.795300000000005)	(15, 48.8654)	(16, 49.7004)	(17, 48.7717)	(18, 48.8324)	(19, 49.5588)	(20, 48.754799999999996)	(21, 49.0421)	(22, 49.2925)	(23, 48.4223)	(24, 48.753800000000005)	(25, 49.3816)	(26, 48.586)	(27, 48.875)	(28, 49.3925)	(29, 48.6667)	(30, 49.046800000000005)	(31, 49.5592)	(32, 48.452400000000004)	(33, 48.9897)	(34, 49.3625)	(35, 48.7484)	(36, 49.2009)	(37, 49.6676)	(38, 48.8274)	(39, 49.0663)	(40, 49.5456)	(41, 49.039500000000004)	(42, 49.0963)	(43, 49.6154)	(44, 48.861900000000006)	(45, 49.2055)	(46, 49.7568)	(47, 48.803000000000004)	(48, 49.1738)	(49, 49.7917)	(50, 48.9238)	(51, 49.2149)	(52, 49.7143)	(53, 48.888)	(54, 49.144)	(55, 49.561699999999995)	(56, 48.8645)	(57, 49.2504)	(58, 49.6584)	(59, 49.0522)	(60, 49.201899999999995)	(61, 49.7596)	(62, 48.8367)	(63, 49.2065)	(64, 49.736999999999995)	(65, 48.9159)	(66, 49.2659)	(67, 49.7228)	(68, 48.92)	(69, 49.1942)	(70, 49.6569)	(71, 48.9974)	(72, 49.317699999999995)	(73, 49.8793)	(74, 49.069)	(75, 49.308800000000005)	(76, 49.761300000000006)	(77, 49.0686)	(78, 49.3902)	(79, 49.7585)	(80, 49.1517)	(81, 49.3289)	(82, 49.8257)	(83, 49.1937)	(84, 49.4622)	(85, 49.9096)	(86, 49.1181)	(87, 49.3276)	(88, 49.8596)	(89, 49.033100000000005)	(90, 49.4351)	(91, 49.7801)	(92, 49.14)	(93, 49.4012)	(94, 49.867)	(95, 49.195)	(96, 49.411699999999996)	(97, 50.041000000000004)	(98, 49.2914)	(99, 49.628)	(100, 50.013600000000004)	(101, 49.43)	(102, 49.4641)	(103, 49.9408)	(104, 49.2232)	(105, 49.5912)	(106, 49.9897)	(107, 49.1841)	(108, 49.5299)	(109, 50.0205)	(110, 49.3014)	(111, 49.7098)	(112, 50.1899)	(113, 49.416)	(114, 49.7046)	(115, 50.106700000000004)	(116, 49.3743)	(117, 49.7552)	(118, 50.1807)	(119, 49.498)	(120, 49.7235)	(121, 50.2162)	(122, 49.5886)	(123, 49.9605)	(124, 50.323499999999996)	(125, 49.7754)	(126, 50.0187)	(127, 50.4198)	(128, 49.8162)	(129, 50.0481)	(130, 50.482499999999995)	(131, 49.8367)	(132, 50.015699999999995)	(133, 50.49439999999999)	(134, 49.9374)	(135, 50.1776)	(136, 50.5201)	(137, 50.0486)	(138, 50.1648)	(139, 50.6437)	(140, 50.1526)	(141, 50.356100000000005)	(142, 50.6799)	(143, 50.2285)	(144, 50.415200000000006)	(145, 50.6973)	(146, 50.3471)	(147, 50.48160000000001)	(148, 50.78939999999999)	(149, 50.4141)	(150, 50.588100000000004)	(151, 50.962300000000006)
reports | SRR30333765	(1, 79.9527)	(2, 50.8603)	(3, 62.3357)	(4, 54.1514)	(5, 48.4589)	(6, 46.2646)	(7, 38.5996)	(8, 46.9918)	(9, 44.783699999999996)	(10, 41.449000000000005)	(11, 53.508)	(12, 52.1008)	(13, 50.61449999999999)	(14, 47.7646)	(15, 48.8214)	(16, 49.668)	(17, 48.7313)	(18, 48.8132)	(19, 49.5532)	(20, 48.6596)	(21, 48.9693)	(22, 49.2519)	(23, 48.336)	(24, 48.6509)	(25, 49.3197)	(26, 48.4817)	(27, 48.821999999999996)	(28, 49.3424)	(29, 48.5954)	(30, 48.9728)	(31, 49.5159)	(32, 48.405300000000004)	(33, 48.9037)	(34, 49.362)	(35, 48.6458)	(36, 49.1342)	(37, 49.5919)	(38, 48.7446)	(39, 49.0008)	(40, 49.520199999999996)	(41, 48.9465)	(42, 49.0234)	(43, 49.564099999999996)	(44, 48.748799999999996)	(45, 49.1468)	(46, 49.6793)	(47, 48.735)	(48, 49.064099999999996)	(49, 49.721399999999996)	(50, 48.8281)	(51, 49.1372)	(52, 49.6562)	(53, 48.8012)	(54, 49.0549)	(55, 49.510799999999996)	(56, 48.7565)	(57, 49.1768)	(58, 49.606)	(59, 48.944900000000004)	(60, 49.1216)	(61, 49.6753)	(62, 48.734)	(63, 49.121500000000005)	(64, 49.686099999999996)	(65, 48.8205)	(66, 49.1797)	(67, 49.6791)	(68, 48.8267)	(69, 49.132)	(70, 49.5904)	(71, 48.9161)	(72, 49.209)	(73, 49.7793)	(74, 48.956)	(75, 49.229800000000004)	(76, 49.6585)	(77, 48.9687)	(78, 49.2867)	(79, 49.6658)	(80, 49.0089)	(81, 49.234899999999996)	(82, 49.736799999999995)	(83, 49.093399999999995)	(84, 49.3581)	(85, 49.8258)	(86, 49.026399999999995)	(87, 49.2373)	(88, 49.7913)	(89, 48.9337)	(90, 49.3287)	(91, 49.754799999999996)	(92, 49.0448)	(93, 49.3259)	(94, 49.816)	(95, 49.0807)	(96, 49.338)	(97, 49.955)	(98, 49.1971)	(99, 49.530499999999996)	(100, 49.9388)	(101, 49.3322)	(102, 49.4178)	(103, 49.8814)	(104, 49.1489)	(105, 49.494899999999994)	(106, 49.933)	(107, 49.111900000000006)	(108, 49.4446)	(109, 49.9542)	(110, 49.1983)	(111, 49.6363)	(112, 50.1421)	(113, 49.317499999999995)	(114, 49.640299999999996)	(115, 50.05650000000001)	(116, 49.3121)	(117, 49.687799999999996)	(118, 50.116400000000006)	(119, 49.4172)	(120, 49.6558)	(121, 50.1634)	(122, 49.5158)	(123, 49.8745)	(124, 50.2584)	(125, 49.6722)	(126, 49.9411)	(127, 50.3425)	(128, 49.726)	(129, 49.9915)	(130, 50.417)	(131, 49.7583)	(132, 49.952200000000005)	(133, 50.4481)	(134, 49.8478)	(135, 50.0873)	(136, 50.436800000000005)	(137, 49.9494)	(138, 50.0945)	(139, 50.5614)	(140, 50.0498)	(141, 50.2705)	(142, 50.5894)	(143, 50.127)	(144, 50.345)	(145, 50.6268)	(146, 50.254)	(147, 50.3818)	(148, 50.73140000000001)	(149, 50.301899999999996)	(150, 50.5092)	(151, 50.8929)
reports | SRR30333766	(1, 79.0315)	(2, 51.2507)	(3, 61.881299999999996)	(4, 53.7979)	(5, 48.1864)	(6, 45.944)	(7, 38.555)	(8, 47.2297)	(9, 45.0709)	(10, 41.4856)	(11, 53.7971)	(12, 52.3584)	(13, 50.633399999999995)	(14, 47.6545)	(15, 48.7278)	(16, 49.522)	(17, 48.606700000000004)	(18, 48.6974)	(19, 49.3911)	(20, 48.611599999999996)	(21, 48.8762)	(22, 49.1442)	(23, 48.3111)	(24, 48.6018)	(25, 49.218)	(26, 48.4392)	(27, 48.7391)	(28, 49.2307)	(29, 48.545700000000004)	(30, 48.9062)	(31, 49.3761)	(32, 48.2892)	(33, 48.8527)	(34, 49.196200000000005)	(35, 48.5879)	(36, 49.065999999999995)	(37, 49.4523)	(38, 48.6238)	(39, 48.9063)	(40, 49.359700000000004)	(41, 48.882999999999996)	(42, 48.9166)	(43, 49.4417)	(44, 48.6858)	(45, 49.0541)	(46, 49.551899999999996)	(47, 48.6322)	(48, 48.9778)	(49, 49.5897)	(50, 48.7688)	(51, 49.0467)	(52, 49.491800000000005)	(53, 48.7167)	(54, 48.9481)	(55, 49.3391)	(56, 48.6929)	(57, 49.1095)	(58, 49.4679)	(59, 48.8677)	(60, 49.0139)	(61, 49.5398)	(62, 48.6541)	(63, 49.0179)	(64, 49.552800000000005)	(65, 48.7512)	(66, 49.1044)	(67, 49.5374)	(68, 48.7407)	(69, 49.019800000000004)	(70, 49.4428)	(71, 48.8326)	(72, 49.1606)	(73, 49.6586)	(74, 48.9016)	(75, 49.156)	(76, 49.5543)	(77, 48.9001)	(78, 49.200300000000006)	(79, 49.5388)	(80, 48.937000000000005)	(81, 49.1199)	(82, 49.6037)	(83, 49.0489)	(84, 49.2909)	(85, 49.704)	(86, 48.9234)	(87, 49.136)	(88, 49.6435)	(89, 48.8409)	(90, 49.271)	(91, 49.6179)	(92, 48.974000000000004)	(93, 49.2446)	(94, 49.6845)	(95, 49.018499999999996)	(96, 49.2503)	(97, 49.8491)	(98, 49.126)	(99, 49.4855)	(100, 49.7995)	(101, 49.2598)	(102, 49.3163)	(103, 49.734899999999996)	(104, 49.0584)	(105, 49.4284)	(106, 49.8142)	(107, 49.046099999999996)	(108, 49.351)	(109, 49.8361)	(110, 49.1229)	(111, 49.5587)	(112, 50.0422)	(113, 49.2398)	(114, 49.5841)	(115, 49.9208)	(116, 49.1956)	(117, 49.593399999999995)	(118, 50.0016)	(119, 49.3392)	(120, 49.573699999999995)	(121, 50.022299999999994)	(122, 49.4444)	(123, 49.7684)	(124, 50.166900000000005)	(125, 49.6128)	(126, 49.8503)	(127, 50.24849999999999)	(128, 49.660700000000006)	(129, 49.9113)	(130, 50.2939)	(131, 49.6699)	(132, 49.8603)	(133, 50.301399999999994)	(134, 49.7802)	(135, 49.9833)	(136, 50.28399999999999)	(137, 49.8542)	(138, 49.9597)	(139, 50.424400000000006)	(140, 49.9353)	(141, 50.1586)	(142, 50.442299999999996)	(143, 50.0111)	(144, 50.1917)	(145, 50.436400000000006)	(146, 50.12140000000001)	(147, 50.242200000000004)	(148, 50.531099999999995)	(149, 50.180899999999994)	(150, 50.340700000000005)	(151, 50.6536)
reports | SRR30333767	(1, 79.2701)	(2, 51.1822)	(3, 62.169799999999995)	(4, 53.9705)	(5, 48.4602)	(6, 46.227000000000004)	(7, 38.8534)	(8, 47.3076)	(9, 45.1577)	(10, 41.7136)	(11, 53.9093)	(12, 52.6042)	(13, 50.9818)	(14, 47.928)	(15, 49.0105)	(16, 49.8097)	(17, 48.8733)	(18, 48.950500000000005)	(19, 49.668800000000005)	(20, 48.8321)	(21, 49.1181)	(22, 49.4129)	(23, 48.4956)	(24, 48.8535)	(25, 49.4478)	(26, 48.6427)	(27, 48.9612)	(28, 49.479299999999995)	(29, 48.7364)	(30, 49.1085)	(31, 49.6226)	(32, 48.5401)	(33, 49.0798)	(34, 49.4873)	(35, 48.796)	(36, 49.2953)	(37, 49.6644)	(38, 48.8774)	(39, 49.158)	(40, 49.5835)	(41, 49.042)	(42, 49.1584)	(43, 49.686)	(44, 48.8872)	(45, 49.2787)	(46, 49.7782)	(47, 48.8553)	(48, 49.181599999999996)	(49, 49.8236)	(50, 48.9629)	(51, 49.263600000000004)	(52, 49.7417)	(53, 48.9302)	(54, 49.1849)	(55, 49.5957)	(56, 48.871900000000004)	(57, 49.288399999999996)	(58, 49.705)	(59, 49.0563)	(60, 49.2324)	(61, 49.783300000000004)	(62, 48.861399999999996)	(63, 49.2489)	(64, 49.778)	(65, 48.969699999999996)	(66, 49.3044)	(67, 49.783300000000004)	(68, 48.950500000000005)	(69, 49.2257)	(70, 49.7085)	(71, 49.0372)	(72, 49.3718)	(73, 49.8957)	(74, 49.1007)	(75, 49.3692)	(76, 49.7886)	(77, 49.0958)	(78, 49.443799999999996)	(79, 49.7708)	(80, 49.1367)	(81, 49.3725)	(82, 49.8417)	(83, 49.242599999999996)	(84, 49.4907)	(85, 49.924099999999996)	(86, 49.1331)	(87, 49.3665)	(88, 49.8908)	(89, 49.0431)	(90, 49.472899999999996)	(91, 49.8531)	(92, 49.1631)	(93, 49.4591)	(94, 49.8975)	(95, 49.2168)	(96, 49.4754)	(97, 50.072)	(98, 49.3254)	(99, 49.6695)	(100, 50.025600000000004)	(101, 49.4512)	(102, 49.5286)	(103, 49.9944)	(104, 49.2686)	(105, 49.6453)	(106, 50.050399999999996)	(107, 49.2423)	(108, 49.5745)	(109, 50.0444)	(110, 49.3403)	(111, 49.7559)	(112, 50.2525)	(113, 49.437599999999996)	(114, 49.795899999999996)	(115, 50.1431)	(116, 49.441)	(117, 49.803799999999995)	(118, 50.2229)	(119, 49.5511)	(120, 49.805)	(121, 50.294399999999996)	(122, 49.6309)	(123, 50.0286)	(124, 50.404)	(125, 49.8395)	(126, 50.108)	(127, 50.484300000000005)	(128, 49.9255)	(129, 50.1683)	(130, 50.5759)	(131, 49.9274)	(132, 50.138400000000004)	(133, 50.604800000000004)	(134, 50.0283)	(135, 50.2979)	(136, 50.62)	(137, 50.163000000000004)	(138, 50.3128)	(139, 50.739599999999996)	(140, 50.2749)	(141, 50.4791)	(142, 50.7744)	(143, 50.3631)	(144, 50.548)	(145, 50.8316)	(146, 50.4918)	(147, 50.6109)	(148, 50.9108)	(149, 50.5456)	(150, 50.741400000000006)	(151, 51.1224)
reports | SRR30333768	(1, 81.48689999999999)	(2, 50.111700000000006)	(3, 62.733399999999996)	(4, 55.1929)	(5, 49.335499999999996)	(6, 46.947)	(7, 38.4573)	(8, 46.2795)	(9, 44.7247)	(10, 41.5558)	(11, 52.6895)	(12, 51.2329)	(13, 49.967099999999995)	(14, 47.879599999999996)	(15, 49.067)	(16, 49.9371)	(17, 48.899100000000004)	(18, 49.0632)	(19, 49.826100000000004)	(20, 48.836800000000004)	(21, 49.2045)	(22, 49.4882)	(23, 48.4956)	(24, 48.9691)	(25, 49.599900000000005)	(26, 48.607)	(27, 49.0518)	(28, 49.5635)	(29, 48.6875)	(30, 49.2081)	(31, 49.8202)	(32, 48.5109)	(33, 49.195100000000004)	(34, 49.628499999999995)	(35, 48.8175)	(36, 49.421)	(37, 49.8784)	(38, 48.8786)	(39, 49.2055)	(40, 49.718)	(41, 49.091499999999996)	(42, 49.241800000000005)	(43, 49.7965)	(44, 48.8581)	(45, 49.3652)	(46, 49.9425)	(47, 48.8052)	(48, 49.2749)	(49, 49.9558)	(50, 48.9232)	(51, 49.3191)	(52, 49.8824)	(53, 48.925000000000004)	(54, 49.2549)	(55, 49.6928)	(56, 48.853)	(57, 49.383700000000005)	(58, 49.8127)	(59, 49.0374)	(60, 49.3084)	(61, 49.933899999999994)	(62, 48.8249)	(63, 49.292)	(64, 49.8954)	(65, 48.9208)	(66, 49.457499999999996)	(67, 49.872)	(68, 48.942600000000006)	(69, 49.3059)	(70, 49.7918)	(71, 49.011300000000006)	(72, 49.436400000000006)	(73, 49.9913)	(74, 49.1089)	(75, 49.4486)	(76, 49.8614)	(77, 49.0858)	(78, 49.4874)	(79, 49.855199999999996)	(80, 49.1222)	(81, 49.440400000000004)	(82, 49.9852)	(83, 49.1992)	(84, 49.5732)	(85, 50.037299999999995)	(86, 49.1245)	(87, 49.4332)	(88, 50.0082)	(89, 49.058099999999996)	(90, 49.5748)	(91, 49.9232)	(92, 49.1295)	(93, 49.5257)	(94, 49.995400000000004)	(95, 49.170700000000004)	(96, 49.5156)	(97, 50.198600000000006)	(98, 49.3075)	(99, 49.783699999999996)	(100, 50.1499)	(101, 49.497099999999996)	(102, 49.6349)	(103, 50.1054)	(104, 49.3386)	(105, 49.7468)	(106, 50.1416)	(107, 49.267300000000006)	(108, 49.6796)	(109, 50.1893)	(110, 49.3303)	(111, 49.9113)	(112, 50.400800000000004)	(113, 49.5155)	(114, 49.931799999999996)	(115, 50.2869)	(116, 49.514399999999995)	(117, 49.9452)	(118, 50.3673)	(119, 49.641200000000005)	(120, 49.9225)	(121, 50.36429999999999)	(122, 49.6925)	(123, 50.119499999999995)	(124, 50.5418)	(125, 49.9152)	(126, 50.212500000000006)	(127, 50.5854)	(128, 49.9419)	(129, 50.234199999999994)	(130, 50.639100000000006)	(131, 49.975)	(132, 50.1769)	(133, 50.638799999999996)	(134, 50.0579)	(135, 50.303)	(136, 50.65880000000001)	(137, 50.1466)	(138, 50.2998)	(139, 50.752399999999994)	(140, 50.2353)	(141, 50.4579)	(142, 50.7646)	(143, 50.31830000000001)	(144, 50.546800000000005)	(145, 50.7869)	(146, 50.470400000000005)	(147, 50.6174)	(148, 50.923700000000004)	(149, 50.5567)	(150, 50.7234)	(151, 51.1954)
