Sample	0	1	2	3	4	5	6	7	8	9	10	11	12	13	14	15	16	17	18	19	20	21	22	23	24	25	26	27	28	29	30	31	32	33	34	35	36	37	38	39	40	41	42	43	44	45	46	47	48	49	50	51	52	53	54	55	56	57	58	59	60	61	62	63	64	65	66	67	68	69	70	71	72	73	74	75	76	77	78	79	80	81	82	83	84	85	86	87	88	89	90	91	92	93	94	95	96	97	98	99	100	101	102	103	104	105	106	107	108	109	110	111	112	113	114	115	116	117	118	119	120	121	122	123	124	125	126	127	128	129	130	131	132	133	134	135	136	137	138	139	140	141	142	143	144	145	146	147	148	149	150
reports | SRR30333743	(1, 38.3831)	(2, 38.836)	(3, 38.9707)	(4, 38.992)	(5, 38.9385)	(6, 38.9523)	(7, 38.9801)	(8, 38.9828)	(9, 39.0038)	(10, 38.9892)	(11, 39.0345)	(12, 38.967)	(13, 38.9846)	(14, 39.0403)	(15, 39.0033)	(16, 39.0504)	(17, 39.0426)	(18, 39.0185)	(19, 39.0502)	(20, 39.0018)	(21, 39.0)	(22, 38.981)	(23, 39.039)	(24, 39.0265)	(25, 39.0191)	(26, 38.6768)	(27, 38.6501)	(28, 38.6659)	(29, 38.6531)	(30, 38.6617)	(31, 38.6598)	(32, 38.6467)	(33, 38.5944)	(34, 38.6172)	(35, 38.5843)	(36, 38.6321)	(37, 38.6287)	(38, 38.6322)	(39, 38.616)	(40, 38.6195)	(41, 38.6061)	(42, 38.6098)	(43, 38.5796)	(44, 38.5636)	(45, 38.5831)	(46, 38.5749)	(47, 38.5577)	(48, 38.5638)	(49, 38.5775)	(50, 38.5301)	(51, 38.4955)	(52, 38.5269)	(53, 38.5055)	(54, 38.5555)	(55, 38.5659)	(56, 38.5462)	(57, 38.5553)	(58, 38.5565)	(59, 38.5282)	(60, 38.5415)	(61, 38.5386)	(62, 38.5232)	(63, 38.5162)	(64, 38.4859)	(65, 38.5079)	(66, 38.4948)	(67, 38.4738)	(68, 38.4869)	(69, 38.4654)	(70, 38.4722)	(71, 38.4575)	(72, 38.4448)	(73, 38.431)	(74, 38.4357)	(75, 38.4261)	(76, 38.3988)	(77, 38.4065)	(78, 38.3203)	(79, 38.3684)	(80, 38.367)	(81, 38.3522)	(82, 38.3033)	(83, 38.3388)	(84, 38.2935)	(85, 38.3017)	(86, 38.3216)	(87, 38.3072)	(88, 38.279)	(89, 38.2623)	(90, 38.2531)	(91, 38.2738)	(92, 38.2476)	(93, 38.2243)	(94, 38.1876)	(95, 38.2015)	(96, 38.165)	(97, 38.1496)	(98, 38.117)	(99, 38.1177)	(100, 38.0855)	(101, 38.0135)	(102, 37.991)	(103, 37.9456)	(104, 37.9061)	(105, 37.8974)	(106, 37.8857)	(107, 37.849)	(108, 37.8052)	(109, 37.7736)	(110, 37.6907)	(111, 37.6776)	(112, 37.6015)	(113, 37.5575)	(114, 37.519)	(115, 37.4791)	(116, 37.4132)	(117, 37.338)	(118, 37.2872)	(119, 37.2305)	(120, 37.1351)	(121, 37.0573)	(122, 37.0005)	(123, 36.9115)	(124, 36.847)	(125, 36.7454)	(126, 36.6605)	(127, 36.5915)	(128, 36.4848)	(129, 36.4058)	(130, 36.3085)	(131, 36.1551)	(132, 36.1226)	(133, 35.9996)	(134, 35.9528)	(135, 35.8357)	(136, 35.7031)	(137, 35.6449)	(138, 35.5206)	(139, 35.4071)	(140, 35.2582)	(141, 35.217)	(142, 35.0359)	(143, 35.0295)	(144, 34.9051)	(145, 34.7838)	(146, 34.6605)	(147, 34.5678)	(148, 34.5177)	(149, 34.4158)	(150, 34.3407)	(151, 32.4941)
reports | SRR30333744	(1, 38.1983)	(2, 38.6297)	(3, 38.7826)	(4, 38.8215)	(5, 38.8005)	(6, 38.8084)	(7, 38.8196)	(8, 38.8097)	(9, 38.8464)	(10, 38.8196)	(11, 38.8827)	(12, 38.8007)	(13, 38.8191)	(14, 38.8821)	(15, 38.8565)	(16, 38.8903)	(17, 38.8883)	(18, 38.8626)	(19, 38.9044)	(20, 38.8426)	(21, 38.8474)	(22, 38.8218)	(23, 38.8896)	(24, 38.8835)	(25, 38.8794)	(26, 38.4544)	(27, 38.4162)	(28, 38.4434)	(29, 38.4249)	(30, 38.4391)	(31, 38.4363)	(32, 38.4306)	(33, 38.3674)	(34, 38.4011)	(35, 38.368)	(36, 38.4207)	(37, 38.4183)	(38, 38.425)	(39, 38.4129)	(40, 38.4173)	(41, 38.4042)	(42, 38.4068)	(43, 38.3637)	(44, 38.3433)	(45, 38.3812)	(46, 38.3678)	(47, 38.345)	(48, 38.3577)	(49, 38.3776)	(50, 38.3173)	(51, 38.275)	(52, 38.3122)	(53, 38.296)	(54, 38.3529)	(55, 38.3644)	(56, 38.3327)	(57, 38.3554)	(58, 38.3538)	(59, 38.3226)	(60, 38.3419)	(61, 38.3406)	(62, 38.3281)	(63, 38.3211)	(64, 38.2842)	(65, 38.3172)	(66, 38.3028)	(67, 38.2788)	(68, 38.3016)	(69, 38.2827)	(70, 38.2873)	(71, 38.2778)	(72, 38.263)	(73, 38.255)	(74, 38.2564)	(75, 38.2523)	(76, 38.2359)	(77, 38.2392)	(78, 38.135)	(79, 38.2019)	(80, 38.2025)	(81, 38.1892)	(82, 38.1349)	(83, 38.1869)	(84, 38.1296)	(85, 38.1373)	(86, 38.1736)	(87, 38.1671)	(88, 38.1295)	(89, 38.1242)	(90, 38.1272)	(91, 38.1428)	(92, 38.1228)	(93, 38.1039)	(94, 38.0762)	(95, 38.0946)	(96, 38.0606)	(97, 38.0552)	(98, 38.0361)	(99, 38.0335)	(100, 38.0147)	(101, 37.9452)	(102, 37.9358)	(103, 37.9017)	(104, 37.8674)	(105, 37.8764)	(106, 37.8763)	(107, 37.8534)	(108, 37.8194)	(109, 37.8044)	(110, 37.7364)	(111, 37.7424)	(112, 37.6731)	(113, 37.6525)	(114, 37.6336)	(115, 37.6056)	(116, 37.5589)	(117, 37.5037)	(118, 37.4729)	(119, 37.4251)	(120, 37.3549)	(121, 37.3092)	(122, 37.2698)	(123, 37.2103)	(124, 37.1682)	(125, 37.1017)	(126, 37.0397)	(127, 36.9961)	(128, 36.91)	(129, 36.862)	(130, 36.7814)	(131, 36.6404)	(132, 36.6457)	(133, 36.5523)	(134, 36.5402)	(135, 36.4457)	(136, 36.3233)	(137, 36.3121)	(138, 36.2129)	(139, 36.1158)	(140, 35.9984)	(141, 35.9894)	(142, 35.8096)	(143, 35.839)	(144, 35.7473)	(145, 35.645)	(146, 35.5329)	(147, 35.4842)	(148, 35.4508)	(149, 35.3695)	(150, 35.286)	(151, 33.8262)
reports | SRR30333745	(1, 38.3638)	(2, 38.7915)	(3, 38.9164)	(4, 38.95)	(5, 38.9331)	(6, 38.9311)	(7, 38.9225)	(8, 38.9135)	(9, 38.9325)	(10, 38.9078)	(11, 38.9579)	(12, 38.8842)	(13, 38.9013)	(14, 38.9567)	(15, 38.9167)	(16, 38.9599)	(17, 38.9517)	(18, 38.9235)	(19, 38.9548)	(20, 38.9022)	(21, 38.8998)	(22, 38.8795)	(23, 38.9382)	(24, 38.9287)	(25, 38.9221)	(26, 38.5343)	(27, 38.5059)	(28, 38.5234)	(29, 38.5106)	(30, 38.5159)	(31, 38.5149)	(32, 38.503)	(33, 38.4495)	(34, 38.475)	(35, 38.4424)	(36, 38.4906)	(37, 38.4853)	(38, 38.4907)	(39, 38.474)	(40, 38.4762)	(41, 38.4632)	(42, 38.465)	(43, 38.4331)	(44, 38.4129)	(45, 38.4363)	(46, 38.4272)	(47, 38.4083)	(48, 38.4147)	(49, 38.4308)	(50, 38.3828)	(51, 38.3464)	(52, 38.3798)	(53, 38.3561)	(54, 38.4085)	(55, 38.4194)	(56, 38.3969)	(57, 38.4077)	(58, 38.4095)	(59, 38.3811)	(60, 38.3944)	(61, 38.3922)	(62, 38.3763)	(63, 38.3703)	(64, 38.3395)	(65, 38.3638)	(66, 38.3494)	(67, 38.3287)	(68, 38.3452)	(69, 38.3252)	(70, 38.3329)	(71, 38.3189)	(72, 38.3063)	(73, 38.2942)	(74, 38.2987)	(75, 38.291)	(76, 38.2655)	(77, 38.2727)	(78, 38.1833)	(79, 38.2386)	(80, 38.2369)	(81, 38.2252)	(82, 38.1754)	(83, 38.2165)	(84, 38.1704)	(85, 38.1814)	(86, 38.2051)	(87, 38.1939)	(88, 38.1684)	(89, 38.1527)	(90, 38.1491)	(91, 38.1726)	(92, 38.15)	(93, 38.1331)	(94, 38.1004)	(95, 38.1173)	(96, 38.0866)	(97, 38.0767)	(98, 38.0516)	(99, 38.0569)	(100, 38.0321)	(101, 37.9663)	(102, 37.9525)	(103, 37.9143)	(104, 37.8843)	(105, 37.8855)	(106, 37.8825)	(107, 37.8566)	(108, 37.8218)	(109, 37.8026)	(110, 37.7316)	(111, 37.7301)	(112, 37.6678)	(113, 37.6388)	(114, 37.6139)	(115, 37.5871)	(116, 37.5367)	(117, 37.4782)	(118, 37.4435)	(119, 37.3995)	(120, 37.3204)	(121, 37.265)	(122, 37.2234)	(123, 37.157)	(124, 37.1113)	(125, 37.0322)	(126, 36.968)	(127, 36.9185)	(128, 36.8344)	(129, 36.7759)	(130, 36.6951)	(131, 36.5619)	(132, 36.5549)	(133, 36.4561)	(134, 36.4288)	(135, 36.3312)	(136, 36.2213)	(137, 36.1813)	(138, 36.0765)	(139, 35.9819)	(140, 35.8551)	(141, 35.8299)	(142, 35.6662)	(143, 35.6845)	(144, 35.5814)	(145, 35.4717)	(146, 35.3656)	(147, 35.2929)	(148, 35.2523)	(149, 35.1593)	(150, 35.095)	(151, 33.3874)
reports | SRR30333746	(1, 38.3707)	(2, 38.8494)	(3, 38.9974)	(4, 39.0546)	(5, 39.0552)	(6, 39.0669)	(7, 39.037)	(8, 39.0308)	(9, 39.071)	(10, 39.0605)	(11, 39.1068)	(12, 39.0228)	(13, 39.047)	(14, 39.1166)	(15, 39.0866)	(16, 39.1181)	(17, 39.1154)	(18, 39.0876)	(19, 39.1252)	(20, 39.0639)	(21, 39.0636)	(22, 39.0381)	(23, 39.105)	(24, 39.0985)	(25, 39.0928)	(26, 38.7737)	(27, 38.74)	(28, 38.7648)	(29, 38.7491)	(30, 38.7589)	(31, 38.7596)	(32, 38.7504)	(33, 38.6908)	(34, 38.7208)	(35, 38.6844)	(36, 38.7393)	(37, 38.7357)	(38, 38.7397)	(39, 38.7251)	(40, 38.7291)	(41, 38.7153)	(42, 38.7182)	(43, 38.6765)	(44, 38.656)	(45, 38.6891)	(46, 38.6751)	(47, 38.6519)	(48, 38.6631)	(49, 38.6805)	(50, 38.6214)	(51, 38.5811)	(52, 38.6198)	(53, 38.5981)	(54, 38.6551)	(55, 38.6649)	(56, 38.6347)	(57, 38.653)	(58, 38.6525)	(59, 38.6196)	(60, 38.638)	(61, 38.6354)	(62, 38.6214)	(63, 38.6139)	(64, 38.5781)	(65, 38.6084)	(66, 38.595)	(67, 38.5697)	(68, 38.59)	(69, 38.5689)	(70, 38.5747)	(71, 38.5636)	(72, 38.5475)	(73, 38.5388)	(74, 38.5382)	(75, 38.5332)	(76, 38.5157)	(77, 38.5191)	(78, 38.4131)	(79, 38.4772)	(80, 38.4764)	(81, 38.4613)	(82, 38.4087)	(83, 38.4593)	(84, 38.4019)	(85, 38.4109)	(86, 38.4443)	(87, 38.4347)	(88, 38.4015)	(89, 38.3919)	(90, 38.3942)	(91, 38.4112)	(92, 38.39)	(93, 38.3694)	(94, 38.3409)	(95, 38.3575)	(96, 38.3258)	(97, 38.3183)	(98, 38.2962)	(99, 38.2955)	(100, 38.2763)	(101, 38.2056)	(102, 38.195)	(103, 38.1606)	(104, 38.1282)	(105, 38.1329)	(106, 38.1348)	(107, 38.1098)	(108, 38.0747)	(109, 38.0592)	(110, 37.9886)	(111, 37.9949)	(112, 37.9254)	(113, 37.9038)	(114, 37.885)	(115, 37.8549)	(116, 37.8121)	(117, 37.7538)	(118, 37.7228)	(119, 37.6768)	(120, 37.6042)	(121, 37.5573)	(122, 37.5165)	(123, 37.4576)	(124, 37.4155)	(125, 37.3454)	(126, 37.2825)	(127, 37.2406)	(128, 37.1522)	(129, 37.0996)	(130, 37.0225)	(131, 36.8813)	(132, 36.8869)	(133, 36.79)	(134, 36.7758)	(135, 36.6799)	(136, 36.5671)	(137, 36.5367)	(138, 36.4451)	(139, 36.3417)	(140, 36.2188)	(141, 36.2029)	(142, 36.0305)	(143, 36.0618)	(144, 35.9611)	(145, 35.863)	(146, 35.75)	(147, 35.7017)	(148, 35.655)	(149, 35.5769)	(150, 35.5027)	(151, 33.9176)
reports | SRR30333747	(1, 38.2064)	(2, 38.4448)	(3, 38.6929)	(4, 38.7288)	(5, 38.7092)	(6, 38.7688)	(7, 38.7589)	(8, 38.7619)	(9, 38.7947)	(10, 38.741)	(11, 38.8548)	(12, 38.6998)	(13, 38.7514)	(14, 38.8024)	(15, 38.8199)	(16, 38.8253)	(17, 38.8175)	(18, 38.8023)	(19, 38.8413)	(20, 38.7686)	(21, 38.7744)	(22, 38.7407)	(23, 38.8327)	(24, 38.8261)	(25, 38.8286)	(26, 38.361)	(27, 38.3218)	(28, 38.3612)	(29, 38.3271)	(30, 38.3562)	(31, 38.3453)	(32, 38.3505)	(33, 38.2796)	(34, 38.3202)	(35, 38.2795)	(36, 38.337)	(37, 38.3383)	(38, 38.3379)	(39, 38.3277)	(40, 38.3278)	(41, 38.3173)	(42, 38.323)	(43, 38.2709)	(44, 38.2554)	(45, 38.3071)	(46, 38.2809)	(47, 38.2521)	(48, 38.2724)	(49, 38.3004)	(50, 38.2282)	(51, 38.1765)	(52, 38.2305)	(53, 38.2034)	(54, 38.2628)	(55, 38.2859)	(56, 38.2411)	(57, 38.2787)	(58, 38.2743)	(59, 38.2194)	(60, 38.2642)	(61, 38.2528)	(62, 38.2411)	(63, 38.2403)	(64, 38.1992)	(65, 38.2466)	(66, 38.2273)	(67, 38.204)	(68, 38.2287)	(69, 38.2134)	(70, 38.2037)	(71, 38.2036)	(72, 38.1874)	(73, 38.1841)	(74, 38.1807)	(75, 38.1788)	(76, 38.1756)	(77, 38.1662)	(78, 38.0531)	(79, 38.1266)	(80, 38.1192)	(81, 38.1033)	(82, 38.0444)	(83, 38.1196)	(84, 38.043)	(85, 38.042)	(86, 38.0933)	(87, 38.0853)	(88, 38.0418)	(89, 38.0454)	(90, 38.0622)	(91, 38.0545)	(92, 38.0415)	(93, 38.024)	(94, 37.9899)	(95, 38.005)	(96, 37.9812)	(97, 37.9879)	(98, 37.9791)	(99, 37.9466)	(100, 37.9465)	(101, 37.8736)	(102, 37.8779)	(103, 37.8346)	(104, 37.7959)	(105, 37.8248)	(106, 37.8229)	(107, 37.8156)	(108, 37.7826)	(109, 37.7667)	(110, 37.7014)	(111, 37.7224)	(112, 37.6464)	(113, 37.6297)	(114, 37.6227)	(115, 37.5941)	(116, 37.5625)	(117, 37.5072)	(118, 37.4892)	(119, 37.4332)	(120, 37.379)	(121, 37.3493)	(122, 37.3112)	(123, 37.2702)	(124, 37.2337)	(125, 37.1664)	(126, 37.1296)	(127, 37.0769)	(128, 36.9915)	(129, 36.9633)	(130, 36.8961)	(131, 36.7294)	(132, 36.7559)	(133, 36.683)	(134, 36.6804)	(135, 36.5871)	(136, 36.475)	(137, 36.4727)	(138, 36.3812)	(139, 36.2731)	(140, 36.165)	(141, 36.1816)	(142, 35.9926)	(143, 36.0244)	(144, 35.9457)	(145, 35.8572)	(146, 35.7369)	(147, 35.7153)	(148, 35.6807)	(149, 35.5955)	(150, 35.487)	(151, 34.0289)
reports | SRR30333748	(1, 38.0806)	(2, 38.6045)	(3, 38.768)	(4, 38.812)	(5, 38.7927)	(6, 38.7968)	(7, 38.8196)	(8, 38.8215)	(9, 38.8455)	(10, 38.833)	(11, 38.8851)	(12, 38.8145)	(13, 38.8369)	(14, 38.8975)	(15, 38.8658)	(16, 38.9144)	(17, 38.9094)	(18, 38.8836)	(19, 38.9186)	(20, 38.867)	(21, 38.8646)	(22, 38.8495)	(23, 38.9102)	(24, 38.9002)	(25, 38.8955)	(26, 38.472)	(27, 38.4446)	(28, 38.4663)	(29, 38.4554)	(30, 38.4634)	(31, 38.4614)	(32, 38.4502)	(33, 38.3977)	(34, 38.4264)	(35, 38.393)	(36, 38.4463)	(37, 38.4436)	(38, 38.4503)	(39, 38.4364)	(40, 38.4416)	(41, 38.4298)	(42, 38.4342)	(43, 38.4002)	(44, 38.3827)	(45, 38.4059)	(46, 38.3975)	(47, 38.3765)	(48, 38.3864)	(49, 38.402)	(50, 38.3535)	(51, 38.318)	(52, 38.3527)	(53, 38.3286)	(54, 38.381)	(55, 38.3918)	(56, 38.3701)	(57, 38.3839)	(58, 38.3845)	(59, 38.3549)	(60, 38.3709)	(61, 38.3679)	(62, 38.3533)	(63, 38.3459)	(64, 38.3146)	(65, 38.3385)	(66, 38.329)	(67, 38.309)	(68, 38.326)	(69, 38.3056)	(70, 38.3129)	(71, 38.2996)	(72, 38.2886)	(73, 38.2789)	(74, 38.2831)	(75, 38.2772)	(76, 38.2525)	(77, 38.2625)	(78, 38.1724)	(79, 38.226)	(80, 38.2277)	(81, 38.2177)	(82, 38.1697)	(83, 38.2105)	(84, 38.1656)	(85, 38.1785)	(86, 38.2064)	(87, 38.198)	(88, 38.1754)	(89, 38.1614)	(90, 38.1619)	(91, 38.188)	(92, 38.17)	(93, 38.1535)	(94, 38.1269)	(95, 38.1484)	(96, 38.1221)	(97, 38.1161)	(98, 38.0974)	(99, 38.1088)	(100, 38.0907)	(101, 38.0315)	(102, 38.0232)	(103, 37.9932)	(104, 37.9691)	(105, 37.9775)	(106, 37.9852)	(107, 37.968)	(108, 37.945)	(109, 37.9386)	(110, 37.8776)	(111, 37.89)	(112, 37.8429)	(113, 37.8271)	(114, 37.8162)	(115, 37.8039)	(116, 37.7685)	(117, 37.7276)	(118, 37.7098)	(119, 37.6839)	(120, 37.6216)	(121, 37.587)	(122, 37.5665)	(123, 37.5193)	(124, 37.4975)	(125, 37.4428)	(126, 37.3978)	(127, 37.3728)	(128, 37.3118)	(129, 37.2715)	(130, 37.2199)	(131, 37.1062)	(132, 37.1221)	(133, 37.043)	(134, 37.0438)	(135, 36.9694)	(136, 36.8827)	(137, 36.8652)	(138, 36.796)	(139, 36.7227)	(140, 36.6191)	(141, 36.6191)	(142, 36.4778)	(143, 36.5169)	(144, 36.421)	(145, 36.3497)	(146, 36.2536)	(147, 36.2152)	(148, 36.1832)	(149, 36.1227)	(150, 36.0815)	(151, 34.7577)
reports | SRR30333749	(1, 38.3401)	(2, 38.6877)	(3, 38.8781)	(4, 38.9006)	(5, 38.9523)	(6, 38.9948)	(7, 38.9899)	(8, 38.9922)	(9, 39.0017)	(10, 38.9821)	(11, 39.0418)	(12, 38.9741)	(13, 39.0039)	(14, 39.0334)	(15, 38.9904)	(16, 39.0426)	(17, 39.0537)	(18, 39.0287)	(19, 39.0539)	(20, 39.0153)	(21, 39.0168)	(22, 39.0002)	(23, 39.0465)	(24, 39.0425)	(25, 39.0332)	(26, 38.6594)	(27, 38.6387)	(28, 38.6537)	(29, 38.6398)	(30, 38.6348)	(31, 38.6362)	(32, 38.6342)	(33, 38.5936)	(34, 38.6134)	(35, 38.5892)	(36, 38.6225)	(37, 38.6208)	(38, 38.6233)	(39, 38.607)	(40, 38.602)	(41, 38.6015)	(42, 38.6055)	(43, 38.578)	(44, 38.5636)	(45, 38.5856)	(46, 38.5781)	(47, 38.562)	(48, 38.5685)	(49, 38.5796)	(50, 38.5377)	(51, 38.5119)	(52, 38.5382)	(53, 38.524)	(54, 38.5607)	(55, 38.5675)	(56, 38.5521)	(57, 38.5629)	(58, 38.5615)	(59, 38.539)	(60, 38.552)	(61, 38.5534)	(62, 38.5389)	(63, 38.5386)	(64, 38.5152)	(65, 38.5344)	(66, 38.5222)	(67, 38.509)	(68, 38.5221)	(69, 38.5086)	(70, 38.5124)	(71, 38.5049)	(72, 38.4956)	(73, 38.4888)	(74, 38.4884)	(75, 38.4862)	(76, 38.4746)	(77, 38.4744)	(78, 38.4055)	(79, 38.4531)	(80, 38.4494)	(81, 38.4427)	(82, 38.4049)	(83, 38.437)	(84, 38.402)	(85, 38.4107)	(86, 38.4327)	(87, 38.4262)	(88, 38.4023)	(89, 38.3967)	(90, 38.3984)	(91, 38.4125)	(92, 38.3983)	(93, 38.3859)	(94, 38.3671)	(95, 38.3829)	(96, 38.357)	(97, 38.3572)	(98, 38.3412)	(99, 38.3451)	(100, 38.3332)	(101, 38.2866)	(102, 38.2784)	(103, 38.2577)	(104, 38.2354)	(105, 38.2423)	(106, 38.244)	(107, 38.2312)	(108, 38.2113)	(109, 38.2028)	(110, 38.1555)	(111, 38.1639)	(112, 38.1218)	(113, 38.1064)	(114, 38.0945)	(115, 38.0781)	(116, 38.0471)	(117, 38.0098)	(118, 37.9888)	(119, 37.9629)	(120, 37.9144)	(121, 37.8824)	(122, 37.8542)	(123, 37.8116)	(124, 37.7887)	(125, 37.7374)	(126, 37.6924)	(127, 37.6605)	(128, 37.6073)	(129, 37.5451)	(130, 37.5104)	(131, 37.4107)	(132, 37.4061)	(133, 37.3381)	(134, 37.3137)	(135, 37.2439)	(136, 37.1613)	(137, 37.1248)	(138, 37.0597)	(139, 36.9798)	(140, 36.8902)	(141, 36.8605)	(142, 36.7337)	(143, 36.7326)	(144, 36.6403)	(145, 36.5655)	(146, 36.4623)	(147, 36.4127)	(148, 36.3443)	(149, 36.2779)	(150, 36.2113)	(151, 35.0906)
reports | SRR30333750	(1, 38.1398)	(2, 38.7791)	(3, 38.9126)	(4, 38.9619)	(5, 38.9704)	(6, 38.9745)	(7, 38.9905)	(8, 38.9884)	(9, 39.0204)	(10, 38.9998)	(11, 39.0569)	(12, 38.9914)	(13, 39.0133)	(14, 39.0755)	(15, 39.0411)	(16, 39.0896)	(17, 39.0833)	(18, 39.0529)	(19, 39.0895)	(20, 39.0368)	(21, 39.0326)	(22, 39.0143)	(23, 39.076)	(24, 39.0659)	(25, 39.0618)	(26, 38.7217)	(27, 38.6923)	(28, 38.7162)	(29, 38.705)	(30, 38.7148)	(31, 38.7124)	(32, 38.7031)	(33, 38.6494)	(34, 38.6773)	(35, 38.645)	(36, 38.6984)	(37, 38.696)	(38, 38.7017)	(39, 38.6872)	(40, 38.6943)	(41, 38.6802)	(42, 38.6841)	(43, 38.6488)	(44, 38.6288)	(45, 38.651)	(46, 38.6428)	(47, 38.6233)	(48, 38.6319)	(49, 38.6485)	(50, 38.5989)	(51, 38.563)	(52, 38.5979)	(53, 38.5726)	(54, 38.6262)	(55, 38.6391)	(56, 38.6146)	(57, 38.6286)	(58, 38.6298)	(59, 38.6011)	(60, 38.6156)	(61, 38.6142)	(62, 38.5991)	(63, 38.5908)	(64, 38.5593)	(65, 38.5841)	(66, 38.5732)	(67, 38.5518)	(68, 38.5664)	(69, 38.547)	(70, 38.5561)	(71, 38.5413)	(72, 38.5289)	(73, 38.5186)	(74, 38.524)	(75, 38.5164)	(76, 38.4889)	(77, 38.498)	(78, 38.406)	(79, 38.4633)	(80, 38.4611)	(81, 38.4499)	(82, 38.3993)	(83, 38.4403)	(84, 38.3938)	(85, 38.4047)	(86, 38.4316)	(87, 38.421)	(88, 38.3964)	(89, 38.381)	(90, 38.3766)	(91, 38.4037)	(92, 38.3832)	(93, 38.3641)	(94, 38.3353)	(95, 38.3542)	(96, 38.324)	(97, 38.3156)	(98, 38.2914)	(99, 38.3005)	(100, 38.2779)	(101, 38.2129)	(102, 38.2026)	(103, 38.1672)	(104, 38.1368)	(105, 38.1411)	(106, 38.1452)	(107, 38.1228)	(108, 38.0924)	(109, 38.0828)	(110, 38.0127)	(111, 38.0208)	(112, 37.9653)	(113, 37.9414)	(114, 37.9235)	(115, 37.9064)	(116, 37.8627)	(117, 37.8112)	(118, 37.785)	(119, 37.7517)	(120, 37.6806)	(121, 37.6362)	(122, 37.6077)	(123, 37.5486)	(124, 37.5184)	(125, 37.4554)	(126, 37.399)	(127, 37.3637)	(128, 37.2918)	(129, 37.2397)	(130, 37.1743)	(131, 37.0525)	(132, 37.0573)	(133, 36.9708)	(134, 36.958)	(135, 36.8734)	(136, 36.7709)	(137, 36.7547)	(138, 36.6641)	(139, 36.576)	(140, 36.4669)	(141, 36.4516)	(142, 36.2968)	(143, 36.3231)	(144, 36.2308)	(145, 36.144)	(146, 36.0339)	(147, 35.9761)	(148, 35.9401)	(149, 35.8739)	(150, 35.8165)	(151, 34.4232)
reports | SRR30333751	(1, 38.3418)	(2, 38.7799)	(3, 38.9344)	(4, 38.9516)	(5, 38.8922)	(6, 38.9203)	(7, 38.9505)	(8, 38.9561)	(9, 38.9821)	(10, 38.973)	(11, 39.0215)	(12, 38.9449)	(13, 38.9651)	(14, 39.0272)	(15, 38.9963)	(16, 39.0384)	(17, 39.0349)	(18, 39.0119)	(19, 39.0468)	(20, 38.9942)	(21, 38.9943)	(22, 38.9749)	(23, 39.0363)	(24, 39.0262)	(25, 39.0213)	(26, 38.6636)	(27, 38.6344)	(28, 38.6567)	(29, 38.6417)	(30, 38.6531)	(31, 38.65)	(32, 38.6401)	(33, 38.5878)	(34, 38.6145)	(35, 38.5824)	(36, 38.6338)	(37, 38.6312)	(38, 38.6365)	(39, 38.624)	(40, 38.6296)	(41, 38.6171)	(42, 38.6214)	(43, 38.5859)	(44, 38.5668)	(45, 38.5934)	(46, 38.5829)	(47, 38.5619)	(48, 38.5719)	(49, 38.5889)	(50, 38.5374)	(51, 38.4992)	(52, 38.5357)	(53, 38.5129)	(54, 38.5656)	(55, 38.5779)	(56, 38.5529)	(57, 38.5683)	(58, 38.5682)	(59, 38.5382)	(60, 38.5549)	(61, 38.5508)	(62, 38.5383)	(63, 38.5314)	(64, 38.5)	(65, 38.5244)	(66, 38.5145)	(67, 38.4919)	(68, 38.5097)	(69, 38.4912)	(70, 38.4982)	(71, 38.485)	(72, 38.4724)	(73, 38.4613)	(74, 38.4668)	(75, 38.4614)	(76, 38.4376)	(77, 38.4463)	(78, 38.3501)	(79, 38.4101)	(80, 38.4083)	(81, 38.3978)	(82, 38.3476)	(83, 38.3909)	(84, 38.3428)	(85, 38.3538)	(86, 38.381)	(87, 38.3734)	(88, 38.3444)	(89, 38.3331)	(90, 38.3336)	(91, 38.354)	(92, 38.3349)	(93, 38.3163)	(94, 38.288)	(95, 38.3068)	(96, 38.2768)	(97, 38.2716)	(98, 38.2483)	(99, 38.2543)	(100, 38.2335)	(101, 38.1688)	(102, 38.1577)	(103, 38.1242)	(104, 38.0939)	(105, 38.1008)	(106, 38.1026)	(107, 38.0813)	(108, 38.0512)	(109, 38.0372)	(110, 37.9705)	(111, 37.9772)	(112, 37.9197)	(113, 37.8954)	(114, 37.8774)	(115, 37.8555)	(116, 37.8132)	(117, 37.7616)	(118, 37.7332)	(119, 37.6961)	(120, 37.6264)	(121, 37.5815)	(122, 37.5458)	(123, 37.4898)	(124, 37.4523)	(125, 37.3878)	(126, 37.3311)	(127, 37.2914)	(128, 37.2144)	(129, 37.1657)	(130, 37.0975)	(131, 36.9655)	(132, 36.9702)	(133, 36.8826)	(134, 36.8695)	(135, 36.7817)	(136, 36.6792)	(137, 36.6547)	(138, 36.57)	(139, 36.4774)	(140, 36.3675)	(141, 36.3475)	(142, 36.1942)	(143, 36.2209)	(144, 36.1261)	(145, 36.0408)	(146, 35.9334)	(147, 35.8832)	(148, 35.8437)	(149, 35.7818)	(150, 35.7185)	(151, 34.1626)
reports | SRR30333752	(1, 38.0267)	(2, 38.6287)	(3, 38.7891)	(4, 38.8439)	(5, 38.8528)	(6, 38.8655)	(7, 38.8648)	(8, 38.87)	(9, 38.907)	(10, 38.8994)	(11, 38.9514)	(12, 38.8835)	(13, 38.9078)	(14, 38.9746)	(15, 38.9412)	(16, 38.9891)	(17, 38.9853)	(18, 38.9551)	(19, 38.9934)	(20, 38.9404)	(21, 38.938)	(22, 38.921)	(23, 38.9842)	(24, 38.9738)	(25, 38.9689)	(26, 38.5755)	(27, 38.5488)	(28, 38.5735)	(29, 38.5634)	(30, 38.5712)	(31, 38.5702)	(32, 38.5621)	(33, 38.5064)	(34, 38.5356)	(35, 38.5022)	(36, 38.5555)	(37, 38.5535)	(38, 38.5614)	(39, 38.5467)	(40, 38.5544)	(41, 38.5403)	(42, 38.5467)	(43, 38.5126)	(44, 38.4945)	(45, 38.5173)	(46, 38.5087)	(47, 38.4884)	(48, 38.4977)	(49, 38.5144)	(50, 38.4642)	(51, 38.4277)	(52, 38.4632)	(53, 38.4404)	(54, 38.4951)	(55, 38.5071)	(56, 38.4817)	(57, 38.496)	(58, 38.4967)	(59, 38.4684)	(60, 38.483)	(61, 38.4796)	(62, 38.4655)	(63, 38.4572)	(64, 38.4267)	(65, 38.452)	(66, 38.4401)	(67, 38.4207)	(68, 38.437)	(69, 38.416)	(70, 38.4251)	(71, 38.4112)	(72, 38.3982)	(73, 38.3907)	(74, 38.3941)	(75, 38.3868)	(76, 38.3609)	(77, 38.3704)	(78, 38.277)	(79, 38.3356)	(80, 38.3356)	(81, 38.3243)	(82, 38.2743)	(83, 38.3149)	(84, 38.2701)	(85, 38.2826)	(86, 38.3105)	(87, 38.2997)	(88, 38.2772)	(89, 38.2615)	(90, 38.2608)	(91, 38.2889)	(92, 38.2676)	(93, 38.2509)	(94, 38.2211)	(95, 38.2432)	(96, 38.2143)	(97, 38.2076)	(98, 38.1868)	(99, 38.197)	(100, 38.1774)	(101, 38.1128)	(102, 38.1046)	(103, 38.0714)	(104, 38.0441)	(105, 38.052)	(106, 38.0587)	(107, 38.0391)	(108, 38.012)	(109, 38.004)	(110, 37.9381)	(111, 37.9501)	(112, 37.8965)	(113, 37.8794)	(114, 37.866)	(115, 37.8512)	(116, 37.8135)	(117, 37.7674)	(118, 37.7442)	(119, 37.7169)	(120, 37.6482)	(121, 37.6094)	(122, 37.5843)	(123, 37.532)	(124, 37.5057)	(125, 37.4441)	(126, 37.3973)	(127, 37.362)	(128, 37.294)	(129, 37.2491)	(130, 37.1846)	(131, 37.0606)	(132, 37.0727)	(133, 36.9825)	(134, 36.9747)	(135, 36.8873)	(136, 36.7886)	(137, 36.7609)	(138, 36.6788)	(139, 36.5852)	(140, 36.465)	(141, 36.451)	(142, 36.2868)	(143, 36.3087)	(144, 36.1952)	(145, 36.1055)	(146, 35.9811)	(147, 35.9223)	(148, 35.8635)	(149, 35.7807)	(150, 35.7079)	(151, 34.4709)
reports | SRR30333753	(1, 38.3642)	(2, 38.6625)	(3, 38.8232)	(4, 38.8569)	(5, 38.846)	(6, 38.904)	(7, 38.8605)	(8, 38.8579)	(9, 38.8915)	(10, 38.8389)	(11, 38.9456)	(12, 38.7869)	(13, 38.8396)	(14, 38.8941)	(15, 38.9074)	(16, 38.9104)	(17, 38.9017)	(18, 38.8797)	(19, 38.9179)	(20, 38.8411)	(21, 38.8439)	(22, 38.8059)	(23, 38.8963)	(24, 38.8906)	(25, 38.8924)	(26, 38.4676)	(27, 38.425)	(28, 38.4635)	(29, 38.43)	(30, 38.4521)	(31, 38.4439)	(32, 38.4488)	(33, 38.3756)	(34, 38.4144)	(35, 38.3707)	(36, 38.4266)	(37, 38.4272)	(38, 38.4231)	(39, 38.4087)	(40, 38.4046)	(41, 38.3924)	(42, 38.3963)	(43, 38.3466)	(44, 38.3303)	(45, 38.382)	(46, 38.3557)	(47, 38.3268)	(48, 38.3466)	(49, 38.373)	(50, 38.298)	(51, 38.2453)	(52, 38.2997)	(53, 38.2745)	(54, 38.3331)	(55, 38.3565)	(56, 38.3098)	(57, 38.3456)	(58, 38.3427)	(59, 38.2879)	(60, 38.3317)	(61, 38.3213)	(62, 38.3068)	(63, 38.3066)	(64, 38.2655)	(65, 38.3124)	(66, 38.2919)	(67, 38.2692)	(68, 38.2931)	(69, 38.2769)	(70, 38.268)	(71, 38.2677)	(72, 38.2481)	(73, 38.2458)	(74, 38.2391)	(75, 38.2377)	(76, 38.2353)	(77, 38.2237)	(78, 38.1101)	(79, 38.1837)	(80, 38.1753)	(81, 38.1577)	(82, 38.0962)	(83, 38.1741)	(84, 38.0948)	(85, 38.0892)	(86, 38.14)	(87, 38.1331)	(88, 38.0872)	(89, 38.0907)	(90, 38.1054)	(91, 38.0935)	(92, 38.0797)	(93, 38.0563)	(94, 38.0201)	(95, 38.0317)	(96, 38.0053)	(97, 38.0076)	(98, 37.9954)	(99, 37.9592)	(100, 37.9534)	(101, 37.8752)	(102, 37.8711)	(103, 37.8259)	(104, 37.7809)	(105, 37.8011)	(106, 37.794)	(107, 37.7769)	(108, 37.7357)	(109, 37.712)	(110, 37.64)	(111, 37.6493)	(112, 37.5609)	(113, 37.5332)	(114, 37.5189)	(115, 37.4784)	(116, 37.4328)	(117, 37.3667)	(118, 37.3336)	(119, 37.2629)	(120, 37.1976)	(121, 37.1554)	(122, 37.0984)	(123, 37.0434)	(124, 36.9888)	(125, 36.904)	(126, 36.8532)	(127, 36.7829)	(128, 36.6768)	(129, 36.6321)	(130, 36.5532)	(131, 36.3626)	(132, 36.3764)	(133, 36.2839)	(134, 36.2734)	(135, 36.1563)	(136, 36.0263)	(137, 36.0013)	(138, 35.8919)	(139, 35.7663)	(140, 35.6354)	(141, 35.6411)	(142, 35.4375)	(143, 35.4591)	(144, 35.3604)	(145, 35.2553)	(146, 35.1208)	(147, 35.0745)	(148, 35.0307)	(149, 34.9282)	(150, 34.8023)	(151, 33.1675)
reports | SRR30333754	(1, 38.1257)	(2, 38.6292)	(3, 38.8055)	(4, 38.8613)	(5, 38.8308)	(6, 38.8448)	(7, 38.8108)	(8, 38.8091)	(9, 38.8415)	(10, 38.834)	(11, 38.8816)	(12, 38.7889)	(13, 38.812)	(14, 38.8784)	(15, 38.8517)	(16, 38.8823)	(17, 38.8806)	(18, 38.8558)	(19, 38.8933)	(20, 38.8303)	(21, 38.8342)	(22, 38.8081)	(23, 38.8771)	(24, 38.8723)	(25, 38.8666)	(26, 38.4397)	(27, 38.4031)	(28, 38.4288)	(29, 38.4111)	(30, 38.4221)	(31, 38.419)	(32, 38.4123)	(33, 38.3528)	(34, 38.3825)	(35, 38.344)	(36, 38.4017)	(37, 38.4007)	(38, 38.4043)	(39, 38.391)	(40, 38.3957)	(41, 38.3837)	(42, 38.3862)	(43, 38.344)	(44, 38.3243)	(45, 38.3605)	(46, 38.3441)	(47, 38.3207)	(48, 38.335)	(49, 38.3547)	(50, 38.2908)	(51, 38.2486)	(52, 38.2871)	(53, 38.2684)	(54, 38.3249)	(55, 38.3388)	(56, 38.3079)	(57, 38.3279)	(58, 38.3283)	(59, 38.2941)	(60, 38.3157)	(61, 38.3108)	(62, 38.3002)	(63, 38.2926)	(64, 38.256)	(65, 38.2895)	(66, 38.2759)	(67, 38.2485)	(68, 38.2714)	(69, 38.2537)	(70, 38.2569)	(71, 38.248)	(72, 38.2341)	(73, 38.2256)	(74, 38.2248)	(75, 38.2222)	(76, 38.2051)	(77, 38.2103)	(78, 38.0988)	(79, 38.1661)	(80, 38.1695)	(81, 38.1554)	(82, 38.1029)	(83, 38.1556)	(84, 38.0954)	(85, 38.1046)	(86, 38.141)	(87, 38.131)	(88, 38.0926)	(89, 38.0863)	(90, 38.0908)	(91, 38.1043)	(92, 38.0824)	(93, 38.0637)	(94, 38.0346)	(95, 38.0495)	(96, 38.0153)	(97, 38.0098)	(98, 37.9869)	(99, 37.982)	(100, 37.9622)	(101, 37.8885)	(102, 37.8799)	(103, 37.8402)	(104, 37.8054)	(105, 37.8116)	(106, 37.8093)	(107, 37.7814)	(108, 37.7436)	(109, 37.7211)	(110, 37.6497)	(111, 37.6529)	(112, 37.5792)	(113, 37.5537)	(114, 37.5286)	(115, 37.4947)	(116, 37.4414)	(117, 37.3838)	(118, 37.3466)	(119, 37.2919)	(120, 37.2173)	(121, 37.1657)	(122, 37.1162)	(123, 37.0562)	(124, 37.0025)	(125, 36.9276)	(126, 36.86)	(127, 36.815)	(128, 36.7179)	(129, 36.6652)	(130, 36.5877)	(131, 36.4307)	(132, 36.4294)	(133, 36.3312)	(134, 36.3192)	(135, 36.2175)	(136, 36.1021)	(137, 36.0701)	(138, 35.9829)	(139, 35.8765)	(140, 35.7543)	(141, 35.7379)	(142, 35.567)	(143, 35.5937)	(144, 35.486)	(145, 35.4016)	(146, 35.2883)	(147, 35.2463)	(148, 35.2018)	(149, 35.1269)	(150, 35.0488)	(151, 33.3215)
reports | SRR30333755	(1, 38.3134)	(2, 38.5471)	(3, 38.7433)	(4, 38.7733)	(5, 38.7614)	(6, 38.844)	(7, 38.8001)	(8, 38.8184)	(9, 38.838)	(10, 38.7822)	(11, 38.9023)	(12, 38.7385)	(13, 38.8017)	(14, 38.8365)	(15, 38.86)	(16, 38.865)	(17, 38.8461)	(18, 38.8364)	(19, 38.8639)	(20, 38.7986)	(21, 38.7962)	(22, 38.7685)	(23, 38.8538)	(24, 38.8462)	(25, 38.8466)	(26, 38.4007)	(27, 38.3673)	(28, 38.399)	(29, 38.3632)	(30, 38.3905)	(31, 38.3759)	(32, 38.3823)	(33, 38.3142)	(34, 38.3486)	(35, 38.3108)	(36, 38.3552)	(37, 38.3568)	(38, 38.3535)	(39, 38.3378)	(40, 38.3294)	(41, 38.3192)	(42, 38.3244)	(43, 38.2807)	(44, 38.2643)	(45, 38.311)	(46, 38.2873)	(47, 38.2643)	(48, 38.2798)	(49, 38.3041)	(50, 38.239)	(51, 38.1901)	(52, 38.2385)	(53, 38.2113)	(54, 38.2602)	(55, 38.2879)	(56, 38.2477)	(57, 38.2788)	(58, 38.273)	(59, 38.2194)	(60, 38.2664)	(61, 38.2499)	(62, 38.2349)	(63, 38.2372)	(64, 38.2006)	(65, 38.2451)	(66, 38.2198)	(67, 38.2017)	(68, 38.2214)	(69, 38.2007)	(70, 38.1924)	(71, 38.1909)	(72, 38.1755)	(73, 38.1691)	(74, 38.1663)	(75, 38.1603)	(76, 38.1531)	(77, 38.1427)	(78, 38.0461)	(79, 38.1048)	(80, 38.0919)	(81, 38.0757)	(82, 38.0149)	(83, 38.0912)	(84, 38.0151)	(85, 38.0068)	(86, 38.0472)	(87, 38.0375)	(88, 37.9993)	(89, 37.9983)	(90, 38.0059)	(91, 37.9925)	(92, 37.9746)	(93, 37.9547)	(94, 37.9111)	(95, 37.9188)	(96, 37.897)	(97, 37.8958)	(98, 37.8782)	(99, 37.8352)	(100, 37.8302)	(101, 37.757)	(102, 37.748)	(103, 37.6955)	(104, 37.65)	(105, 37.6641)	(106, 37.6461)	(107, 37.6317)	(108, 37.5832)	(109, 37.5535)	(110, 37.4798)	(111, 37.4802)	(112, 37.3962)	(113, 37.3496)	(114, 37.3315)	(115, 37.2855)	(116, 37.2327)	(117, 37.1556)	(118, 37.1177)	(119, 37.0378)	(120, 36.9689)	(121, 36.9094)	(122, 36.8541)	(123, 36.7863)	(124, 36.7123)	(125, 36.6095)	(126, 36.5548)	(127, 36.4693)	(128, 36.3623)	(129, 36.298)	(130, 36.2048)	(131, 36.0133)	(132, 36.0013)	(133, 35.9036)	(134, 35.8671)	(135, 35.7415)	(136, 35.5938)	(137, 35.5553)	(138, 35.4274)	(139, 35.2901)	(140, 35.1538)	(141, 35.1251)	(142, 34.9273)	(143, 34.9012)	(144, 34.8006)	(145, 34.6695)	(146, 34.5448)	(147, 34.4684)	(148, 34.3941)	(149, 34.2806)	(150, 34.1334)	(151, 32.5007)
reports | SRR30333756	(1, 38.1978)	(2, 38.6602)	(3, 38.7945)	(4, 38.8419)	(5, 38.8359)	(6, 38.8445)	(7, 38.8358)	(8, 38.82)	(9, 38.858)	(10, 38.8299)	(11, 38.8888)	(12, 38.7926)	(13, 38.8132)	(14, 38.8844)	(15, 38.8624)	(16, 38.8851)	(17, 38.8878)	(18, 38.8569)	(19, 38.8986)	(20, 38.829)	(21, 38.8355)	(22, 38.7994)	(23, 38.875)	(24, 38.8708)	(25, 38.8678)	(26, 38.4393)	(27, 38.3987)	(28, 38.4293)	(29, 38.4119)	(30, 38.4224)	(31, 38.4191)	(32, 38.412)	(33, 38.347)	(34, 38.3806)	(35, 38.3428)	(36, 38.4012)	(37, 38.4)	(38, 38.4017)	(39, 38.3886)	(40, 38.3906)	(41, 38.3769)	(42, 38.3814)	(43, 38.3353)	(44, 38.3151)	(45, 38.3572)	(46, 38.3365)	(47, 38.3118)	(48, 38.3286)	(49, 38.3516)	(50, 38.2821)	(51, 38.238)	(52, 38.2823)	(53, 38.2617)	(54, 38.3263)	(55, 38.3377)	(56, 38.301)	(57, 38.3266)	(58, 38.3273)	(59, 38.2877)	(60, 38.3113)	(61, 38.3101)	(62, 38.2978)	(63, 38.2913)	(64, 38.2511)	(65, 38.2897)	(66, 38.2742)	(67, 38.2495)	(68, 38.2728)	(69, 38.2577)	(70, 38.2577)	(71, 38.2517)	(72, 38.2338)	(73, 38.2286)	(74, 38.2244)	(75, 38.2227)	(76, 38.2097)	(77, 38.2136)	(78, 38.0966)	(79, 38.1714)	(80, 38.1711)	(81, 38.1577)	(82, 38.1046)	(83, 38.1622)	(84, 38.0967)	(85, 38.1053)	(86, 38.1503)	(87, 38.1446)	(88, 38.1051)	(89, 38.1025)	(90, 38.114)	(91, 38.1284)	(92, 38.1101)	(93, 38.0934)	(94, 38.0687)	(95, 38.0878)	(96, 38.0571)	(97, 38.0581)	(98, 38.0465)	(99, 38.0437)	(100, 38.0341)	(101, 37.9615)	(102, 37.9602)	(103, 37.9323)	(104, 37.9006)	(105, 37.918)	(106, 37.9269)	(107, 37.9104)	(108, 37.8868)	(109, 37.8763)	(110, 37.8142)	(111, 37.8322)	(112, 37.7673)	(113, 37.7596)	(114, 37.7475)	(115, 37.7262)	(116, 37.6928)	(117, 37.6461)	(118, 37.6253)	(119, 37.5829)	(120, 37.5227)	(121, 37.4905)	(122, 37.4544)	(123, 37.4098)	(124, 37.3781)	(125, 37.3233)	(126, 37.2701)	(127, 37.2338)	(128, 37.1526)	(129, 37.1125)	(130, 37.0401)	(131, 36.8922)	(132, 36.9103)	(133, 36.8222)	(134, 36.817)	(135, 36.7253)	(136, 36.6099)	(137, 36.594)	(138, 36.5124)	(139, 36.4078)	(140, 36.294)	(141, 36.2832)	(142, 36.103)	(143, 36.1402)	(144, 36.0375)	(145, 35.9436)	(146, 35.8102)	(147, 35.7886)	(148, 35.7338)	(149, 35.651)	(150, 35.5663)	(151, 34.299)
reports | SRR30333757	(1, 35.546)	(2, 35.8537)	(3, 35.9406)	(4, 35.9503)	(5, 35.9404)	(6, 35.9667)	(7, 35.9202)	(8, 35.9963)	(9, 36.0331)	(10, 35.943)	(11, 36.0328)	(12, 35.9552)	(13, 35.9962)	(14, 35.9561)	(15, 35.9428)	(16, 35.9523)	(17, 35.9198)	(18, 35.9249)	(19, 35.9245)	(20, 35.9252)	(21, 35.9312)	(22, 35.9117)	(23, 35.8902)	(24, 35.8833)	(25, 35.8897)	(26, 35.8548)	(27, 35.8493)	(28, 35.8474)	(29, 35.8459)	(30, 35.8259)	(31, 35.8216)	(32, 35.8094)	(33, 35.8083)	(34, 35.7965)	(35, 35.771)	(36, 35.764)	(37, 35.777)	(38, 35.7505)	(39, 35.7577)	(40, 35.7473)	(41, 35.7353)	(42, 35.7304)	(43, 35.7358)	(44, 35.7287)	(45, 35.7034)	(46, 35.7295)	(47, 35.6969)	(48, 35.6998)	(49, 35.6919)	(50, 35.6673)	(51, 35.6522)	(52, 35.6601)	(53, 35.6504)	(54, 35.6544)	(55, 35.6451)	(56, 35.6219)	(57, 35.6022)	(58, 35.5914)	(59, 35.5978)	(60, 35.5797)	(61, 35.5839)	(62, 35.5731)	(63, 35.5647)	(64, 35.5527)	(65, 35.5385)	(66, 35.5471)	(67, 35.5059)	(68, 35.5244)	(69, 35.5087)	(70, 35.4927)	(71, 35.4905)	(72, 35.4682)	(73, 35.4396)	(74, 35.4544)	(75, 35.4458)	(76, 35.4318)	(77, 35.4615)	(78, 35.4257)	(79, 35.4119)	(80, 35.3711)	(81, 35.3755)	(82, 35.3816)	(83, 35.3675)	(84, 35.3507)	(85, 35.3419)	(86, 35.3372)	(87, 35.3098)	(88, 35.3104)	(89, 35.2766)	(90, 35.2759)	(91, 35.2976)	(92, 35.2818)	(93, 35.2643)	(94, 35.2198)	(95, 35.2019)	(96, 35.2325)	(97, 35.2174)	(98, 35.1906)	(99, 35.1618)	(100, 35.2118)	(101, 35.1493)	(102, 35.1504)	(103, 35.1107)	(104, 35.1237)	(105, 35.0942)	(106, 35.0861)	(107, 35.082)	(108, 35.0739)	(109, 35.0755)	(110, 35.0077)	(111, 34.9914)	(112, 34.9674)	(113, 34.9726)	(114, 34.9569)	(115, 34.9328)	(116, 34.8928)	(117, 34.8905)	(118, 34.9089)	(119, 34.8834)	(120, 34.8436)	(121, 34.8162)	(122, 34.82)	(123, 34.8069)	(124, 34.745)	(125, 34.7697)	(126, 34.7778)	(127, 34.7592)	(128, 34.7278)	(129, 34.6769)	(130, 34.6025)	(131, 34.589)	(132, 34.6037)	(133, 34.5794)	(134, 34.579)	(135, 34.5409)	(136, 34.4755)	(137, 34.49)	(138, 34.4298)	(139, 34.3784)	(140, 34.4355)	(141, 34.3701)	(142, 34.2802)	(143, 34.3521)	(144, 34.3104)	(145, 34.2591)	(146, 34.2205)	(147, 34.2355)	(148, 34.2172)	(149, 34.1285)	(150, 34.0493)	(151, 33.2625)
reports | SRR30333758	(1, 35.3612)	(2, 35.8173)	(3, 35.8962)	(4, 35.8995)	(5, 35.9104)	(6, 35.9115)	(7, 35.9007)	(8, 35.9542)	(9, 35.9649)	(10, 35.9141)	(11, 35.9764)	(12, 35.9206)	(13, 35.9426)	(14, 35.9144)	(15, 35.9057)	(16, 35.9125)	(17, 35.8896)	(18, 35.8906)	(19, 35.8926)	(20, 35.8977)	(21, 35.9022)	(22, 35.8809)	(23, 35.8579)	(24, 35.8542)	(25, 35.8525)	(26, 35.8221)	(27, 35.8196)	(28, 35.8201)	(29, 35.8136)	(30, 35.7884)	(31, 35.788)	(32, 35.7791)	(33, 35.7741)	(34, 35.7667)	(35, 35.7417)	(36, 35.7314)	(37, 35.7267)	(38, 35.7212)	(39, 35.7272)	(40, 35.7175)	(41, 35.7114)	(42, 35.7055)	(43, 35.7116)	(44, 35.7056)	(45, 35.6718)	(46, 35.7048)	(47, 35.6744)	(48, 35.6636)	(49, 35.6585)	(50, 35.6403)	(51, 35.6409)	(52, 35.639)	(53, 35.6129)	(54, 35.6254)	(55, 35.6231)	(56, 35.6041)	(57, 35.5814)	(58, 35.5727)	(59, 35.567)	(60, 35.5699)	(61, 35.5739)	(62, 35.5466)	(63, 35.5573)	(64, 35.5288)	(65, 35.5343)	(66, 35.5165)	(67, 35.5027)	(68, 35.5095)	(69, 35.4973)	(70, 35.4724)	(71, 35.4801)	(72, 35.4571)	(73, 35.4384)	(74, 35.4482)	(75, 35.4324)	(76, 35.4257)	(77, 35.442)	(78, 35.4116)	(79, 35.3978)	(80, 35.366)	(81, 35.3673)	(82, 35.367)	(83, 35.3581)	(84, 35.332)	(85, 35.3468)	(86, 35.3572)	(87, 35.3065)	(88, 35.2828)	(89, 35.2766)	(90, 35.2662)	(91, 35.2837)	(92, 35.2749)	(93, 35.2518)	(94, 35.2062)	(95, 35.2101)	(96, 35.2355)	(97, 35.2147)	(98, 35.2138)	(99, 35.1725)	(100, 35.2007)	(101, 35.1368)	(102, 35.1205)	(103, 35.1216)	(104, 35.1267)	(105, 35.1307)	(106, 35.0902)	(107, 35.0656)	(108, 35.083)	(109, 35.0686)	(110, 35.0061)	(111, 34.9816)	(112, 34.9579)	(113, 34.9699)	(114, 35.0026)	(115, 34.9734)	(116, 34.8733)	(117, 34.8797)	(118, 34.9151)	(119, 34.8642)	(120, 34.8152)	(121, 34.8282)	(122, 34.8387)	(123, 34.8399)	(124, 34.7476)	(125, 34.7477)	(126, 34.7693)	(127, 34.748)	(128, 34.6866)	(129, 34.6432)	(130, 34.6187)	(131, 34.5766)	(132, 34.5586)	(133, 34.5725)	(134, 34.584)	(135, 34.5324)	(136, 34.5124)	(137, 34.5235)	(138, 34.4782)	(139, 34.4175)	(140, 34.4343)	(141, 34.3835)	(142, 34.3268)	(143, 34.3638)	(144, 34.355)	(145, 34.3881)	(146, 34.2905)	(147, 34.2996)	(148, 34.3216)	(149, 34.2153)	(150, 34.1241)	(151, 33.3515)
reports | SRR30333759	(1, 35.5757)	(2, 35.9642)	(3, 36.0062)	(4, 36.0117)	(5, 36.002)	(6, 36.0169)	(7, 35.9921)	(8, 36.0633)	(9, 36.0926)	(10, 36.0084)	(11, 36.0904)	(12, 36.0275)	(13, 36.0548)	(14, 36.0187)	(15, 36.0069)	(16, 36.0162)	(17, 35.9885)	(18, 35.9916)	(19, 35.9946)	(20, 35.9945)	(21, 36.0001)	(22, 35.9806)	(23, 35.9539)	(24, 35.9511)	(25, 35.9517)	(26, 35.9183)	(27, 35.9136)	(28, 35.9109)	(29, 35.912)	(30, 35.8864)	(31, 35.8865)	(32, 35.8725)	(33, 35.8735)	(34, 35.8599)	(35, 35.8347)	(36, 35.8245)	(37, 35.8314)	(38, 35.8132)	(39, 35.8223)	(40, 35.8151)	(41, 35.802)	(42, 35.7978)	(43, 35.8013)	(44, 35.7945)	(45, 35.7687)	(46, 35.7938)	(47, 35.7599)	(48, 35.7596)	(49, 35.7556)	(50, 35.7271)	(51, 35.7163)	(52, 35.7264)	(53, 35.7038)	(54, 35.7083)	(55, 35.7062)	(56, 35.6906)	(57, 35.6667)	(58, 35.6552)	(59, 35.6605)	(60, 35.6471)	(61, 35.646)	(62, 35.6318)	(63, 35.6259)	(64, 35.6149)	(65, 35.603)	(66, 35.6018)	(67, 35.5695)	(68, 35.5886)	(69, 35.5708)	(70, 35.5521)	(71, 35.5493)	(72, 35.5305)	(73, 35.5057)	(74, 35.5129)	(75, 35.5106)	(76, 35.4985)	(77, 35.5185)	(78, 35.4797)	(79, 35.4731)	(80, 35.4299)	(81, 35.4386)	(82, 35.4416)	(83, 35.429)	(84, 35.4104)	(85, 35.4046)	(86, 35.3999)	(87, 35.3714)	(88, 35.3627)	(89, 35.3443)	(90, 35.332)	(91, 35.3542)	(92, 35.3474)	(93, 35.3234)	(94, 35.2764)	(95, 35.2606)	(96, 35.2908)	(97, 35.2775)	(98, 35.2518)	(99, 35.2144)	(100, 35.2619)	(101, 35.1991)	(102, 35.1923)	(103, 35.1676)	(104, 35.1735)	(105, 35.1501)	(106, 35.1403)	(107, 35.1224)	(108, 35.1167)	(109, 35.1212)	(110, 35.0569)	(111, 35.0287)	(112, 35.0063)	(113, 35.0207)	(114, 35.0078)	(115, 34.9783)	(116, 34.9244)	(117, 34.9264)	(118, 34.941)	(119, 34.9155)	(120, 34.8656)	(121, 34.8444)	(122, 34.8535)	(123, 34.8448)	(124, 34.7702)	(125, 34.7848)	(126, 34.7896)	(127, 34.7759)	(128, 34.7325)	(129, 34.6892)	(130, 34.6227)	(131, 34.6054)	(132, 34.6044)	(133, 34.5956)	(134, 34.5931)	(135, 34.5582)	(136, 34.5044)	(137, 34.4991)	(138, 34.4569)	(139, 34.3895)	(140, 34.4414)	(141, 34.3816)	(142, 34.2877)	(143, 34.3525)	(144, 34.3316)	(145, 34.3038)	(146, 34.2514)	(147, 34.2543)	(148, 34.2434)	(149, 34.1546)	(150, 34.0775)	(151, 33.3722)
reports | SRR30333760	(1, 35.3654)	(2, 35.7855)	(3, 35.8196)	(4, 35.7968)	(5, 35.8236)	(6, 35.8493)	(7, 35.7907)	(8, 35.8821)	(9, 35.9081)	(10, 35.8248)	(11, 35.8967)	(12, 35.8348)	(13, 35.8722)	(14, 35.8216)	(15, 35.8086)	(16, 35.8303)	(17, 35.8199)	(18, 35.819)	(19, 35.816)	(20, 35.8179)	(21, 35.8295)	(22, 35.8063)	(23, 35.786)	(24, 35.7738)	(25, 35.7735)	(26, 35.7295)	(27, 35.7217)	(28, 35.728)	(29, 35.7215)	(30, 35.7093)	(31, 35.7048)	(32, 35.6913)	(33, 35.6894)	(34, 35.6807)	(35, 35.6546)	(36, 35.6555)	(37, 35.6659)	(38, 35.6349)	(39, 35.6462)	(40, 35.6439)	(41, 35.6217)	(42, 35.6256)	(43, 35.6304)	(44, 35.6073)	(45, 35.5987)	(46, 35.6313)	(47, 35.5862)	(48, 35.5956)	(49, 35.5896)	(50, 35.5643)	(51, 35.5484)	(52, 35.5731)	(53, 35.5605)	(54, 35.5274)	(55, 35.5307)	(56, 35.5225)	(57, 35.4949)	(58, 35.484)	(59, 35.5018)	(60, 35.4682)	(61, 35.4714)	(62, 35.4785)	(63, 35.4587)	(64, 35.4698)	(65, 35.4531)	(66, 35.4516)	(67, 35.4119)	(68, 35.4221)	(69, 35.4055)	(70, 35.3932)	(71, 35.3851)	(72, 35.3713)	(73, 35.349)	(74, 35.3531)	(75, 35.3377)	(76, 35.3316)	(77, 35.3441)	(78, 35.3143)	(79, 35.3218)	(80, 35.2817)	(81, 35.2813)	(82, 35.2882)	(83, 35.2791)	(84, 35.2726)	(85, 35.2466)	(86, 35.2468)	(87, 35.2157)	(88, 35.2184)	(89, 35.1755)	(90, 35.197)	(91, 35.2069)	(92, 35.1848)	(93, 35.1599)	(94, 35.1091)	(95, 35.102)	(96, 35.1293)	(97, 35.136)	(98, 35.1064)	(99, 35.0566)	(100, 35.1141)	(101, 35.0713)	(102, 35.0605)	(103, 35.0266)	(104, 35.0302)	(105, 35.0114)	(106, 34.9821)	(107, 34.9655)	(108, 34.9649)	(109, 34.9603)	(110, 34.908)	(111, 34.9134)	(112, 34.8953)	(113, 34.8955)	(114, 34.8683)	(115, 34.8424)	(116, 34.799)	(117, 34.7908)	(118, 34.7986)	(119, 34.7759)	(120, 34.7452)	(121, 34.7114)	(122, 34.6983)	(123, 34.6732)	(124, 34.6256)	(125, 34.6406)	(126, 34.6292)	(127, 34.6552)	(128, 34.6319)	(129, 34.5582)	(130, 34.5133)	(131, 34.5261)	(132, 34.5241)	(133, 34.4607)	(134, 34.4597)	(135, 34.4362)	(136, 34.3936)	(137, 34.4029)	(138, 34.3439)	(139, 34.2726)	(140, 34.3362)	(141, 34.2993)	(142, 34.1756)	(143, 34.255)	(144, 34.2393)	(145, 34.1915)	(146, 34.1392)	(147, 34.1264)	(148, 34.1334)	(149, 34.0644)	(150, 33.9642)	(151, 33.1864)
reports | SRR30333761	(1, 35.7067)	(2, 35.9686)	(3, 36.0158)	(4, 36.0178)	(5, 36.0028)	(6, 36.026)	(7, 35.995)	(8, 36.0726)	(9, 36.0995)	(10, 36.0023)	(11, 36.0979)	(12, 36.0336)	(13, 36.0597)	(14, 36.0193)	(15, 36.0075)	(16, 36.0226)	(17, 35.9965)	(18, 35.9911)	(19, 35.9979)	(20, 35.9978)	(21, 35.9971)	(22, 35.9783)	(23, 35.9563)	(24, 35.9484)	(25, 35.952)	(26, 35.9232)	(27, 35.915)	(28, 35.9185)	(29, 35.9117)	(30, 35.8871)	(31, 35.8902)	(32, 35.8791)	(33, 35.8766)	(34, 35.8595)	(35, 35.837)	(36, 35.8326)	(37, 35.8395)	(38, 35.8222)	(39, 35.8299)	(40, 35.82)	(41, 35.8099)	(42, 35.8068)	(43, 35.8121)	(44, 35.8032)	(45, 35.781)	(46, 35.806)	(47, 35.775)	(48, 35.7694)	(49, 35.7624)	(50, 35.7391)	(51, 35.7289)	(52, 35.7328)	(53, 35.7229)	(54, 35.725)	(55, 35.7186)	(56, 35.6962)	(57, 35.679)	(58, 35.6697)	(59, 35.6769)	(60, 35.6553)	(61, 35.6576)	(62, 35.647)	(63, 35.6431)	(64, 35.6301)	(65, 35.6246)	(66, 35.6237)	(67, 35.5853)	(68, 35.6064)	(69, 35.5918)	(70, 35.5693)	(71, 35.5654)	(72, 35.544)	(73, 35.5197)	(74, 35.53)	(75, 35.5252)	(76, 35.5077)	(77, 35.5379)	(78, 35.5032)	(79, 35.491)	(80, 35.4501)	(81, 35.459)	(82, 35.4617)	(83, 35.4476)	(84, 35.4395)	(85, 35.4267)	(86, 35.4191)	(87, 35.39)	(88, 35.399)	(89, 35.363)	(90, 35.3628)	(91, 35.3751)	(92, 35.3654)	(93, 35.3533)	(94, 35.3042)	(95, 35.2876)	(96, 35.3109)	(97, 35.3054)	(98, 35.2834)	(99, 35.2502)	(100, 35.2948)	(101, 35.2322)	(102, 35.2255)	(103, 35.1976)	(104, 35.2059)	(105, 35.1745)	(106, 35.1593)	(107, 35.159)	(108, 35.1431)	(109, 35.1515)	(110, 35.0917)	(111, 35.0609)	(112, 35.0414)	(113, 35.0517)	(114, 35.0354)	(115, 35.0122)	(116, 34.9623)	(117, 34.9588)	(118, 34.9719)	(119, 34.9453)	(120, 34.8981)	(121, 34.8732)	(122, 34.8928)	(123, 34.8789)	(124, 34.8061)	(125, 34.825)	(126, 34.8182)	(127, 34.8142)	(128, 34.787)	(129, 34.7321)	(130, 34.6695)	(131, 34.6484)	(132, 34.6547)	(133, 34.6401)	(134, 34.6502)	(135, 34.6024)	(136, 34.5374)	(137, 34.5563)	(138, 34.5076)	(139, 34.4425)	(140, 34.5034)	(141, 34.4435)	(142, 34.3502)	(143, 34.4244)	(144, 34.3898)	(145, 34.364)	(146, 34.3126)	(147, 34.3133)	(148, 34.3137)	(149, 34.2308)	(150, 34.1349)	(151, 33.3356)
reports | SRR30333762	(1, 35.4844)	(2, 35.8164)	(3, 35.8698)	(4, 35.8488)	(5, 35.8887)	(6, 35.9068)	(7, 35.8366)	(8, 35.9398)	(9, 35.973)	(10, 35.8938)	(11, 35.9777)	(12, 35.8993)	(13, 35.9492)	(14, 35.8994)	(15, 35.8872)	(16, 35.9119)	(17, 35.8927)	(18, 35.8936)	(19, 35.8893)	(20, 35.8934)	(21, 35.9066)	(22, 35.8858)	(23, 35.8649)	(24, 35.8529)	(25, 35.8552)	(26, 35.8071)	(27, 35.8045)	(28, 35.8052)	(29, 35.8027)	(30, 35.7892)	(31, 35.7824)	(32, 35.7672)	(33, 35.769)	(34, 35.7627)	(35, 35.7348)	(36, 35.7331)	(37, 35.7462)	(38, 35.7181)	(39, 35.7288)	(40, 35.7252)	(41, 35.7108)	(42, 35.7141)	(43, 35.7178)	(44, 35.6985)	(45, 35.6852)	(46, 35.7246)	(47, 35.6822)	(48, 35.6878)	(49, 35.6805)	(50, 35.6584)	(51, 35.6409)	(52, 35.6631)	(53, 35.6506)	(54, 35.6246)	(55, 35.6246)	(56, 35.6087)	(57, 35.5853)	(58, 35.5783)	(59, 35.5928)	(60, 35.5648)	(61, 35.5719)	(62, 35.5707)	(63, 35.5577)	(64, 35.5617)	(65, 35.5489)	(66, 35.5438)	(67, 35.5063)	(68, 35.516)	(69, 35.4999)	(70, 35.4886)	(71, 35.4825)	(72, 35.4677)	(73, 35.4471)	(74, 35.4577)	(75, 35.4363)	(76, 35.4289)	(77, 35.4458)	(78, 35.4196)	(79, 35.4231)	(80, 35.3812)	(81, 35.3833)	(82, 35.3873)	(83, 35.3793)	(84, 35.3742)	(85, 35.3476)	(86, 35.3493)	(87, 35.3209)	(88, 35.3229)	(89, 35.2834)	(90, 35.3026)	(91, 35.3141)	(92, 35.2948)	(93, 35.2743)	(94, 35.2274)	(95, 35.2146)	(96, 35.2407)	(97, 35.2457)	(98, 35.2186)	(99, 35.1757)	(100, 35.2322)	(101, 35.1927)	(102, 35.1802)	(103, 35.1452)	(104, 35.1517)	(105, 35.1372)	(106, 35.1086)	(107, 35.096)	(108, 35.0939)	(109, 35.0911)	(110, 35.0384)	(111, 35.0445)	(112, 35.0336)	(113, 35.0363)	(114, 35.0096)	(115, 34.9919)	(116, 34.9551)	(117, 34.9411)	(118, 34.9565)	(119, 34.9381)	(120, 34.905)	(121, 34.8826)	(122, 34.8747)	(123, 34.8503)	(124, 34.8032)	(125, 34.8246)	(126, 34.8212)	(127, 34.843)	(128, 34.8206)	(129, 34.7554)	(130, 34.7127)	(131, 34.7255)	(132, 34.7286)	(133, 34.6737)	(134, 34.6823)	(135, 34.6523)	(136, 34.6131)	(137, 34.6345)	(138, 34.5789)	(139, 34.5206)	(140, 34.5818)	(141, 34.5389)	(142, 34.4324)	(143, 34.5113)	(144, 34.4883)	(145, 34.451)	(146, 34.4006)	(147, 34.3911)	(148, 34.3971)	(149, 34.3344)	(150, 34.2357)	(151, 33.5095)
reports | SRR30333763	(1, 35.3001)	(2, 35.8283)	(3, 35.8684)	(4, 35.8574)	(5, 35.8948)	(6, 35.924)	(7, 35.829)	(8, 35.9342)	(9, 35.9675)	(10, 35.8879)	(11, 35.9606)	(12, 35.877)	(13, 35.9341)	(14, 35.8781)	(15, 35.8619)	(16, 35.8883)	(17, 35.8744)	(18, 35.8821)	(19, 35.8655)	(20, 35.8705)	(21, 35.8921)	(22, 35.8682)	(23, 35.853)	(24, 35.8358)	(25, 35.838)	(26, 35.7887)	(27, 35.7805)	(28, 35.7833)	(29, 35.7809)	(30, 35.7737)	(31, 35.7616)	(32, 35.7432)	(33, 35.7527)	(34, 35.745)	(35, 35.7194)	(36, 35.721)	(37, 35.7395)	(38, 35.7009)	(39, 35.7104)	(40, 35.7115)	(41, 35.6869)	(42, 35.6982)	(43, 35.6965)	(44, 35.6707)	(45, 35.6699)	(46, 35.7027)	(47, 35.6602)	(48, 35.6759)	(49, 35.6695)	(50, 35.6435)	(51, 35.6174)	(52, 35.6511)	(53, 35.6458)	(54, 35.599)	(55, 35.6019)	(56, 35.6008)	(57, 35.57)	(58, 35.5613)	(59, 35.585)	(60, 35.5433)	(61, 35.5445)	(62, 35.5625)	(63, 35.5341)	(64, 35.5573)	(65, 35.5347)	(66, 35.5364)	(67, 35.4912)	(68, 35.5041)	(69, 35.4864)	(70, 35.4811)	(71, 35.4693)	(72, 35.4552)	(73, 35.4341)	(74, 35.4403)	(75, 35.4213)	(76, 35.4177)	(77, 35.4311)	(78, 35.4015)	(79, 35.4177)	(80, 35.3768)	(81, 35.3741)	(82, 35.3813)	(83, 35.3756)	(84, 35.3722)	(85, 35.3342)	(86, 35.3322)	(87, 35.3097)	(88, 35.3215)	(89, 35.2722)	(90, 35.3036)	(91, 35.308)	(92, 35.2842)	(93, 35.2564)	(94, 35.2079)	(95, 35.1961)	(96, 35.2273)	(97, 35.2367)	(98, 35.1988)	(99, 35.149)	(100, 35.2165)	(101, 35.1827)	(102, 35.1759)	(103, 35.1249)	(104, 35.1281)	(105, 35.102)	(106, 35.0789)	(107, 35.07)	(108, 35.0599)	(109, 35.0583)	(110, 35.0115)	(111, 35.0254)	(112, 35.0125)	(113, 35.0055)	(114, 34.955)	(115, 34.9326)	(116, 34.9126)	(117, 34.8934)	(118, 34.8911)	(119, 34.8835)	(120, 34.8584)	(121, 34.807)	(122, 34.7878)	(123, 34.7493)	(124, 34.72)	(125, 34.7393)	(126, 34.7193)	(127, 34.757)	(128, 34.7458)	(129, 34.6669)	(130, 34.6164)	(131, 34.6466)	(132, 34.6605)	(133, 34.5659)	(134, 34.5532)	(135, 34.5481)	(136, 34.4945)	(137, 34.5026)	(138, 34.4358)	(139, 34.3699)	(140, 34.4494)	(141, 34.4231)	(142, 34.2877)	(143, 34.3748)	(144, 34.3511)	(145, 34.2757)	(146, 34.241)	(147, 34.2244)	(148, 34.2255)	(149, 34.1732)	(150, 34.0778)	(151, 33.2863)
reports | SRR30333764	(1, 35.4426)	(2, 35.8927)	(3, 35.9177)	(4, 35.9088)	(5, 35.9389)	(6, 35.9604)	(7, 35.8977)	(8, 35.9857)	(9, 36.0099)	(10, 35.9296)	(11, 36.0064)	(12, 35.9333)	(13, 35.9805)	(14, 35.9295)	(15, 35.9147)	(16, 35.9401)	(17, 35.9244)	(18, 35.9261)	(19, 35.9149)	(20, 35.9212)	(21, 35.9351)	(22, 35.9139)	(23, 35.8955)	(24, 35.8817)	(25, 35.8835)	(26, 35.8362)	(27, 35.833)	(28, 35.8369)	(29, 35.8317)	(30, 35.8164)	(31, 35.808)	(32, 35.7923)	(33, 35.7978)	(34, 35.7891)	(35, 35.7624)	(36, 35.7623)	(37, 35.7746)	(38, 35.7459)	(39, 35.7553)	(40, 35.7521)	(41, 35.7345)	(42, 35.7384)	(43, 35.7417)	(44, 35.7202)	(45, 35.7078)	(46, 35.7443)	(47, 35.7028)	(48, 35.7106)	(49, 35.7053)	(50, 35.6796)	(51, 35.6609)	(52, 35.6868)	(53, 35.6763)	(54, 35.6439)	(55, 35.6498)	(56, 35.6369)	(57, 35.6112)	(58, 35.6031)	(59, 35.6175)	(60, 35.5872)	(61, 35.5922)	(62, 35.5953)	(63, 35.5797)	(64, 35.5877)	(65, 35.5728)	(66, 35.5672)	(67, 35.5292)	(68, 35.5415)	(69, 35.5271)	(70, 35.5149)	(71, 35.5087)	(72, 35.4906)	(73, 35.4719)	(74, 35.4782)	(75, 35.4591)	(76, 35.456)	(77, 35.4688)	(78, 35.4406)	(79, 35.4461)	(80, 35.405)	(81, 35.4055)	(82, 35.4122)	(83, 35.4043)	(84, 35.3963)	(85, 35.3728)	(86, 35.3724)	(87, 35.3438)	(88, 35.3479)	(89, 35.3068)	(90, 35.3278)	(91, 35.3349)	(92, 35.3164)	(93, 35.2916)	(94, 35.2451)	(95, 35.2341)	(96, 35.2619)	(97, 35.2669)	(98, 35.239)	(99, 35.1894)	(100, 35.2481)	(101, 35.2069)	(102, 35.1945)	(103, 35.1589)	(104, 35.1649)	(105, 35.1448)	(106, 35.1148)	(107, 35.1045)	(108, 35.0991)	(109, 35.0959)	(110, 35.0431)	(111, 35.0445)	(112, 35.0309)	(113, 35.0329)	(114, 35.0057)	(115, 34.9813)	(116, 34.94)	(117, 34.9284)	(118, 34.9395)	(119, 34.9152)	(120, 34.8834)	(121, 34.852)	(122, 34.8454)	(123, 34.8176)	(124, 34.7701)	(125, 34.7846)	(126, 34.7737)	(127, 34.8013)	(128, 34.7762)	(129, 34.7082)	(130, 34.6614)	(131, 34.6742)	(132, 34.6775)	(133, 34.6134)	(134, 34.6199)	(135, 34.5897)	(136, 34.5481)	(137, 34.5666)	(138, 34.5033)	(139, 34.4408)	(140, 34.5012)	(141, 34.4659)	(142, 34.3525)	(143, 34.4302)	(144, 34.4082)	(145, 34.3679)	(146, 34.3157)	(147, 34.3069)	(148, 34.3165)	(149, 34.2535)	(150, 34.1538)	(151, 33.3872)
reports | SRR30333765	(1, 35.5143)	(2, 35.8548)	(3, 35.9333)	(4, 35.9269)	(5, 35.9111)	(6, 35.9356)	(7, 35.8991)	(8, 35.9779)	(9, 36.0089)	(10, 35.9093)	(11, 36.007)	(12, 35.9349)	(13, 35.9681)	(14, 35.9266)	(15, 35.9146)	(16, 35.9287)	(17, 35.8992)	(18, 35.8959)	(19, 35.8981)	(20, 35.8972)	(21, 35.9028)	(22, 35.8835)	(23, 35.8629)	(24, 35.8557)	(25, 35.862)	(26, 35.8271)	(27, 35.8185)	(28, 35.8219)	(29, 35.8161)	(30, 35.7927)	(31, 35.7929)	(32, 35.7816)	(33, 35.7786)	(34, 35.7626)	(35, 35.7344)	(36, 35.7303)	(37, 35.7396)	(38, 35.7185)	(39, 35.729)	(40, 35.7172)	(41, 35.706)	(42, 35.7005)	(43, 35.7068)	(44, 35.6959)	(45, 35.6684)	(46, 35.6988)	(47, 35.6645)	(48, 35.664)	(49, 35.6548)	(50, 35.6309)	(51, 35.623)	(52, 35.6266)	(53, 35.6162)	(54, 35.6182)	(55, 35.611)	(56, 35.584)	(57, 35.5661)	(58, 35.5566)	(59, 35.5646)	(60, 35.5423)	(61, 35.5499)	(62, 35.5362)	(63, 35.5327)	(64, 35.5198)	(65, 35.5094)	(66, 35.5085)	(67, 35.4672)	(68, 35.4882)	(69, 35.4725)	(70, 35.4507)	(71, 35.4476)	(72, 35.4266)	(73, 35.3989)	(74, 35.4137)	(75, 35.4063)	(76, 35.3889)	(77, 35.4202)	(78, 35.3867)	(79, 35.3709)	(80, 35.3245)	(81, 35.3351)	(82, 35.3383)	(83, 35.3252)	(84, 35.3149)	(85, 35.3011)	(86, 35.2918)	(87, 35.2637)	(88, 35.2727)	(89, 35.2338)	(90, 35.2328)	(91, 35.2497)	(92, 35.2371)	(93, 35.2257)	(94, 35.176)	(95, 35.1595)	(96, 35.1838)	(97, 35.176)	(98, 35.1539)	(99, 35.1199)	(100, 35.1697)	(101, 35.1051)	(102, 35.0986)	(103, 35.069)	(104, 35.0769)	(105, 35.0503)	(106, 35.0338)	(107, 35.0295)	(108, 35.0189)	(109, 35.0246)	(110, 34.9595)	(111, 34.9337)	(112, 34.9168)	(113, 34.9269)	(114, 34.906)	(115, 34.8861)	(116, 34.8392)	(117, 34.8362)	(118, 34.8532)	(119, 34.8254)	(120, 34.7738)	(121, 34.7559)	(122, 34.7713)	(123, 34.7563)	(124, 34.6779)	(125, 34.7037)	(126, 34.704)	(127, 34.6943)	(128, 34.6673)	(129, 34.6088)	(130, 34.5457)	(131, 34.5266)	(132, 34.5333)	(133, 34.5152)	(134, 34.5275)	(135, 34.4713)	(136, 34.4104)	(137, 34.4334)	(138, 34.3844)	(139, 34.3235)	(140, 34.3828)	(141, 34.3142)	(142, 34.2203)	(143, 34.2985)	(144, 34.2616)	(145, 34.2328)	(146, 34.1798)	(147, 34.186)	(148, 34.1783)	(149, 34.0985)	(150, 34.0066)	(151, 33.2459)
reports | SRR30333766	(1, 35.3777)	(2, 35.8317)	(3, 35.8775)	(4, 35.9096)	(5, 35.9394)	(6, 35.9677)	(7, 35.897)	(8, 35.9819)	(9, 36.0105)	(10, 35.945)	(11, 36.0071)	(12, 35.9351)	(13, 35.9842)	(14, 35.9371)	(15, 35.9228)	(16, 35.9416)	(17, 35.9265)	(18, 35.9315)	(19, 35.9254)	(20, 35.9326)	(21, 35.9424)	(22, 35.9207)	(23, 35.9057)	(24, 35.8889)	(25, 35.8877)	(26, 35.8464)	(27, 35.8411)	(28, 35.8432)	(29, 35.8376)	(30, 35.8283)	(31, 35.8191)	(32, 35.8013)	(33, 35.8055)	(34, 35.7993)	(35, 35.7781)	(36, 35.7742)	(37, 35.7834)	(38, 35.7551)	(39, 35.7622)	(40, 35.7614)	(41, 35.74)	(42, 35.7498)	(43, 35.7495)	(44, 35.7313)	(45, 35.7215)	(46, 35.7493)	(47, 35.708)	(48, 35.7138)	(49, 35.7134)	(50, 35.6928)	(51, 35.6714)	(52, 35.695)	(53, 35.6834)	(54, 35.6558)	(55, 35.6584)	(56, 35.6519)	(57, 35.6276)	(58, 35.6141)	(59, 35.6281)	(60, 35.6022)	(61, 35.6024)	(62, 35.6057)	(63, 35.5899)	(64, 35.5956)	(65, 35.5812)	(66, 35.5804)	(67, 35.5465)	(68, 35.5566)	(69, 35.5389)	(70, 35.5299)	(71, 35.524)	(72, 35.5047)	(73, 35.4867)	(74, 35.492)	(75, 35.4766)	(76, 35.4683)	(77, 35.4822)	(78, 35.452)	(79, 35.458)	(80, 35.4293)	(81, 35.4218)	(82, 35.4299)	(83, 35.4215)	(84, 35.4091)	(85, 35.3899)	(86, 35.3966)	(87, 35.3609)	(88, 35.3593)	(89, 35.3241)	(90, 35.3415)	(91, 35.3504)	(92, 35.3314)	(93, 35.298)	(94, 35.2562)	(95, 35.2525)	(96, 35.2826)	(97, 35.2807)	(98, 35.2506)	(99, 35.2061)	(100, 35.2529)	(101, 35.2129)	(102, 35.209)	(103, 35.1739)	(104, 35.1767)	(105, 35.1596)	(106, 35.1336)	(107, 35.121)	(108, 35.1213)	(109, 35.107)	(110, 35.0561)	(111, 35.0574)	(112, 35.0388)	(113, 35.0321)	(114, 35.0184)	(115, 34.9904)	(116, 34.9437)	(117, 34.9329)	(118, 34.9419)	(119, 34.9197)	(120, 34.8935)	(121, 34.8556)	(122, 34.8379)	(123, 34.8157)	(124, 34.7757)	(125, 34.7824)	(126, 34.7761)	(127, 34.791)	(128, 34.7625)	(129, 34.6963)	(130, 34.65)	(131, 34.646)	(132, 34.6572)	(133, 34.6002)	(134, 34.5842)	(135, 34.5692)	(136, 34.529)	(137, 34.5274)	(138, 34.4619)	(139, 34.3968)	(140, 34.4489)	(141, 34.4141)	(142, 34.3083)	(143, 34.3706)	(144, 34.3529)	(145, 34.3038)	(146, 34.2492)	(147, 34.252)	(148, 34.2521)	(149, 34.1657)	(150, 34.0761)	(151, 33.2647)
reports | SRR30333767	(1, 35.3836)	(2, 35.8198)	(3, 35.8581)	(4, 35.8313)	(5, 35.8597)	(6, 35.8794)	(7, 35.8255)	(8, 35.9178)	(9, 35.9385)	(10, 35.853)	(11, 35.9304)	(12, 35.8684)	(13, 35.9028)	(14, 35.8526)	(15, 35.8422)	(16, 35.8633)	(17, 35.852)	(18, 35.8466)	(19, 35.8439)	(20, 35.8446)	(21, 35.8569)	(22, 35.8328)	(23, 35.8139)	(24, 35.8008)	(25, 35.8037)	(26, 35.76)	(27, 35.7534)	(28, 35.7579)	(29, 35.7509)	(30, 35.735)	(31, 35.7314)	(32, 35.718)	(33, 35.7186)	(34, 35.7077)	(35, 35.6832)	(36, 35.6846)	(37, 35.694)	(38, 35.6654)	(39, 35.6778)	(40, 35.6725)	(41, 35.6526)	(42, 35.6564)	(43, 35.6581)	(44, 35.6395)	(45, 35.6261)	(46, 35.6645)	(47, 35.6226)	(48, 35.6274)	(49, 35.6221)	(50, 35.5984)	(51, 35.5806)	(52, 35.6009)	(53, 35.5908)	(54, 35.5638)	(55, 35.5669)	(56, 35.5512)	(57, 35.527)	(58, 35.5195)	(59, 35.5336)	(60, 35.5047)	(61, 35.5094)	(62, 35.5111)	(63, 35.4953)	(64, 35.5004)	(65, 35.4864)	(66, 35.4825)	(67, 35.4466)	(68, 35.4561)	(69, 35.4401)	(70, 35.4273)	(71, 35.4229)	(72, 35.4069)	(73, 35.3827)	(74, 35.3918)	(75, 35.3722)	(76, 35.3669)	(77, 35.3834)	(78, 35.3543)	(79, 35.3589)	(80, 35.3182)	(81, 35.3168)	(82, 35.3229)	(83, 35.3153)	(84, 35.3066)	(85, 35.2827)	(86, 35.2836)	(87, 35.2547)	(88, 35.2571)	(89, 35.2198)	(90, 35.2354)	(91, 35.2455)	(92, 35.2257)	(93, 35.2034)	(94, 35.1539)	(95, 35.1445)	(96, 35.1708)	(97, 35.1751)	(98, 35.1484)	(99, 35.1011)	(100, 35.1588)	(101, 35.118)	(102, 35.1025)	(103, 35.0679)	(104, 35.0731)	(105, 35.055)	(106, 35.0246)	(107, 35.0091)	(108, 35.0082)	(109, 35.0003)	(110, 34.9489)	(111, 34.9514)	(112, 34.9363)	(113, 34.9369)	(114, 34.9097)	(115, 34.8836)	(116, 34.8423)	(117, 34.8249)	(118, 34.8404)	(119, 34.8155)	(120, 34.779)	(121, 34.754)	(122, 34.7423)	(123, 34.7127)	(124, 34.6576)	(125, 34.6747)	(126, 34.6644)	(127, 34.6841)	(128, 34.6574)	(129, 34.5863)	(130, 34.5378)	(131, 34.545)	(132, 34.5431)	(133, 34.4821)	(134, 34.4855)	(135, 34.4511)	(136, 34.4019)	(137, 34.4185)	(138, 34.3567)	(139, 34.29)	(140, 34.3474)	(141, 34.2995)	(142, 34.1854)	(143, 34.2603)	(144, 34.2347)	(145, 34.191)	(146, 34.1323)	(147, 34.1158)	(148, 34.1197)	(149, 34.0542)	(150, 33.9464)	(151, 33.1865)
reports | SRR30333768	(1, 35.2308)	(2, 35.6843)	(3, 35.7439)	(4, 35.7463)	(5, 35.7556)	(6, 35.7586)	(7, 35.7287)	(8, 35.8081)	(9, 35.8224)	(10, 35.7453)	(11, 35.8351)	(12, 35.7581)	(13, 35.7973)	(14, 35.762)	(15, 35.7519)	(16, 35.7698)	(17, 35.7381)	(18, 35.7231)	(19, 35.7409)	(20, 35.7378)	(21, 35.7441)	(22, 35.7204)	(23, 35.6948)	(24, 35.6949)	(25, 35.7041)	(26, 35.6547)	(27, 35.6608)	(28, 35.666)	(29, 35.6565)	(30, 35.6262)	(31, 35.6241)	(32, 35.6168)	(33, 35.6092)	(34, 35.6045)	(35, 35.5637)	(36, 35.564)	(37, 35.5692)	(38, 35.5516)	(39, 35.557)	(40, 35.5399)	(41, 35.5389)	(42, 35.5334)	(43, 35.5438)	(44, 35.5419)	(45, 35.4934)	(46, 35.5486)	(47, 35.5022)	(48, 35.505)	(49, 35.4865)	(50, 35.4725)	(51, 35.4662)	(52, 35.4637)	(53, 35.4487)	(54, 35.4742)	(55, 35.4644)	(56, 35.3991)	(57, 35.3901)	(58, 35.3908)	(59, 35.3846)	(60, 35.3834)	(61, 35.4037)	(62, 35.3691)	(63, 35.388)	(64, 35.3576)	(65, 35.3523)	(66, 35.3401)	(67, 35.3137)	(68, 35.3131)	(69, 35.303)	(70, 35.2818)	(71, 35.2959)	(72, 35.2618)	(73, 35.2409)	(74, 35.2657)	(75, 35.233)	(76, 35.2156)	(77, 35.2619)	(78, 35.2421)	(79, 35.2077)	(80, 35.1522)	(81, 35.167)	(82, 35.1659)	(83, 35.1575)	(84, 35.1385)	(85, 35.1416)	(86, 35.141)	(87, 35.106)	(88, 35.0911)	(89, 35.0505)	(90, 35.0524)	(91, 35.0832)	(92, 35.0624)	(93, 35.0609)	(94, 35.0076)	(95, 34.9903)	(96, 35.0244)	(97, 35.0051)	(98, 34.9964)	(99, 34.9687)	(100, 35.0117)	(101, 34.9459)	(102, 34.9314)	(103, 34.9061)	(104, 34.9168)	(105, 34.9135)	(106, 34.8601)	(107, 34.8527)	(108, 34.8668)	(109, 34.8332)	(110, 34.7476)	(111, 34.7407)	(112, 34.7327)	(113, 34.7436)	(114, 34.7477)	(115, 34.7405)	(116, 34.6549)	(117, 34.6393)	(118, 34.6948)	(119, 34.6312)	(120, 34.5704)	(121, 34.6013)	(122, 34.616)	(123, 34.589)	(124, 34.4817)	(125, 34.5066)	(126, 34.5426)	(127, 34.5032)	(128, 34.4453)	(129, 34.3915)	(130, 34.3181)	(131, 34.2918)	(132, 34.2877)	(133, 34.277)	(134, 34.3332)	(135, 34.2226)	(136, 34.1672)	(137, 34.2578)	(138, 34.1844)	(139, 34.1558)	(140, 34.1942)	(141, 34.0971)	(142, 34.0367)	(143, 34.1096)	(144, 34.047)	(145, 34.0613)	(146, 33.9767)	(147, 33.9956)	(148, 34.0271)	(149, 33.9477)	(150, 33.8103)	(151, 33.029)
