Sample	0	1	2	3	4	5	6	7	8	9	10	11	12	13	14	15	16	17	18	19	20	21	22	23	24	25	26	27	28	29	30	31	32	33	34	35	36	37	38	39	40	41	42	43	44	45	46	47	48	49	50	51	52	53	54	55	56	57	58	59	60	61	62	63	64	65	66	67	68	69	70	71	72	73	74	75	76	77	78	79	80	81	82	83	84	85	86	87	88	89	90	91	92	93	94	95	96	97	98	99	100	101	102	103	104	105	106	107	108	109	110	111	112	113	114	115	116	117	118	119	120	121	122	123	124	125	126	127	128	129	130	131	132	133	134	135	136	137	138	139	140	141	142	143	144	145	146	147	148	149	150
reports | SRR30333743	(1, 38.3655)	(2, 38.873)	(3, 38.8578)	(4, 38.9824)	(5, 38.9472)	(6, 38.8759)	(7, 38.91)	(8, 38.9239)	(9, 38.9176)	(10, 38.8681)	(11, 38.917)	(12, 38.9041)	(13, 38.9253)	(14, 38.8721)	(15, 38.9457)	(16, 39.3107)	(17, 39.3091)	(18, 39.3208)	(19, 39.2879)	(20, 39.2612)	(21, 39.2703)	(22, 39.2555)	(23, 39.2945)	(24, 39.2931)	(25, 39.2731)	(26, 39.0316)	(27, 39.0218)	(28, 39.0384)	(29, 39.0312)	(30, 39.0206)	(31, 39.0322)	(32, 39.0198)	(33, 39.003)	(34, 39.0038)	(35, 38.9831)	(36, 38.9582)	(37, 39.0511)	(38, 38.9982)	(39, 39.0542)	(40, 39.0541)	(41, 38.9549)	(42, 39.0471)	(43, 38.9904)	(44, 38.9869)	(45, 39.0431)	(46, 39.052)	(47, 39.0426)	(48, 39.0427)	(49, 39.0232)	(50, 39.0234)	(51, 39.0197)	(52, 38.9839)	(53, 39.004)	(54, 39.0057)	(55, 39.0067)	(56, 39.0058)	(57, 38.9822)	(58, 38.9539)	(59, 38.9798)	(60, 38.9898)	(61, 38.9518)	(62, 38.965)	(63, 38.9569)	(64, 38.9633)	(65, 38.9656)	(66, 38.9559)	(67, 38.9005)	(68, 38.9462)	(69, 38.9495)	(70, 38.9286)	(71, 38.9238)	(72, 38.919)	(73, 38.8529)	(74, 38.9195)	(75, 38.898)	(76, 38.8841)	(77, 38.8995)	(78, 38.889)	(79, 38.8582)	(80, 38.8575)	(81, 38.8547)	(82, 38.8569)	(83, 38.8386)	(84, 38.8464)	(85, 38.8413)	(86, 38.8226)	(87, 38.8057)	(88, 38.7792)	(89, 38.7938)	(90, 38.7913)	(91, 38.7772)	(92, 38.7821)	(93, 38.7322)	(94, 38.7649)	(95, 38.7596)	(96, 38.7249)	(97, 38.7186)	(98, 38.7238)	(99, 38.7392)	(100, 38.6445)	(101, 38.7137)	(102, 38.6102)	(103, 38.6836)	(104, 38.6685)	(105, 38.7073)	(106, 38.6483)	(107, 38.675)	(108, 38.6725)	(109, 38.6546)	(110, 38.6444)	(111, 38.6221)	(112, 38.612)	(113, 38.631)	(114, 38.6299)	(115, 38.6134)	(116, 38.6131)	(117, 38.6194)	(118, 38.5539)	(119, 38.6183)	(120, 38.6014)	(121, 38.5606)	(122, 38.5667)	(123, 38.5173)	(124, 38.5204)	(125, 38.5586)	(126, 38.5755)	(127, 38.5529)	(128, 38.588)	(129, 38.5314)	(130, 38.5407)	(131, 38.5219)	(132, 38.5008)	(133, 38.5567)	(134, 38.5903)	(135, 38.5635)	(136, 38.4971)	(137, 38.4653)	(138, 38.5145)	(139, 38.462)	(140, 38.5207)	(141, 38.5257)	(142, 38.5516)	(143, 38.5815)	(144, 38.5398)	(145, 38.5667)	(146, 38.5769)	(147, 38.669)	(148, 38.7794)	(149, 38.7243)	(150, 38.7048)	(151, 38.3631)
reports | SRR30333744	(1, 38.2676)	(2, 38.788)	(3, 38.7887)	(4, 38.9633)	(5, 38.9482)	(6, 38.8988)	(7, 38.9138)	(8, 38.9513)	(9, 38.9588)	(10, 38.8948)	(11, 38.954)	(12, 38.9291)	(13, 38.9645)	(14, 38.9231)	(15, 39.0044)	(16, 39.3481)	(17, 39.3489)	(18, 39.3563)	(19, 39.3382)	(20, 39.2956)	(21, 39.3094)	(22, 39.2972)	(23, 39.3456)	(24, 39.3433)	(25, 39.3198)	(26, 39.0951)	(27, 39.087)	(28, 39.0992)	(29, 39.0947)	(30, 39.0889)	(31, 39.0999)	(32, 39.0903)	(33, 39.0692)	(34, 39.0738)	(35, 39.047)	(36, 38.9997)	(37, 39.1227)	(38, 39.0477)	(39, 39.1223)	(40, 39.1205)	(41, 38.9975)	(42, 39.1189)	(43, 39.0496)	(44, 39.0431)	(45, 39.1132)	(46, 39.1242)	(47, 39.1134)	(48, 39.113)	(49, 39.0948)	(50, 39.0985)	(51, 39.092)	(52, 39.0562)	(53, 39.0752)	(54, 39.0857)	(55, 39.0849)	(56, 39.0855)	(57, 39.0582)	(58, 39.021)	(59, 39.0514)	(60, 39.056)	(61, 39.0309)	(62, 39.0463)	(63, 39.0375)	(64, 39.0516)	(65, 39.0524)	(66, 39.0447)	(67, 38.9733)	(68, 39.0388)	(69, 39.0423)	(70, 39.0287)	(71, 39.0235)	(72, 39.0194)	(73, 38.943)	(74, 39.0209)	(75, 39.0042)	(76, 38.9869)	(77, 39.0056)	(78, 38.9948)	(79, 38.961)	(80, 38.9757)	(81, 38.9733)	(82, 38.9759)	(83, 38.954)	(84, 38.9688)	(85, 38.963)	(86, 38.9524)	(87, 38.9363)	(88, 38.9001)	(89, 38.9284)	(90, 38.9299)	(91, 38.9039)	(92, 38.9212)	(93, 38.8723)	(94, 38.9098)	(95, 38.8948)	(96, 38.8669)	(97, 38.8665)	(98, 38.8665)	(99, 38.8949)	(100, 38.7847)	(101, 38.8729)	(102, 38.7533)	(103, 38.8396)	(104, 38.8162)	(105, 38.8625)	(106, 38.815)	(107, 38.8427)	(108, 38.8404)	(109, 38.831)	(110, 38.8243)	(111, 38.7995)	(112, 38.7922)	(113, 38.7911)	(114, 38.8083)	(115, 38.7965)	(116, 38.7804)	(117, 38.8005)	(118, 38.7344)	(119, 38.7861)	(120, 38.785)	(121, 38.7401)	(122, 38.7523)	(123, 38.6858)	(124, 38.6997)	(125, 38.7565)	(126, 38.7664)	(127, 38.7532)	(128, 38.7682)	(129, 38.7201)	(130, 38.7413)	(131, 38.7257)	(132, 38.6727)	(133, 38.731)	(134, 38.7571)	(135, 38.748)	(136, 38.6844)	(137, 38.6669)	(138, 38.7273)	(139, 38.6556)	(140, 38.7137)	(141, 38.7119)	(142, 38.754)	(143, 38.7726)	(144, 38.7535)	(145, 38.7727)	(146, 38.7806)	(147, 38.847)	(148, 38.9287)	(149, 38.8907)	(150, 38.8763)	(151, 38.557)
reports | SRR30333745	(1, 38.3495)	(2, 38.8547)	(3, 38.8557)	(4, 38.9971)	(5, 38.9662)	(6, 38.898)	(7, 38.9338)	(8, 38.9527)	(9, 38.9499)	(10, 38.9002)	(11, 38.9498)	(12, 38.9347)	(13, 38.9617)	(14, 38.9115)	(15, 38.9854)	(16, 39.3327)	(17, 39.3334)	(18, 39.3435)	(19, 39.313)	(20, 39.2834)	(21, 39.2926)	(22, 39.2795)	(23, 39.3201)	(24, 39.3175)	(25, 39.2975)	(26, 39.0656)	(27, 39.0568)	(28, 39.0726)	(29, 39.0662)	(30, 39.0567)	(31, 39.067)	(32, 39.0551)	(33, 39.0367)	(34, 39.0381)	(35, 39.0185)	(36, 38.9873)	(37, 39.0852)	(38, 39.0279)	(39, 39.0873)	(40, 39.0872)	(41, 38.982)	(42, 39.08)	(43, 39.0209)	(44, 39.0157)	(45, 39.0739)	(46, 39.0851)	(47, 39.0738)	(48, 39.0746)	(49, 39.0562)	(50, 39.0563)	(51, 39.0504)	(52, 39.0143)	(53, 39.036)	(54, 39.0379)	(55, 39.0397)	(56, 39.0357)	(57, 39.0138)	(58, 38.9838)	(59, 39.0109)	(60, 39.0174)	(61, 38.9841)	(62, 38.9969)	(63, 38.9876)	(64, 38.9958)	(65, 38.997)	(66, 38.988)	(67, 38.9294)	(68, 38.9778)	(69, 38.9813)	(70, 38.9639)	(71, 38.9571)	(72, 38.9515)	(73, 38.8831)	(74, 38.9515)	(75, 38.9301)	(76, 38.916)	(77, 38.9318)	(78, 38.9199)	(79, 38.8894)	(80, 38.8911)	(81, 38.8893)	(82, 38.8915)	(83, 38.8727)	(84, 38.8822)	(85, 38.8755)	(86, 38.8582)	(87, 38.839)	(88, 38.8121)	(89, 38.8284)	(90, 38.8264)	(91, 38.8109)	(92, 38.8183)	(93, 38.7689)	(94, 38.8026)	(95, 38.7921)	(96, 38.7577)	(97, 38.7517)	(98, 38.7569)	(99, 38.7747)	(100, 38.6789)	(101, 38.7491)	(102, 38.6447)	(103, 38.7198)	(104, 38.7003)	(105, 38.741)	(106, 38.6838)	(107, 38.7101)	(108, 38.7067)	(109, 38.6868)	(110, 38.6816)	(111, 38.6566)	(112, 38.6484)	(113, 38.6628)	(114, 38.6654)	(115, 38.6479)	(116, 38.6443)	(117, 38.6518)	(118, 38.5869)	(119, 38.648)	(120, 38.6333)	(121, 38.5914)	(122, 38.599)	(123, 38.5486)	(124, 38.5515)	(125, 38.5929)	(126, 38.6074)	(127, 38.5879)	(128, 38.6176)	(129, 38.5615)	(130, 38.5747)	(131, 38.5548)	(132, 38.5276)	(133, 38.5844)	(134, 38.6147)	(135, 38.5922)	(136, 38.5268)	(137, 38.4963)	(138, 38.547)	(139, 38.4923)	(140, 38.5491)	(141, 38.5536)	(142, 38.5819)	(143, 38.6118)	(144, 38.5725)	(145, 38.5992)	(146, 38.6087)	(147, 38.6964)	(148, 38.8025)	(149, 38.7489)	(150, 38.7354)	(151, 38.3852)
reports | SRR30333746	(1, 38.2839)	(2, 38.8177)	(3, 38.8008)	(4, 38.9701)	(5, 38.9573)	(6, 38.8991)	(7, 38.9204)	(8, 38.9559)	(9, 38.9644)	(10, 38.9007)	(11, 38.9561)	(12, 38.9336)	(13, 38.9643)	(14, 38.9211)	(15, 38.9995)	(16, 39.3408)	(17, 39.342)	(18, 39.3495)	(19, 39.3271)	(20, 39.2878)	(21, 39.2967)	(22, 39.2852)	(23, 39.333)	(24, 39.3283)	(25, 39.305)	(26, 39.076)	(27, 39.0666)	(28, 39.0791)	(29, 39.0731)	(30, 39.0654)	(31, 39.075)	(32, 39.0625)	(33, 39.0404)	(34, 39.0445)	(35, 39.0189)	(36, 38.9724)	(37, 39.0914)	(38, 39.0208)	(39, 39.0917)	(40, 39.088)	(41, 38.9682)	(42, 39.0826)	(43, 39.014)	(44, 39.0075)	(45, 39.0748)	(46, 39.0857)	(47, 39.0751)	(48, 39.0758)	(49, 39.0557)	(50, 39.0589)	(51, 39.0504)	(52, 39.011)	(53, 39.033)	(54, 39.0387)	(55, 39.0381)	(56, 39.0399)	(57, 39.0117)	(58, 38.9774)	(59, 39.0055)	(60, 39.0085)	(61, 38.9813)	(62, 38.9955)	(63, 38.985)	(64, 38.998)	(65, 38.9988)	(66, 38.9898)	(67, 38.922)	(68, 38.9829)	(69, 38.9861)	(70, 38.9711)	(71, 38.9639)	(72, 38.9594)	(73, 38.8802)	(74, 38.9579)	(75, 38.9394)	(76, 38.9228)	(77, 38.9407)	(78, 38.9286)	(79, 38.8948)	(80, 38.9073)	(81, 38.9022)	(82, 38.9046)	(83, 38.8839)	(84, 38.8952)	(85, 38.8876)	(86, 38.8749)	(87, 38.8586)	(88, 38.8235)	(89, 38.85)	(90, 38.8484)	(91, 38.8243)	(92, 38.839)	(93, 38.789)	(94, 38.8257)	(95, 38.81)	(96, 38.7775)	(97, 38.7742)	(98, 38.7727)	(99, 38.801)	(100, 38.6925)	(101, 38.777)	(102, 38.6567)	(103, 38.7423)	(104, 38.7189)	(105, 38.7637)	(106, 38.7133)	(107, 38.7385)	(108, 38.7338)	(109, 38.7222)	(110, 38.7161)	(111, 38.6888)	(112, 38.6806)	(113, 38.6856)	(114, 38.6952)	(115, 38.6801)	(116, 38.6669)	(117, 38.6824)	(118, 38.6177)	(119, 38.6714)	(120, 38.6642)	(121, 38.6203)	(122, 38.63)	(123, 38.563)	(124, 38.5768)	(125, 38.6292)	(126, 38.6423)	(127, 38.6265)	(128, 38.6456)	(129, 38.5939)	(130, 38.6135)	(131, 38.5961)	(132, 38.5476)	(133, 38.6074)	(134, 38.6354)	(135, 38.6227)	(136, 38.5568)	(137, 38.5371)	(138, 38.5933)	(139, 38.5242)	(140, 38.5832)	(141, 38.5876)	(142, 38.622)	(143, 38.6483)	(144, 38.6227)	(145, 38.6464)	(146, 38.6545)	(147, 38.7311)	(148, 38.8277)	(149, 38.783)	(150, 38.7682)	(151, 38.4204)
reports | SRR30333747	(1, 37.952)	(2, 38.5624)	(3, 38.5504)	(4, 38.7508)	(5, 38.7266)	(6, 38.7867)	(7, 38.7834)	(8, 38.8563)	(9, 38.8901)	(10, 38.741)	(11, 38.8617)	(12, 38.7716)	(13, 38.8467)	(14, 38.8115)	(15, 38.9268)	(16, 39.2515)	(17, 39.2419)	(18, 39.2505)	(19, 39.2472)	(20, 39.1886)	(21, 39.2065)	(22, 39.2029)	(23, 39.2597)	(24, 39.2628)	(25, 39.231)	(26, 38.9409)	(27, 38.9342)	(28, 38.9376)	(29, 38.9399)	(30, 38.9412)	(31, 38.9475)	(32, 38.9399)	(33, 38.9206)	(34, 38.9273)	(35, 38.8951)	(36, 38.8243)	(37, 38.9737)	(38, 38.8832)	(39, 38.978)	(40, 38.9717)	(41, 38.8207)	(42, 38.9666)	(43, 38.8888)	(44, 38.8774)	(45, 38.9635)	(46, 38.9731)	(47, 38.9608)	(48, 38.9613)	(49, 38.9382)	(50, 38.9438)	(51, 38.9383)	(52, 38.8943)	(53, 38.9085)	(54, 38.9338)	(55, 38.9153)	(56, 38.9129)	(57, 38.8796)	(58, 38.8432)	(59, 38.8778)	(60, 38.8665)	(61, 38.8563)	(62, 38.8823)	(63, 38.8649)	(64, 38.892)	(65, 38.8764)	(66, 38.882)	(67, 38.7818)	(68, 38.8734)	(69, 38.8747)	(70, 38.8552)	(71, 38.8568)	(72, 38.8541)	(73, 38.7554)	(74, 38.8498)	(75, 38.836)	(76, 38.8069)	(77, 38.8358)	(78, 38.8145)	(79, 38.7811)	(80, 38.8157)	(81, 38.8077)	(82, 38.8024)	(83, 38.7795)	(84, 38.8002)	(85, 38.7772)	(86, 38.7894)	(87, 38.769)	(88, 38.7202)	(89, 38.7604)	(90, 38.7625)	(91, 38.7208)	(92, 38.7543)	(93, 38.6958)	(94, 38.7437)	(95, 38.7148)	(96, 38.6922)	(97, 38.685)	(98, 38.6733)	(99, 38.7118)	(100, 38.5793)	(101, 38.6909)	(102, 38.5441)	(103, 38.6479)	(104, 38.6162)	(105, 38.668)	(106, 38.6378)	(107, 38.6594)	(108, 38.6543)	(109, 38.6533)	(110, 38.6278)	(111, 38.6213)	(112, 38.611)	(113, 38.5842)	(114, 38.6399)	(115, 38.6017)	(116, 38.5937)	(117, 38.6329)	(118, 38.5586)	(119, 38.5833)	(120, 38.6079)	(121, 38.5545)	(122, 38.579)	(123, 38.4954)	(124, 38.5182)	(125, 38.6062)	(126, 38.6062)	(127, 38.6016)	(128, 38.5942)	(129, 38.5543)	(130, 38.5896)	(131, 38.5758)	(132, 38.4832)	(133, 38.5511)	(134, 38.5714)	(135, 38.5786)	(136, 38.5268)	(137, 38.5387)	(138, 38.611)	(139, 38.5201)	(140, 38.5872)	(141, 38.5808)	(142, 38.6264)	(143, 38.6498)	(144, 38.6476)	(145, 38.6736)	(146, 38.6939)	(147, 38.7434)	(148, 38.8079)	(149, 38.8061)	(150, 38.791)	(151, 38.4056)
reports | SRR30333748	(1, 38.3117)	(2, 38.8531)	(3, 38.8659)	(4, 38.9967)	(5, 38.9695)	(6, 38.9042)	(7, 38.9428)	(8, 38.9682)	(9, 38.9667)	(10, 38.9081)	(11, 38.9575)	(12, 38.944)	(13, 38.971)	(14, 38.9226)	(15, 38.999)	(16, 39.3491)	(17, 39.3474)	(18, 39.3576)	(19, 39.3275)	(20, 39.2973)	(21, 39.3065)	(22, 39.2929)	(23, 39.3351)	(24, 39.3327)	(25, 39.3114)	(26, 39.0858)	(27, 39.0783)	(28, 39.0956)	(29, 39.0888)	(30, 39.082)	(31, 39.0906)	(32, 39.0806)	(33, 39.0617)	(34, 39.0642)	(35, 39.0432)	(36, 39.0095)	(37, 39.1077)	(38, 39.0526)	(39, 39.1134)	(40, 39.1145)	(41, 39.0075)	(42, 39.1091)	(43, 39.0493)	(44, 39.0461)	(45, 39.1053)	(46, 39.1122)	(47, 39.1039)	(48, 39.1021)	(49, 39.0836)	(50, 39.0856)	(51, 39.0827)	(52, 39.0459)	(53, 39.0687)	(54, 39.0727)	(55, 39.0723)	(56, 39.0698)	(57, 39.0461)	(58, 39.0154)	(59, 39.042)	(60, 39.0514)	(61, 39.0195)	(62, 39.0337)	(63, 39.0259)	(64, 39.0342)	(65, 39.0354)	(66, 39.0273)	(67, 38.9688)	(68, 39.0177)	(69, 39.0211)	(70, 39.0033)	(71, 38.9986)	(72, 38.9956)	(73, 38.924)	(74, 38.9958)	(75, 38.9766)	(76, 38.9635)	(77, 38.9796)	(78, 38.9684)	(79, 38.9348)	(80, 38.9402)	(81, 38.9378)	(82, 38.9407)	(83, 38.9259)	(84, 38.9361)	(85, 38.9299)	(86, 38.913)	(87, 38.8979)	(88, 38.8672)	(89, 38.8866)	(90, 38.8847)	(91, 38.8658)	(92, 38.8757)	(93, 38.8281)	(94, 38.863)	(95, 38.8555)	(96, 38.8222)	(97, 38.8184)	(98, 38.8203)	(99, 38.8405)	(100, 38.7432)	(101, 38.8159)	(102, 38.7095)	(103, 38.7875)	(104, 38.7702)	(105, 38.8108)	(106, 38.7559)	(107, 38.7815)	(108, 38.779)	(109, 38.7634)	(110, 38.7551)	(111, 38.73)	(112, 38.7225)	(113, 38.7361)	(114, 38.742)	(115, 38.7273)	(116, 38.7225)	(117, 38.7326)	(118, 38.6679)	(119, 38.7278)	(120, 38.7151)	(121, 38.6754)	(122, 38.6824)	(123, 38.6279)	(124, 38.633)	(125, 38.6763)	(126, 38.6915)	(127, 38.6712)	(128, 38.7007)	(129, 38.647)	(130, 38.6605)	(131, 38.6439)	(132, 38.6119)	(133, 38.6699)	(134, 38.6987)	(135, 38.6782)	(136, 38.6128)	(137, 38.5866)	(138, 38.6367)	(139, 38.5794)	(140, 38.6355)	(141, 38.6407)	(142, 38.6662)	(143, 38.6939)	(144, 38.6593)	(145, 38.6824)	(146, 38.6887)	(147, 38.7708)	(148, 38.8694)	(149, 38.8189)	(150, 38.8046)	(151, 38.4743)
reports | SRR30333749	(1, 38.2996)	(2, 38.8802)	(3, 38.9211)	(4, 39.0415)	(5, 39.0335)	(6, 39.0427)	(7, 39.036)	(8, 39.0749)	(9, 39.0812)	(10, 39.0191)	(11, 39.0859)	(12, 39.0722)	(13, 39.1045)	(14, 39.0651)	(15, 39.1352)	(16, 39.4175)	(17, 39.4173)	(18, 39.4232)	(19, 39.4068)	(20, 39.3824)	(21, 39.3889)	(22, 39.3832)	(23, 39.4151)	(24, 39.4136)	(25, 39.399)	(26, 39.1829)	(27, 39.1776)	(28, 39.1875)	(29, 39.1851)	(30, 39.1809)	(31, 39.1808)	(32, 39.1862)	(33, 39.1737)	(34, 39.1782)	(35, 39.1605)	(36, 39.1359)	(37, 39.2138)	(38, 39.1676)	(39, 39.216)	(40, 39.2163)	(41, 39.1342)	(42, 39.213)	(43, 39.1665)	(44, 39.1629)	(45, 39.2106)	(46, 39.2185)	(47, 39.2105)	(48, 39.2095)	(49, 39.1982)	(50, 39.1993)	(51, 39.1918)	(52, 39.1643)	(53, 39.1823)	(54, 39.1874)	(55, 39.1863)	(56, 39.1879)	(57, 39.1689)	(58, 39.1338)	(59, 39.1641)	(60, 39.1679)	(61, 39.1465)	(62, 39.1559)	(63, 39.146)	(64, 39.1572)	(65, 39.1575)	(66, 39.1506)	(67, 39.1071)	(68, 39.1438)	(69, 39.1461)	(70, 39.1344)	(71, 39.1317)	(72, 39.1267)	(73, 39.0752)	(74, 39.1262)	(75, 39.1107)	(76, 39.0992)	(77, 39.1116)	(78, 39.1032)	(79, 39.0803)	(80, 39.0852)	(81, 39.0828)	(82, 39.0832)	(83, 39.0706)	(84, 39.0784)	(85, 39.0707)	(86, 39.0624)	(87, 39.0492)	(88, 39.024)	(89, 39.0407)	(90, 39.0392)	(91, 39.0008)	(92, 39.0309)	(93, 38.9955)	(94, 39.0206)	(95, 39.0114)	(96, 38.9879)	(97, 38.9849)	(98, 38.9847)	(99, 38.9999)	(100, 38.9252)	(101, 38.9813)	(102, 38.8991)	(103, 38.9571)	(104, 38.9427)	(105, 38.9732)	(106, 38.9352)	(107, 38.9505)	(108, 38.9504)	(109, 38.94)	(110, 38.9333)	(111, 38.915)	(112, 38.9101)	(113, 38.9133)	(114, 38.917)	(115, 38.9071)	(116, 38.8994)	(117, 38.9084)	(118, 38.8614)	(119, 38.8973)	(120, 38.8927)	(121, 38.8621)	(122, 38.8683)	(123, 38.8228)	(124, 38.8288)	(125, 38.8631)	(126, 38.8719)	(127, 38.8589)	(128, 38.8723)	(129, 38.8367)	(130, 38.8481)	(131, 38.8333)	(132, 38.8028)	(133, 38.8434)	(134, 38.8638)	(135, 38.8501)	(136, 38.8049)	(137, 38.7909)	(138, 38.8284)	(139, 38.7838)	(140, 38.8213)	(141, 38.8235)	(142, 38.8478)	(143, 38.8658)	(144, 38.8484)	(145, 38.8672)	(146, 38.875)	(147, 38.9365)	(148, 39.0118)	(149, 38.9792)	(150, 38.9647)	(151, 38.5602)
reports | SRR30333750	(1, 38.3331)	(2, 38.8672)	(3, 38.8682)	(4, 38.9989)	(5, 38.9635)	(6, 38.8878)	(7, 38.921)	(8, 38.9471)	(9, 38.9484)	(10, 38.8849)	(11, 38.9372)	(12, 38.9237)	(13, 38.9506)	(14, 38.8967)	(15, 38.974)	(16, 39.3423)	(17, 39.341)	(18, 39.3507)	(19, 39.3211)	(20, 39.2896)	(21, 39.3)	(22, 39.2852)	(23, 39.3279)	(24, 39.326)	(25, 39.3044)	(26, 39.0801)	(27, 39.0729)	(28, 39.0898)	(29, 39.0841)	(30, 39.0753)	(31, 39.0846)	(32, 39.0742)	(33, 39.0555)	(34, 39.0577)	(35, 39.0378)	(36, 39.0067)	(37, 39.1072)	(38, 39.0501)	(39, 39.1117)	(40, 39.1125)	(41, 39.0052)	(42, 39.1062)	(43, 39.0462)	(44, 39.0412)	(45, 39.1037)	(46, 39.1133)	(47, 39.1027)	(48, 39.1029)	(49, 39.0844)	(50, 39.0864)	(51, 39.0823)	(52, 39.0448)	(53, 39.068)	(54, 39.071)	(55, 39.0706)	(56, 39.0716)	(57, 39.0478)	(58, 39.0172)	(59, 39.0461)	(60, 39.0544)	(61, 39.0213)	(62, 39.0342)	(63, 39.0278)	(64, 39.0354)	(65, 39.038)	(66, 39.0293)	(67, 38.9714)	(68, 39.0226)	(69, 39.0259)	(70, 39.0075)	(71, 39.0038)	(72, 39.0)	(73, 38.9304)	(74, 39.0017)	(75, 38.9825)	(76, 38.968)	(77, 38.9854)	(78, 38.9756)	(79, 38.9444)	(80, 38.9489)	(81, 38.9472)	(82, 38.951)	(83, 38.9342)	(84, 38.9446)	(85, 38.9375)	(86, 38.9216)	(87, 38.906)	(88, 38.8771)	(89, 38.8971)	(90, 38.896)	(91, 38.8802)	(92, 38.8895)	(93, 38.8392)	(94, 38.8746)	(95, 38.8669)	(96, 38.8338)	(97, 38.8285)	(98, 38.8334)	(99, 38.853)	(100, 38.7543)	(101, 38.8288)	(102, 38.7223)	(103, 38.8024)	(104, 38.7866)	(105, 38.8252)	(106, 38.7688)	(107, 38.796)	(108, 38.7935)	(109, 38.7794)	(110, 38.7713)	(111, 38.7465)	(112, 38.7374)	(113, 38.7531)	(114, 38.7579)	(115, 38.7414)	(116, 38.7387)	(117, 38.7486)	(118, 38.6824)	(119, 38.7431)	(120, 38.733)	(121, 38.6905)	(122, 38.7008)	(123, 38.6423)	(124, 38.6497)	(125, 38.6935)	(126, 38.7105)	(127, 38.6879)	(128, 38.7175)	(129, 38.665)	(130, 38.676)	(131, 38.6602)	(132, 38.6308)	(133, 38.6884)	(134, 38.7199)	(135, 38.6979)	(136, 38.631)	(137, 38.6021)	(138, 38.6549)	(139, 38.5942)	(140, 38.6558)	(141, 38.6583)	(142, 38.6854)	(143, 38.7137)	(144, 38.6735)	(145, 38.7001)	(146, 38.704)	(147, 38.7851)	(148, 38.878)	(149, 38.8291)	(150, 38.8138)	(151, 38.4937)
reports | SRR30333751	(1, 38.3309)	(2, 38.8523)	(3, 38.8604)	(4, 39.005)	(5, 38.9876)	(6, 38.9281)	(7, 38.9637)	(8, 38.9905)	(9, 38.9925)	(10, 38.9338)	(11, 38.9835)	(12, 38.9662)	(13, 38.996)	(14, 38.9508)	(15, 39.0285)	(16, 39.3601)	(17, 39.359)	(18, 39.3672)	(19, 39.3434)	(20, 39.3072)	(21, 39.3187)	(22, 39.3047)	(23, 39.3489)	(24, 39.3461)	(25, 39.3232)	(26, 39.0986)	(27, 39.0905)	(28, 39.1057)	(29, 39.0998)	(30, 39.0927)	(31, 39.1028)	(32, 39.0913)	(33, 39.073)	(34, 39.0746)	(35, 39.0507)	(36, 39.0121)	(37, 39.1174)	(38, 39.0548)	(39, 39.1192)	(40, 39.1195)	(41, 39.0098)	(42, 39.1152)	(43, 39.0541)	(44, 39.0481)	(45, 39.1094)	(46, 39.1169)	(47, 39.1056)	(48, 39.1053)	(49, 39.0865)	(50, 39.0893)	(51, 39.0853)	(52, 39.0485)	(53, 39.0703)	(54, 39.0751)	(55, 39.0745)	(56, 39.073)	(57, 39.0466)	(58, 39.0133)	(59, 39.0413)	(60, 39.0493)	(61, 39.0203)	(62, 39.0338)	(63, 39.0257)	(64, 39.0354)	(65, 39.0362)	(66, 39.0273)	(67, 38.9626)	(68, 39.0161)	(69, 39.0178)	(70, 39.0014)	(71, 38.9966)	(72, 38.9939)	(73, 38.9228)	(74, 38.9941)	(75, 38.976)	(76, 38.9583)	(77, 38.9753)	(78, 38.9647)	(79, 38.9302)	(80, 38.9373)	(81, 38.9343)	(82, 38.9372)	(83, 38.9204)	(84, 38.9299)	(85, 38.9242)	(86, 38.9093)	(87, 38.8928)	(88, 38.8606)	(89, 38.8804)	(90, 38.8794)	(91, 38.8593)	(92, 38.8696)	(93, 38.8204)	(94, 38.8569)	(95, 38.8469)	(96, 38.8135)	(97, 38.8106)	(98, 38.8115)	(99, 38.8329)	(100, 38.7309)	(101, 38.806)	(102, 38.6968)	(103, 38.777)	(104, 38.7586)	(105, 38.8017)	(106, 38.7486)	(107, 38.7732)	(108, 38.7689)	(109, 38.7548)	(110, 38.7476)	(111, 38.7211)	(112, 38.7137)	(113, 38.7248)	(114, 38.7321)	(115, 38.7174)	(116, 38.7093)	(117, 38.7224)	(118, 38.6585)	(119, 38.7145)	(120, 38.7037)	(121, 38.6632)	(122, 38.6706)	(123, 38.6125)	(124, 38.6215)	(125, 38.6672)	(126, 38.6806)	(127, 38.664)	(128, 38.6902)	(129, 38.6378)	(130, 38.6534)	(131, 38.6363)	(132, 38.5992)	(133, 38.6559)	(134, 38.6842)	(135, 38.6669)	(136, 38.6049)	(137, 38.5797)	(138, 38.6313)	(139, 38.5715)	(140, 38.6283)	(141, 38.6315)	(142, 38.6635)	(143, 38.6897)	(144, 38.6573)	(145, 38.682)	(146, 38.6915)	(147, 38.7718)	(148, 38.8689)	(149, 38.8219)	(150, 38.8096)	(151, 38.4694)
reports | SRR30333752	(1, 38.284)	(2, 38.8373)	(3, 38.8289)	(4, 38.9655)	(5, 38.9306)	(6, 38.8543)	(7, 38.8917)	(8, 38.9153)	(9, 38.9125)	(10, 38.8515)	(11, 38.906)	(12, 38.8895)	(13, 38.9134)	(14, 38.8567)	(15, 38.9344)	(16, 39.3237)	(17, 39.3224)	(18, 39.3347)	(19, 39.3062)	(20, 39.2741)	(21, 39.2855)	(22, 39.2713)	(23, 39.3135)	(24, 39.31)	(25, 39.2864)	(26, 39.0583)	(27, 39.0508)	(28, 39.0711)	(29, 39.066)	(30, 39.059)	(31, 39.0703)	(32, 39.0602)	(33, 39.0396)	(34, 39.0416)	(35, 39.0187)	(36, 38.9884)	(37, 39.0914)	(38, 39.034)	(39, 39.0974)	(40, 39.0992)	(41, 38.99)	(42, 39.0947)	(43, 39.0343)	(44, 39.0299)	(45, 39.0917)	(46, 39.1014)	(47, 39.0898)	(48, 39.0915)	(49, 39.0715)	(50, 39.0738)	(51, 39.0705)	(52, 39.0344)	(53, 39.0578)	(54, 39.0603)	(55, 39.0609)	(56, 39.0598)	(57, 39.0356)	(58, 39.0045)	(59, 39.0336)	(60, 39.0432)	(61, 39.0091)	(62, 39.0246)	(63, 39.017)	(64, 39.0253)	(65, 39.0277)	(66, 39.0194)	(67, 38.9572)	(68, 39.0108)	(69, 39.0149)	(70, 38.9978)	(71, 38.9918)	(72, 38.9881)	(73, 38.9175)	(74, 38.9901)	(75, 38.9693)	(76, 38.9545)	(77, 38.9737)	(78, 38.963)	(79, 38.9309)	(80, 38.9355)	(81, 38.934)	(82, 38.9379)	(83, 38.919)	(84, 38.93)	(85, 38.9235)	(86, 38.9081)	(87, 38.8907)	(88, 38.8606)	(89, 38.8814)	(90, 38.8806)	(91, 38.8629)	(92, 38.8733)	(93, 38.8224)	(94, 38.8588)	(95, 38.8493)	(96, 38.8159)	(97, 38.8123)	(98, 38.8147)	(99, 38.8365)	(100, 38.7358)	(101, 38.8115)	(102, 38.7027)	(103, 38.7834)	(104, 38.7644)	(105, 38.8076)	(106, 38.7505)	(107, 38.7765)	(108, 38.7745)	(109, 38.7595)	(110, 38.7513)	(111, 38.7257)	(112, 38.7175)	(113, 38.7329)	(114, 38.7377)	(115, 38.7201)	(116, 38.7182)	(117, 38.7275)	(118, 38.6595)	(119, 38.7231)	(120, 38.7096)	(121, 38.6684)	(122, 38.6773)	(123, 38.6181)	(124, 38.6264)	(125, 38.6718)	(126, 38.6891)	(127, 38.6671)	(128, 38.6982)	(129, 38.6402)	(130, 38.6548)	(131, 38.6388)	(132, 38.6052)	(133, 38.6657)	(134, 38.6985)	(135, 38.6763)	(136, 38.6084)	(137, 38.5803)	(138, 38.6318)	(139, 38.5702)	(140, 38.6307)	(141, 38.6349)	(142, 38.6623)	(143, 38.6898)	(144, 38.6523)	(145, 38.677)	(146, 38.6802)	(147, 38.7642)	(148, 38.8565)	(149, 38.8061)	(150, 38.7906)	(151, 38.4702)
reports | SRR30333753	(1, 37.956)	(2, 38.5605)	(3, 38.5337)	(4, 38.7377)	(5, 38.7106)	(6, 38.7611)	(7, 38.7439)	(8, 38.8108)	(9, 38.8465)	(10, 38.7007)	(11, 38.8254)	(12, 38.7345)	(13, 38.803)	(14, 38.7643)	(15, 38.8777)	(16, 39.2189)	(17, 39.2094)	(18, 39.2196)	(19, 39.2157)	(20, 39.1549)	(21, 39.1728)	(22, 39.1688)	(23, 39.2255)	(24, 39.2275)	(25, 39.1961)	(26, 38.8932)	(27, 38.8836)	(28, 38.8868)	(29, 38.8883)	(30, 38.8882)	(31, 38.895)	(32, 38.8887)	(33, 38.8691)	(34, 38.8734)	(35, 38.8394)	(36, 38.7698)	(37, 38.9241)	(38, 38.8303)	(39, 38.9277)	(40, 38.9158)	(41, 38.7662)	(42, 38.9131)	(43, 38.8336)	(44, 38.822)	(45, 38.911)	(46, 38.9185)	(47, 38.9059)	(48, 38.9093)	(49, 38.8868)	(50, 38.8919)	(51, 38.884)	(52, 38.842)	(53, 38.853)	(54, 38.8787)	(55, 38.8635)	(56, 38.8589)	(57, 38.8274)	(58, 38.7906)	(59, 38.825)	(60, 38.8114)	(61, 38.8046)	(62, 38.8272)	(63, 38.8098)	(64, 38.8398)	(65, 38.8241)	(66, 38.8279)	(67, 38.7288)	(68, 38.8194)	(69, 38.8231)	(70, 38.8037)	(71, 38.8037)	(72, 38.799)	(73, 38.7026)	(74, 38.7944)	(75, 38.7819)	(76, 38.7564)	(77, 38.783)	(78, 38.764)	(79, 38.7296)	(80, 38.7647)	(81, 38.7565)	(82, 38.7502)	(83, 38.7265)	(84, 38.7489)	(85, 38.7271)	(86, 38.7369)	(87, 38.7177)	(88, 38.6702)	(89, 38.7106)	(90, 38.714)	(91, 38.6699)	(92, 38.7041)	(93, 38.6486)	(94, 38.694)	(95, 38.6686)	(96, 38.644)	(97, 38.6378)	(98, 38.6271)	(99, 38.6649)	(100, 38.5307)	(101, 38.6441)	(102, 38.4966)	(103, 38.6055)	(104, 38.5702)	(105, 38.6235)	(106, 38.5945)	(107, 38.6175)	(108, 38.6112)	(109, 38.6117)	(110, 38.5865)	(111, 38.5794)	(112, 38.5731)	(113, 38.5449)	(114, 38.599)	(115, 38.5606)	(116, 38.5541)	(117, 38.5914)	(118, 38.517)	(119, 38.5445)	(120, 38.5696)	(121, 38.5153)	(122, 38.5385)	(123, 38.4557)	(124, 38.4778)	(125, 38.5676)	(126, 38.5645)	(127, 38.5635)	(128, 38.5555)	(129, 38.5191)	(130, 38.5548)	(131, 38.5366)	(132, 38.4425)	(133, 38.512)	(134, 38.5324)	(135, 38.5401)	(136, 38.4862)	(137, 38.4986)	(138, 38.573)	(139, 38.4798)	(140, 38.5449)	(141, 38.5459)	(142, 38.59)	(143, 38.6103)	(144, 38.6112)	(145, 38.6385)	(146, 38.6588)	(147, 38.7138)	(148, 38.7814)	(149, 38.7754)	(150, 38.7612)	(151, 38.3789)
reports | SRR30333754	(1, 38.2141)	(2, 38.7786)	(3, 38.7842)	(4, 38.9786)	(5, 38.9719)	(6, 38.9316)	(7, 38.9426)	(8, 38.9808)	(9, 38.9941)	(10, 38.9281)	(11, 38.9868)	(12, 38.9625)	(13, 38.998)	(14, 38.9584)	(15, 39.0401)	(16, 39.3614)	(17, 39.3604)	(18, 39.3687)	(19, 39.3499)	(20, 39.3042)	(21, 39.318)	(22, 39.3068)	(23, 39.3569)	(24, 39.3526)	(25, 39.3279)	(26, 39.1012)	(27, 39.092)	(28, 39.1034)	(29, 39.0992)	(30, 39.0937)	(31, 39.1029)	(32, 39.092)	(33, 39.0705)	(34, 39.0729)	(35, 39.0461)	(36, 38.9923)	(37, 39.119)	(38, 39.0423)	(39, 39.1185)	(40, 39.1165)	(41, 38.9889)	(42, 39.1117)	(43, 39.0399)	(44, 39.0327)	(45, 39.1038)	(46, 39.1133)	(47, 39.1031)	(48, 39.1047)	(49, 39.0844)	(50, 39.089)	(51, 39.0805)	(52, 39.0414)	(53, 39.0615)	(54, 39.0701)	(55, 39.069)	(56, 39.0694)	(57, 39.04)	(58, 39.0031)	(59, 39.034)	(60, 39.0378)	(61, 39.0141)	(62, 39.0275)	(63, 39.0162)	(64, 39.0294)	(65, 39.0283)	(66, 39.0216)	(67, 38.9456)	(68, 39.0123)	(69, 39.0169)	(70, 39.0005)	(71, 38.995)	(72, 38.9899)	(73, 38.907)	(74, 38.9882)	(75, 38.9708)	(76, 38.9491)	(77, 38.968)	(78, 38.9567)	(79, 38.9202)	(80, 38.9361)	(81, 38.9314)	(82, 38.9334)	(83, 38.9102)	(84, 38.9248)	(85, 38.9155)	(86, 38.9043)	(87, 38.8857)	(88, 38.8479)	(89, 38.8773)	(90, 38.8777)	(91, 38.8505)	(92, 38.8655)	(93, 38.8169)	(94, 38.8533)	(95, 38.8367)	(96, 38.805)	(97, 38.8014)	(98, 38.8)	(99, 38.829)	(100, 38.7165)	(101, 38.8072)	(102, 38.6827)	(103, 38.771)	(104, 38.7445)	(105, 38.7912)	(106, 38.7441)	(107, 38.7689)	(108, 38.7656)	(109, 38.754)	(110, 38.7478)	(111, 38.7235)	(112, 38.7156)	(113, 38.7154)	(114, 38.7309)	(115, 38.7167)	(116, 38.6991)	(117, 38.7198)	(118, 38.6509)	(119, 38.7047)	(120, 38.7025)	(121, 38.6554)	(122, 38.669)	(123, 38.6004)	(124, 38.6136)	(125, 38.6724)	(126, 38.6819)	(127, 38.6662)	(128, 38.6824)	(129, 38.6345)	(130, 38.6583)	(131, 38.6405)	(132, 38.5853)	(133, 38.6467)	(134, 38.6727)	(135, 38.6618)	(136, 38.5992)	(137, 38.5828)	(138, 38.6426)	(139, 38.5706)	(140, 38.629)	(141, 38.6332)	(142, 38.6747)	(143, 38.6976)	(144, 38.6767)	(145, 38.7002)	(146, 38.714)	(147, 38.7845)	(148, 38.8762)	(149, 38.8383)	(150, 38.8251)	(151, 38.4749)
reports | SRR30333755	(1, 37.8853)	(2, 38.4942)	(3, 38.481)	(4, 38.6494)	(5, 38.6014)	(6, 38.6861)	(7, 38.679)	(8, 38.7504)	(9, 38.7828)	(10, 38.6325)	(11, 38.7764)	(12, 38.6649)	(13, 38.7449)	(14, 38.7006)	(15, 38.8225)	(16, 39.158)	(17, 39.1423)	(18, 39.1551)	(19, 39.1503)	(20, 39.0998)	(21, 39.1179)	(22, 39.1167)	(23, 39.1642)	(24, 39.1708)	(25, 39.1395)	(26, 38.8003)	(27, 38.7932)	(28, 38.7992)	(29, 38.8021)	(30, 38.8011)	(31, 38.81)	(32, 38.8023)	(33, 38.7857)	(34, 38.7919)	(35, 38.7601)	(36, 38.6982)	(37, 38.833)	(38, 38.7567)	(39, 38.8447)	(40, 38.8331)	(41, 38.7028)	(42, 38.8277)	(43, 38.761)	(44, 38.7492)	(45, 38.8275)	(46, 38.8356)	(47, 38.8212)	(48, 38.8233)	(49, 38.8045)	(50, 38.8023)	(51, 38.7994)	(52, 38.7599)	(53, 38.7688)	(54, 38.7925)	(55, 38.7706)	(56, 38.7602)	(57, 38.7324)	(58, 38.7039)	(59, 38.7329)	(60, 38.7186)	(61, 38.7087)	(62, 38.7331)	(63, 38.7165)	(64, 38.7434)	(65, 38.7225)	(66, 38.7317)	(67, 38.6347)	(68, 38.7156)	(69, 38.717)	(70, 38.6915)	(71, 38.6964)	(72, 38.6936)	(73, 38.5989)	(74, 38.6872)	(75, 38.6696)	(76, 38.6423)	(77, 38.6663)	(78, 38.6465)	(79, 38.6136)	(80, 38.6434)	(81, 38.6336)	(82, 38.6239)	(83, 38.6064)	(84, 38.6253)	(85, 38.5977)	(86, 38.6095)	(87, 38.5914)	(88, 38.5447)	(89, 38.5757)	(90, 38.577)	(91, 38.5371)	(92, 38.5667)	(93, 38.5074)	(94, 38.5551)	(95, 38.5284)	(96, 38.5021)	(97, 38.4911)	(98, 38.4784)	(99, 38.5092)	(100, 38.3841)	(101, 38.4824)	(102, 38.3491)	(103, 38.4431)	(104, 38.4119)	(105, 38.4593)	(106, 38.4321)	(107, 38.4493)	(108, 38.4424)	(109, 38.4413)	(110, 38.4033)	(111, 38.402)	(112, 38.394)	(113, 38.3722)	(114, 38.4279)	(115, 38.3768)	(116, 38.3847)	(117, 38.4187)	(118, 38.3507)	(119, 38.3668)	(120, 38.3887)	(121, 38.3401)	(122, 38.3599)	(123, 38.2922)	(124, 38.3083)	(125, 38.3943)	(126, 38.3904)	(127, 38.386)	(128, 38.3811)	(129, 38.3425)	(130, 38.374)	(131, 38.3553)	(132, 38.2698)	(133, 38.3389)	(134, 38.364)	(135, 38.3658)	(136, 38.318)	(137, 38.3345)	(138, 38.4002)	(139, 38.3194)	(140, 38.3852)	(141, 38.3865)	(142, 38.418)	(143, 38.4462)	(144, 38.4411)	(145, 38.4791)	(146, 38.504)	(147, 38.5684)	(148, 38.646)	(149, 38.6428)	(150, 38.6293)	(151, 38.2065)
reports | SRR30333756	(1, 38.2177)	(2, 38.7616)	(3, 38.7475)	(4, 38.9665)	(5, 38.9675)	(6, 38.929)	(7, 38.9173)	(8, 38.9524)	(9, 38.9672)	(10, 38.8934)	(11, 38.9598)	(12, 38.9315)	(13, 38.9684)	(14, 38.9284)	(15, 39.0149)	(16, 39.358)	(17, 39.358)	(18, 39.3635)	(19, 39.3473)	(20, 39.3007)	(21, 39.3129)	(22, 39.3037)	(23, 39.3583)	(24, 39.352)	(25, 39.3238)	(26, 39.1024)	(27, 39.0949)	(28, 39.106)	(29, 39.1037)	(30, 39.1023)	(31, 39.1123)	(32, 39.1022)	(33, 39.0785)	(34, 39.0835)	(35, 39.0497)	(36, 38.9921)	(37, 39.1307)	(38, 39.0454)	(39, 39.1316)	(40, 39.1307)	(41, 38.9908)	(42, 39.13)	(43, 39.0538)	(44, 39.045)	(45, 39.1224)	(46, 39.1293)	(47, 39.1168)	(48, 39.1197)	(49, 39.1005)	(50, 39.1105)	(51, 39.1016)	(52, 39.0634)	(53, 39.0836)	(54, 39.0973)	(55, 39.0928)	(56, 39.0935)	(57, 39.0601)	(58, 39.0195)	(59, 39.0535)	(60, 39.056)	(61, 39.0384)	(62, 39.0539)	(63, 39.0425)	(64, 39.0621)	(65, 39.0607)	(66, 39.0523)	(67, 38.9701)	(68, 39.0401)	(69, 39.0442)	(70, 39.0327)	(71, 39.0285)	(72, 39.0267)	(73, 38.941)	(74, 39.0247)	(75, 39.0101)	(76, 38.9905)	(77, 39.0056)	(78, 38.9924)	(79, 38.9545)	(80, 38.9744)	(81, 38.9721)	(82, 38.9747)	(83, 38.9507)	(84, 38.9702)	(85, 38.9611)	(86, 38.9538)	(87, 38.9335)	(88, 38.8906)	(89, 38.9252)	(90, 38.9263)	(91, 38.8948)	(92, 38.9157)	(93, 38.8667)	(94, 38.9068)	(95, 38.8882)	(96, 38.8601)	(97, 38.8579)	(98, 38.8531)	(99, 38.8844)	(100, 38.7633)	(101, 38.8639)	(102, 38.7276)	(103, 38.8281)	(104, 38.8007)	(105, 38.8513)	(106, 38.8074)	(107, 38.8319)	(108, 38.8309)	(109, 38.8208)	(110, 38.8154)	(111, 38.7895)	(112, 38.7806)	(113, 38.775)	(114, 38.7966)	(115, 38.7842)	(116, 38.7653)	(117, 38.7882)	(118, 38.7182)	(119, 38.7684)	(120, 38.7728)	(121, 38.7214)	(122, 38.7371)	(123, 38.6604)	(124, 38.6784)	(125, 38.7455)	(126, 38.755)	(127, 38.7435)	(128, 38.7527)	(129, 38.7068)	(130, 38.7345)	(131, 38.715)	(132, 38.6463)	(133, 38.7109)	(134, 38.7338)	(135, 38.7265)	(136, 38.6654)	(137, 38.6555)	(138, 38.7217)	(139, 38.6404)	(140, 38.6991)	(141, 38.6999)	(142, 38.7466)	(143, 38.7667)	(144, 38.752)	(145, 38.7717)	(146, 38.7831)	(147, 38.8431)	(148, 38.9236)	(149, 38.8915)	(150, 38.8797)	(151, 38.5388)
reports | SRR30333757	(1, 35.4043)	(2, 35.5856)	(3, 35.7364)	(4, 35.7909)	(5, 35.9616)	(6, 36.0598)	(7, 35.9251)	(8, 36.0291)	(9, 36.0437)	(10, 36.0742)	(11, 36.0932)	(12, 36.0357)	(13, 36.0657)	(14, 36.0351)	(15, 36.0371)	(16, 36.032)	(17, 36.0355)	(18, 36.022)	(19, 36.0218)	(20, 36.0115)	(21, 36.019)	(22, 35.9946)	(23, 35.9717)	(24, 35.9648)	(25, 35.9585)	(26, 35.8974)	(27, 35.8949)	(28, 35.8922)	(29, 35.8866)	(30, 35.8715)	(31, 35.8647)	(32, 35.8577)	(33, 35.8526)	(34, 35.8443)	(35, 35.837)	(36, 35.834)	(37, 35.8359)	(38, 35.8211)	(39, 35.811)	(40, 35.8176)	(41, 35.8172)	(42, 35.8005)	(43, 35.8057)	(44, 35.7902)	(45, 35.7816)	(46, 35.7804)	(47, 35.7542)	(48, 35.7706)	(49, 35.7635)	(50, 35.7548)	(51, 35.7363)	(52, 35.7535)	(53, 35.7413)	(54, 35.745)	(55, 35.737)	(56, 35.7113)	(57, 35.7115)	(58, 35.7059)	(59, 35.6945)	(60, 35.7045)	(61, 35.6997)	(62, 35.6883)	(63, 35.6819)	(64, 35.6753)	(65, 35.6606)	(66, 35.6586)	(67, 35.6464)	(68, 35.6609)	(69, 35.6527)	(70, 35.6439)	(71, 35.6348)	(72, 35.6277)	(73, 35.6123)	(74, 35.6037)	(75, 35.6034)	(76, 35.5971)	(77, 35.595)	(78, 35.5852)	(79, 35.5712)	(80, 35.5537)	(81, 35.5511)	(82, 35.5466)	(83, 35.5471)	(84, 35.5492)	(85, 35.5125)	(86, 35.518)	(87, 35.5225)	(88, 35.5105)	(89, 35.5099)	(90, 35.5015)	(91, 35.4833)	(92, 35.4599)	(93, 35.4503)	(94, 35.4593)	(95, 35.454)	(96, 35.4605)	(97, 35.4423)	(98, 35.4096)	(99, 35.4245)	(100, 35.4083)	(101, 35.3836)	(102, 35.3656)	(103, 35.3777)	(104, 35.378)	(105, 35.3816)	(106, 35.3511)	(107, 35.3324)	(108, 35.3172)	(109, 35.3316)	(110, 35.3339)	(111, 35.3315)	(112, 35.3274)	(113, 35.3047)	(114, 35.2657)	(115, 35.2664)	(116, 35.2535)	(117, 35.2386)	(118, 35.2272)	(119, 35.2376)	(120, 35.2285)	(121, 35.2253)	(122, 35.2299)	(123, 35.1647)	(124, 35.1965)	(125, 35.1873)	(126, 35.1924)	(127, 35.1672)	(128, 35.1484)	(129, 35.1575)	(130, 35.1303)	(131, 35.1107)	(132, 35.1118)	(133, 35.1206)	(134, 35.1205)	(135, 35.0776)	(136, 35.0476)	(137, 35.0403)	(138, 35.0638)	(139, 35.0749)	(140, 34.9865)	(141, 34.9937)	(142, 35.0135)	(143, 34.9598)	(144, 34.9673)	(145, 34.9627)	(146, 34.9738)	(147, 34.9986)	(148, 35.0933)	(149, 35.0398)	(150, 35.0014)	(151, 34.4689)
reports | SRR30333758	(1, 35.4923)	(2, 35.5616)	(3, 35.7203)	(4, 35.7894)	(5, 35.9019)	(6, 35.9635)	(7, 35.8594)	(8, 35.9614)	(9, 35.9645)	(10, 35.9987)	(11, 36.0063)	(12, 35.9671)	(13, 35.9692)	(14, 35.9593)	(15, 35.9553)	(16, 35.9534)	(17, 35.9607)	(18, 35.9438)	(19, 35.9492)	(20, 35.9305)	(21, 35.9349)	(22, 35.912)	(23, 35.8875)	(24, 35.8811)	(25, 35.8768)	(26, 35.8123)	(27, 35.811)	(28, 35.8054)	(29, 35.7977)	(30, 35.7898)	(31, 35.7677)	(32, 35.7643)	(33, 35.7611)	(34, 35.7561)	(35, 35.7504)	(36, 35.7547)	(37, 35.751)	(38, 35.7385)	(39, 35.7318)	(40, 35.7252)	(41, 35.729)	(42, 35.7139)	(43, 35.7115)	(44, 35.7106)	(45, 35.7013)	(46, 35.6889)	(47, 35.6772)	(48, 35.6813)	(49, 35.6844)	(50, 35.6594)	(51, 35.6488)	(52, 35.6629)	(53, 35.6533)	(54, 35.6657)	(55, 35.6584)	(56, 35.6323)	(57, 35.6355)	(58, 35.6256)	(59, 35.6117)	(60, 35.6278)	(61, 35.6208)	(62, 35.6002)	(63, 35.5923)	(64, 35.5865)	(65, 35.5634)	(66, 35.5612)	(67, 35.5565)	(68, 35.5694)	(69, 35.5586)	(70, 35.5441)	(71, 35.5462)	(72, 35.5454)	(73, 35.5199)	(74, 35.519)	(75, 35.5235)	(76, 35.5026)	(77, 35.4895)	(78, 35.4851)	(79, 35.4813)	(80, 35.485)	(81, 35.4735)	(82, 35.4578)	(83, 35.465)	(84, 35.4595)	(85, 35.4255)	(86, 35.4265)	(87, 35.4192)	(88, 35.4255)	(89, 35.4318)	(90, 35.4184)	(91, 35.406)	(92, 35.3852)	(93, 35.3912)	(94, 35.3899)	(95, 35.3739)	(96, 35.3747)	(97, 35.3608)	(98, 35.3315)	(99, 35.3494)	(100, 35.3446)	(101, 35.3238)	(102, 35.3141)	(103, 35.3261)	(104, 35.3186)	(105, 35.307)	(106, 35.2876)	(107, 35.2652)	(108, 35.2592)	(109, 35.2832)	(110, 35.2689)	(111, 35.2683)	(112, 35.2729)	(113, 35.2569)	(114, 35.2248)	(115, 35.2254)	(116, 35.2015)	(117, 35.1894)	(118, 35.1784)	(119, 35.1781)	(120, 35.178)	(121, 35.1757)	(122, 35.1643)	(123, 35.0944)	(124, 35.1355)	(125, 35.1412)	(126, 35.1363)	(127, 35.0954)	(128, 35.074)	(129, 35.0826)	(130, 35.0888)	(131, 35.0766)	(132, 35.0537)	(133, 35.0768)	(134, 35.066)	(135, 35.0226)	(136, 34.9788)	(137, 34.9955)	(138, 35.0354)	(139, 35.0504)	(140, 34.9472)	(141, 34.9178)	(142, 34.9416)	(143, 34.9054)	(144, 34.955)	(145, 34.9528)	(146, 34.9023)	(147, 34.8974)	(148, 35.0148)	(149, 35.0088)	(150, 34.9754)	(151, 34.4432)
reports | SRR30333759	(1, 35.5365)	(2, 35.6808)	(3, 35.8232)	(4, 35.8696)	(5, 36.0073)	(6, 36.0917)	(7, 35.9717)	(8, 36.0792)	(9, 36.0879)	(10, 36.1109)	(11, 36.1327)	(12, 36.0783)	(13, 36.0969)	(14, 36.0735)	(15, 36.071)	(16, 36.0689)	(17, 36.0702)	(18, 36.0579)	(19, 36.0598)	(20, 36.0466)	(21, 36.054)	(22, 36.0312)	(23, 36.0067)	(24, 36.0008)	(25, 35.9932)	(26, 35.9379)	(27, 35.9362)	(28, 35.9349)	(29, 35.9288)	(30, 35.9162)	(31, 35.9046)	(32, 35.8997)	(33, 35.8942)	(34, 35.8879)	(35, 35.8805)	(36, 35.8799)	(37, 35.8774)	(38, 35.8665)	(39, 35.8567)	(40, 35.8599)	(41, 35.8576)	(42, 35.8438)	(43, 35.8459)	(44, 35.8361)	(45, 35.8286)	(46, 35.8248)	(47, 35.8032)	(48, 35.8128)	(49, 35.8087)	(50, 35.7952)	(51, 35.7837)	(52, 35.7973)	(53, 35.7814)	(54, 35.7914)	(55, 35.7833)	(56, 35.7586)	(57, 35.7612)	(58, 35.7535)	(59, 35.7421)	(60, 35.7539)	(61, 35.7484)	(62, 35.7319)	(63, 35.7241)	(64, 35.719)	(65, 35.7052)	(66, 35.699)	(67, 35.6912)	(68, 35.7052)	(69, 35.6948)	(70, 35.6841)	(71, 35.6798)	(72, 35.6717)	(73, 35.6539)	(74, 35.6507)	(75, 35.6511)	(76, 35.6396)	(77, 35.6342)	(78, 35.6282)	(79, 35.6159)	(80, 35.6038)	(81, 35.6023)	(82, 35.5925)	(83, 35.5951)	(84, 35.595)	(85, 35.5568)	(86, 35.561)	(87, 35.5634)	(88, 35.5553)	(89, 35.5578)	(90, 35.5464)	(91, 35.5307)	(92, 35.5067)	(93, 35.5039)	(94, 35.5101)	(95, 35.4986)	(96, 35.5042)	(97, 35.4871)	(98, 35.4563)	(99, 35.4696)	(100, 35.455)	(101, 35.4349)	(102, 35.4158)	(103, 35.4293)	(104, 35.432)	(105, 35.4282)	(106, 35.4)	(107, 35.3801)	(108, 35.3708)	(109, 35.3825)	(110, 35.3788)	(111, 35.3768)	(112, 35.3743)	(113, 35.3574)	(114, 35.3226)	(115, 35.3197)	(116, 35.3061)	(117, 35.2884)	(118, 35.2733)	(119, 35.2812)	(120, 35.276)	(121, 35.2673)	(122, 35.2738)	(123, 35.2089)	(124, 35.242)	(125, 35.2337)	(126, 35.237)	(127, 35.2069)	(128, 35.1827)	(129, 35.1974)	(130, 35.1747)	(131, 35.1552)	(132, 35.1602)	(133, 35.1632)	(134, 35.1673)	(135, 35.1181)	(136, 35.0803)	(137, 35.0803)	(138, 35.1087)	(139, 35.1251)	(140, 35.0325)	(141, 35.0246)	(142, 35.0474)	(143, 34.9991)	(144, 35.012)	(145, 35.0134)	(146, 35.0004)	(147, 35.018)	(148, 35.1119)	(149, 35.0672)	(150, 35.0316)	(151, 34.4973)
reports | SRR30333760	(1, 35.6747)	(2, 35.8418)	(3, 35.9514)	(4, 36.0255)	(5, 36.1004)	(6, 36.1714)	(7, 36.0552)	(8, 36.1396)	(9, 36.1617)	(10, 36.1898)	(11, 36.2005)	(12, 36.1667)	(13, 36.185)	(14, 36.1615)	(15, 36.1653)	(16, 36.1619)	(17, 36.16)	(18, 36.1405)	(19, 36.1538)	(20, 36.1385)	(21, 36.1478)	(22, 36.1248)	(23, 36.1003)	(24, 36.0958)	(25, 36.0947)	(26, 36.0357)	(27, 36.0299)	(28, 36.0283)	(29, 36.0263)	(30, 36.0053)	(31, 36.0034)	(32, 35.9953)	(33, 35.9973)	(34, 35.9888)	(35, 35.9741)	(36, 35.9701)	(37, 35.9662)	(38, 35.9657)	(39, 35.9589)	(40, 35.95)	(41, 35.9667)	(42, 35.9419)	(43, 35.9432)	(44, 35.9444)	(45, 35.9367)	(46, 35.9415)	(47, 35.9208)	(48, 35.9208)	(49, 35.9244)	(50, 35.9191)	(51, 35.8947)	(52, 35.9148)	(53, 35.9028)	(54, 35.9119)	(55, 35.9049)	(56, 35.8895)	(57, 35.8852)	(58, 35.877)	(59, 35.8622)	(60, 35.8739)	(61, 35.8663)	(62, 35.8506)	(63, 35.8514)	(64, 35.8431)	(65, 35.8299)	(66, 35.8256)	(67, 35.8142)	(68, 35.825)	(69, 35.8194)	(70, 35.8031)	(71, 35.8086)	(72, 35.801)	(73, 35.7912)	(74, 35.7882)	(75, 35.7999)	(76, 35.7818)	(77, 35.7758)	(78, 35.7682)	(79, 35.7551)	(80, 35.7514)	(81, 35.7503)	(82, 35.7418)	(83, 35.7416)	(84, 35.7476)	(85, 35.7236)	(86, 35.7161)	(87, 35.712)	(88, 35.7134)	(89, 35.7154)	(90, 35.7059)	(91, 35.6958)	(92, 35.6616)	(93, 35.6613)	(94, 35.6651)	(95, 35.661)	(96, 35.6652)	(97, 35.6504)	(98, 35.6196)	(99, 35.6287)	(100, 35.6201)	(101, 35.6041)	(102, 35.5984)	(103, 35.6105)	(104, 35.5947)	(105, 35.5918)	(106, 35.5823)	(107, 35.5614)	(108, 35.554)	(109, 35.5624)	(110, 35.5578)	(111, 35.5483)	(112, 35.5432)	(113, 35.5209)	(114, 35.5085)	(115, 35.5218)	(116, 35.5029)	(117, 35.4847)	(118, 35.4658)	(119, 35.4668)	(120, 35.4758)	(121, 35.4634)	(122, 35.4479)	(123, 35.4101)	(124, 35.4252)	(125, 35.4266)	(126, 35.4406)	(127, 35.4058)	(128, 35.4062)	(129, 35.418)	(130, 35.3982)	(131, 35.3709)	(132, 35.3519)	(133, 35.3723)	(134, 35.3729)	(135, 35.333)	(136, 35.3117)	(137, 35.3231)	(138, 35.3305)	(139, 35.3346)	(140, 35.276)	(141, 35.2637)	(142, 35.2657)	(143, 35.237)	(144, 35.2407)	(145, 35.2373)	(146, 35.2287)	(147, 35.2388)	(148, 35.3136)	(149, 35.2879)	(150, 35.2703)	(151, 34.7604)
reports | SRR30333761	(1, 35.2412)	(2, 35.4393)	(3, 35.6103)	(4, 35.6739)	(5, 35.8607)	(6, 35.9761)	(7, 35.8347)	(8, 35.9521)	(9, 35.9631)	(10, 35.9937)	(11, 36.02)	(12, 35.9553)	(13, 35.9853)	(14, 35.9552)	(15, 35.9561)	(16, 35.9489)	(17, 35.955)	(18, 35.9387)	(19, 35.9397)	(20, 35.9293)	(21, 35.9361)	(22, 35.9119)	(23, 35.883)	(24, 35.8757)	(25, 35.8704)	(26, 35.8012)	(27, 35.7976)	(28, 35.7926)	(29, 35.7896)	(30, 35.7724)	(31, 35.7668)	(32, 35.7582)	(33, 35.7545)	(34, 35.7448)	(35, 35.7375)	(36, 35.7363)	(37, 35.7364)	(38, 35.7218)	(39, 35.7098)	(40, 35.7165)	(41, 35.7178)	(42, 35.7024)	(43, 35.7033)	(44, 35.6908)	(45, 35.6812)	(46, 35.6785)	(47, 35.652)	(48, 35.6649)	(49, 35.6588)	(50, 35.649)	(51, 35.6351)	(52, 35.6539)	(53, 35.6355)	(54, 35.6442)	(55, 35.6361)	(56, 35.6125)	(57, 35.6123)	(58, 35.6048)	(59, 35.5918)	(60, 35.6027)	(61, 35.5969)	(62, 35.5795)	(63, 35.5772)	(64, 35.5721)	(65, 35.5541)	(66, 35.548)	(67, 35.5407)	(68, 35.5603)	(69, 35.5488)	(70, 35.5364)	(71, 35.5333)	(72, 35.5248)	(73, 35.5079)	(74, 35.5001)	(75, 35.4964)	(76, 35.4864)	(77, 35.4875)	(78, 35.4791)	(79, 35.4661)	(80, 35.4509)	(81, 35.4499)	(82, 35.4401)	(83, 35.4448)	(84, 35.4451)	(85, 35.41)	(86, 35.4148)	(87, 35.4169)	(88, 35.4114)	(89, 35.4138)	(90, 35.4003)	(91, 35.3827)	(92, 35.3559)	(93, 35.3518)	(94, 35.3555)	(95, 35.3534)	(96, 35.3589)	(97, 35.342)	(98, 35.3051)	(99, 35.3229)	(100, 35.305)	(101, 35.2804)	(102, 35.2628)	(103, 35.2779)	(104, 35.2851)	(105, 35.2864)	(106, 35.2534)	(107, 35.235)	(108, 35.2204)	(109, 35.2316)	(110, 35.2334)	(111, 35.2308)	(112, 35.2283)	(113, 35.2125)	(114, 35.1719)	(115, 35.1714)	(116, 35.1529)	(117, 35.1421)	(118, 35.1296)	(119, 35.1374)	(120, 35.1255)	(121, 35.1242)	(122, 35.1283)	(123, 35.0653)	(124, 35.0946)	(125, 35.0815)	(126, 35.0948)	(127, 35.0604)	(128, 35.0412)	(129, 35.065)	(130, 35.0268)	(131, 35.0113)	(132, 35.0175)	(133, 35.0263)	(134, 35.0278)	(135, 34.9739)	(136, 34.9405)	(137, 34.9372)	(138, 34.963)	(139, 34.9777)	(140, 34.891)	(141, 34.8888)	(142, 34.918)	(143, 34.8613)	(144, 34.8644)	(145, 34.8551)	(146, 34.8605)	(147, 34.8947)	(148, 34.9996)	(149, 34.9402)	(150, 34.909)	(151, 34.3685)
reports | SRR30333762	(1, 35.6567)	(2, 35.8112)	(3, 35.9302)	(4, 36.006)	(5, 36.079)	(6, 36.1493)	(7, 36.0267)	(8, 36.1106)	(9, 36.1363)	(10, 36.1573)	(11, 36.1732)	(12, 36.1345)	(13, 36.1552)	(14, 36.1293)	(15, 36.1355)	(16, 36.1303)	(17, 36.1292)	(18, 36.107)	(19, 36.1189)	(20, 36.1014)	(21, 36.1109)	(22, 36.089)	(23, 36.0609)	(24, 36.0553)	(25, 36.056)	(26, 35.9938)	(27, 35.9893)	(28, 35.9864)	(29, 35.9842)	(30, 35.9615)	(31, 35.9603)	(32, 35.9524)	(33, 35.9531)	(34, 35.9446)	(35, 35.9291)	(36, 35.9239)	(37, 35.9209)	(38, 35.9181)	(39, 35.9105)	(40, 35.9044)	(41, 35.9222)	(42, 35.8958)	(43, 35.9009)	(44, 35.896)	(45, 35.8905)	(46, 35.8925)	(47, 35.8675)	(48, 35.8714)	(49, 35.8716)	(50, 35.869)	(51, 35.8409)	(52, 35.8652)	(53, 35.8557)	(54, 35.8626)	(55, 35.8552)	(56, 35.8351)	(57, 35.8311)	(58, 35.8182)	(59, 35.8019)	(60, 35.8183)	(61, 35.8104)	(62, 35.7936)	(63, 35.7973)	(64, 35.7886)	(65, 35.7724)	(66, 35.7683)	(67, 35.753)	(68, 35.7644)	(69, 35.7565)	(70, 35.7406)	(71, 35.7465)	(72, 35.7401)	(73, 35.7312)	(74, 35.7273)	(75, 35.7418)	(76, 35.7219)	(77, 35.7143)	(78, 35.7027)	(79, 35.6925)	(80, 35.6831)	(81, 35.6805)	(82, 35.6732)	(83, 35.6732)	(84, 35.681)	(85, 35.659)	(86, 35.6512)	(87, 35.6487)	(88, 35.6458)	(89, 35.6446)	(90, 35.6358)	(91, 35.6216)	(92, 35.5875)	(93, 35.587)	(94, 35.5946)	(95, 35.5921)	(96, 35.599)	(97, 35.5832)	(98, 35.5471)	(99, 35.5566)	(100, 35.5517)	(101, 35.5289)	(102, 35.5229)	(103, 35.5345)	(104, 35.5226)	(105, 35.5226)	(106, 35.513)	(107, 35.4937)	(108, 35.484)	(109, 35.4907)	(110, 35.4864)	(111, 35.4786)	(112, 35.4729)	(113, 35.4479)	(114, 35.4284)	(115, 35.4511)	(116, 35.4313)	(117, 35.4121)	(118, 35.3908)	(119, 35.3978)	(120, 35.4115)	(121, 35.3939)	(122, 35.3821)	(123, 35.3326)	(124, 35.3516)	(125, 35.3569)	(126, 35.3697)	(127, 35.3388)	(128, 35.3409)	(129, 35.3504)	(130, 35.3311)	(131, 35.3008)	(132, 35.2793)	(133, 35.3021)	(134, 35.3012)	(135, 35.2574)	(136, 35.2398)	(137, 35.2497)	(138, 35.2647)	(139, 35.2678)	(140, 35.2062)	(141, 35.1951)	(142, 35.1952)	(143, 35.1608)	(144, 35.1686)	(145, 35.1688)	(146, 35.1581)	(147, 35.1688)	(148, 35.2514)	(149, 35.2245)	(150, 35.2023)	(151, 34.6758)
reports | SRR30333763	(1, 35.7698)	(2, 35.9623)	(3, 36.0658)	(4, 36.1343)	(5, 36.1886)	(6, 36.2551)	(7, 36.1357)	(8, 36.2083)	(9, 36.2375)	(10, 36.2664)	(11, 36.275)	(12, 36.2416)	(13, 36.2652)	(14, 36.2383)	(15, 36.249)	(16, 36.2435)	(17, 36.24)	(18, 36.219)	(19, 36.2334)	(20, 36.2194)	(21, 36.2282)	(22, 36.206)	(23, 36.1797)	(24, 36.1765)	(25, 36.178)	(26, 36.1228)	(27, 36.118)	(28, 36.1166)	(29, 36.1157)	(30, 36.0886)	(31, 36.0927)	(32, 36.086)	(33, 36.0893)	(34, 36.0783)	(35, 36.0623)	(36, 36.0551)	(37, 36.0507)	(38, 36.0537)	(39, 36.0492)	(40, 36.04)	(41, 36.0576)	(42, 36.0309)	(43, 36.0384)	(44, 36.0367)	(45, 36.03)	(46, 36.0428)	(47, 36.0165)	(48, 36.0175)	(49, 36.0195)	(50, 36.0206)	(51, 35.9928)	(52, 36.0117)	(53, 36.0038)	(54, 36.0095)	(55, 36.0024)	(56, 35.9894)	(57, 35.9819)	(58, 35.9741)	(59, 35.9588)	(60, 35.9732)	(61, 35.9616)	(62, 35.9503)	(63, 35.9514)	(64, 35.9445)	(65, 35.9335)	(66, 35.9279)	(67, 35.9127)	(68, 35.9209)	(69, 35.9185)	(70, 35.9013)	(71, 35.9074)	(72, 35.8976)	(73, 35.8929)	(74, 35.8907)	(75, 35.9042)	(76, 35.8858)	(77, 35.8843)	(78, 35.8753)	(79, 35.8606)	(80, 35.8519)	(81, 35.8526)	(82, 35.8499)	(83, 35.8478)	(84, 35.8567)	(85, 35.8375)	(86, 35.8274)	(87, 35.8235)	(88, 35.8191)	(89, 35.8172)	(90, 35.8135)	(91, 35.8063)	(92, 35.7684)	(93, 35.7625)	(94, 35.7692)	(95, 35.7677)	(96, 35.7747)	(97, 35.758)	(98, 35.7308)	(99, 35.7378)	(100, 35.7301)	(101, 35.7112)	(102, 35.7101)	(103, 35.7176)	(104, 35.6995)	(105, 35.6993)	(106, 35.6944)	(107, 35.6764)	(108, 35.6658)	(109, 35.6709)	(110, 35.6692)	(111, 35.6583)	(112, 35.651)	(113, 35.6275)	(114, 35.62)	(115, 35.6371)	(116, 35.6237)	(117, 35.6045)	(118, 35.5819)	(119, 35.5855)	(120, 35.5959)	(121, 35.5792)	(122, 35.5603)	(123, 35.5338)	(124, 35.5458)	(125, 35.5477)	(126, 35.5649)	(127, 35.5339)	(128, 35.5419)	(129, 35.5549)	(130, 35.5266)	(131, 35.4925)	(132, 35.4799)	(133, 35.4975)	(134, 35.4977)	(135, 35.4639)	(136, 35.4538)	(137, 35.4582)	(138, 35.4581)	(139, 35.4521)	(140, 35.4151)	(141, 35.4113)	(142, 35.4035)	(143, 35.3729)	(144, 35.365)	(145, 35.3631)	(146, 35.3723)	(147, 35.3897)	(148, 35.4407)	(149, 35.4106)	(150, 35.398)	(151, 34.8895)
reports | SRR30333764	(1, 35.6939)	(2, 35.8568)	(3, 35.9811)	(4, 36.0535)	(5, 36.1277)	(6, 36.1952)	(7, 36.0838)	(8, 36.1647)	(9, 36.1872)	(10, 36.2148)	(11, 36.2215)	(12, 36.1915)	(13, 36.2064)	(14, 36.1829)	(15, 36.1881)	(16, 36.1856)	(17, 36.1867)	(18, 36.1656)	(19, 36.1766)	(20, 36.1626)	(21, 36.1732)	(22, 36.1491)	(23, 36.1239)	(24, 36.1196)	(25, 36.1211)	(26, 36.0636)	(27, 36.058)	(28, 36.0564)	(29, 36.0538)	(30, 36.032)	(31, 36.0315)	(32, 36.0224)	(33, 36.0251)	(34, 36.0157)	(35, 36.0038)	(36, 35.9974)	(37, 35.9957)	(38, 35.9936)	(39, 35.9885)	(40, 35.9796)	(41, 35.9947)	(42, 35.9704)	(43, 35.9736)	(44, 35.9715)	(45, 35.9652)	(46, 35.9709)	(47, 35.9483)	(48, 35.9511)	(49, 35.9518)	(50, 35.9477)	(51, 35.9204)	(52, 35.9398)	(53, 35.9308)	(54, 35.9394)	(55, 35.9317)	(56, 35.9166)	(57, 35.912)	(58, 35.9035)	(59, 35.8852)	(60, 35.8996)	(61, 35.8921)	(62, 35.8747)	(63, 35.8777)	(64, 35.869)	(65, 35.8547)	(66, 35.8516)	(67, 35.8406)	(68, 35.8495)	(69, 35.8454)	(70, 35.8292)	(71, 35.8347)	(72, 35.8254)	(73, 35.8148)	(74, 35.8132)	(75, 35.8236)	(76, 35.8063)	(77, 35.8005)	(78, 35.7925)	(79, 35.7819)	(80, 35.7763)	(81, 35.7742)	(82, 35.7658)	(83, 35.765)	(84, 35.7697)	(85, 35.747)	(86, 35.7414)	(87, 35.7369)	(88, 35.7377)	(89, 35.7386)	(90, 35.7296)	(91, 35.716)	(92, 35.6837)	(93, 35.6828)	(94, 35.687)	(95, 35.6814)	(96, 35.6882)	(97, 35.6718)	(98, 35.6402)	(99, 35.6516)	(100, 35.6464)	(101, 35.6242)	(102, 35.6192)	(103, 35.6294)	(104, 35.6181)	(105, 35.6118)	(106, 35.6019)	(107, 35.5838)	(108, 35.5738)	(109, 35.5831)	(110, 35.5781)	(111, 35.5704)	(112, 35.5668)	(113, 35.5402)	(114, 35.5241)	(115, 35.5406)	(116, 35.5212)	(117, 35.5033)	(118, 35.4855)	(119, 35.4875)	(120, 35.4975)	(121, 35.485)	(122, 35.469)	(123, 35.4282)	(124, 35.447)	(125, 35.4485)	(126, 35.4613)	(127, 35.4301)	(128, 35.4303)	(129, 35.4387)	(130, 35.4187)	(131, 35.392)	(132, 35.3738)	(133, 35.3934)	(134, 35.3947)	(135, 35.3553)	(136, 35.3361)	(137, 35.3437)	(138, 35.3522)	(139, 35.3552)	(140, 35.2989)	(141, 35.2852)	(142, 35.2895)	(143, 35.2575)	(144, 35.2642)	(145, 35.258)	(146, 35.2515)	(147, 35.263)	(148, 35.3337)	(149, 35.3092)	(150, 35.2901)	(151, 34.7899)
reports | SRR30333765	(1, 35.2924)	(2, 35.4716)	(3, 35.6368)	(4, 35.6965)	(5, 35.8709)	(6, 35.9803)	(7, 35.8321)	(8, 35.9473)	(9, 35.9658)	(10, 35.9877)	(11, 36.0216)	(12, 35.9546)	(13, 35.9814)	(14, 35.959)	(15, 35.9573)	(16, 35.9523)	(17, 35.9588)	(18, 35.9386)	(19, 35.9417)	(20, 35.9302)	(21, 35.9368)	(22, 35.914)	(23, 35.8877)	(24, 35.8805)	(25, 35.8752)	(26, 35.8047)	(27, 35.8028)	(28, 35.8004)	(29, 35.794)	(30, 35.779)	(31, 35.7745)	(32, 35.764)	(33, 35.7613)	(34, 35.7511)	(35, 35.7439)	(36, 35.7407)	(37, 35.7413)	(38, 35.7251)	(39, 35.7141)	(40, 35.7199)	(41, 35.7244)	(42, 35.7094)	(43, 35.7116)	(44, 35.6959)	(45, 35.6855)	(46, 35.6834)	(47, 35.6555)	(48, 35.6713)	(49, 35.6635)	(50, 35.6533)	(51, 35.6364)	(52, 35.6586)	(53, 35.6449)	(54, 35.6506)	(55, 35.6429)	(56, 35.6177)	(57, 35.6168)	(58, 35.6066)	(59, 35.5928)	(60, 35.6052)	(61, 35.5991)	(62, 35.5848)	(63, 35.5816)	(64, 35.5776)	(65, 35.5617)	(66, 35.5546)	(67, 35.5469)	(68, 35.5659)	(69, 35.5486)	(70, 35.5408)	(71, 35.5355)	(72, 35.5284)	(73, 35.512)	(74, 35.5064)	(75, 35.5059)	(76, 35.4955)	(77, 35.4946)	(78, 35.4827)	(79, 35.4689)	(80, 35.453)	(81, 35.4515)	(82, 35.4423)	(83, 35.4453)	(84, 35.4505)	(85, 35.4131)	(86, 35.4198)	(87, 35.4249)	(88, 35.415)	(89, 35.4159)	(90, 35.401)	(91, 35.3825)	(92, 35.3558)	(93, 35.3533)	(94, 35.3591)	(95, 35.3576)	(96, 35.3645)	(97, 35.3488)	(98, 35.3098)	(99, 35.3243)	(100, 35.3085)	(101, 35.2803)	(102, 35.2614)	(103, 35.2767)	(104, 35.2858)	(105, 35.2873)	(106, 35.256)	(107, 35.2379)	(108, 35.2226)	(109, 35.2335)	(110, 35.2375)	(111, 35.2303)	(112, 35.227)	(113, 35.2051)	(114, 35.163)	(115, 35.1729)	(116, 35.1531)	(117, 35.1374)	(118, 35.1235)	(119, 35.1357)	(120, 35.1298)	(121, 35.124)	(122, 35.1281)	(123, 35.0618)	(124, 35.0881)	(125, 35.0781)	(126, 35.09)	(127, 35.0567)	(128, 35.0425)	(129, 35.0565)	(130, 35.0285)	(131, 35.0068)	(132, 35.0067)	(133, 35.0193)	(134, 35.0191)	(135, 34.9632)	(136, 34.9309)	(137, 34.9295)	(138, 34.9578)	(139, 34.9752)	(140, 34.8871)	(141, 34.8852)	(142, 34.9082)	(143, 34.8482)	(144, 34.8533)	(145, 34.8477)	(146, 34.8542)	(147, 34.8777)	(148, 34.9874)	(149, 34.9323)	(150, 34.8982)	(151, 34.3558)
reports | SRR30333766	(1, 35.7278)	(2, 35.8835)	(3, 36.0052)	(4, 36.0719)	(5, 36.1384)	(6, 36.2027)	(7, 36.1011)	(8, 36.1776)	(9, 36.1966)	(10, 36.2271)	(11, 36.2276)	(12, 36.198)	(13, 36.2178)	(14, 36.1943)	(15, 36.2001)	(16, 36.1974)	(17, 36.1972)	(18, 36.1778)	(19, 36.1895)	(20, 36.1762)	(21, 36.1836)	(22, 36.1605)	(23, 36.1379)	(24, 36.1348)	(25, 36.1329)	(26, 36.0811)	(27, 36.0776)	(28, 36.0726)	(29, 36.0708)	(30, 36.0531)	(31, 36.0481)	(32, 36.0444)	(33, 36.0427)	(34, 36.0355)	(35, 36.0244)	(36, 36.0182)	(37, 36.0154)	(38, 36.016)	(39, 36.0103)	(40, 36.0013)	(41, 36.0142)	(42, 35.9933)	(43, 35.9957)	(44, 35.9964)	(45, 35.9902)	(46, 35.9911)	(47, 35.9742)	(48, 35.9736)	(49, 35.976)	(50, 35.9703)	(51, 35.9499)	(52, 35.964)	(53, 35.9569)	(54, 35.9659)	(55, 35.9574)	(56, 35.9402)	(57, 35.9379)	(58, 35.9318)	(59, 35.916)	(60, 35.929)	(61, 35.9207)	(62, 35.9084)	(63, 35.9084)	(64, 35.9013)	(65, 35.888)	(66, 35.8856)	(67, 35.8749)	(68, 35.8787)	(69, 35.8745)	(70, 35.8607)	(71, 35.8659)	(72, 35.8551)	(73, 35.8495)	(74, 35.8458)	(75, 35.8552)	(76, 35.8393)	(77, 35.834)	(78, 35.8271)	(79, 35.8186)	(80, 35.8109)	(81, 35.8052)	(82, 35.8023)	(83, 35.804)	(84, 35.804)	(85, 35.7831)	(86, 35.7774)	(87, 35.7731)	(88, 35.7717)	(89, 35.7697)	(90, 35.7642)	(91, 35.7572)	(92, 35.7279)	(93, 35.7201)	(94, 35.7261)	(95, 35.7244)	(96, 35.7286)	(97, 35.71)	(98, 35.6886)	(99, 35.6991)	(100, 35.6884)	(101, 35.6716)	(102, 35.6694)	(103, 35.6755)	(104, 35.6586)	(105, 35.6582)	(106, 35.6479)	(107, 35.6297)	(108, 35.6193)	(109, 35.6306)	(110, 35.6245)	(111, 35.6207)	(112, 35.6155)	(113, 35.5972)	(114, 35.5811)	(115, 35.5842)	(116, 35.5751)	(117, 35.5607)	(118, 35.5448)	(119, 35.5479)	(120, 35.5481)	(121, 35.5365)	(122, 35.5194)	(123, 35.4805)	(124, 35.5074)	(125, 35.5107)	(126, 35.5135)	(127, 35.4857)	(128, 35.4807)	(129, 35.4915)	(130, 35.4752)	(131, 35.4501)	(132, 35.438)	(133, 35.4506)	(134, 35.4515)	(135, 35.4234)	(136, 35.4026)	(137, 35.4097)	(138, 35.4181)	(139, 35.4162)	(140, 35.3587)	(141, 35.3453)	(142, 35.349)	(143, 35.3243)	(144, 35.3366)	(145, 35.3245)	(146, 35.3193)	(147, 35.3345)	(148, 35.3954)	(149, 35.3781)	(150, 35.359)	(151, 34.8627)
reports | SRR30333767	(1, 35.6226)	(2, 35.7734)	(3, 35.9056)	(4, 35.9783)	(5, 36.0552)	(6, 36.1292)	(7, 36.0043)	(8, 36.0901)	(9, 36.1148)	(10, 36.1367)	(11, 36.1506)	(12, 36.1126)	(13, 36.134)	(14, 36.1079)	(15, 36.1161)	(16, 36.1112)	(17, 36.1095)	(18, 36.0892)	(19, 36.0999)	(20, 36.0849)	(21, 36.0948)	(22, 36.0721)	(23, 36.0447)	(24, 36.0397)	(25, 36.0398)	(26, 35.9758)	(27, 35.9699)	(28, 35.9698)	(29, 35.968)	(30, 35.9441)	(31, 35.9441)	(32, 35.9351)	(33, 35.9381)	(34, 35.9287)	(35, 35.9141)	(36, 35.9101)	(37, 35.9079)	(38, 35.905)	(39, 35.8991)	(40, 35.8919)	(41, 35.9091)	(42, 35.8838)	(43, 35.886)	(44, 35.8823)	(45, 35.8754)	(46, 35.879)	(47, 35.8555)	(48, 35.8598)	(49, 35.8604)	(50, 35.8575)	(51, 35.8316)	(52, 35.8552)	(53, 35.8462)	(54, 35.8531)	(55, 35.8457)	(56, 35.8265)	(57, 35.8193)	(58, 35.8119)	(59, 35.7928)	(60, 35.8112)	(61, 35.8015)	(62, 35.7877)	(63, 35.7914)	(64, 35.784)	(65, 35.7686)	(66, 35.764)	(67, 35.7481)	(68, 35.7596)	(69, 35.7513)	(70, 35.7349)	(71, 35.7424)	(72, 35.736)	(73, 35.7255)	(74, 35.7242)	(75, 35.7378)	(76, 35.7178)	(77, 35.709)	(78, 35.6994)	(79, 35.6873)	(80, 35.679)	(81, 35.6784)	(82, 35.6717)	(83, 35.6714)	(84, 35.6806)	(85, 35.6558)	(86, 35.6501)	(87, 35.6491)	(88, 35.645)	(89, 35.644)	(90, 35.6344)	(91, 35.6194)	(92, 35.5885)	(93, 35.5893)	(94, 35.5938)	(95, 35.5922)	(96, 35.5989)	(97, 35.5815)	(98, 35.5445)	(99, 35.555)	(100, 35.5498)	(101, 35.5253)	(102, 35.5196)	(103, 35.5326)	(104, 35.5205)	(105, 35.5219)	(106, 35.5099)	(107, 35.4888)	(108, 35.4806)	(109, 35.486)	(110, 35.4834)	(111, 35.4735)	(112, 35.4666)	(113, 35.4393)	(114, 35.4256)	(115, 35.4438)	(116, 35.4247)	(117, 35.4073)	(118, 35.3879)	(119, 35.3903)	(120, 35.4042)	(121, 35.3879)	(122, 35.3727)	(123, 35.3262)	(124, 35.3427)	(125, 35.3468)	(126, 35.36)	(127, 35.3282)	(128, 35.3297)	(129, 35.3392)	(130, 35.3201)	(131, 35.2909)	(132, 35.2675)	(133, 35.291)	(134, 35.2898)	(135, 35.2481)	(136, 35.2271)	(137, 35.2364)	(138, 35.2489)	(139, 35.256)	(140, 35.1941)	(141, 35.1849)	(142, 35.183)	(143, 35.146)	(144, 35.1575)	(145, 35.1534)	(146, 35.148)	(147, 35.1571)	(148, 35.2404)	(149, 35.2121)	(150, 35.1906)	(151, 34.6811)
reports | SRR30333768	(1, 35.4421)	(2, 35.5074)	(3, 35.6859)	(4, 35.7801)	(5, 35.9091)	(6, 35.988)	(7, 35.8455)	(8, 35.9413)	(9, 35.9595)	(10, 35.9929)	(11, 36.0112)	(12, 35.9635)	(13, 35.9795)	(14, 35.9628)	(15, 35.9592)	(16, 35.9562)	(17, 35.9644)	(18, 35.9435)	(19, 35.9453)	(20, 35.9275)	(21, 35.9372)	(22, 35.9166)	(23, 35.889)	(24, 35.8769)	(25, 35.8812)	(26, 35.7993)	(27, 35.7964)	(28, 35.7964)	(29, 35.79)	(30, 35.7655)	(31, 35.7628)	(32, 35.748)	(33, 35.746)	(34, 35.7394)	(35, 35.7297)	(36, 35.7225)	(37, 35.7277)	(38, 35.7056)	(39, 35.7018)	(40, 35.6997)	(41, 35.7136)	(42, 35.6875)	(43, 35.6912)	(44, 35.6767)	(45, 35.6612)	(46, 35.661)	(47, 35.6227)	(48, 35.6469)	(49, 35.6375)	(50, 35.6321)	(51, 35.5893)	(52, 35.6267)	(53, 35.619)	(54, 35.6277)	(55, 35.6223)	(56, 35.5888)	(57, 35.5854)	(58, 35.5661)	(59, 35.5444)	(60, 35.5762)	(61, 35.5663)	(62, 35.5463)	(63, 35.5524)	(64, 35.5454)	(65, 35.5109)	(66, 35.5129)	(67, 35.4905)	(68, 35.5196)	(69, 35.5038)	(70, 35.4894)	(71, 35.4884)	(72, 35.4846)	(73, 35.4694)	(74, 35.4573)	(75, 35.4752)	(76, 35.4539)	(77, 35.4323)	(78, 35.4209)	(79, 35.4194)	(80, 35.398)	(81, 35.3992)	(82, 35.381)	(83, 35.3759)	(84, 35.3924)	(85, 35.3453)	(86, 35.3546)	(87, 35.3601)	(88, 35.3539)	(89, 35.3588)	(90, 35.3397)	(91, 35.3094)	(92, 35.2757)	(93, 35.2832)	(94, 35.2973)	(95, 35.2894)	(96, 35.3075)	(97, 35.284)	(98, 35.2134)	(99, 35.2386)	(100, 35.2483)	(101, 35.2082)	(102, 35.1833)	(103, 35.1918)	(104, 35.2035)	(105, 35.2101)	(106, 35.1749)	(107, 35.1597)	(108, 35.1448)	(109, 35.1567)	(110, 35.1594)	(111, 35.1614)	(112, 35.1555)	(113, 35.1073)	(114, 35.0545)	(115, 35.0983)	(116, 35.0584)	(117, 35.0435)	(118, 35.0214)	(119, 35.0399)	(120, 35.0653)	(121, 35.0514)	(122, 35.0503)	(123, 34.9404)	(124, 34.984)	(125, 35.0124)	(126, 35.0045)	(127, 34.9755)	(128, 34.9741)	(129, 34.9658)	(130, 34.9669)	(131, 34.9316)	(132, 34.8869)	(133, 34.9305)	(134, 34.9281)	(135, 34.8652)	(136, 34.8374)	(137, 34.8512)	(138, 34.8792)	(139, 34.9078)	(140, 34.8074)	(141, 34.795)	(142, 34.8063)	(143, 34.7441)	(144, 34.7925)	(145, 34.7927)	(146, 34.7648)	(147, 34.7644)	(148, 34.9088)	(149, 34.8836)	(150, 34.8224)	(151, 34.3194)
