Sample	0	1	2	3	4	5	6	7	8	9	10	11	12	13	14	15
fastp | SRR30333743_1	(1.0, 16.554091819386375)	(2.0, 10.911876582898627)	(3.0, 8.605851025623352)	(4.0, 6.282334359769283)	(5.0, 4.66311271499227)	(6.0, 3.58232826797597)	(7.0, 2.922457126333186)	(8.0, 2.4941977024788384)	(9.0, 2.123812480582069)	('>10', 24.382481952179518)	('>50', 6.3258252232377465)	('>100', 8.419699532632768)	('>500', 1.6133878505619086)	('>1k', 1.1046248236149945)	('>5k', 0.013918537732951273)	('>10k+', 0.0)
fastp | SRR30333743_2	(1.0, 13.975579402903746)	(2.0, 9.870581661041628)	(3.0, 8.212145907087546)	(4.0, 6.338699132221266)	(5.0, 5.003128791190074)	(6.0, 3.972347039029541)	(7.0, 3.289577528654862)	(8.0, 2.6571935759871264)	(9.0, 2.351372392398402)	('>10', 26.157834620307263)	('>50', 6.403854284011014)	('>100', 8.913655899778504)	('>500', 1.6951356490154514)	('>1k', 1.0872643585198758)	('>5k', 0.023461701747018157)	('>10k+', 0.048168056106610214)
fastp | SRR30333744_1	(1.0, 24.163187857957986)	(2.0, 10.97662822726809)	(3.0, 6.882961485572121)	(4.0, 5.046985046125557)	(5.0, 3.9366925835841013)	(6.0, 3.184394426363378)	(7.0, 2.5606252101991753)	(8.0, 2.283362639002849)	(9.0, 1.9454198565075607)	('>10', 22.925381264993703)	('>50', 6.08907094038439)	('>100', 7.924445473225526)	('>500', 1.3703758916748001)	('>1k', 0.7104690971409057)	('>5k', 0.0)	('>10k+', 0.0)
fastp | SRR30333744_2	(1.0, 21.909104727598372)	(2.0, 10.706273978878134)	(3.0, 7.51437531732577)	(4.0, 5.563544765998684)	(5.0, 4.384602372987982)	(6.0, 3.501270366679669)	(7.0, 2.9832792419764225)	(8.0, 2.4495152649500844)	(9.0, 2.0569592607406224)	('>10', 23.42421207992549)	('>50', 5.82930927322884)	('>100', 7.795720728575326)	('>500', 1.2539936318546299)	('>1k', 0.5575514286831164)	('>5k', 0.01912927274513035)	('>10k+', 0.05115828785161925)
fastp | SRR30333745_1	(1.0, 20.700171194478497)	(2.0, 11.579358050723577)	(3.0, 7.824152092167676)	(4.0, 5.346678880946609)	(5.0, 4.014116119744619)	(6.0, 3.2337948443115043)	(7.0, 2.713298249817062)	(8.0, 2.325452589320726)	(9.0, 1.9752771015371329)	('>10', 23.2723434104975)	('>50', 6.11775806869164)	('>100', 8.240507390532839)	('>500', 1.5661674878745104)	('>1k', 1.0779678461060613)	('>5k', 0.012956673249950186)	('>10k+', 0.0)
fastp | SRR30333745_2	(1.0, 18.081050051773122)	(2.0, 10.707350681764991)	(3.0, 7.7090817011375945)	(4.0, 5.824830777648722)	(5.0, 4.504060077697076)	(6.0, 3.4808095406478805)	(7.0, 3.004126697980334)	(8.0, 2.544634774315494)	(9.0, 2.2700471990228746)	('>10', 24.72353653477562)	('>50', 6.064734539495165)	('>100', 8.46111048971899)	('>500', 1.6041085382495122)	('>1k', 0.9346121614102004)	('>5k', 0.026590076912828352)	('>10k+', 0.059316157449295345)
fastp | SRR30333746_1	(1.0, 25.728851969886197)	(2.0, 11.275884879219161)	(3.0, 6.96929016496779)	(4.0, 4.942180204810404)	(5.0, 3.7185906353571228)	(6.0, 3.0907537021964724)	(7.0, 2.523968536881055)	(8.0, 2.2327732406072363)	(9.0, 1.9002334241311942)	('>10', 22.109308295588214)	('>50', 5.64634668882704)	('>100', 7.639363398725962)	('>500', 1.3214742257881535)	('>1k', 0.8714063463876842)	('>5k', 0.029574286626263317)	('>10k+', 0.0)
fastp | SRR30333746_2	(1.0, 21.921108806134377)	(2.0, 11.15277500961373)	(3.0, 7.509931960875517)	(4.0, 5.548910711836606)	(5.0, 4.211725230498984)	(6.0, 3.4728621511730187)	(7.0, 2.910447440514633)	(8.0, 2.470142117327085)	(9.0, 2.0267718064883016)	('>10', 23.23750811783681)	('>50', 5.720955730474739)	('>100', 7.681296893075992)	('>500', 1.3483117638773532)	('>1k', 0.726191089117686)	('>5k', 0.012876645626389946)	('>10k+', 0.048184525528888404)
fastp | SRR30333747_1	(1.0, 29.0572101344909)	(2.0, 11.37814847770886)	(3.0, 7.1267811019911615)	(4.0, 5.203999459254784)	(5.0, 4.165560374801477)	(6.0, 3.123402152047856)	(7.0, 2.725093264447669)	(8.0, 2.2924776614686038)	(9.0, 1.9781943694067758)	('>10', 21.467603677852047)	('>50', 4.729360648989952)	('>100', 5.607281829323648)	('>500', 0.8095110969716107)	('>1k', 0.335375751244746)	('>5k', 0.0)	('>10k+', 0.0)
fastp | SRR30333747_2	(1.0, 26.65481585443007)	(2.0, 12.075726979409014)	(3.0, 8.1494136060389)	(4.0, 5.83952101421908)	(5.0, 4.525114951685376)	(6.0, 3.7355942979367645)	(7.0, 2.914603250161444)	(8.0, 2.5427046507776043)	(9.0, 2.0116807877383787)	('>10', 21.201618984995747)	('>50', 4.506991177898059)	('>100', 4.946555275617703)	('>500', 0.5430758754166084)	('>1k', 0.2793535100826348)	('>5k', 0.016694820101814164)	('>10k+', 0.05653496349077999)
fastp | SRR30333748_1	(1.0, 23.076869644850195)	(2.0, 9.69539480948591)	(3.0, 6.306931999868416)	(4.0, 4.738473412038138)	(5.0, 3.837556076698765)	(6.0, 3.2088582291620495)	(7.0, 2.7656297918654933)	(8.0, 2.362499085791731)	(9.0, 2.1280060442374853)	('>10', 25.178134901140915)	('>50', 6.231406179989884)	('>100', 8.069892562274536)	('>500', 1.5260588550918157)	('>1k', 0.8742884075045391)	('>5k', 0.0)	('>10k+', 0.0)
fastp | SRR30333748_2	(1.0, 20.67272498620141)	(2.0, 9.99143982895039)	(3.0, 7.126100660580372)	(4.0, 5.4474506854419165)	(5.0, 4.4727087503419)	(6.0, 3.6824272328481413)	(7.0, 3.140438340100258)	(8.0, 2.7078188511360852)	(9.0, 2.275461629836182)	('>10', 25.393032680165224)	('>50', 5.919105040082137)	('>100', 7.227078692633507)	('>500', 1.2053329955406291)	('>1k', 0.627841287578897)	('>5k', 0.03753458122900772)	('>10k+', 0.07350375733398669)
fastp | SRR30333749_1	(1.0, 10.295723543781863)	(2.0, 5.6597169689483255)	(3.0, 6.901299263427754)	(4.0, 7.28755767093696)	(5.0, 7.0641615969403455)	(6.0, 6.291639138347953)	(7.0, 5.378052796273684)	(8.0, 4.418677348748585)	(9.0, 3.712488854867969)	('>10', 30.18131421247205)	('>50', 5.227704205857687)	('>100', 6.125641910240498)	('>500', 0.9782697576398244)	('>1k', 0.4777527315168703)	('>5k', 0.0)	('>10k+', 0.0)
fastp | SRR30333749_2	(1.0, 8.9535640146336)	(2.0, 4.89810428874038)	(3.0, 6.2640972307445395)	(4.0, 6.691939852668562)	(5.0, 6.530888751568897)	(6.0, 6.045202547148305)	(7.0, 5.235843257635181)	(8.0, 4.416086964381136)	(9.0, 3.8566501624928633)	('>10', 32.948892027856594)	('>50', 5.820906084217174)	('>100', 6.662865400944941)	('>500', 0.9975850837387232)	('>1k', 0.5940153635828712)	('>5k', 0.02156585394663388)	('>10k+', 0.06179311569965762)
fastp | SRR30333750_1	(1.0, 26.153813778525816)	(2.0, 10.092148590362672)	(3.0, 6.469594000373578)	(4.0, 5.003919173227332)	(5.0, 3.891331956742599)	(6.0, 3.1338766196848997)	(7.0, 2.7433239900013806)	(8.0, 2.2838637808179922)	(9.0, 1.997835087765521)	('>10', 23.308891021897928)	('>50', 5.809254296041756)	('>100', 7.219847651885704)	('>500', 1.2124475542604336)	('>1k', 0.6682253105913272)	('>5k', 0.011627187821174527)	('>10k+', 0.0)
fastp | SRR30333750_2	(1.0, 23.45341964123055)	(2.0, 10.727559093809766)	(3.0, 7.5504471493199405)	(4.0, 5.774287317004166)	(5.0, 4.433633591171487)	(6.0, 3.5395487503812664)	(7.0, 3.0699686546108986)	(8.0, 2.5769831712669578)	(9.0, 2.196393311966777)	('>10', 23.227174980911382)	('>50', 5.436277511468911)	('>100', 6.423124666471451)	('>500', 0.99463014322837)	('>1k', 0.5585444004249962)	('>5k', 0.0)	('>10k+', 0.03800761673309301)
fastp | SRR30333751_1	(1.0, 24.762493053044444)	(2.0, 10.176084132391875)	(3.0, 6.777396335229084)	(4.0, 4.912004912276817)	(5.0, 4.05471420590999)	(6.0, 3.350431865555339)	(7.0, 2.725599921968425)	(8.0, 2.3022926544559135)	(9.0, 2.0508534811821924)	('>10', 23.84736210234821)	('>50', 5.956826620341431)	('>100', 7.387960421507215)	('>500', 1.169056984014625)	('>1k', 0.5269233097745752)	('>5k', 0.0)	('>10k+', 0.0)
fastp | SRR30333751_2	(1.0, 21.78561899975629)	(2.0, 10.59049318957043)	(3.0, 7.580729225367959)	(4.0, 5.660392207487545)	(5.0, 4.5705147770210655)	(6.0, 3.657028598050737)	(7.0, 3.0620302392423926)	(8.0, 2.577293746105152)	(9.0, 2.256948333469819)	('>10', 24.392423239263564)	('>50', 5.765650303550697)	('>100', 6.742436742159828)	('>500', 0.8739624285054253)	('>1k', 0.41496965990950874)	('>5k', 0.02262929970292688)	('>10k+', 0.046879010836677115)
fastp | SRR30333752_1	(1.0, 25.09867751925273)	(2.0, 9.703488688565558)	(3.0, 6.414218501543327)	(4.0, 4.838739308022982)	(5.0, 3.93400095904146)	(6.0, 3.1634328872474566)	(7.0, 2.6342071120172026)	(8.0, 2.3333745858987265)	(9.0, 2.0854949615613045)	('>10', 23.824854356192194)	('>50', 5.946084488517836)	('>100', 7.761986379517981)	('>500', 1.4135095184667963)	('>1k', 0.8262234323089097)	('>5k', 0.021707301845415826)	('>10k+', 0.0)
fastp | SRR30333752_2	(1.0, 22.46387589774212)	(2.0, 10.16629936645345)	(3.0, 7.1757215285783476)	(4.0, 5.469696266896802)	(5.0, 4.323507808827817)	(6.0, 3.695859013609352)	(7.0, 2.972597880955904)	(8.0, 2.59897954204341)	(9.0, 2.1807767417677555)	('>10', 24.26999253998668)	('>50', 5.671404158114753)	('>100', 7.124454523797182)	('>500', 1.1356859607610936)	('>1k', 0.6644821997129502)	('>5k', 0.03364494566389527)	('>10k+', 0.05302162508845973)
fastp | SRR30333753_1	(1.0, 22.89799704821508)	(2.0, 12.575310496915467)	(3.0, 8.154640401040579)	(4.0, 5.605028024278462)	(5.0, 4.1220032472466706)	(6.0, 3.2595268004401627)	(7.0, 2.577804374674853)	(8.0, 2.2300400362803825)	(9.0, 1.913216790478393)	('>10', 21.632880732452406)	('>50', 5.5063662372487965)	('>100', 7.318479433960093)	('>500', 1.2862776212235436)	('>1k', 0.9071561894965416)	('>5k', 0.013272566048407038)	('>10k+', 0.0)
fastp | SRR30333753_2	(1.0, 19.89593441608901)	(2.0, 11.595342786043872)	(3.0, 8.281449859023834)	(4.0, 6.126784341446978)	(5.0, 4.601553235058422)	(6.0, 3.553615451303323)	(7.0, 2.9117887484321403)	(8.0, 2.482126717100093)	(9.0, 2.163219470140908)	('>10', 22.972056929047394)	('>50', 5.559093174354321)	('>100', 7.62768214665491)	('>500', 1.4110440275169842)	('>1k', 0.7499679738748757)	('>5k', 0.013313329550665625)	('>10k+', 0.055027394362677375)
fastp | SRR30333754_1	(1.0, 17.313124676706057)	(2.0, 11.37706735866698)	(3.0, 8.497100116603516)	(4.0, 6.1001983534022255)	(5.0, 4.625782318401318)	(6.0, 3.593245695837767)	(7.0, 2.9152988006420735)	(8.0, 2.491722121178129)	(9.0, 2.0952574310238803)	('>10', 24.019261811249198)	('>50', 6.272264882906832)	('>100', 8.19968349856409)	('>500', 1.5222202871900818)	('>1k', 0.9777726476278688)	('>5k', 0.0)	('>10k+', 0.0)
fastp | SRR30333754_2	(1.0, 15.26350656142518)	(2.0, 10.024086495635473)	(3.0, 8.213585665939645)	(4.0, 6.4193327622446725)	(5.0, 4.944150621383389)	(6.0, 3.9391781237818106)	(7.0, 3.175730267463762)	(8.0, 2.824299471502279)	(9.0, 2.3987462567862097)	('>10', 25.635680343281496)	('>50', 6.276325407291678)	('>100', 8.353453519906488)	('>500', 1.5458764678468198)	('>1k', 0.8656234598386072)	('>5k', 0.05475155426753105)	('>10k+', 0.06567302140477214)
fastp | SRR30333755_1	(1.0, 19.799624863938075)	(2.0, 12.457612208935332)	(3.0, 9.11273529393797)	(4.0, 6.201294484858804)	(5.0, 4.502150509334949)	(6.0, 3.5822366675071993)	(7.0, 2.8483441691156113)	(8.0, 2.3561471192766597)	(9.0, 2.0719146105612207)	('>10', 21.847910579150327)	('>50', 5.483250333410207)	('>100', 7.386496297354513)	('>500', 1.3300818378672106)	('>1k', 1.0046245899339585)	('>5k', 0.015576434818098537)	('>10k+', 0.0)
fastp | SRR30333755_2	(1.0, 16.638881525078865)	(2.0, 11.487810680157022)	(3.0, 8.904476928112633)	(4.0, 6.536734176735467)	(5.0, 4.975069176905667)	(6.0, 3.854777102717568)	(7.0, 3.1767225165387964)	(8.0, 2.6842071811534316)	(9.0, 2.158578812754972)	('>10', 23.713202558196098)	('>50', 5.689954482620989)	('>100', 7.707606200583647)	('>500', 1.4829374935483568)	('>1k', 0.9487802591220968)	('>5k', 0.0)	('>10k+', 0.040260905774223095)
fastp | SRR30333756_1	(1.0, 15.588817442735358)	(2.0, 10.647713797737081)	(3.0, 8.925789793482078)	(4.0, 6.785623006599082)	(5.0, 4.981483318503521)	(6.0, 3.8363572546958618)	(7.0, 3.0929204274239184)	(8.0, 2.633713643110903)	(9.0, 2.323352983458592)	('>10', 24.835415706246973)	('>50', 5.988825847312184)	('>100', 7.966016482170393)	('>500', 1.4548750194081033)	('>1k', 0.939095277115722)	('>5k', 0.0)	('>10k+', 0.0)
fastp | SRR30333756_2	(1.0, 13.980044055562981)	(2.0, 9.183938114411236)	(3.0, 8.396216243142183)	(4.0, 6.537597234716941)	(5.0, 5.139470411187137)	(6.0, 4.301389230546781)	(7.0, 3.4739586096183968)	(8.0, 2.944224343707378)	(9.0, 2.510698557542113)	('>10', 26.347742904147626)	('>50', 6.363583539789978)	('>100', 8.2428235810238)	('>500', 1.495270222409766)	('>1k', 0.9457702221017984)	('>5k', 0.029033920439848714)	('>10k+', 0.10823880965196268)
fastp | SRR30333757_1	(1.0, 24.366664946182055)	(2.0, 9.193192014358234)	(3.0, 6.177470725909376)	(4.0, 4.538521902782)	(5.0, 3.7626055703591614)	(6.0, 3.020105120255684)	(7.0, 2.512402027590749)	(8.0, 2.2794819084698883)	(9.0, 1.95422600039699)	('>10', 23.835632494684777)	('>50', 6.247185133376112)	('>100', 8.5795497898731)	('>500', 1.8039806219650976)	('>1k', 1.622790536106152)	('>5k', 0.10619120769063792)	('>10k+', 0.0)
fastp | SRR30333757_2	(1.0, 23.447591028110732)	(2.0, 10.07151330367585)	(3.0, 7.013182870784458)	(4.0, 5.1729498553142665)	(5.0, 4.209135861996736)	(6.0, 3.3159794647664094)	(7.0, 2.760782222871687)	(8.0, 2.301416240789095)	(9.0, 2.0518368016215005)	('>10', 23.217922504506284)	('>50', 5.740291437983594)	('>100', 7.718292364953204)	('>500', 1.7116432574142717)	('>1k', 1.2314597230323503)	('>5k', 0.03600306217955248)	('>10k+', 0.0)
fastp | SRR30333758_1	(1.0, 22.44731776599351)	(2.0, 10.417221615972124)	(3.0, 6.6536705303842005)	(4.0, 4.748172824396148)	(5.0, 3.865987788726276)	(6.0, 3.124360029303976)	(7.0, 2.667915491943663)	(8.0, 2.291863075449079)	(9.0, 1.942361355609994)	('>10', 23.313918827498316)	('>50', 6.1802609512830475)	('>100', 8.49962134459696)	('>500', 1.8433528939777042)	('>1k', 1.847225479600033)	('>5k', 0.15675002526501758)	('>10k+', 0.0)
fastp | SRR30333758_2	(1.0, 22.806883042867046)	(2.0, 10.68694087840158)	(3.0, 7.193259141688352)	(4.0, 5.412292739719425)	(5.0, 4.225805601431522)	(6.0, 3.4053250450475447)	(7.0, 2.7393128208153854)	(8.0, 2.349846608794114)	(9.0, 1.9536022468032206)	('>10', 22.58864534927451)	('>50', 5.6233520499519845)	('>100', 7.6982339045966315)	('>500', 1.7253121580265054)	('>1k', 1.5474359180185668)	('>5k', 0.04375249456340845)	('>10k+', 0.0)
fastp | SRR30333759_1	(1.0, 24.12563680729962)	(2.0, 9.555022079520205)	(3.0, 6.232440075021039)	(4.0, 4.646739566725161)	(5.0, 3.8222557261499355)	(6.0, 3.1685786654945947)	(7.0, 2.4754198470098405)	(8.0, 2.246483913725152)	(9.0, 1.9486942735385882)	('>10', 23.236712296353716)	('>50', 5.94882465061977)	('>100', 8.184489607104476)	('>500', 1.8800304157798289)	('>1k', 2.1892526349549564)	('>5k', 0.2567721876026271)	('>10k+', 0.08264725310038717)
fastp | SRR30333759_2	(1.0, 23.01110737286455)	(2.0, 10.450999706105225)	(3.0, 7.107820551450793)	(4.0, 5.283134611292425)	(5.0, 4.25438812701846)	(6.0, 3.468659948007159)	(7.0, 2.772465453805957)	(8.0, 2.3989794954682897)	(9.0, 2.121059509129201)	('>10', 22.52865131529332)	('>50', 5.4431983321763635)	('>100', 7.2639285454756415)	('>500', 1.7904849136902892)	('>1k', 2.0100983995509796)	('>5k', 0.09502371867132083)	('>10k+', 0.0)
fastp | SRR30333760_1	(1.0, 22.829964148324894)	(2.0, 10.064833165990414)	(3.0, 6.709536767674466)	(4.0, 4.901270717674806)	(5.0, 3.877658521116678)	(6.0, 3.259908112514197)	(7.0, 2.6500640223525083)	(8.0, 2.314565867270595)	(9.0, 1.9676649905389199)	('>10', 23.784884360873487)	('>50', 6.251222011166637)	('>100', 8.158892545685292)	('>500', 1.6026803416053355)	('>1k', 1.5404309130063791)	('>5k', 0.08642351420546437)	('>10k+', 0.0)
fastp | SRR30333760_2	(1.0, 23.04029414326269)	(2.0, 10.802706260874013)	(3.0, 7.366739743599586)	(4.0, 5.591618537861288)	(5.0, 4.301759713812939)	(6.0, 3.414594111256801)	(7.0, 2.816357222275284)	(8.0, 2.387874698205584)	(9.0, 2.05175185795282)	('>10', 22.901910649465595)	('>50', 5.459992891030187)	('>100', 7.157496291784643)	('>500', 1.5376680894151564)	('>1k', 1.1692357892034626)	('>5k', 0.0)	('>10k+', 0.0)
fastp | SRR30333761_1	(1.0, 25.992247551272484)	(2.0, 9.803997088392789)	(3.0, 6.450288623927028)	(4.0, 4.800280693641872)	(5.0, 3.7460170308405476)	(6.0, 3.1025339390143643)	(7.0, 2.5459136242544886)	(8.0, 2.218483005828925)	(9.0, 1.9312418031786305)	('>10', 22.293966631395687)	('>50', 5.661173858074083)	('>100', 7.635045904660507)	('>500', 1.7023450794453463)	('>1k', 1.9713404633530558)	('>5k', 0.14512470272019742)	('>10k+', 0.0)
fastp | SRR30333761_2	(1.0, 23.49735540426863)	(2.0, 10.70551549629792)	(3.0, 7.204099343666234)	(4.0, 5.423988042482496)	(5.0, 4.148482655952954)	(6.0, 3.2964613802474125)	(7.0, 2.8198396559441203)	(8.0, 2.287447043549404)	(9.0, 2.1226451301298295)	('>10', 22.360291108392047)	('>50', 5.388458318460616)	('>100', 7.234926514403599)	('>500', 1.7994805931325348)	('>1k', 1.6558375345169771)	('>5k', 0.05517177855529935)	('>10k+', 0.0)
fastp | SRR30333762_1	(1.0, 23.052695633166948)	(2.0, 10.024509846809705)	(3.0, 6.516200277956435)	(4.0, 4.862589272189237)	(5.0, 3.7549824617477663)	(6.0, 3.1454785475091813)	(7.0, 2.7303009908247065)	(8.0, 2.244802057364005)	(9.0, 1.9544903135398497)	('>10', 23.311951827985013)	('>50', 6.089247193919747)	('>100', 8.331668996282959)	('>500', 1.7763617478140172)	('>1k', 2.013147108751043)	('>5k', 0.16513526089535308)	('>10k+', 0.026438463243824997)
fastp | SRR30333762_2	(1.0, 23.578917159831136)	(2.0, 10.68219211331853)	(3.0, 7.18312228808951)	(4.0, 5.378091591961767)	(5.0, 4.115536011772891)	(6.0, 3.34234827295773)	(7.0, 2.764645111226667)	(8.0, 2.4290762373195727)	(9.0, 1.9557842292991865)	('>10', 22.344062640772147)	('>50', 5.334765074955977)	('>100', 7.3396475719438445)	('>500', 1.8108514678578806)	('>1k', 1.649951524373153)	('>5k', 0.09100870431975652)	('>10k+', 0.0)
fastp | SRR30333763_1	(1.0, 22.549693398566042)	(2.0, 9.863621824155729)	(3.0, 6.551925266126125)	(4.0, 4.979277408510185)	(5.0, 3.9482831165809515)	(6.0, 3.1660247209661145)	(7.0, 2.713222259545142)	(8.0, 2.284945430101888)	(9.0, 2.0031547302315182)	('>10', 23.72906791830592)	('>50', 6.155306329748786)	('>100', 8.176634041944059)	('>500', 1.7927318491265005)	('>1k', 1.9153762881612195)	('>5k', 0.1707354179295109)	('>10k+', 0.0)
fastp | SRR30333763_2	(1.0, 22.653330521219445)	(2.0, 10.861432443737424)	(3.0, 7.380514167620224)	(4.0, 5.61503440788061)	(5.0, 4.181219830015027)	(6.0, 3.53922097264864)	(7.0, 2.8286012586821245)	(8.0, 2.4113909962924254)	(9.0, 1.996970291803697)	('>10', 22.420515284206576)	('>50', 5.348797888887368)	('>100', 7.439003418211169)	('>500', 1.7474765253997655)	('>1k', 1.4959050315811175)	('>5k', 0.08058696181411006)	('>10k+', 0.0)
fastp | SRR30333764_1	(1.0, 23.512462772359132)	(2.0, 10.245167863557745)	(3.0, 6.850858700626632)	(4.0, 4.998620147611546)	(5.0, 4.137754715285901)	(6.0, 3.1655292200164795)	(7.0, 2.693042831247614)	(8.0, 2.259228995273789)	(9.0, 1.9746907629267367)	('>10', 22.586584635295534)	('>50', 5.856123677005861)	('>100', 7.849322365229332)	('>500', 1.8259101838318408)	('>1k', 1.9431280515357832)	('>5k', 0.10157507819622708)	('>10k+', 0.0)
fastp | SRR30333764_2	(1.0, 23.33096831262062)	(2.0, 11.00005800235166)	(3.0, 7.664770767694552)	(4.0, 5.390805773156139)	(5.0, 4.218620042252517)	(6.0, 3.4223101090534676)	(7.0, 2.9001374858956517)	(8.0, 2.372750612435672)	(9.0, 1.9426815687923114)	('>10', 21.805397169749323)	('>50', 5.230689316780255)	('>100', 7.302543044284702)	('>500', 1.8234355714953805)	('>1k', 1.5680083055130305)	('>5k', 0.026823917924609558)	('>10k+', 0.0)
fastp | SRR30333765_1	(1.0, 26.449444344534022)	(2.0, 9.905381259170058)	(3.0, 6.570115682584687)	(4.0, 4.885731968175469)	(5.0, 3.717783219098372)	(6.0, 3.0549485466643453)	(7.0, 2.5280993391530906)	(8.0, 2.1253259918280354)	(9.0, 1.9459036174517022)	('>10', 22.52173555807671)	('>50', 5.707391926218782)	('>100', 7.4503218148004136)	('>500', 1.5608412042287159)	('>1k', 1.5090560590193631)	('>5k', 0.06791946899622914)	('>10k+', 0.0)
fastp | SRR30333765_2	(1.0, 24.576603550647796)	(2.0, 10.660144375300415)	(3.0, 7.36212610671817)	(4.0, 5.3804408545962765)	(5.0, 4.2515171969177725)	(6.0, 3.3816719847093912)	(7.0, 2.7882700672230554)	(8.0, 2.332854996778881)	(9.0, 2.0333182456597947)	('>10', 21.990999361892378)	('>50', 5.425787619494485)	('>100', 7.030616731818867)	('>500', 1.575385516001207)	('>1k', 1.2102633922416004)	('>5k', 0.0)	('>10k+', 0.0)
fastp | SRR30333766_1	(1.0, 22.697497404923496)	(2.0, 9.984037590683549)	(3.0, 6.506659811773491)	(4.0, 4.904019695452064)	(5.0, 3.95777641907335)	(6.0, 3.127465462022452)	(7.0, 2.7089255513194423)	(8.0, 2.2723117851902264)	(9.0, 2.0206728864003796)	('>10', 23.109099179815708)	('>50', 6.002067809351231)	('>100', 8.267090492981078)	('>500', 1.8592141980781292)	('>1k', 2.3221806069135327)	('>5k', 0.2127899386765265)	('>10k+', 0.048191167345442654)
fastp | SRR30333766_2	(1.0, 22.355488404137517)	(2.0, 10.79676338447231)	(3.0, 7.2294951537259085)	(4.0, 5.503322663157004)	(5.0, 4.153078224339104)	(6.0, 3.348491485768738)	(7.0, 2.7610341317852396)	(8.0, 2.3285525208984725)	(9.0, 2.0143709316902987)	('>10', 22.251328421133447)	('>50', 5.417541880413411)	('>100', 7.809362931321822)	('>500', 1.9277459392066005)	('>1k', 1.97632068008837)	('>5k', 0.127103247861675)	('>10k+', 0.0)
fastp | SRR30333767_1	(1.0, 23.536439948523526)	(2.0, 10.012618920049878)	(3.0, 6.7225080186784565)	(4.0, 5.047605992845006)	(5.0, 3.9743671789717614)	(6.0, 3.221267860776686)	(7.0, 2.690356116055557)	(8.0, 2.3318765511136683)	(9.0, 2.0346255522452026)	('>10', 23.112532463260358)	('>50', 5.882225710588847)	('>100', 7.993609640870164)	('>500', 1.6436837594117644)	('>1k', 1.7087366813132294)	('>5k', 0.08754560529592799)	('>10k+', 0.0)
fastp | SRR30333767_2	(1.0, 23.363949139333197)	(2.0, 10.614894123413773)	(3.0, 7.453965697242153)	(4.0, 5.33428072018074)	(5.0, 4.2531161821282994)	(6.0, 3.558169185736227)	(7.0, 2.8518625177163948)	(8.0, 2.3060811437575395)	(9.0, 2.103195886348326)	('>10', 22.43063045349725)	('>50', 5.394872752077711)	('>100', 7.245800820168635)	('>500', 1.68480713447605)	('>1k', 1.3659477925961112)	('>5k', 0.03842645132751629)	('>10k+', 0.0)
fastp | SRR30333768_1	(1.0, 24.339346154452173)	(2.0, 10.217360082440813)	(3.0, 6.392944507634047)	(4.0, 4.747560805384935)	(5.0, 3.6441944026214426)	(6.0, 2.9129732682686336)	(7.0, 2.411363684483849)	(8.0, 2.1892795409744203)	(9.0, 1.8628047023401557)	('>10', 22.176362286709978)	('>50', 5.934699034840424)	('>100', 8.287958076969097)	('>500', 2.0804668368930397)	('>1k', 2.480654139878367)	('>5k', 0.24279983386413978)	('>10k+', 0.07923264224423542)
fastp | SRR30333768_2	(1.0, 25.20713806021821)	(2.0, 10.680622529389074)	(3.0, 7.078040773694679)	(4.0, 5.114980424494879)	(5.0, 4.066998085640798)	(6.0, 3.1139225706798404)	(7.0, 2.573146120723741)	(8.0, 2.2067818263690526)	(9.0, 1.8556403278634601)	('>10', 20.92538030898341)	('>50', 5.335573546681178)	('>100', 7.560812897537496)	('>500', 1.985535437327341)	('>1k', 2.199928821148265)	('>5k', 0.09549826924870242)	('>10k+', 0.0)
qc_bundle_trimmed | SRR30333743_1	(1.0, 16.49883656427924)	(2.0, 10.276242083394884)	(3.0, 8.317944380540867)	(4.0, 6.105873495375794)	(5.0, 4.665613389072985)	(6.0, 3.593230108066788)	(7.0, 2.952257109515496)	(8.0, 2.4703277406088597)	(9.0, 2.1825602300857416)	('>10', 24.69943887759482)	('>50', 6.454554308142642)	('>100', 8.738069683052744)	('>500', 1.7036228479527384)	('>1k', 1.1949828551709405)	('>5k', 0.01409807123012218)	('>10k+', 0.13234825591516067)
qc_bundle_trimmed | SRR30333743_2	(1.0, 15.23889273673556)	(2.0, 9.114088900592433)	(3.0, 7.778176457853438)	(4.0, 6.080137995689984)	(5.0, 4.888068173666221)	(6.0, 3.8663500709737355)	(7.0, 3.2009712429138104)	(8.0, 2.611284560865834)	(9.0, 2.298615154293928)	('>10', 25.850335115716085)	('>50', 6.372494402936578)	('>100', 8.899683533823442)	('>500', 1.695577625482285)	('>1k', 1.1102267298155666)	('>5k', 0.022260179555018463)	('>10k+', 0.9728371190861149)
qc_bundle_trimmed | SRR30333744_1	(1.0, 23.816914823612503)	(2.0, 10.676178011087098)	(3.0, 6.7918878823723885)	(4.0, 4.977862103270164)	(5.0, 3.910569706872634)	(6.0, 3.1998593192842177)	(7.0, 2.580013961612525)	(8.0, 2.2568751045125004)	(9.0, 1.935880051452255)	('>10', 23.146863736141533)	('>50', 6.199476588518755)	('>100', 8.137765988817197)	('>500', 1.474722019943505)	('>1k', 0.8167572028910395)	('>5k', 0.02191371612878227)	('>10k+', 0.05645978348309596)
qc_bundle_trimmed | SRR30333744_2	(1.0, 23.193190643348068)	(2.0, 10.165064658366859)	(3.0, 7.2691016407699705)	(4.0, 5.358411143261598)	(5.0, 4.234756796411558)	(6.0, 3.4118541734949175)	(7.0, 2.9166314606935853)	(8.0, 2.370366154411286)	(9.0, 2.0120200574751697)	('>10', 22.810301618436824)	('>50', 5.67741930391758)	('>100', 7.697026959659029)	('>500', 1.2645275845298842)	('>1k', 0.546474309311695)	('>5k', 0.016002599108800874)	('>10k+', 1.0568508968034012)
qc_bundle_trimmed | SRR30333745_1	(1.0, 20.446305878183107)	(2.0, 11.11786602679676)	(3.0, 7.582945154993989)	(4.0, 5.402261612021501)	(5.0, 3.988128542808892)	(6.0, 3.2145470648643295)	(7.0, 2.7033474840775513)	(8.0, 2.312152584296021)	(9.0, 1.9749519174831223)	('>10', 23.639048185689433)	('>50', 6.249898979496004)	('>100', 8.489496669706623)	('>500', 1.609099292725525)	('>1k', 1.192744187575937)	('>5k', 0.0242316431442396)	('>10k+', 0.05297477613696405)
qc_bundle_trimmed | SRR30333745_2	(1.0, 19.402707279520033)	(2.0, 10.053741663736597)	(3.0, 7.388844791751834)	(4.0, 5.656292407313141)	(5.0, 4.38098512268715)	(6.0, 3.381710927293785)	(7.0, 2.959542024049551)	(8.0, 2.476334767948533)	(9.0, 2.1839981194015303)	('>10', 24.163872456267512)	('>50', 5.99049046785868)	('>100', 8.371980501660547)	('>500', 1.6079159530078662)	('>1k', 0.9282072120053374)	('>5k', 0.024970792108001207)	('>10k+', 1.0284055133901056)
qc_bundle_trimmed | SRR30333746_1	(1.0, 25.37375915799699)	(2.0, 11.075223401939798)	(3.0, 6.906219116652562)	(4.0, 4.9153191569326165)	(5.0, 3.792676667229057)	(6.0, 3.067356673302826)	(7.0, 2.48660530304839)	(8.0, 2.2901021991634676)	(9.0, 1.9009792330395996)	('>10', 22.284506924683594)	('>50', 5.728646652847696)	('>100', 7.782719508341672)	('>500', 1.402567532236896)	('>1k', 0.9250522255997994)	('>5k', 0.043392736156027595)	('>10k+', 0.024873510829148845)
qc_bundle_trimmed | SRR30333746_2	(1.0, 22.56725301608727)	(2.0, 10.77530682169166)	(3.0, 7.34597438200363)	(4.0, 5.425038940206912)	(5.0, 4.16129292356341)	(6.0, 3.419484559076892)	(7.0, 2.871178445775333)	(8.0, 2.4125866518008414)	(9.0, 2.0200472055345227)	('>10', 22.888056657039513)	('>50', 5.626527694557126)	('>100', 7.649375981758283)	('>500', 1.351610162525802)	('>1k', 0.7128217954288479)	('>5k', 0.012135150696317982)	('>10k+', 0.7613096122535995)
qc_bundle_trimmed | SRR30333747_1	(1.0, 28.603797303069072)	(2.0, 11.226160804391407)	(3.0, 6.961753170535141)	(4.0, 5.235947675238519)	(5.0, 4.200874497967956)	(6.0, 3.171944209393819)	(7.0, 2.7504124933637097)	(8.0, 2.242787632526669)	(9.0, 2.024483960613579)	('>10', 21.690237835307357)	('>50', 4.865490737947456)	('>100', 5.7914035890811695)	('>500', 0.8270439474121146)	('>1k', 0.37330562140554624)	('>5k', 0.0)	('>10k+', 0.034356521746461255)
qc_bundle_trimmed | SRR30333747_2	(1.0, 27.682508521632055)	(2.0, 11.623497335919076)	(3.0, 7.889869969285974)	(4.0, 5.650118791676552)	(5.0, 4.410456956926162)	(6.0, 3.6241620104796803)	(7.0, 2.8416804639660294)	(8.0, 2.4886598609164534)	(9.0, 1.95570606463834)	('>10', 20.635328703193252)	('>50', 4.399714597156207)	('>100', 4.903475846013231)	('>500', 0.5643187446814141)	('>1k', 0.2729805089679889)	('>5k', 0.012910630345066646)	('>10k+', 1.0446109942026611)
qc_bundle_trimmed | SRR30333748_1	(1.0, 22.986932054699498)	(2.0, 9.464799797151755)	(3.0, 6.213268577964012)	(4.0, 4.665365442242961)	(5.0, 3.7965420912660246)	(6.0, 3.1310554241292192)	(7.0, 2.717946162961661)	(8.0, 2.3780336195868106)	(9.0, 2.127055299528071)	('>10', 25.371557241909947)	('>50', 6.316590448258902)	('>100', 8.297436988198202)	('>500', 1.5850420933532197)	('>1k', 0.948374758749815)	('>5k', 0.0)	('>10k+', 0.0)
qc_bundle_trimmed | SRR30333748_2	(1.0, 22.18026362856039)	(2.0, 9.57592204819086)	(3.0, 6.861811396557337)	(4.0, 5.277123219385772)	(5.0, 4.3156585243476595)	(6.0, 3.5749367744511207)	(7.0, 3.032276506990042)	(8.0, 2.632978356484059)	(9.0, 2.211726048504178)	('>10', 24.686329694674587)	('>50', 5.745402195624399)	('>100', 7.0912375899697375)	('>500', 1.2146710986542397)	('>1k', 0.6320966465197738)	('>5k', 0.04004821159111586)	('>10k+', 0.9275180594947583)
qc_bundle_trimmed | SRR30333749_1	(1.0, 10.633464781886856)	(2.0, 5.469374626787871)	(3.0, 6.751624702232349)	(4.0, 7.181022327751233)	(5.0, 6.968140443626606)	(6.0, 6.170506267317821)	(7.0, 5.348887971704421)	(8.0, 4.380270411359129)	(9.0, 3.6832439655817293)	('>10', 30.263396036010654)	('>50', 5.32983899283918)	('>100', 6.231089462733863)	('>500', 0.9994892222641265)	('>1k', 0.5386978415336178)	('>5k', 0.0)	('>10k+', 0.05095294637038796)
qc_bundle_trimmed | SRR30333749_2	(1.0, 10.650252428331058)	(2.0, 4.690844315820664)	(3.0, 6.045952477188577)	(4.0, 6.482948657748889)	(5.0, 6.312121702439542)	(6.0, 5.897047390202131)	(7.0, 5.073922030063243)	(8.0, 4.2926372231886685)	(9.0, 3.7583001944438714)	('>10', 32.05970027861243)	('>50', 5.715922914497542)	('>100', 6.559894202902004)	('>500', 0.9968412600716554)	('>1k', 0.5797666808616859)	('>5k', 0.020809962643134124)	('>10k+', 0.8630382809848982)
qc_bundle_trimmed | SRR30333750_1	(1.0, 25.859883202588758)	(2.0, 9.910769817998544)	(3.0, 6.495623125597767)	(4.0, 4.956919468086913)	(5.0, 3.884497313268627)	(6.0, 3.152587828762283)	(7.0, 2.7019624905198696)	(8.0, 2.251419039525921)	(9.0, 2.0462793538281936)	('>10', 23.510910135024226)	('>50', 5.829077893885139)	('>100', 7.402874018266497)	('>500', 1.2634358866877944)	('>1k', 0.7123630337613427)	('>5k', 0.021397392198195628)	('>10k+', 0.0)
qc_bundle_trimmed | SRR30333750_2	(1.0, 23.991190835272842)	(2.0, 10.423393130827277)	(3.0, 7.432596970811916)	(4.0, 5.652016604606943)	(5.0, 4.388936214059129)	(6.0, 3.497544490715683)	(7.0, 3.0196980413979144)	(8.0, 2.557418824501073)	(9.0, 2.173950877284618)	('>10', 22.946294595121632)	('>50', 5.347553756457036)	('>100', 6.414466956851414)	('>500', 1.0048482592446322)	('>1k', 0.5476332453521867)	('>5k', 0.0)	('>10k+', 0.6024571974956525)
qc_bundle_trimmed | SRR30333751_1	(1.0, 24.49058944537379)	(2.0, 9.992614183582752)	(3.0, 6.710358453562826)	(4.0, 4.876653430996973)	(5.0, 4.009907389398816)	(6.0, 3.334040243385921)	(7.0, 2.7873078388602988)	(8.0, 2.354490889506312)	(9.0, 1.9949605224394793)	('>10', 24.018003658873674)	('>50', 6.052054147009144)	('>100', 7.580998774788237)	('>500', 1.210811770429695)	('>1k', 0.577150706297346)	('>5k', 0.01005854549444501)	('>10k+', 0.0)
qc_bundle_trimmed | SRR30333751_2	(1.0, 22.750591395494695)	(2.0, 10.171749657532137)	(3.0, 7.386473781195997)	(4.0, 5.515867889636753)	(5.0, 4.431959459836192)	(6.0, 3.6141764957645948)	(7.0, 2.997380174109455)	(8.0, 2.511333407778557)	(9.0, 2.2408790241286787)	('>10', 23.882757330615323)	('>50', 5.65754836393293)	('>100', 6.67653153849122)	('>500', 0.8820742719919499)	('>1k', 0.41047316486287083)	('>5k', 0.02020629812218273)	('>10k+', 0.8499977465064663)
qc_bundle_trimmed | SRR30333752_1	(1.0, 24.758377133158085)	(2.0, 9.561956406587525)	(3.0, 6.365089135047075)	(4.0, 4.750670176183083)	(5.0, 3.9257220983694654)	(6.0, 3.1923879960745327)	(7.0, 2.6547333713886916)	(8.0, 2.3715443003907026)	(9.0, 2.0956318616201126)	('>10', 23.967380689664648)	('>50', 6.053667450824406)	('>100', 7.881101599448488)	('>500', 1.4778716026688845)	('>1k', 0.9012268912612251)	('>5k', 0.021778914199468535)	('>10k+', 0.020860373113474297)
qc_bundle_trimmed | SRR30333752_2	(1.0, 23.34045465186529)	(2.0, 9.816317094251557)	(3.0, 6.967185066350233)	(4.0, 5.3367990810831305)	(5.0, 4.228609211556956)	(6.0, 3.6314419960209725)	(7.0, 2.8939823481259683)	(8.0, 2.550069652275876)	(9.0, 2.148399857124438)	('>10', 23.784781899343812)	('>50', 5.557082649789184)	('>100', 7.068115473803795)	('>500', 1.1429760489867964)	('>1k', 0.6823764454147175)	('>5k', 0.021408216673445436)	('>10k+', 0.8300003073336412)
qc_bundle_trimmed | SRR30333753_1	(1.0, 22.641800961056447)	(2.0, 12.180342804479624)	(3.0, 7.952806058428805)	(4.0, 5.615844345047341)	(5.0, 4.0962210657205365)	(6.0, 3.2856798222677437)	(7.0, 2.6298603511193708)	(8.0, 2.2247625051944357)	(9.0, 1.935339105717974)	('>10', 21.877088310943936)	('>50', 5.619816874195161)	('>100', 7.540431340678541)	('>500', 1.3439522905425236)	('>1k', 0.9990154695701401)	('>5k', 0.02740343817515651)	('>10k+', 0.02963525686228322)
qc_bundle_trimmed | SRR30333753_2	(1.0, 21.080244349411416)	(2.0, 10.961247343808095)	(3.0, 7.940557064354993)	(4.0, 5.968972092391905)	(5.0, 4.473822914446382)	(6.0, 3.4989435068300807)	(7.0, 2.8392973587696853)	(8.0, 2.4674664521326584)	(9.0, 2.0984784266343817)	('>10', 22.500912684550435)	('>50', 5.4795061798293165)	('>100', 7.5775433862836)	('>500', 1.4088013829679875)	('>1k', 0.7634966825647062)	('>5k', 0.0)	('>10k+', 0.9407101750242088)
qc_bundle_trimmed | SRR30333754_1	(1.0, 17.1849754996968)	(2.0, 10.89434516826569)	(3.0, 8.241242312650659)	(4.0, 5.9721627927396375)	(5.0, 4.501265481983769)	(6.0, 3.6243344208030583)	(7.0, 2.870696312815138)	(8.0, 2.513361787148982)	(9.0, 2.077176517314116)	('>10', 24.358835132212615)	('>50', 6.42457666834587)	('>100', 8.527214052432901)	('>500', 1.6241122817768703)	('>1k', 1.0781523062917828)	('>5k', 0.0)	('>10k+', 0.10754926552209944)
qc_bundle_trimmed | SRR30333754_2	(1.0, 17.14023973507422)	(2.0, 9.34647355226163)	(3.0, 7.710691549377864)	(4.0, 6.129403928903504)	(5.0, 4.7424967836042375)	(6.0, 3.791285123116248)	(7.0, 3.0685635468513905)	(8.0, 2.7180541838120567)	(9.0, 2.3601312714155718)	('>10', 24.870538250505764)	('>50', 6.131290393322109)	('>100', 8.23549468612441)	('>500', 1.566104482699)	('>1k', 0.858094040534429)	('>5k', 0.03956666080737161)	('>10k+', 1.29157181159025)
qc_bundle_trimmed | SRR30333755_1	(1.0, 19.63568133787781)	(2.0, 11.91837513266826)	(3.0, 8.857534821259302)	(4.0, 6.147871568779778)	(5.0, 4.493078344341956)	(6.0, 3.5466982325055567)	(7.0, 2.8856079430213546)	(8.0, 2.3860662664901877)	(9.0, 2.0833417917417543)	('>10', 22.173083373537462)	('>50', 5.574934353546572)	('>100', 7.612602509914159)	('>500', 1.3988049925551287)	('>1k', 1.1394697519327392)	('>5k', 0.04807738350126899)	('>10k+', 0.09877219632667535)
qc_bundle_trimmed | SRR30333755_2	(1.0, 17.94973591859519)	(2.0, 10.714099653793694)	(3.0, 8.46294487695557)	(4.0, 6.3251127086579775)	(5.0, 4.843566134951825)	(6.0, 3.788267845014555)	(7.0, 3.1114795042362218)	(8.0, 2.6309420705057867)	(9.0, 2.149120696945741)	('>10', 23.310005159514898)	('>50', 5.587922489978797)	('>100', 7.659331519262312)	('>500', 1.5078336951463642)	('>1k', 0.9477941432089406)	('>5k', 0.0)	('>10k+', 1.0118435832322594)
qc_bundle_trimmed | SRR30333756_1	(1.0, 15.808769333641038)	(2.0, 10.378938180469472)	(3.0, 8.744998517617681)	(4.0, 6.668293020821489)	(5.0, 4.908589569032771)	(6.0, 3.8271740694943808)	(7.0, 3.1021929270817035)	(8.0, 2.657552691249127)	(9.0, 2.2293642656621615)	('>10', 24.85961320530553)	('>50', 6.0955389676587)	('>100', 8.16540973978527)	('>500', 1.5405743114198946)	('>1k', 1.0129912007608437)	('>5k', 0.0)	('>10k+', 0.0)
qc_bundle_trimmed | SRR30333756_2	(1.0, 15.994068565724904)	(2.0, 8.790790395481789)	(3.0, 8.027400555831347)	(4.0, 6.263803872172975)	(5.0, 4.94588419916178)	(6.0, 4.142613264137824)	(7.0, 3.3471441656750915)	(8.0, 2.8311848788069027)	(9.0, 2.4209999171421006)	('>10', 25.37127157147166)	('>50', 6.1349713375701045)	('>100', 8.007564231490113)	('>500', 1.4839844209086004)	('>1k', 0.9438255770595098)	('>5k', 0.01275816212684752)	('>10k+', 1.2817348852383752)
qc_bundle_trimmed | SRR30333757_1	(1.0, 24.170252509761287)	(2.0, 9.183383247222201)	(3.0, 6.199354996808328)	(4.0, 4.539734381672177)	(5.0, 3.7553507706246534)	(6.0, 3.044374913388815)	(7.0, 2.507204350331632)	(8.0, 2.2762134299353436)	(9.0, 1.968205593977852)	('>10', 23.90034151628732)	('>50', 6.269606996917684)	('>100', 8.622696176971473)	('>500', 1.8217364641502138)	('>1k', 1.6354373276659118)	('>5k', 0.10610732428512021)	('>10k+', 0.0)
qc_bundle_trimmed | SRR30333757_2	(1.0, 23.497188728855022)	(2.0, 10.031334889260037)	(3.0, 7.004484073539075)	(4.0, 5.144129880526447)	(5.0, 4.226274307901612)	(6.0, 3.3005184708050757)	(7.0, 2.7741206832472725)	(8.0, 2.2993865029652594)	(9.0, 2.0498029180246338)	('>10', 23.215949821465312)	('>50', 5.732789614665061)	('>100', 7.7243748287911)	('>500', 1.717874002204301)	('>1k', 1.2315232910204725)	('>5k', 0.050247986729224356)	('>10k+', 0.0)
qc_bundle_trimmed | SRR30333758_1	(1.0, 22.319526477974517)	(2.0, 10.361234668879424)	(3.0, 6.656483663312243)	(4.0, 4.738945763990012)	(5.0, 3.8719664598337475)	(6.0, 3.1200274978669444)	(7.0, 2.667420419662767)	(8.0, 2.266744475054348)	(9.0, 1.9400603672375487)	('>10', 23.424924444720666)	('>50', 6.203368865097213)	('>100', 8.543680472854033)	('>500', 1.8712469366291384)	('>1k', 1.8577924345523036)	('>5k', 0.15657705233493777)	('>10k+', 0.0)
qc_bundle_trimmed | SRR30333758_2	(1.0, 23.198175202073536)	(2.0, 10.569913728321632)	(3.0, 7.153394621643875)	(4.0, 5.372068516883959)	(5.0, 4.204384673324618)	(6.0, 3.3818345390088176)	(7.0, 2.7347952339779567)	(8.0, 2.3548248871564454)	(9.0, 1.9403356501079605)	('>10', 22.47324062270926)	('>50', 5.591966785640639)	('>100', 7.676778341835372)	('>500', 1.7411287019435284)	('>1k', 1.5394999264984284)	('>5k', 0.06765856887418123)	('>10k+', 0.0)
qc_bundle_trimmed | SRR30333759_1	(1.0, 23.903070437762295)	(2.0, 9.56340895870364)	(3.0, 6.246191921880038)	(4.0, 4.6485707138791525)	(5.0, 3.823304557480061)	(6.0, 3.1773133365831643)	(7.0, 2.5126798351847723)	(8.0, 2.2421703915092968)	(9.0, 1.9596047376143824)	('>10', 23.283291774542157)	('>50', 5.981172490794133)	('>100', 8.223702330090862)	('>500', 1.8915720443884256)	('>1k', 2.1928529211796373)	('>5k', 0.2684201440427554)	('>10k+', 0.08267340436516865)
qc_bundle_trimmed | SRR30333759_2	(1.0, 22.9799361533798)	(2.0, 10.431594606576413)	(3.0, 7.114107571924571)	(4.0, 5.266705695093768)	(5.0, 4.254134519617159)	(6.0, 3.4560617994479217)	(7.0, 2.783707869791671)	(8.0, 2.390212193271494)	(9.0, 2.1142023244380304)	('>10', 22.551962255714027)	('>50', 5.464531474250603)	('>100', 7.284825813854831)	('>500', 1.7835180985062822)	('>1k', 2.0295708961399197)	('>5k', 0.09492872799344071)	('>10k+', 0.0)
qc_bundle_trimmed | SRR30333760_1	(1.0, 22.624968893638194)	(2.0, 10.046592475134663)	(3.0, 6.71723520372949)	(4.0, 4.903475163635449)	(5.0, 3.9066028631710075)	(6.0, 3.251818246744499)	(7.0, 2.678266404714994)	(8.0, 2.297970006703043)	(9.0, 1.9625611546414377)	('>10', 23.88570902899027)	('>50', 6.282127863688215)	('>100', 8.192804977548686)	('>500', 1.608702702855139)	('>1k', 1.5547935852831019)	('>5k', 0.08637142952181301)	('>10k+', 0.0)
qc_bundle_trimmed | SRR30333760_2	(1.0, 23.053908676217088)	(2.0, 10.763603655981155)	(3.0, 7.392544407995516)	(4.0, 5.580082104562435)	(5.0, 4.284438706044168)	(6.0, 3.4087609132438836)	(7.0, 2.8412689452330695)	(8.0, 2.3723930354816427)	(9.0, 2.0439578869258814)	('>10', 22.90854858410061)	('>50', 5.469717367999061)	('>100', 7.1604941188671125)	('>500', 1.5334170931482083)	('>1k', 1.1744804212089754)	('>5k', 0.012384082991081272)	('>10k+', 0.0)
qc_bundle_trimmed | SRR30333761_1	(1.0, 25.743191636385994)	(2.0, 9.80611149679067)	(3.0, 6.459259360005941)	(4.0, 4.820266869305155)	(5.0, 3.709464219553042)	(6.0, 3.134572984758608)	(7.0, 2.547750905278787)	(8.0, 2.2252013653672056)	(9.0, 1.9218583876427886)	('>10', 22.3908861111393)	('>50', 5.688426592260799)	('>100', 7.694894515664526)	('>500', 1.6966305047881631)	('>1k', 1.9900708711169577)	('>5k', 0.17141417994200267)	('>10k+', 0.0)
qc_bundle_trimmed | SRR30333761_2	(1.0, 23.50704139959041)	(2.0, 10.619181470482983)	(3.0, 7.209172804315902)	(4.0, 5.416804797934935)	(5.0, 4.134707149594845)	(6.0, 3.3113682662610398)	(7.0, 2.8147258403206217)	(8.0, 2.31108182955279)	(9.0, 2.1051129376236997)	('>10', 22.40675539793181)	('>50', 5.3674157423706985)	('>100', 7.2576008565286205)	('>500', 1.8051039118502519)	('>1k', 1.66077980376665)	('>5k', 0.07314779187444898)	('>10k+', 0.0)
qc_bundle_trimmed | SRR30333762_1	(1.0, 22.848218660248)	(2.0, 10.021438194203926)	(3.0, 6.519149419154529)	(4.0, 4.858176620246262)	(5.0, 3.7790076416518805)	(6.0, 3.1450224171599164)	(7.0, 2.7611238018788025)	(8.0, 2.249186336859958)	(9.0, 1.9560667896621489)	('>10', 23.393340613388304)	('>50', 6.09938510441324)	('>100', 8.357883749520319)	('>500', 1.8013302229716384)	('>1k', 2.0192153519627065)	('>5k', 0.16494837926348355)	('>10k+', 0.02650669741506247)
qc_bundle_trimmed | SRR30333762_2	(1.0, 23.522421343025567)	(2.0, 10.660027416965304)	(3.0, 7.180932748869694)	(4.0, 5.361679369617852)	(5.0, 4.148624891438332)	(6.0, 3.329756748509257)	(7.0, 2.769230269228863)	(8.0, 2.423163470642474)	(9.0, 1.9728482216555063)	('>10', 22.363466608139145)	('>50', 5.349795104154244)	('>100', 7.344487281528584)	('>500', 1.820544982847763)	('>1k', 1.6621585353199766)	('>5k', 0.09086300805718338)	('>10k+', 0.0)
qc_bundle_trimmed | SRR30333763_1	(1.0, 22.198675736640197)	(2.0, 9.869346066163217)	(3.0, 6.5462583723334715)	(4.0, 4.993882666805642)	(5.0, 3.9499252529131406)	(6.0, 3.1811581427229236)	(7.0, 2.7294453507583007)	(8.0, 2.288951696353625)	(9.0, 2.03198916332564)	('>10', 23.845665809998202)	('>50', 6.215403525600832)	('>100', 8.232539422235886)	('>500', 1.7859448991156819)	('>1k', 1.9599994682655257)	('>5k', 0.1708144267675095)	('>10k+', 0.0)
qc_bundle_trimmed | SRR30333763_2	(1.0, 22.67011951603846)	(2.0, 10.83786790929512)	(3.0, 7.368219921745628)	(4.0, 5.595029041738598)	(5.0, 4.1907499766803324)	(6.0, 3.5525611707720337)	(7.0, 2.840986829214047)	(8.0, 2.3921540534558288)	(9.0, 2.000735315686492)	('>10', 22.405990260890476)	('>50', 5.369378579378117)	('>100', 7.437114536032466)	('>500', 1.7362907667442302)	('>1k', 1.50089168501917)	('>5k', 0.10191043730902753)	('>10k+', 0.0)
qc_bundle_trimmed | SRR30333764_1	(1.0, 23.13642486321354)	(2.0, 10.252170861829294)	(3.0, 6.853593509011416)	(4.0, 5.006847536732081)	(5.0, 4.138768487132599)	(6.0, 3.1972872594737045)	(7.0, 2.7089024488949156)	(8.0, 2.2515328330666735)	(9.0, 1.9794755007486633)	('>10', 22.733169139626483)	('>50', 5.91788962705964)	('>100', 7.914203731155609)	('>500', 1.8358004156854437)	('>1k', 1.9723711320132638)	('>5k', 0.10156265435675696)	('>10k+', 0.0)
qc_bundle_trimmed | SRR30333764_2	(1.0, 23.29699579954042)	(2.0, 10.977320487969902)	(3.0, 7.652678075862665)	(4.0, 5.377908582734727)	(5.0, 4.230573183042352)	(6.0, 3.414292133446801)	(7.0, 2.904571087488692)	(8.0, 2.3590522267644705)	(9.0, 1.9625451475553009)	('>10', 21.80969734376717)	('>50', 5.2532256675916615)	('>100', 7.317400744334826)	('>500', 1.8210524146679476)	('>1k', 1.578561633079257)	('>5k', 0.04412547215339188)	('>10k+', 0.0)
qc_bundle_trimmed | SRR30333765_1	(1.0, 26.241109240608047)	(2.0, 9.870659286728532)	(3.0, 6.577016581388666)	(4.0, 4.911127046487429)	(5.0, 3.7349035698695494)	(6.0, 3.054100826747193)	(7.0, 2.5044269091913485)	(8.0, 2.1620438779372515)	(9.0, 1.9395630534403308)	('>10', 22.613035598944823)	('>50', 5.707448305660398)	('>100', 7.502381292461595)	('>500', 1.588437621249237)	('>1k', 1.5258169628308207)	('>5k', 0.06792982645472533)	('>10k+', 0.0)
qc_bundle_trimmed | SRR30333765_2	(1.0, 24.60329502196706)	(2.0, 10.628671079929937)	(3.0, 7.3241436266294215)	(4.0, 5.367441504596892)	(5.0, 4.244333527778664)	(6.0, 3.3774275438118813)	(7.0, 2.8032887814811556)	(8.0, 2.350819403438494)	(9.0, 2.0021909161598237)	('>10', 22.016273268124014)	('>50', 5.429639945283506)	('>100', 7.040423381807001)	('>500', 1.581633888896356)	('>1k', 1.2098915577055895)	('>5k', 0.020526552390189388)	('>10k+', 0.0)
qc_bundle_trimmed | SRR30333766_1	(1.0, 22.476805648482724)	(2.0, 9.97579843533209)	(3.0, 6.500820592203099)	(4.0, 4.905959923023909)	(5.0, 3.9683597519467844)	(6.0, 3.166560390650673)	(7.0, 2.6847032389296785)	(8.0, 2.3125818497674713)	(9.0, 2.0116858771444757)	('>10', 23.183426356188008)	('>50', 6.028435384467083)	('>100', 8.305235905037991)	('>500', 1.869310781048374)	('>1k', 2.3382875139619097)	('>5k', 0.22379893548414892)	('>10k+', 0.04822941633162438)
qc_bundle_trimmed | SRR30333766_2	(1.0, 22.485919445795755)	(2.0, 10.753545426900311)	(3.0, 7.1983785394642466)	(4.0, 5.492963154100313)	(5.0, 4.167356580367722)	(6.0, 3.3256544910406234)	(7.0, 2.778149404069006)	(8.0, 2.309439390025179)	(9.0, 2.0162268882650647)	('>10', 22.20107707588078)	('>50', 5.409641985855262)	('>100', 7.8002370379424075)	('>500', 1.9406229689378311)	('>1k', 1.9716372249022827)	('>5k', 0.12657450673605836)	('>10k+', 0.02257587971752716)
qc_bundle_trimmed | SRR30333767_1	(1.0, 23.22703109958264)	(2.0, 10.012549621190951)	(3.0, 6.7204954727551725)	(4.0, 5.044151955530865)	(5.0, 3.9655013599566176)	(6.0, 3.228789952378905)	(7.0, 2.6923183895268594)	(8.0, 2.351124492791634)	(9.0, 2.0415579773247257)	('>10', 23.2506352507383)	('>50', 5.932609653067877)	('>100', 8.051713102290076)	('>500', 1.6652923043624308)	('>1k', 1.728722841181558)	('>5k', 0.0875065273215461)	('>10k+', 0.0)
qc_bundle_trimmed | SRR30333767_2	(1.0, 23.23803252487884)	(2.0, 10.590945277857983)	(3.0, 7.45124020502793)	(4.0, 5.342251011257501)	(5.0, 4.262145926852871)	(6.0, 3.557689855109445)	(7.0, 2.85625007797503)	(8.0, 2.3038113003844902)	(9.0, 2.1095905450851102)	('>10', 22.503932186575597)	('>50', 5.42921532190107)	('>100', 7.234275969123492)	('>500', 1.6923020408491825)	('>1k', 1.366403710185307)	('>5k', 0.061914046936108885)	('>10k+', 0.0)
qc_bundle_trimmed | SRR30333768_1	(1.0, 24.061983716467513)	(2.0, 10.179781208726064)	(3.0, 6.404806531217449)	(4.0, 4.742390476724419)	(5.0, 3.6686175727662467)	(6.0, 2.9462269986556815)	(7.0, 2.4025656553524097)	(8.0, 2.18904389544758)	(9.0, 1.8655563130634472)	('>10', 22.258900173428536)	('>50', 5.990658972242054)	('>100', 8.34765318673997)	('>500', 2.093798018458192)	('>1k', 2.4983323985768586)	('>5k', 0.2703418795920451)	('>10k+', 0.0793430025415924)
qc_bundle_trimmed | SRR30333768_2	(1.0, 25.32810894122616)	(2.0, 10.575456939553183)	(3.0, 7.072599950898445)	(4.0, 5.117923022571083)	(5.0, 4.067037730416502)	(6.0, 3.121502058862004)	(7.0, 2.5493861936547035)	(8.0, 2.1924752619285353)	(9.0, 1.853673775692313)	('>10', 20.92766628879272)	('>50', 5.313598753716444)	('>100', 7.579367640293409)	('>500', 1.9626919530905433)	('>1k', 2.2251471837142764)	('>5k', 0.11336430558987662)	('>10k+', 0.0)
