Sample	0	1	2	3	4	5	6	7	8	9	10	11	12	13	14	15	16	17	18	19	20	21	22	23	24	25	26	27	28	29	30	31	32	33	34	35	36	37	38	39	40	41	42	43	44	45	46	47	48	49	50	51	52	53	54	55	56	57	58	59	60	61	62	63	64	65	66	67	68	69	70	71	72	73	74	75	76	77	78	79	80	81	82	83	84	85	86	87	88	89	90	91	92	93	94	95	96	97	98	99	100	101	102	103	104	105	106	107	108	109	110	111	112	113	114	115	116	117	118	119	120	121	122	123	124	125	126	127	128	129	130	131	132	133	134	135	136	137	138	139	140	141	142	143	144	145	146	147	148	149	150
reports | SRR30333743	(1, 38.3235)	(2, 38.8361)	(3, 38.8262)	(4, 38.9476)	(5, 38.9119)	(6, 38.8405)	(7, 38.8743)	(8, 38.8887)	(9, 38.8829)	(10, 38.8325)	(11, 38.883)	(12, 38.8682)	(13, 38.8911)	(14, 38.8381)	(15, 38.9108)	(16, 39.276)	(17, 39.274)	(18, 39.2862)	(19, 39.2523)	(20, 39.2264)	(21, 39.235)	(22, 39.2195)	(23, 39.2582)	(24, 39.2567)	(25, 39.2366)	(26, 38.9588)	(27, 38.9471)	(28, 38.9622)	(29, 38.9543)	(30, 38.9425)	(31, 38.9543)	(32, 38.9389)	(33, 38.9225)	(34, 38.9223)	(35, 38.8991)	(36, 38.8749)	(37, 38.9669)	(38, 38.9127)	(39, 38.9685)	(40, 38.967)	(41, 38.8618)	(42, 38.9572)	(43, 38.8978)	(44, 38.8652)	(45, 38.9239)	(46, 38.9239)	(47, 38.9473)	(48, 38.9302)	(49, 38.9109)	(50, 38.8989)	(51, 38.9085)	(52, 38.8518)	(53, 38.8629)	(54, 38.8746)	(55, 38.8699)	(56, 38.8623)	(57, 38.8381)	(58, 38.8105)	(59, 38.8336)	(60, 38.8449)	(61, 38.8064)	(62, 38.8178)	(63, 38.81)	(64, 38.8199)	(65, 38.8189)	(66, 38.8133)	(67, 38.7552)	(68, 38.8002)	(69, 38.8025)	(70, 38.7826)	(71, 38.7809)	(72, 38.7825)	(73, 38.7213)	(74, 38.7894)	(75, 38.7676)	(76, 38.7529)	(77, 38.7682)	(78, 38.7574)	(79, 38.7259)	(80, 38.7237)	(81, 38.7208)	(82, 38.7225)	(83, 38.7026)	(84, 38.7103)	(85, 38.7036)	(86, 38.6844)	(87, 38.667)	(88, 38.6404)	(89, 38.6534)	(90, 38.6506)	(91, 38.6351)	(92, 38.6384)	(93, 38.5874)	(94, 38.618)	(95, 38.6103)	(96, 38.5733)	(97, 38.5639)	(98, 38.5665)	(99, 38.5794)	(100, 38.4805)	(101, 38.5445)	(102, 38.4354)	(103, 38.5048)	(104, 38.4829)	(105, 38.5142)	(106, 38.4495)	(107, 38.4684)	(108, 38.4577)	(109, 38.4305)	(110, 38.4112)	(111, 38.3772)	(112, 38.357)	(113, 38.3624)	(114, 38.347)	(115, 38.3163)	(116, 38.298)	(117, 38.2854)	(118, 38.2034)	(119, 38.2432)	(120, 38.2033)	(121, 38.141)	(122, 38.1193)	(123, 38.0446)	(124, 38.0179)	(125, 38.023)	(126, 38.0017)	(127, 37.9436)	(128, 37.9301)	(129, 37.8281)	(130, 37.7923)	(131, 37.7163)	(132, 37.6373)	(133, 37.6244)	(134, 37.5866)	(135, 37.4883)	(136, 37.3523)	(137, 37.2339)	(138, 37.1955)	(139, 37.051)	(140, 36.998)	(141, 36.8935)	(142, 36.8009)	(143, 36.6989)	(144, 36.5271)	(145, 36.4002)	(146, 36.2424)	(147, 36.1425)	(148, 36.0318)	(149, 35.8421)	(150, 35.6718)	(151, 35.3244)
reports | SRR30333744	(1, 38.2217)	(2, 38.7483)	(3, 38.7536)	(4, 38.9266)	(5, 38.9102)	(6, 38.8609)	(7, 38.876)	(8, 38.914)	(9, 38.9216)	(10, 38.8566)	(11, 38.9176)	(12, 38.8931)	(13, 38.9277)	(14, 38.8866)	(15, 38.9671)	(16, 39.3115)	(17, 39.3119)	(18, 39.3196)	(19, 39.3001)	(20, 39.2588)	(21, 39.2726)	(22, 39.2589)	(23, 39.3074)	(24, 39.3037)	(25, 39.2815)	(26, 39.0193)	(27, 39.0101)	(28, 39.0208)	(29, 39.0158)	(30, 39.0087)	(31, 39.0203)	(32, 39.0083)	(33, 38.9876)	(34, 38.9905)	(35, 38.9596)	(36, 38.9151)	(37, 39.0372)	(38, 38.9597)	(39, 39.0346)	(40, 39.032)	(41, 38.9103)	(42, 39.0304)	(43, 38.9594)	(44, 38.9377)	(45, 39.006)	(46, 38.9996)	(47, 39.0196)	(48, 38.9868)	(49, 38.9748)	(50, 38.9702)	(51, 38.9776)	(52, 38.9246)	(53, 38.9411)	(54, 38.9543)	(55, 38.9512)	(56, 38.9496)	(57, 38.925)	(58, 38.8931)	(59, 38.9157)	(60, 38.924)	(61, 38.8947)	(62, 38.9085)	(63, 38.9035)	(64, 38.9252)	(65, 38.9153)	(66, 38.9087)	(67, 38.8356)	(68, 38.9016)	(69, 38.9043)	(70, 38.8905)	(71, 38.8874)	(72, 38.8889)	(73, 38.8175)	(74, 38.8969)	(75, 38.8805)	(76, 38.8621)	(77, 38.8809)	(78, 38.8699)	(79, 38.8355)	(80, 38.8488)	(81, 38.8463)	(82, 38.8488)	(83, 38.825)	(84, 38.8401)	(85, 38.8331)	(86, 38.8213)	(87, 38.8043)	(88, 38.768)	(89, 38.795)	(90, 38.7953)	(91, 38.769)	(92, 38.7849)	(93, 38.7355)	(94, 38.7724)	(95, 38.7561)	(96, 38.7269)	(97, 38.7245)	(98, 38.7231)	(99, 38.749)	(100, 38.6347)	(101, 38.7194)	(102, 38.5965)	(103, 38.6805)	(104, 38.6527)	(105, 38.6943)	(106, 38.6431)	(107, 38.6661)	(108, 38.659)	(109, 38.6439)	(110, 38.6301)	(111, 38.5981)	(112, 38.5834)	(113, 38.5741)	(114, 38.5797)	(115, 38.5588)	(116, 38.5336)	(117, 38.5403)	(118, 38.4628)	(119, 38.4995)	(120, 38.4823)	(121, 38.4221)	(122, 38.4156)	(123, 38.3322)	(124, 38.325)	(125, 38.3588)	(126, 38.3432)	(127, 38.3055)	(128, 38.2887)	(129, 38.2096)	(130, 38.1989)	(131, 38.1446)	(132, 38.0525)	(133, 38.0664)	(134, 38.043)	(135, 37.9816)	(136, 37.8695)	(137, 37.7905)	(138, 37.7858)	(139, 37.6524)	(140, 37.6302)	(141, 37.5497)	(142, 37.5043)	(143, 37.429)	(144, 37.307)	(145, 37.2162)	(146, 37.0969)	(147, 37.0207)	(148, 36.9316)	(149, 36.7893)	(150, 36.6601)	(151, 36.2528)
reports | SRR30333745	(1, 38.3053)	(2, 38.8166)	(3, 38.821)	(4, 38.9603)	(5, 38.9281)	(6, 38.8602)	(7, 38.8962)	(8, 38.9151)	(9, 38.9129)	(10, 38.8625)	(11, 38.9136)	(12, 38.8964)	(13, 38.9254)	(14, 38.8749)	(15, 38.9484)	(16, 39.2961)	(17, 39.2964)	(18, 39.3068)	(19, 39.2758)	(20, 39.2464)	(21, 39.2555)	(22, 39.2417)	(23, 39.2816)	(24, 39.2791)	(25, 39.2589)	(26, 38.9885)	(27, 38.9783)	(28, 38.993)	(29, 38.986)	(30, 38.9747)	(31, 38.9853)	(32, 38.9707)	(33, 38.9528)	(34, 38.9526)	(35, 38.9296)	(36, 38.8972)	(37, 38.9977)	(38, 38.9389)	(39, 38.9984)	(40, 38.9969)	(41, 38.8899)	(42, 38.9882)	(43, 38.9269)	(44, 38.9056)	(45, 38.9661)	(46, 38.9648)	(47, 38.9767)	(48, 38.9541)	(49, 38.9388)	(50, 38.9333)	(51, 38.9387)	(52, 38.8878)	(53, 38.907)	(54, 38.9116)	(55, 38.9112)	(56, 38.9051)	(57, 38.8849)	(58, 38.8577)	(59, 38.8803)	(60, 38.889)	(61, 38.8525)	(62, 38.8639)	(63, 38.8567)	(64, 38.8697)	(65, 38.8645)	(66, 38.8567)	(67, 38.7959)	(68, 38.8441)	(69, 38.8475)	(70, 38.8293)	(71, 38.8246)	(72, 38.8231)	(73, 38.7582)	(74, 38.8275)	(75, 38.8061)	(76, 38.7907)	(77, 38.8068)	(78, 38.7945)	(79, 38.7637)	(80, 38.7635)	(81, 38.7618)	(82, 38.7634)	(83, 38.743)	(84, 38.7522)	(85, 38.744)	(86, 38.7261)	(87, 38.7064)	(88, 38.6791)	(89, 38.6934)	(90, 38.6906)	(91, 38.674)	(92, 38.6801)	(93, 38.6297)	(94, 38.6618)	(95, 38.6504)	(96, 38.6142)	(97, 38.6054)	(98, 38.6087)	(99, 38.6236)	(100, 38.5242)	(101, 38.5903)	(102, 38.4818)	(103, 38.554)	(104, 38.5302)	(105, 38.5654)	(106, 38.504)	(107, 38.5241)	(108, 38.5151)	(109, 38.4888)	(110, 38.475)	(111, 38.4405)	(112, 38.4255)	(113, 38.4297)	(114, 38.4202)	(115, 38.3921)	(116, 38.3753)	(117, 38.369)	(118, 38.2911)	(119, 38.3329)	(120, 38.3002)	(121, 38.2406)	(122, 38.2243)	(123, 38.1525)	(124, 38.1323)	(125, 38.1457)	(126, 38.1294)	(127, 38.0793)	(128, 38.07)	(129, 37.9769)	(130, 37.9489)	(131, 37.8824)	(132, 37.8066)	(133, 37.8056)	(134, 37.7762)	(135, 37.6899)	(136, 37.5662)	(137, 37.4601)	(138, 37.433)	(139, 37.2955)	(140, 37.2551)	(141, 37.1606)	(142, 37.083)	(143, 36.9919)	(144, 36.8328)	(145, 36.7204)	(146, 36.5791)	(147, 36.4878)	(148, 36.3863)	(149, 36.2063)	(150, 36.0537)	(151, 35.6574)
reports | SRR30333746	(1, 38.2469)	(2, 38.7851)	(3, 38.7711)	(4, 38.9391)	(5, 38.9251)	(6, 38.867)	(7, 38.8886)	(8, 38.9241)	(9, 38.9329)	(10, 38.8682)	(11, 38.9253)	(12, 38.9027)	(13, 38.9329)	(14, 38.8895)	(15, 38.9679)	(16, 39.3093)	(17, 39.3105)	(18, 39.3182)	(19, 39.2951)	(20, 39.2561)	(21, 39.2652)	(22, 39.253)	(23, 39.3003)	(24, 39.2956)	(25, 39.2724)	(26, 39.0104)	(27, 38.9995)	(28, 39.0114)	(29, 39.0047)	(30, 38.9952)	(31, 39.0052)	(32, 38.9901)	(33, 38.9609)	(34, 38.9718)	(35, 38.9423)	(36, 38.8988)	(37, 39.0163)	(38, 38.9431)	(39, 39.013)	(40, 39.0092)	(41, 38.8904)	(42, 39.0033)	(43, 38.933)	(44, 38.9195)	(45, 38.9888)	(46, 38.9912)	(47, 38.9924)	(48, 38.9853)	(49, 38.9649)	(50, 38.9638)	(51, 38.9597)	(52, 38.9137)	(53, 38.9329)	(54, 38.9402)	(55, 38.939)	(56, 38.9386)	(57, 38.9112)	(58, 38.8773)	(59, 38.9037)	(60, 38.9078)	(61, 38.8792)	(62, 38.8926)	(63, 38.8822)	(64, 38.8968)	(65, 38.8957)	(66, 38.8869)	(67, 38.8184)	(68, 38.8789)	(69, 38.8815)	(70, 38.8661)	(71, 38.8601)	(72, 38.8575)	(73, 38.7795)	(74, 38.8582)	(75, 38.8391)	(76, 38.8214)	(77, 38.8397)	(78, 38.8277)	(79, 38.7934)	(80, 38.8045)	(81, 38.7996)	(82, 38.8015)	(83, 38.779)	(84, 38.7903)	(85, 38.7812)	(86, 38.7679)	(87, 38.7511)	(88, 38.7156)	(89, 38.7404)	(90, 38.7379)	(91, 38.7126)	(92, 38.7253)	(93, 38.6735)	(94, 38.7089)	(95, 38.6917)	(96, 38.6573)	(97, 38.651)	(98, 38.6481)	(99, 38.6732)	(100, 38.5605)	(101, 38.6403)	(102, 38.5158)	(103, 38.5981)	(104, 38.5708)	(105, 38.6094)	(106, 38.5544)	(107, 38.5739)	(108, 38.5642)	(109, 38.5465)	(110, 38.5321)	(111, 38.4967)	(112, 38.4802)	(113, 38.4754)	(114, 38.4721)	(115, 38.447)	(116, 38.4215)	(117, 38.4228)	(118, 38.3445)	(119, 38.3798)	(120, 38.3558)	(121, 38.294)	(122, 38.2827)	(123, 38.1976)	(124, 38.1871)	(125, 38.2139)	(126, 38.1986)	(127, 38.1541)	(128, 38.1384)	(129, 38.0524)	(130, 38.0369)	(131, 37.976)	(132, 37.8862)	(133, 37.8985)	(134, 37.8725)	(135, 37.8039)	(136, 37.6885)	(137, 37.6001)	(138, 37.593)	(139, 37.456)	(140, 37.4338)	(141, 37.3563)	(142, 37.3023)	(143, 37.2278)	(144, 37.0996)	(145, 37.0059)	(146, 36.8839)	(147, 36.8127)	(148, 36.7308)	(149, 36.5849)	(150, 36.4538)	(151, 36.0893)
reports | SRR30333747	(1, 37.907)	(2, 38.5185)	(3, 38.5104)	(4, 38.7066)	(5, 38.6816)	(6, 38.7436)	(7, 38.7397)	(8, 38.8128)	(9, 38.8475)	(10, 38.6962)	(11, 38.8196)	(12, 38.7281)	(13, 38.8034)	(14, 38.7674)	(15, 38.8829)	(16, 39.2077)	(17, 39.1978)	(18, 39.2066)	(19, 39.2032)	(20, 39.1446)	(21, 39.1627)	(22, 39.1584)	(23, 39.2147)	(24, 39.218)	(25, 39.1862)	(26, 38.8492)	(27, 38.8411)	(28, 38.8437)	(29, 38.8452)	(30, 38.845)	(31, 38.8507)	(32, 38.8421)	(33, 38.8226)	(34, 38.8283)	(35, 38.7921)	(36, 38.7241)	(37, 38.8725)	(38, 38.7797)	(39, 38.8719)	(40, 38.8673)	(41, 38.7172)	(42, 38.8614)	(43, 38.7825)	(44, 38.7647)	(45, 38.851)	(46, 38.8643)	(47, 38.8524)	(48, 38.8516)	(49, 38.8265)	(50, 38.83)	(51, 38.8248)	(52, 38.7771)	(53, 38.7877)	(54, 38.8148)	(55, 38.7953)	(56, 38.7895)	(57, 38.7562)	(58, 38.7194)	(59, 38.7529)	(60, 38.7419)	(61, 38.731)	(62, 38.756)	(63, 38.7385)	(64, 38.7654)	(65, 38.75)	(66, 38.7554)	(67, 38.6554)	(68, 38.7465)	(69, 38.7471)	(70, 38.7276)	(71, 38.73)	(72, 38.7279)	(73, 38.6303)	(74, 38.725)	(75, 38.7113)	(76, 38.681)	(77, 38.71)	(78, 38.689)	(79, 38.6555)	(80, 38.6884)	(81, 38.6804)	(82, 38.675)	(83, 38.6503)	(84, 38.6717)	(85, 38.6477)	(86, 38.6592)	(87, 38.6388)	(88, 38.5895)	(89, 38.6284)	(90, 38.6301)	(91, 38.5875)	(92, 38.6194)	(93, 38.5601)	(94, 38.6068)	(95, 38.577)	(96, 38.5529)	(97, 38.5443)	(98, 38.531)	(99, 38.5672)	(100, 38.4323)	(101, 38.539)	(102, 38.3911)	(103, 38.4919)	(104, 38.4578)	(105, 38.5049)	(106, 38.4726)	(107, 38.4914)	(108, 38.4834)	(109, 38.4791)	(110, 38.4487)	(111, 38.4384)	(112, 38.4223)	(113, 38.3914)	(114, 38.4387)	(115, 38.3941)	(116, 38.381)	(117, 38.4118)	(118, 38.3319)	(119, 38.3465)	(120, 38.3604)	(121, 38.2993)	(122, 38.3102)	(123, 38.2199)	(124, 38.2276)	(125, 38.3004)	(126, 38.2824)	(127, 38.2626)	(128, 38.2374)	(129, 38.1786)	(130, 38.1921)	(131, 38.1531)	(132, 38.0394)	(133, 38.0784)	(134, 38.0667)	(135, 38.0417)	(136, 37.9564)	(137, 37.9262)	(138, 37.9562)	(139, 37.8226)	(140, 37.8365)	(141, 37.778)	(142, 37.7583)	(143, 37.7138)	(144, 37.6384)	(145, 37.5802)	(146, 37.5022)	(147, 37.4417)	(148, 37.3535)	(149, 37.2803)	(150, 37.1845)	(151, 36.7354)
reports | SRR30333748	(1, 38.2661)	(2, 38.8131)	(3, 38.829)	(4, 38.958)	(5, 38.93)	(6, 38.8649)	(7, 38.9043)	(8, 38.9294)	(9, 38.9284)	(10, 38.8694)	(11, 38.92)	(12, 38.9068)	(13, 38.9333)	(14, 38.8843)	(15, 38.9609)	(16, 39.3112)	(17, 39.3092)	(18, 39.3196)	(19, 39.2893)	(20, 39.2591)	(21, 39.268)	(22, 39.2539)	(23, 39.2956)	(24, 39.293)	(25, 39.2717)	(26, 39.006)	(27, 38.9972)	(28, 39.0138)	(29, 39.0061)	(30, 38.9974)	(31, 39.0062)	(32, 38.9946)	(33, 38.9756)	(34, 38.9768)	(35, 38.9527)	(36, 38.9208)	(37, 39.0177)	(38, 38.9615)	(39, 39.0221)	(40, 39.0223)	(41, 38.9152)	(42, 39.0157)	(43, 38.9548)	(44, 38.9488)	(45, 39.0076)	(46, 39.0121)	(47, 39.0066)	(48, 39.0014)	(49, 38.9815)	(50, 38.9826)	(51, 38.9805)	(52, 38.9412)	(53, 38.9634)	(54, 38.9673)	(55, 38.9663)	(56, 38.9626)	(57, 38.9397)	(58, 38.9097)	(59, 38.9342)	(60, 38.9441)	(61, 38.9107)	(62, 38.9238)	(63, 38.9167)	(64, 38.9254)	(65, 38.9251)	(66, 38.9161)	(67, 38.857)	(68, 38.9059)	(69, 38.9084)	(70, 38.8899)	(71, 38.8854)	(72, 38.883)	(73, 38.8121)	(74, 38.8836)	(75, 38.8639)	(76, 38.8496)	(77, 38.866)	(78, 38.8546)	(79, 38.8209)	(80, 38.825)	(81, 38.8223)	(82, 38.8251)	(83, 38.8085)	(84, 38.8189)	(85, 38.8116)	(86, 38.7943)	(87, 38.7789)	(88, 38.7479)	(89, 38.7661)	(90, 38.7633)	(91, 38.7441)	(92, 38.7525)	(93, 38.7039)	(94, 38.7375)	(95, 38.729)	(96, 38.6949)	(97, 38.6886)	(98, 38.6899)	(99, 38.7084)	(100, 38.6078)	(101, 38.6787)	(102, 38.5692)	(103, 38.6457)	(104, 38.6264)	(105, 38.6638)	(106, 38.6067)	(107, 38.6298)	(108, 38.6249)	(109, 38.606)	(110, 38.5937)	(111, 38.5637)	(112, 38.5519)	(113, 38.5599)	(114, 38.5591)	(115, 38.5393)	(116, 38.5279)	(117, 38.5309)	(118, 38.4596)	(119, 38.5095)	(120, 38.4869)	(121, 38.438)	(122, 38.4316)	(123, 38.366)	(124, 38.3573)	(125, 38.3844)	(126, 38.383)	(127, 38.3452)	(128, 38.3516)	(129, 38.2766)	(130, 38.2665)	(131, 38.2223)	(132, 38.1595)	(133, 38.1845)	(134, 38.1774)	(135, 38.1194)	(136, 38.0159)	(137, 37.9465)	(138, 37.9469)	(139, 37.8394)	(140, 37.8349)	(141, 37.7748)	(142, 37.7337)	(143, 37.685)	(144, 37.5702)	(145, 37.5041)	(146, 37.4101)	(147, 37.3735)	(148, 37.3194)	(149, 37.1849)	(150, 37.0835)	(151, 36.6345)
reports | SRR30333749	(1, 38.2443)	(2, 38.8264)	(3, 38.8729)	(4, 38.9899)	(5, 38.9815)	(6, 38.9923)	(7, 38.9847)	(8, 39.0244)	(9, 39.0303)	(10, 38.9667)	(11, 39.0376)	(12, 39.022)	(13, 39.055)	(14, 39.0147)	(15, 39.0853)	(16, 39.368)	(17, 39.3677)	(18, 39.3737)	(19, 39.3565)	(20, 39.3326)	(21, 39.3389)	(22, 39.3329)	(23, 39.3644)	(24, 39.363)	(25, 39.348)	(26, 39.081)	(27, 39.0745)	(28, 39.0832)	(29, 39.0802)	(30, 39.0752)	(31, 39.0744)	(32, 39.0787)	(33, 39.0658)	(34, 39.069)	(35, 39.0494)	(36, 39.0265)	(37, 39.1035)	(38, 39.0557)	(39, 39.104)	(40, 39.1032)	(41, 39.0202)	(42, 39.0987)	(43, 39.0513)	(44, 39.0365)	(45, 39.0858)	(46, 39.0905)	(47, 39.0932)	(48, 39.0847)	(49, 39.0725)	(50, 39.0674)	(51, 39.0673)	(52, 39.0298)	(53, 39.0439)	(54, 39.054)	(55, 39.05)	(56, 39.0483)	(57, 39.0274)	(58, 38.9939)	(59, 39.0225)	(60, 39.0277)	(61, 39.0058)	(62, 39.0136)	(63, 39.0035)	(64, 39.0171)	(65, 39.0154)	(66, 39.0097)	(67, 38.9646)	(68, 39.0017)	(69, 39.0032)	(70, 38.992)	(71, 38.9905)	(72, 38.9886)	(73, 38.9388)	(74, 38.9907)	(75, 38.9742)	(76, 38.9619)	(77, 38.9746)	(78, 38.9658)	(79, 38.9428)	(80, 38.9465)	(81, 38.9444)	(82, 38.9447)	(83, 38.9313)	(84, 38.9392)	(85, 38.9311)	(86, 38.9227)	(87, 38.9099)	(88, 38.8836)	(89, 38.9005)	(90, 38.8989)	(91, 38.8608)	(92, 38.8904)	(93, 38.8546)	(94, 38.8793)	(95, 38.87)	(96, 38.8461)	(97, 38.8423)	(98, 38.8416)	(99, 38.8562)	(100, 38.7796)	(101, 38.8345)	(102, 38.7509)	(103, 38.8081)	(104, 38.7921)	(105, 38.8213)	(106, 38.7815)	(107, 38.7958)	(108, 38.7939)	(109, 38.7819)	(110, 38.7728)	(111, 38.7515)	(112, 38.7435)	(113, 38.7441)	(114, 38.7439)	(115, 38.7305)	(116, 38.7189)	(117, 38.7234)	(118, 38.6722)	(119, 38.7021)	(120, 38.6909)	(121, 38.6557)	(122, 38.6535)	(123, 38.6024)	(124, 38.6004)	(125, 38.6249)	(126, 38.6236)	(127, 38.6004)	(128, 38.5988)	(129, 38.5525)	(130, 38.5493)	(131, 38.5183)	(132, 38.4691)	(133, 38.4898)	(134, 38.4881)	(135, 38.4527)	(136, 38.382)	(137, 38.3392)	(138, 38.3462)	(139, 38.2689)	(140, 38.267)	(141, 38.2288)	(142, 38.2067)	(143, 38.1721)	(144, 38.0975)	(145, 38.053)	(146, 37.9869)	(147, 37.9588)	(148, 37.9171)	(149, 37.8272)	(150, 37.7546)	(151, 37.3246)
reports | SRR30333750	(1, 38.2902)	(2, 38.8309)	(3, 38.8349)	(4, 38.9641)	(5, 38.9278)	(6, 38.852)	(7, 38.8861)	(8, 38.9119)	(9, 38.9133)	(10, 38.8496)	(11, 38.903)	(12, 38.8895)	(13, 38.9162)	(14, 38.8618)	(15, 38.9393)	(16, 39.3079)	(17, 39.3062)	(18, 39.3163)	(19, 39.2862)	(20, 39.2546)	(21, 39.2653)	(22, 39.2497)	(23, 39.292)	(24, 39.2899)	(25, 39.2681)	(26, 39.0071)	(27, 38.9991)	(28, 39.0152)	(29, 39.0085)	(30, 38.9984)	(31, 39.0078)	(32, 38.9953)	(33, 38.9769)	(34, 38.978)	(35, 38.9551)	(36, 38.9259)	(37, 39.0254)	(38, 38.9668)	(39, 39.0287)	(40, 39.0286)	(41, 38.9201)	(42, 39.0209)	(43, 38.9602)	(44, 38.9512)	(45, 39.0131)	(46, 39.0203)	(47, 39.0138)	(48, 39.0089)	(49, 38.9894)	(50, 38.991)	(51, 38.9886)	(52, 38.9477)	(53, 38.9704)	(54, 38.9733)	(55, 38.9725)	(56, 38.9721)	(57, 38.9491)	(58, 38.9196)	(59, 38.946)	(60, 38.9551)	(61, 38.9201)	(62, 38.9323)	(63, 38.9266)	(64, 38.9353)	(65, 38.9357)	(66, 38.926)	(67, 38.868)	(68, 38.9191)	(69, 38.9213)	(70, 38.9022)	(71, 38.899)	(72, 38.8959)	(73, 38.827)	(74, 38.8978)	(75, 38.8782)	(76, 38.8627)	(77, 38.8803)	(78, 38.8705)	(79, 38.8386)	(80, 38.8413)	(81, 38.8396)	(82, 38.8431)	(83, 38.8243)	(84, 38.8347)	(85, 38.826)	(86, 38.8094)	(87, 38.7933)	(88, 38.7636)	(89, 38.7825)	(90, 38.7796)	(91, 38.7627)	(92, 38.7702)	(93, 38.7181)	(94, 38.7516)	(95, 38.7423)	(96, 38.7067)	(97, 38.6984)	(98, 38.7009)	(99, 38.7177)	(100, 38.6146)	(101, 38.685)	(102, 38.5742)	(103, 38.6503)	(104, 38.63)	(105, 38.6644)	(106, 38.6033)	(107, 38.6254)	(108, 38.6175)	(109, 38.5974)	(110, 38.5819)	(111, 38.5491)	(112, 38.5332)	(113, 38.5399)	(114, 38.534)	(115, 38.5082)	(116, 38.4946)	(117, 38.4933)	(118, 38.4156)	(119, 38.4605)	(120, 38.4351)	(121, 38.3792)	(122, 38.3695)	(123, 38.2936)	(124, 38.2821)	(125, 38.3036)	(126, 38.2961)	(127, 38.2497)	(128, 38.2495)	(129, 38.1682)	(130, 38.1468)	(131, 38.095)	(132, 38.0266)	(133, 38.042)	(134, 38.0265)	(135, 37.9582)	(136, 37.845)	(137, 37.7632)	(138, 37.7551)	(139, 37.6347)	(140, 37.6221)	(141, 37.551)	(142, 37.4996)	(143, 37.4388)	(144, 37.3088)	(145, 37.2341)	(146, 37.1254)	(147, 37.0753)	(148, 37.0106)	(149, 36.8639)	(150, 36.7518)	(151, 36.3246)
reports | SRR30333751	(1, 38.2911)	(2, 38.8173)	(3, 38.8279)	(4, 38.971)	(5, 38.9525)	(6, 38.8933)	(7, 38.9294)	(8, 38.956)	(9, 38.9581)	(10, 38.8992)	(11, 38.9499)	(12, 38.9322)	(13, 38.9622)	(14, 38.9167)	(15, 38.994)	(16, 39.3259)	(17, 39.3249)	(18, 39.3331)	(19, 39.3088)	(20, 39.2727)	(21, 39.2844)	(22, 39.2694)	(23, 39.313)	(24, 39.3098)	(25, 39.2871)	(26, 39.0261)	(27, 39.0162)	(28, 39.0311)	(29, 39.0245)	(30, 39.0157)	(31, 39.0257)	(32, 39.0126)	(33, 38.9935)	(34, 38.9944)	(35, 38.9672)	(36, 38.9308)	(37, 39.035)	(38, 38.9708)	(39, 39.0346)	(40, 39.0348)	(41, 38.9246)	(42, 39.0291)	(43, 38.9669)	(44, 38.9531)	(45, 39.0136)	(46, 39.0165)	(47, 39.0151)	(48, 39.0029)	(49, 38.9851)	(50, 38.9855)	(51, 38.9868)	(52, 38.9428)	(53, 38.9635)	(54, 38.969)	(55, 38.9673)	(56, 38.9641)	(57, 38.9389)	(58, 38.9076)	(59, 38.9322)	(60, 38.9413)	(61, 38.9101)	(62, 38.9224)	(63, 38.9158)	(64, 38.9283)	(65, 38.9248)	(66, 38.9155)	(67, 38.85)	(68, 38.9033)	(69, 38.9043)	(70, 38.8877)	(71, 38.8833)	(72, 38.8827)	(73, 38.813)	(74, 38.8844)	(75, 38.8663)	(76, 38.8476)	(77, 38.8648)	(78, 38.8538)	(79, 38.8191)	(80, 38.8247)	(81, 38.8217)	(82, 38.8241)	(83, 38.8056)	(84, 38.8152)	(85, 38.8081)	(86, 38.7925)	(87, 38.7755)	(88, 38.7424)	(89, 38.7613)	(90, 38.7588)	(91, 38.738)	(92, 38.7467)	(93, 38.6963)	(94, 38.7307)	(95, 38.7197)	(96, 38.685)	(97, 38.6786)	(98, 38.6781)	(99, 38.6977)	(100, 38.5917)	(101, 38.6631)	(102, 38.5501)	(103, 38.6277)	(104, 38.606)	(105, 38.644)	(106, 38.5867)	(107, 38.6074)	(108, 38.599)	(109, 38.5795)	(110, 38.5659)	(111, 38.532)	(112, 38.5187)	(113, 38.5213)	(114, 38.5191)	(115, 38.496)	(116, 38.478)	(117, 38.4801)	(118, 38.4044)	(119, 38.4466)	(120, 38.4214)	(121, 38.3673)	(122, 38.3565)	(123, 38.2833)	(124, 38.2722)	(125, 38.2972)	(126, 38.2869)	(127, 38.2466)	(128, 38.2423)	(129, 38.1612)	(130, 38.1452)	(131, 38.093)	(132, 38.0165)	(133, 38.0314)	(134, 38.013)	(135, 37.9474)	(136, 37.8373)	(137, 37.7555)	(138, 37.7457)	(139, 37.6231)	(140, 37.6053)	(141, 37.5324)	(142, 37.4818)	(143, 37.4146)	(144, 37.2867)	(145, 37.2037)	(146, 37.0906)	(147, 37.0302)	(148, 36.9554)	(149, 36.8073)	(150, 36.691)	(151, 36.2728)
reports | SRR30333752	(1, 38.2385)	(2, 38.7985)	(3, 38.7932)	(4, 38.9287)	(5, 38.893)	(6, 38.8167)	(7, 38.8547)	(8, 38.8785)	(9, 38.8757)	(10, 38.8147)	(11, 38.8703)	(12, 38.8534)	(13, 38.8776)	(14, 38.8204)	(15, 38.8982)	(16, 39.2875)	(17, 39.2861)	(18, 39.2986)	(19, 39.2691)	(20, 39.2376)	(21, 39.2495)	(22, 39.2345)	(23, 39.2763)	(24, 39.2727)	(25, 39.2491)	(26, 38.9825)	(27, 38.9741)	(28, 38.9938)	(29, 38.9877)	(30, 38.9792)	(31, 38.9907)	(32, 38.9791)	(33, 38.9582)	(34, 38.959)	(35, 38.9335)	(36, 38.905)	(37, 39.0066)	(38, 38.9481)	(39, 39.0113)	(40, 39.0124)	(41, 38.9011)	(42, 39.0067)	(43, 38.9436)	(44, 38.9333)	(45, 38.9958)	(46, 39.0052)	(47, 38.9982)	(48, 38.9943)	(49, 38.9734)	(50, 38.9728)	(51, 38.9723)	(52, 38.9316)	(53, 38.9535)	(54, 38.9568)	(55, 38.9566)	(56, 38.9537)	(57, 38.9303)	(58, 38.8998)	(59, 38.9269)	(60, 38.9376)	(61, 38.9019)	(62, 38.9162)	(63, 38.909)	(64, 38.9189)	(65, 38.9191)	(66, 38.9108)	(67, 38.8477)	(68, 38.9011)	(69, 38.9044)	(70, 38.8869)	(71, 38.8816)	(72, 38.8792)	(73, 38.8098)	(74, 38.8825)	(75, 38.8611)	(76, 38.8453)	(77, 38.8645)	(78, 38.8538)	(79, 38.8211)	(80, 38.824)	(81, 38.8227)	(82, 38.8261)	(83, 38.8053)	(84, 38.8165)	(85, 38.8087)	(86, 38.7924)	(87, 38.7746)	(88, 38.7436)	(89, 38.7634)	(90, 38.761)	(91, 38.7422)	(92, 38.7511)	(93, 38.6984)	(94, 38.733)	(95, 38.7221)	(96, 38.6869)	(97, 38.6809)	(98, 38.6817)	(99, 38.7014)	(100, 38.5969)	(101, 38.6687)	(102, 38.5558)	(103, 38.6341)	(104, 38.6114)	(105, 38.65)	(106, 38.5896)	(107, 38.6117)	(108, 38.6054)	(109, 38.5856)	(110, 38.5718)	(111, 38.5395)	(112, 38.5257)	(113, 38.534)	(114, 38.5293)	(115, 38.5043)	(116, 38.4937)	(117, 38.4937)	(118, 38.4167)	(119, 38.4685)	(120, 38.4425)	(121, 38.3907)	(122, 38.3836)	(123, 38.3125)	(124, 38.3046)	(125, 38.3315)	(126, 38.3292)	(127, 38.2881)	(128, 38.294)	(129, 38.2145)	(130, 38.2028)	(131, 38.158)	(132, 38.0939)	(133, 38.1191)	(134, 38.1126)	(135, 38.0545)	(136, 37.9464)	(137, 37.8723)	(138, 37.8748)	(139, 37.7628)	(140, 37.7616)	(141, 37.7053)	(142, 37.6631)	(143, 37.6154)	(144, 37.5008)	(145, 37.4333)	(146, 37.3349)	(147, 37.3)	(148, 37.2482)	(149, 37.117)	(150, 37.0151)	(151, 36.6644)
reports | SRR30333753	(1, 37.9068)	(2, 38.5127)	(3, 38.4906)	(4, 38.69)	(5, 38.6616)	(6, 38.7139)	(7, 38.695)	(8, 38.7629)	(9, 38.7992)	(10, 38.6512)	(11, 38.779)	(12, 38.6864)	(13, 38.755)	(14, 38.7158)	(15, 38.8292)	(16, 39.1706)	(17, 39.1606)	(18, 39.1708)	(19, 39.1664)	(20, 39.1064)	(21, 39.1241)	(22, 39.1194)	(23, 39.1755)	(24, 39.178)	(25, 39.1463)	(26, 38.7915)	(27, 38.7799)	(28, 38.7817)	(29, 38.7828)	(30, 38.781)	(31, 38.7877)	(32, 38.7795)	(33, 38.7598)	(34, 38.7632)	(35, 38.725)	(36, 38.659)	(37, 38.8108)	(38, 38.7152)	(39, 38.8133)	(40, 38.8)	(41, 38.6486)	(42, 38.796)	(43, 38.7144)	(44, 38.6852)	(45, 38.7746)	(46, 38.7766)	(47, 38.7843)	(48, 38.7674)	(49, 38.7442)	(50, 38.7449)	(51, 38.7511)	(52, 38.6929)	(53, 38.7021)	(54, 38.7335)	(55, 38.713)	(56, 38.7059)	(57, 38.6765)	(58, 38.6429)	(59, 38.6718)	(60, 38.6611)	(61, 38.6527)	(62, 38.6723)	(63, 38.6575)	(64, 38.692)	(65, 38.6706)	(66, 38.6759)	(67, 38.5742)	(68, 38.665)	(69, 38.6677)	(70, 38.6488)	(71, 38.6514)	(72, 38.6517)	(73, 38.5574)	(74, 38.6494)	(75, 38.637)	(76, 38.6094)	(77, 38.637)	(78, 38.6175)	(79, 38.5829)	(80, 38.6166)	(81, 38.6081)	(82, 38.6013)	(83, 38.5759)	(84, 38.5988)	(85, 38.5756)	(86, 38.5847)	(87, 38.565)	(88, 38.5177)	(89, 38.5562)	(90, 38.5586)	(91, 38.5144)	(92, 38.5467)	(93, 38.4901)	(94, 38.534)	(95, 38.5072)	(96, 38.4808)	(97, 38.4719)	(98, 38.459)	(99, 38.4934)	(100, 38.3558)	(101, 38.4633)	(102, 38.3134)	(103, 38.4166)	(104, 38.3774)	(105, 38.4244)	(106, 38.3897)	(107, 38.4074)	(108, 38.3945)	(109, 38.3886)	(110, 38.3547)	(111, 38.3393)	(112, 38.3231)	(113, 38.2858)	(114, 38.3251)	(115, 38.2754)	(116, 38.2558)	(117, 38.2767)	(118, 38.1878)	(119, 38.1955)	(120, 38.2009)	(121, 38.1275)	(122, 38.1256)	(123, 38.0214)	(124, 38.0151)	(125, 38.0736)	(126, 38.0369)	(127, 38.0003)	(128, 37.9517)	(129, 37.8746)	(130, 37.8616)	(131, 37.7933)	(132, 37.6515)	(133, 37.6587)	(134, 37.6138)	(135, 37.552)	(136, 37.4299)	(137, 37.3578)	(138, 37.3461)	(139, 37.1707)	(140, 37.1305)	(141, 37.0276)	(142, 36.9537)	(143, 36.8474)	(144, 36.7133)	(145, 36.5939)	(146, 36.4498)	(147, 36.3217)	(148, 36.1711)	(149, 36.0317)	(150, 35.8735)	(151, 35.3972)
reports | SRR30333754	(1, 38.1709)	(2, 38.7396)	(3, 38.7511)	(4, 38.9423)	(5, 38.9353)	(6, 38.8953)	(7, 38.9063)	(8, 38.9446)	(9, 38.9589)	(10, 38.8913)	(11, 38.9517)	(12, 38.9255)	(13, 38.9626)	(14, 38.9233)	(15, 39.0042)	(16, 39.3261)	(17, 39.3252)	(18, 39.3338)	(19, 39.3145)	(20, 39.2691)	(21, 39.2825)	(22, 39.2704)	(23, 39.3202)	(24, 39.3161)	(25, 39.2912)	(26, 39.028)	(27, 39.0164)	(28, 39.0272)	(29, 39.0222)	(30, 39.0156)	(31, 39.0247)	(32, 39.0108)	(33, 38.9894)	(34, 38.9819)	(35, 38.9601)	(36, 38.9099)	(37, 39.0352)	(38, 38.9565)	(39, 39.0321)	(40, 39.0292)	(41, 38.9017)	(42, 39.0227)	(43, 38.9497)	(44, 38.9139)	(45, 38.9898)	(46, 38.9841)	(47, 39.0099)	(48, 38.9908)	(49, 38.9584)	(50, 38.9658)	(51, 38.967)	(52, 38.9074)	(53, 38.9377)	(54, 38.9399)	(55, 38.9421)	(56, 38.9346)	(57, 38.9158)	(58, 38.8892)	(59, 38.8976)	(60, 38.9108)	(61, 38.8759)	(62, 38.8865)	(63, 38.8862)	(64, 38.9101)	(65, 38.8874)	(66, 38.8779)	(67, 38.8104)	(68, 38.874)	(69, 38.8753)	(70, 38.8556)	(71, 38.8507)	(72, 38.8533)	(73, 38.7772)	(74, 38.8614)	(75, 38.8445)	(76, 38.8223)	(77, 38.8421)	(78, 38.831)	(79, 38.7946)	(80, 38.8096)	(81, 38.8059)	(82, 38.8087)	(83, 38.7845)	(84, 38.8005)	(85, 38.7908)	(86, 38.7796)	(87, 38.7617)	(88, 38.7242)	(89, 38.7526)	(90, 38.7526)	(91, 38.7251)	(92, 38.739)	(93, 38.6894)	(94, 38.7243)	(95, 38.7067)	(96, 38.6727)	(97, 38.6666)	(98, 38.6633)	(99, 38.689)	(100, 38.5725)	(101, 38.6587)	(102, 38.5301)	(103, 38.6157)	(104, 38.5849)	(105, 38.627)	(106, 38.5754)	(107, 38.5955)	(108, 38.5858)	(109, 38.5695)	(110, 38.556)	(111, 38.5234)	(112, 38.5075)	(113, 38.4988)	(114, 38.5019)	(115, 38.4783)	(116, 38.4501)	(117, 38.4571)	(118, 38.3772)	(119, 38.4142)	(120, 38.3953)	(121, 38.3339)	(122, 38.324)	(123, 38.2362)	(124, 38.2242)	(125, 38.2569)	(126, 38.2373)	(127, 38.1936)	(128, 38.1741)	(129, 38.0906)	(130, 38.0762)	(131, 38.0156)	(132, 37.9114)	(133, 37.924)	(134, 37.8962)	(135, 37.8281)	(136, 37.7104)	(137, 37.627)	(138, 37.6147)	(139, 37.4684)	(140, 37.4424)	(141, 37.3547)	(142, 37.303)	(143, 37.2215)	(144, 37.0919)	(145, 37.002)	(146, 36.8878)	(147, 36.8131)	(148, 36.7235)	(149, 36.5765)	(150, 36.4404)	(151, 35.8766)
reports | SRR30333755	(1, 37.8357)	(2, 38.4452)	(3, 38.4394)	(4, 38.5995)	(5, 38.5526)	(6, 38.6393)	(7, 38.6293)	(8, 38.7022)	(9, 38.7362)	(10, 38.5821)	(11, 38.731)	(12, 38.6143)	(13, 38.6967)	(14, 38.6527)	(15, 38.7744)	(16, 39.1092)	(17, 39.0932)	(18, 39.1066)	(19, 39.0968)	(20, 39.0517)	(21, 39.0688)	(22, 39.067)	(23, 39.1138)	(24, 39.1216)	(25, 39.0901)	(26, 38.6981)	(27, 38.6893)	(28, 38.6927)	(29, 38.695)	(30, 38.6932)	(31, 38.7023)	(32, 38.6921)	(33, 38.6755)	(34, 38.6799)	(35, 38.6445)	(36, 38.5857)	(37, 38.7184)	(38, 38.6408)	(39, 38.7278)	(40, 38.7161)	(41, 38.5765)	(42, 38.7081)	(43, 38.6379)	(44, 38.585)	(45, 38.6654)	(46, 38.6584)	(47, 38.6954)	(48, 38.6443)	(49, 38.6271)	(50, 38.6172)	(51, 38.646)	(52, 38.5702)	(53, 38.5767)	(54, 38.6103)	(55, 38.5793)	(56, 38.5658)	(57, 38.5434)	(58, 38.5229)	(59, 38.5386)	(60, 38.5318)	(61, 38.5165)	(62, 38.5368)	(63, 38.5285)	(64, 38.567)	(65, 38.5281)	(66, 38.5391)	(67, 38.44)	(68, 38.5213)	(69, 38.5218)	(70, 38.497)	(71, 38.5052)	(72, 38.5134)	(73, 38.4264)	(74, 38.5169)	(75, 38.4993)	(76, 38.4704)	(77, 38.4951)	(78, 38.4744)	(79, 38.4408)	(80, 38.4687)	(81, 38.4583)	(82, 38.4479)	(83, 38.4279)	(84, 38.4454)	(85, 38.4168)	(86, 38.4269)	(87, 38.4076)	(88, 38.3603)	(89, 38.3888)	(90, 38.3883)	(91, 38.347)	(92, 38.375)	(93, 38.3139)	(94, 38.3589)	(95, 38.3311)	(96, 38.3024)	(97, 38.2876)	(98, 38.2718)	(99, 38.2979)	(100, 38.1667)	(101, 38.2582)	(102, 38.1205)	(103, 38.2086)	(104, 38.1711)	(105, 38.2103)	(106, 38.1759)	(107, 38.1863)	(108, 38.1713)	(109, 38.1618)	(110, 38.1126)	(111, 38.1007)	(112, 38.0801)	(113, 38.0478)	(114, 38.0865)	(115, 38.0217)	(116, 38.0151)	(117, 38.0305)	(118, 37.9468)	(119, 37.9413)	(120, 37.9395)	(121, 37.8722)	(122, 37.8627)	(123, 37.7715)	(124, 37.7561)	(125, 37.8056)	(126, 37.7652)	(127, 37.7245)	(128, 37.6765)	(129, 37.5926)	(130, 37.5724)	(131, 37.5009)	(132, 37.3645)	(133, 37.3644)	(134, 37.3225)	(135, 37.2464)	(136, 37.1275)	(137, 37.0539)	(138, 37.0258)	(139, 36.8565)	(140, 36.8112)	(141, 36.6994)	(142, 36.6019)	(143, 36.4945)	(144, 36.3443)	(145, 36.2221)	(146, 36.073)	(147, 35.9424)	(148, 35.7749)	(149, 35.6266)	(150, 35.4599)	(151, 34.9239)
reports | SRR30333756	(1, 38.1756)	(2, 38.725)	(3, 38.714)	(4, 38.9321)	(5, 38.9319)	(6, 38.8931)	(7, 38.8826)	(8, 38.917)	(9, 38.932)	(10, 38.8583)	(11, 38.9257)	(12, 38.8976)	(13, 38.9343)	(14, 38.8941)	(15, 38.9801)	(16, 39.3236)	(17, 39.3237)	(18, 39.3293)	(19, 39.3129)	(20, 39.2662)	(21, 39.2787)	(22, 39.2689)	(23, 39.3232)	(24, 39.3166)	(25, 39.2881)	(26, 39.0314)	(27, 39.0226)	(28, 39.0328)	(29, 39.0301)	(30, 39.0265)	(31, 39.037)	(32, 39.0252)	(33, 39.0018)	(34, 39.0056)	(35, 38.9674)	(36, 38.9133)	(37, 39.0509)	(38, 38.9636)	(39, 39.0502)	(40, 39.0479)	(41, 38.9088)	(42, 39.047)	(43, 38.9695)	(44, 38.9559)	(45, 39.0335)	(46, 39.0361)	(47, 39.0302)	(48, 39.0272)	(49, 39.006)	(50, 39.0146)	(51, 39.0078)	(52, 38.966)	(53, 38.986)	(54, 38.9994)	(55, 38.9947)	(56, 38.9943)	(57, 38.9624)	(58, 38.9236)	(59, 38.9542)	(60, 38.9578)	(61, 38.9384)	(62, 38.9529)	(63, 38.9426)	(64, 38.9643)	(65, 38.9597)	(66, 38.9508)	(67, 38.8681)	(68, 38.9385)	(69, 38.942)	(70, 38.9296)	(71, 38.9258)	(72, 38.9249)	(73, 38.8404)	(74, 38.9246)	(75, 38.9101)	(76, 38.8894)	(77, 38.9047)	(78, 38.8916)	(79, 38.8533)	(80, 38.8721)	(81, 38.8704)	(82, 38.8724)	(83, 38.847)	(84, 38.8673)	(85, 38.857)	(86, 38.8496)	(87, 38.8295)	(88, 38.7864)	(89, 38.8201)	(90, 38.8209)	(91, 38.7892)	(92, 38.8092)	(93, 38.7602)	(94, 38.7998)	(95, 38.781)	(96, 38.7523)	(97, 38.749)	(98, 38.7436)	(99, 38.7744)	(100, 38.6503)	(101, 38.7486)	(102, 38.611)	(103, 38.7109)	(104, 38.682)	(105, 38.7307)	(106, 38.6855)	(107, 38.709)	(108, 38.7069)	(109, 38.6947)	(110, 38.6869)	(111, 38.6583)	(112, 38.6464)	(113, 38.6379)	(114, 38.6545)	(115, 38.6395)	(116, 38.6164)	(117, 38.6352)	(118, 38.5608)	(119, 38.6048)	(120, 38.602)	(121, 38.5452)	(122, 38.5526)	(123, 38.4682)	(124, 38.477)	(125, 38.5324)	(126, 38.5285)	(127, 38.5059)	(128, 38.4988)	(129, 38.4379)	(130, 38.4467)	(131, 38.4071)	(132, 38.3165)	(133, 38.3556)	(134, 38.349)	(135, 38.3117)	(136, 38.221)	(137, 38.1712)	(138, 38.1959)	(139, 38.0727)	(140, 38.0792)	(141, 38.0233)	(142, 38.0104)	(143, 37.96)	(144, 37.8701)	(145, 37.8061)	(146, 37.7216)	(147, 37.6674)	(148, 37.608)	(149, 37.4924)	(150, 37.393)	(151, 36.923)
reports | SRR30333757	(1, 35.3937)	(2, 35.5735)	(3, 35.7241)	(4, 35.7793)	(5, 35.9505)	(6, 36.0492)	(7, 35.914)	(8, 36.0178)	(9, 36.0326)	(10, 36.0632)	(11, 36.0819)	(12, 36.0241)	(13, 36.0543)	(14, 36.0233)	(15, 36.0253)	(16, 36.0202)	(17, 36.0236)	(18, 36.0099)	(19, 36.0095)	(20, 35.9992)	(21, 36.0065)	(22, 35.982)	(23, 35.9583)	(24, 35.9515)	(25, 35.9449)	(26, 35.8811)	(27, 35.8783)	(28, 35.8751)	(29, 35.869)	(30, 35.8536)	(31, 35.8465)	(32, 35.8392)	(33, 35.8338)	(34, 35.8252)	(35, 35.8166)	(36, 35.8141)	(37, 35.8158)	(38, 35.8004)	(39, 35.7902)	(40, 35.7967)	(41, 35.7955)	(42, 35.7786)	(43, 35.7838)	(44, 35.768)	(45, 35.7579)	(46, 35.7572)	(47, 35.7316)	(48, 35.7471)	(49, 35.7398)	(50, 35.7313)	(51, 35.712)	(52, 35.7294)	(53, 35.7174)	(54, 35.7206)	(55, 35.7125)	(56, 35.6866)	(57, 35.6858)	(58, 35.6808)	(59, 35.669)	(60, 35.6788)	(61, 35.6742)	(62, 35.6624)	(63, 35.655)	(64, 35.6492)	(65, 35.6348)	(66, 35.6318)	(67, 35.6195)	(68, 35.634)	(69, 35.6256)	(70, 35.6165)	(71, 35.6076)	(72, 35.6007)	(73, 35.5853)	(74, 35.5769)	(75, 35.5766)	(76, 35.5703)	(77, 35.5682)	(78, 35.5582)	(79, 35.544)	(80, 35.5266)	(81, 35.5239)	(82, 35.5193)	(83, 35.5195)	(84, 35.5217)	(85, 35.4847)	(86, 35.4904)	(87, 35.4947)	(88, 35.4827)	(89, 35.4823)	(90, 35.4734)	(91, 35.4551)	(92, 35.4319)	(93, 35.4222)	(94, 35.4311)	(95, 35.426)	(96, 35.4326)	(97, 35.414)	(98, 35.3811)	(99, 35.3964)	(100, 35.3801)	(101, 35.3554)	(102, 35.3378)	(103, 35.3491)	(104, 35.35)	(105, 35.3531)	(106, 35.3228)	(107, 35.3043)	(108, 35.2889)	(109, 35.3033)	(110, 35.3056)	(111, 35.3027)	(112, 35.2988)	(113, 35.2755)	(114, 35.2358)	(115, 35.2367)	(116, 35.2235)	(117, 35.2076)	(118, 35.1952)	(119, 35.2059)	(120, 35.1956)	(121, 35.1918)	(122, 35.1942)	(123, 35.1273)	(124, 35.1572)	(125, 35.1454)	(126, 35.1486)	(127, 35.1184)	(128, 35.0973)	(129, 35.1033)	(130, 35.0694)	(131, 35.0446)	(132, 35.0416)	(133, 35.0467)	(134, 35.0376)	(135, 34.9853)	(136, 34.9459)	(137, 34.9289)	(138, 34.9438)	(139, 34.9438)	(140, 34.8404)	(141, 34.8354)	(142, 34.8391)	(143, 34.7648)	(144, 34.7536)	(145, 34.7234)	(146, 34.702)	(147, 34.6892)	(148, 34.6862)	(149, 34.6082)	(150, 34.5475)	(151, 33.8482)
reports | SRR30333758	(1, 35.4814)	(2, 35.5498)	(3, 35.7088)	(4, 35.7785)	(5, 35.8914)	(6, 35.9536)	(7, 35.849)	(8, 35.9508)	(9, 35.9541)	(10, 35.9887)	(11, 35.9959)	(12, 35.9566)	(13, 35.9586)	(14, 35.9487)	(15, 35.9446)	(16, 35.9425)	(17, 35.9497)	(18, 35.9327)	(19, 35.9381)	(20, 35.9192)	(21, 35.9235)	(22, 35.9003)	(23, 35.8753)	(24, 35.8688)	(25, 35.8643)	(26, 35.7974)	(27, 35.7955)	(28, 35.7895)	(29, 35.7815)	(30, 35.7735)	(31, 35.7507)	(32, 35.7472)	(33, 35.7437)	(34, 35.7384)	(35, 35.7318)	(36, 35.7362)	(37, 35.7324)	(38, 35.7192)	(39, 35.7126)	(40, 35.7058)	(41, 35.7089)	(42, 35.6937)	(43, 35.6914)	(44, 35.6901)	(45, 35.6794)	(46, 35.6677)	(47, 35.6562)	(48, 35.6594)	(49, 35.6624)	(50, 35.6378)	(51, 35.6261)	(52, 35.6403)	(53, 35.6312)	(54, 35.6428)	(55, 35.6355)	(56, 35.6093)	(57, 35.6114)	(58, 35.602)	(59, 35.5877)	(60, 35.6034)	(61, 35.5973)	(62, 35.5757)	(63, 35.5671)	(64, 35.5617)	(65, 35.5391)	(66, 35.536)	(67, 35.5312)	(68, 35.544)	(69, 35.5329)	(70, 35.5184)	(71, 35.5204)	(72, 35.5198)	(73, 35.4943)	(74, 35.4932)	(75, 35.4979)	(76, 35.4769)	(77, 35.4637)	(78, 35.4591)	(79, 35.4552)	(80, 35.4585)	(81, 35.4471)	(82, 35.4312)	(83, 35.4381)	(84, 35.4324)	(85, 35.3981)	(86, 35.3984)	(87, 35.3913)	(88, 35.3971)	(89, 35.4033)	(90, 35.3896)	(91, 35.3765)	(92, 35.3553)	(93, 35.3613)	(94, 35.3592)	(95, 35.343)	(96, 35.3433)	(97, 35.3284)	(98, 35.2982)	(99, 35.3155)	(100, 35.3105)	(101, 35.2887)	(102, 35.2782)	(103, 35.2892)	(104, 35.2818)	(105, 35.268)	(106, 35.2481)	(107, 35.2243)	(108, 35.2171)	(109, 35.2407)	(110, 35.2247)	(111, 35.2239)	(112, 35.2262)	(113, 35.2085)	(114, 35.1745)	(115, 35.1737)	(116, 35.1475)	(117, 35.1337)	(118, 35.1195)	(119, 35.1191)	(120, 35.1174)	(121, 35.113)	(122, 35.0976)	(123, 35.0233)	(124, 35.0619)	(125, 35.0657)	(126, 35.0565)	(127, 35.0101)	(128, 34.984)	(129, 34.9889)	(130, 34.9892)	(131, 34.9684)	(132, 34.939)	(133, 34.9585)	(134, 34.9398)	(135, 34.8828)	(136, 34.8266)	(137, 34.8352)	(138, 34.8672)	(139, 34.872)	(140, 34.7485)	(141, 34.7024)	(142, 34.711)	(143, 34.6547)	(144, 34.6845)	(145, 34.6551)	(146, 34.5679)	(147, 34.5202)	(148, 34.5434)	(149, 34.5137)	(150, 34.454)	(151, 33.7606)
reports | SRR30333759	(1, 35.5287)	(2, 35.6722)	(3, 35.8147)	(4, 35.8616)	(5, 35.9997)	(6, 36.0844)	(7, 35.9641)	(8, 36.0713)	(9, 36.0802)	(10, 36.1036)	(11, 36.1251)	(12, 36.0703)	(13, 36.0891)	(14, 36.0655)	(15, 36.0629)	(16, 36.0608)	(17, 36.0619)	(18, 36.0495)	(19, 36.0515)	(20, 36.038)	(21, 36.0453)	(22, 36.0222)	(23, 35.9972)	(24, 35.9913)	(25, 35.9833)	(26, 35.9263)	(27, 35.9241)	(28, 35.9224)	(29, 35.9158)	(30, 35.9029)	(31, 35.8911)	(32, 35.886)	(33, 35.8801)	(34, 35.8735)	(35, 35.8649)	(36, 35.8638)	(37, 35.8595)	(38, 35.8508)	(39, 35.8407)	(40, 35.8435)	(41, 35.8409)	(42, 35.8269)	(43, 35.8287)	(44, 35.8189)	(45, 35.8086)	(46, 35.8047)	(47, 35.7854)	(48, 35.7937)	(49, 35.7891)	(50, 35.7766)	(51, 35.7642)	(52, 35.7774)	(53, 35.7622)	(54, 35.7718)	(55, 35.7628)	(56, 35.738)	(57, 35.7393)	(58, 35.7324)	(59, 35.7202)	(60, 35.7317)	(61, 35.7279)	(62, 35.7097)	(63, 35.7008)	(64, 35.6968)	(65, 35.6841)	(66, 35.6757)	(67, 35.6681)	(68, 35.6813)	(69, 35.6707)	(70, 35.6599)	(71, 35.6562)	(72, 35.6488)	(73, 35.6314)	(74, 35.6285)	(75, 35.6288)	(76, 35.6175)	(77, 35.6118)	(78, 35.6058)	(79, 35.5933)	(80, 35.5811)	(81, 35.5797)	(82, 35.57)	(83, 35.5722)	(84, 35.5719)	(85, 35.5335)	(86, 35.5377)	(87, 35.54)	(88, 35.5316)	(89, 35.534)	(90, 35.5224)	(91, 35.5066)	(92, 35.4825)	(93, 35.4795)	(94, 35.4855)	(95, 35.4737)	(96, 35.4793)	(97, 35.4617)	(98, 35.4306)	(99, 35.4436)	(100, 35.4289)	(101, 35.4082)	(102, 35.3892)	(103, 35.4023)	(104, 35.4046)	(105, 35.4)	(106, 35.3719)	(107, 35.351)	(108, 35.3413)	(109, 35.3526)	(110, 35.3484)	(111, 35.3451)	(112, 35.342)	(113, 35.3236)	(114, 35.287)	(115, 35.2838)	(116, 35.2682)	(117, 35.2498)	(118, 35.2319)	(119, 35.2388)	(120, 35.2311)	(121, 35.2212)	(122, 35.2227)	(123, 35.1556)	(124, 35.1838)	(125, 35.1716)	(126, 35.1714)	(127, 35.1348)	(128, 35.106)	(129, 35.1143)	(130, 35.0841)	(131, 35.0575)	(132, 35.053)	(133, 35.0522)	(134, 35.0442)	(135, 34.9814)	(136, 34.9321)	(137, 34.9215)	(138, 34.9388)	(139, 34.9407)	(140, 34.83)	(141, 34.8053)	(142, 34.8101)	(143, 34.7386)	(144, 34.7264)	(145, 34.7008)	(146, 34.655)	(147, 34.6308)	(148, 34.6335)	(149, 34.5619)	(150, 34.4988)	(151, 33.761)
reports | SRR30333760	(1, 35.6613)	(2, 35.8282)	(3, 35.9377)	(4, 36.0124)	(5, 36.0876)	(6, 36.1593)	(7, 36.0427)	(8, 36.1268)	(9, 36.1492)	(10, 36.1777)	(11, 36.1878)	(12, 36.1539)	(13, 36.1725)	(14, 36.1487)	(15, 36.1523)	(16, 36.1489)	(17, 36.1469)	(18, 36.1273)	(19, 36.1404)	(20, 36.1251)	(21, 36.1345)	(22, 36.111)	(23, 36.0858)	(24, 36.0813)	(25, 36.08)	(26, 36.0184)	(27, 36.0124)	(28, 36.0102)	(29, 36.0076)	(30, 35.9866)	(31, 35.9845)	(32, 35.9759)	(33, 35.9779)	(34, 35.969)	(35, 35.9534)	(36, 35.9496)	(37, 35.9457)	(38, 35.9447)	(39, 35.9379)	(40, 35.9285)	(41, 35.9445)	(42, 35.9198)	(43, 35.9208)	(44, 35.9221)	(45, 35.9125)	(46, 35.9179)	(47, 35.898)	(48, 35.8971)	(49, 35.9005)	(50, 35.8956)	(51, 35.8705)	(52, 35.8908)	(53, 35.8787)	(54, 35.8875)	(55, 35.88)	(56, 35.8647)	(57, 35.8593)	(58, 35.8518)	(59, 35.8364)	(60, 35.8479)	(61, 35.841)	(62, 35.8243)	(63, 35.8245)	(64, 35.8168)	(65, 35.804)	(66, 35.7988)	(67, 35.7873)	(68, 35.7978)	(69, 35.7921)	(70, 35.7754)	(71, 35.7809)	(72, 35.7736)	(73, 35.7642)	(74, 35.7613)	(75, 35.7729)	(76, 35.7546)	(77, 35.7488)	(78, 35.741)	(79, 35.7276)	(80, 35.7242)	(81, 35.7228)	(82, 35.7141)	(83, 35.7138)	(84, 35.72)	(85, 35.6953)	(86, 35.6881)	(87, 35.6837)	(88, 35.685)	(89, 35.6867)	(90, 35.6769)	(91, 35.6666)	(92, 35.6324)	(93, 35.6317)	(94, 35.6353)	(95, 35.6313)	(96, 35.6355)	(97, 35.6204)	(98, 35.5892)	(99, 35.5981)	(100, 35.5893)	(101, 35.5727)	(102, 35.567)	(103, 35.5788)	(104, 35.5634)	(105, 35.5593)	(106, 35.5503)	(107, 35.5287)	(108, 35.5208)	(109, 35.5287)	(110, 35.5234)	(111, 35.5139)	(112, 35.508)	(113, 35.4848)	(114, 35.4723)	(115, 35.4845)	(116, 35.4649)	(117, 35.4458)	(118, 35.4249)	(119, 35.4257)	(120, 35.4345)	(121, 35.4208)	(122, 35.4029)	(123, 35.3622)	(124, 35.3751)	(125, 35.3768)	(126, 35.3862)	(127, 35.3476)	(128, 35.3449)	(129, 35.354)	(130, 35.33)	(131, 35.2962)	(132, 35.2724)	(133, 35.288)	(134, 35.2825)	(135, 35.2325)	(136, 35.2029)	(137, 35.2061)	(138, 35.2079)	(139, 35.2)	(140, 35.129)	(141, 35.1026)	(142, 35.0926)	(143, 35.0463)	(144, 35.0333)	(145, 35.0078)	(146, 34.9706)	(147, 34.9462)	(148, 34.9403)	(149, 34.8952)	(150, 34.8569)	(151, 34.1995)
reports | SRR30333761	(1, 35.2285)	(2, 35.4256)	(3, 35.5966)	(4, 35.661)	(5, 35.848)	(6, 35.964)	(7, 35.8227)	(8, 35.9395)	(9, 35.9507)	(10, 35.9816)	(11, 36.0077)	(12, 35.9421)	(13, 35.9728)	(14, 35.9423)	(15, 35.9433)	(16, 35.9358)	(17, 35.9416)	(18, 35.9254)	(19, 35.9264)	(20, 35.9157)	(21, 35.9222)	(22, 35.8979)	(23, 35.8687)	(24, 35.8611)	(25, 35.8555)	(26, 35.7834)	(27, 35.7794)	(28, 35.774)	(29, 35.7702)	(30, 35.7531)	(31, 35.7473)	(32, 35.7382)	(33, 35.7344)	(34, 35.7243)	(35, 35.7161)	(36, 35.7149)	(37, 35.7149)	(38, 35.6995)	(39, 35.6867)	(40, 35.6936)	(41, 35.6946)	(42, 35.6792)	(43, 35.6792)	(44, 35.6669)	(45, 35.6519)	(46, 35.6512)	(47, 35.6278)	(48, 35.6379)	(49, 35.6314)	(50, 35.6238)	(51, 35.608)	(52, 35.6264)	(53, 35.6093)	(54, 35.6177)	(55, 35.6077)	(56, 35.5841)	(57, 35.5819)	(58, 35.5761)	(59, 35.561)	(60, 35.572)	(61, 35.5697)	(62, 35.5489)	(63, 35.5454)	(64, 35.542)	(65, 35.5261)	(66, 35.5159)	(67, 35.5098)	(68, 35.5277)	(69, 35.516)	(70, 35.5032)	(71, 35.501)	(72, 35.4942)	(73, 35.4784)	(74, 35.4711)	(75, 35.4676)	(76, 35.4579)	(77, 35.4591)	(78, 35.4506)	(79, 35.4375)	(80, 35.4221)	(81, 35.4214)	(82, 35.4117)	(83, 35.4162)	(84, 35.4165)	(85, 35.3812)	(86, 35.386)	(87, 35.3881)	(88, 35.3824)	(89, 35.3851)	(90, 35.3713)	(91, 35.3531)	(92, 35.3266)	(93, 35.3221)	(94, 35.3259)	(95, 35.3239)	(96, 35.3293)	(97, 35.3122)	(98, 35.2749)	(99, 35.2928)	(100, 35.2748)	(101, 35.2491)	(102, 35.2319)	(103, 35.2469)	(104, 35.2543)	(105, 35.2553)	(106, 35.2223)	(107, 35.2031)	(108, 35.1887)	(109, 35.1992)	(110, 35.2008)	(111, 35.1983)	(112, 35.195)	(113, 35.1774)	(114, 35.1364)	(115, 35.1361)	(116, 35.1164)	(117, 35.1045)	(118, 35.0897)	(119, 35.0971)	(120, 35.0852)	(121, 35.0815)	(122, 35.0829)	(123, 35.0178)	(124, 35.0443)	(125, 35.0292)	(126, 35.0372)	(127, 34.9981)	(128, 34.9756)	(129, 34.9939)	(130, 34.9501)	(131, 34.9263)	(132, 34.9264)	(133, 34.9306)	(134, 34.9215)	(135, 34.8546)	(136, 34.8096)	(137, 34.7965)	(138, 34.8102)	(139, 34.8109)	(140, 34.7048)	(141, 34.6878)	(142, 34.6963)	(143, 34.6194)	(144, 34.5967)	(145, 34.5588)	(146, 34.524)	(147, 34.5122)	(148, 34.5111)	(149, 34.4234)	(150, 34.3632)	(151, 33.6483)
reports | SRR30333762	(1, 35.6432)	(2, 35.7968)	(3, 35.916)	(4, 35.9928)	(5, 36.0657)	(6, 36.137)	(7, 36.0138)	(8, 36.0971)	(9, 36.1234)	(10, 36.1448)	(11, 36.1603)	(12, 36.121)	(13, 36.1421)	(14, 36.1161)	(15, 36.1221)	(16, 36.1169)	(17, 36.1157)	(18, 36.0934)	(19, 36.1051)	(20, 36.0875)	(21, 36.0967)	(22, 36.0747)	(23, 36.046)	(24, 36.0403)	(25, 36.0408)	(26, 35.9756)	(27, 35.9709)	(28, 35.9676)	(29, 35.9648)	(30, 35.9419)	(31, 35.9406)	(32, 35.9323)	(33, 35.9326)	(34, 35.9239)	(35, 35.9075)	(36, 35.9023)	(37, 35.8992)	(38, 35.8961)	(39, 35.8884)	(40, 35.8822)	(41, 35.8991)	(42, 35.8729)	(43, 35.8777)	(44, 35.8725)	(45, 35.8659)	(46, 35.8685)	(47, 35.8434)	(48, 35.8466)	(49, 35.8466)	(50, 35.8442)	(51, 35.8151)	(52, 35.8394)	(53, 35.8304)	(54, 35.8367)	(55, 35.8291)	(56, 35.809)	(57, 35.8038)	(58, 35.7915)	(59, 35.7748)	(60, 35.791)	(61, 35.7833)	(62, 35.7659)	(63, 35.7689)	(64, 35.7608)	(65, 35.7448)	(66, 35.7399)	(67, 35.7244)	(68, 35.7358)	(69, 35.7278)	(70, 35.7115)	(71, 35.7173)	(72, 35.7107)	(73, 35.7019)	(74, 35.6979)	(75, 35.7122)	(76, 35.6921)	(77, 35.6841)	(78, 35.6723)	(79, 35.6618)	(80, 35.6518)	(81, 35.6494)	(82, 35.6411)	(83, 35.641)	(84, 35.6479)	(85, 35.6253)	(86, 35.6171)	(87, 35.6141)	(88, 35.6106)	(89, 35.6088)	(90, 35.5992)	(91, 35.5839)	(92, 35.549)	(93, 35.5475)	(94, 35.5536)	(95, 35.5502)	(96, 35.556)	(97, 35.5383)	(98, 35.5012)	(99, 35.5094)	(100, 35.5026)	(101, 35.4782)	(102, 35.4704)	(103, 35.4793)	(104, 35.4653)	(105, 35.4628)	(106, 35.4499)	(107, 35.4283)	(108, 35.4165)	(109, 35.4206)	(110, 35.4137)	(111, 35.4032)	(112, 35.3938)	(113, 35.3647)	(114, 35.3418)	(115, 35.3598)	(116, 35.3354)	(117, 35.3118)	(118, 35.2858)	(119, 35.2896)	(120, 35.2987)	(121, 35.277)	(122, 35.2589)	(123, 35.2044)	(124, 35.2173)	(125, 35.2173)	(126, 35.2216)	(127, 35.181)	(128, 35.1767)	(129, 35.1795)	(130, 35.1503)	(131, 35.1096)	(132, 35.0796)	(133, 35.0925)	(134, 35.0791)	(135, 35.0209)	(136, 34.9883)	(137, 34.9831)	(138, 34.9821)	(139, 34.9684)	(140, 34.8876)	(141, 34.8558)	(142, 34.835)	(143, 34.7761)	(144, 34.7571)	(145, 34.7243)	(146, 34.6748)	(147, 34.6403)	(148, 34.6245)	(149, 34.5679)	(150, 34.5137)	(151, 33.8987)
reports | SRR30333763	(1, 35.758)	(2, 35.9498)	(3, 36.0533)	(4, 36.1227)	(5, 36.1772)	(6, 36.2441)	(7, 36.1245)	(8, 36.1969)	(9, 36.2263)	(10, 36.2556)	(11, 36.2636)	(12, 36.23)	(13, 36.2537)	(14, 36.2269)	(15, 36.2373)	(16, 36.2317)	(17, 36.2281)	(18, 36.2071)	(19, 36.2214)	(20, 36.2074)	(21, 36.2158)	(22, 36.1935)	(23, 36.1666)	(24, 36.1636)	(25, 36.1647)	(26, 36.1072)	(27, 36.102)	(28, 36.1)	(29, 36.0987)	(30, 36.0714)	(31, 36.0754)	(32, 36.0684)	(33, 36.0716)	(34, 36.0603)	(35, 36.0433)	(36, 36.0366)	(37, 36.0319)	(38, 36.0345)	(39, 36.0298)	(40, 36.0205)	(41, 36.0374)	(42, 36.0109)	(43, 36.0182)	(44, 36.0163)	(45, 36.0081)	(46, 36.0216)	(47, 35.9956)	(48, 35.9959)	(49, 35.9976)	(50, 35.999)	(51, 35.9705)	(52, 35.9894)	(53, 35.9818)	(54, 35.9872)	(55, 35.9797)	(56, 35.9666)	(57, 35.9582)	(58, 35.9511)	(59, 35.9355)	(60, 35.9495)	(61, 35.9385)	(62, 35.9263)	(63, 35.9268)	(64, 35.9206)	(65, 35.9096)	(66, 35.9033)	(67, 35.8881)	(68, 35.8963)	(69, 35.8933)	(70, 35.876)	(71, 35.8821)	(72, 35.8725)	(73, 35.8679)	(74, 35.866)	(75, 35.8792)	(76, 35.8609)	(77, 35.8591)	(78, 35.85)	(79, 35.8346)	(80, 35.8263)	(81, 35.827)	(82, 35.824)	(83, 35.8219)	(84, 35.8307)	(85, 35.8112)	(86, 35.8009)	(87, 35.7969)	(88, 35.7925)	(89, 35.7903)	(90, 35.7863)	(91, 35.7788)	(92, 35.7408)	(93, 35.7345)	(94, 35.7409)	(95, 35.7393)	(96, 35.7463)	(97, 35.729)	(98, 35.7013)	(99, 35.7081)	(100, 35.7004)	(101, 35.6811)	(102, 35.6796)	(103, 35.6863)	(104, 35.6685)	(105, 35.6672)	(106, 35.6619)	(107, 35.6436)	(108, 35.6317)	(109, 35.6367)	(110, 35.6337)	(111, 35.6219)	(112, 35.6143)	(113, 35.5895)	(114, 35.581)	(115, 35.5971)	(116, 35.5824)	(117, 35.5609)	(118, 35.5363)	(119, 35.5386)	(120, 35.5468)	(121, 35.5282)	(122, 35.5069)	(123, 35.4768)	(124, 35.4859)	(125, 35.4853)	(126, 35.4961)	(127, 35.4608)	(128, 35.4637)	(129, 35.4718)	(130, 35.4365)	(131, 35.3956)	(132, 35.3763)	(133, 35.3861)	(134, 35.378)	(135, 35.3331)	(136, 35.3136)	(137, 35.3068)	(138, 35.294)	(139, 35.2765)	(140, 35.2223)	(141, 35.2042)	(142, 35.1789)	(143, 35.1305)	(144, 35.1011)	(145, 35.074)	(146, 35.0546)	(147, 35.0348)	(148, 35.0083)	(149, 34.9556)	(150, 34.9191)	(151, 34.3324)
reports | SRR30333764	(1, 35.683)	(2, 35.846)	(3, 35.9703)	(4, 36.0431)	(5, 36.1173)	(6, 36.1855)	(7, 36.0738)	(8, 36.1545)	(9, 36.1772)	(10, 36.205)	(11, 36.2112)	(12, 36.181)	(13, 36.1964)	(14, 36.1727)	(15, 36.1779)	(16, 36.1751)	(17, 36.1761)	(18, 36.1549)	(19, 36.1659)	(20, 36.1516)	(21, 36.1622)	(22, 36.1381)	(23, 36.1123)	(24, 36.1078)	(25, 36.1091)	(26, 36.0495)	(27, 36.0435)	(28, 36.0416)	(29, 36.0384)	(30, 36.0164)	(31, 36.0159)	(32, 36.0066)	(33, 36.009)	(34, 35.9993)	(35, 35.9866)	(36, 35.9803)	(37, 35.9784)	(38, 35.9758)	(39, 35.9703)	(40, 35.9612)	(41, 35.9759)	(42, 35.9508)	(43, 35.9537)	(44, 35.9518)	(45, 35.9396)	(46, 35.9481)	(47, 35.9287)	(48, 35.9267)	(49, 35.9267)	(50, 35.9262)	(51, 35.8963)	(52, 35.9144)	(53, 35.9079)	(54, 35.9165)	(55, 35.9059)	(56, 35.8906)	(57, 35.8848)	(58, 35.8786)	(59, 35.8575)	(60, 35.8719)	(61, 35.8686)	(62, 35.8472)	(63, 35.8493)	(64, 35.8425)	(65, 35.8304)	(66, 35.8232)	(67, 35.8137)	(68, 35.8217)	(69, 35.817)	(70, 35.7995)	(71, 35.8058)	(72, 35.7984)	(73, 35.7893)	(74, 35.7886)	(75, 35.7993)	(76, 35.7822)	(77, 35.7764)	(78, 35.7685)	(79, 35.7577)	(80, 35.7523)	(81, 35.7501)	(82, 35.7412)	(83, 35.7405)	(84, 35.7454)	(85, 35.7223)	(86, 35.7164)	(87, 35.7118)	(88, 35.7124)	(89, 35.7131)	(90, 35.7039)	(91, 35.6899)	(92, 35.6571)	(93, 35.6562)	(94, 35.6597)	(95, 35.6538)	(96, 35.6603)	(97, 35.6432)	(98, 35.6109)	(99, 35.6219)	(100, 35.6165)	(101, 35.5935)	(102, 35.5881)	(103, 35.5979)	(104, 35.5858)	(105, 35.5788)	(106, 35.5679)	(107, 35.5486)	(108, 35.5372)	(109, 35.5458)	(110, 35.5399)	(111, 35.531)	(112, 35.526)	(113, 35.4982)	(114, 35.4807)	(115, 35.4955)	(116, 35.4742)	(117, 35.454)	(118, 35.4336)	(119, 35.4336)	(120, 35.4416)	(121, 35.4271)	(122, 35.407)	(123, 35.3614)	(124, 35.3767)	(125, 35.3757)	(126, 35.3823)	(127, 35.3452)	(128, 35.3397)	(129, 35.3428)	(130, 35.3164)	(131, 35.2802)	(132, 35.2538)	(133, 35.2665)	(134, 35.2573)	(135, 35.2033)	(136, 35.1708)	(137, 35.1673)	(138, 35.1626)	(139, 35.1497)	(140, 35.0746)	(141, 35.0414)	(142, 35.0256)	(143, 34.9694)	(144, 34.9494)	(145, 34.9138)	(146, 34.8693)	(147, 34.8352)	(148, 34.8179)	(149, 34.7616)	(150, 34.7106)	(151, 34.0595)
reports | SRR30333765	(1, 35.2817)	(2, 35.4597)	(3, 35.6249)	(4, 35.6853)	(5, 35.86)	(6, 35.9699)	(7, 35.8214)	(8, 35.9363)	(9, 35.9548)	(10, 35.977)	(11, 36.0107)	(12, 35.9434)	(13, 35.9705)	(14, 35.9479)	(15, 35.946)	(16, 35.9408)	(17, 35.9474)	(18, 35.927)	(19, 35.9301)	(20, 35.9183)	(21, 35.9248)	(22, 35.9017)	(23, 35.8747)	(24, 35.8674)	(25, 35.862)	(26, 35.7889)	(27, 35.7865)	(28, 35.7836)	(29, 35.7767)	(30, 35.7616)	(31, 35.7567)	(32, 35.7457)	(33, 35.7428)	(34, 35.7323)	(35, 35.7238)	(36, 35.7209)	(37, 35.7211)	(38, 35.7049)	(39, 35.6935)	(40, 35.6991)	(41, 35.703)	(42, 35.6881)	(43, 35.6897)	(44, 35.674)	(45, 35.66)	(46, 35.6587)	(47, 35.6329)	(48, 35.6458)	(49, 35.6378)	(50, 35.6296)	(51, 35.6105)	(52, 35.6324)	(53, 35.6202)	(54, 35.6253)	(55, 35.6163)	(56, 35.591)	(57, 35.5886)	(58, 35.5801)	(59, 35.5649)	(60, 35.5772)	(61, 35.5732)	(62, 35.5564)	(63, 35.5524)	(64, 35.5498)	(65, 35.5348)	(66, 35.5255)	(67, 35.5182)	(68, 35.5367)	(69, 35.519)	(70, 35.5111)	(71, 35.506)	(72, 35.4998)	(73, 35.484)	(74, 35.4788)	(75, 35.4787)	(76, 35.4683)	(77, 35.4672)	(78, 35.4555)	(79, 35.4412)	(80, 35.4255)	(81, 35.424)	(82, 35.4146)	(83, 35.4176)	(84, 35.4228)	(85, 35.3849)	(86, 35.3916)	(87, 35.3963)	(88, 35.3867)	(89, 35.3874)	(90, 35.3724)	(91, 35.3534)	(92, 35.3262)	(93, 35.3237)	(94, 35.3296)	(95, 35.328)	(96, 35.3346)	(97, 35.3181)	(98, 35.2788)	(99, 35.2932)	(100, 35.2766)	(101, 35.2476)	(102, 35.2289)	(103, 35.2435)	(104, 35.2527)	(105, 35.2531)	(106, 35.2212)	(107, 35.2027)	(108, 35.1866)	(109, 35.1969)	(110, 35.2001)	(111, 35.192)	(112, 35.1877)	(113, 35.164)	(114, 35.1203)	(115, 35.1295)	(116, 35.1077)	(117, 35.0899)	(118, 35.0736)	(119, 35.0842)	(120, 35.0762)	(121, 35.0684)	(122, 35.0678)	(123, 34.9977)	(124, 35.0199)	(125, 35.0065)	(126, 35.0129)	(127, 34.9723)	(128, 34.9518)	(129, 34.9597)	(130, 34.9207)	(131, 34.8906)	(132, 34.8819)	(133, 34.8868)	(134, 34.8729)	(135, 34.8011)	(136, 34.7544)	(137, 34.738)	(138, 34.7505)	(139, 34.7488)	(140, 34.6384)	(141, 34.6163)	(142, 34.6156)	(143, 34.5269)	(144, 34.5003)	(145, 34.4602)	(146, 34.422)	(147, 34.3924)	(148, 34.3907)	(149, 34.2979)	(150, 34.2278)	(151, 33.566)
reports | SRR30333766	(1, 35.7159)	(2, 35.8717)	(3, 35.9934)	(4, 36.0607)	(5, 36.1275)	(6, 36.1924)	(7, 36.0906)	(8, 36.1668)	(9, 36.1859)	(10, 36.217)	(11, 36.2166)	(12, 36.1868)	(13, 36.207)	(14, 36.1835)	(15, 36.1891)	(16, 36.1864)	(17, 36.1859)	(18, 36.1665)	(19, 36.1783)	(20, 36.1648)	(21, 36.172)	(22, 36.1485)	(23, 36.1257)	(24, 36.1226)	(25, 36.1203)	(26, 36.0662)	(27, 36.0623)	(28, 36.0573)	(29, 36.0549)	(30, 36.0369)	(31, 36.0319)	(32, 36.0279)	(33, 36.0258)	(34, 36.0181)	(35, 36.0064)	(36, 36.0004)	(37, 35.9977)	(38, 35.9978)	(39, 35.9919)	(40, 35.9828)	(41, 35.9951)	(42, 35.9737)	(43, 35.9761)	(44, 35.9769)	(45, 35.9668)	(46, 35.9695)	(47, 35.9543)	(48, 35.9531)	(49, 35.9552)	(50, 35.9499)	(51, 35.9286)	(52, 35.9428)	(53, 35.936)	(54, 35.9445)	(55, 35.9355)	(56, 35.9185)	(57, 35.9148)	(58, 35.9089)	(59, 35.8928)	(60, 35.9052)	(61, 35.8985)	(62, 35.885)	(63, 35.884)	(64, 35.8774)	(65, 35.8652)	(66, 35.8612)	(67, 35.8505)	(68, 35.8527)	(69, 35.8482)	(70, 35.8336)	(71, 35.8394)	(72, 35.8295)	(73, 35.8247)	(74, 35.8215)	(75, 35.831)	(76, 35.8152)	(77, 35.8097)	(78, 35.8027)	(79, 35.794)	(80, 35.7863)	(81, 35.7806)	(82, 35.7776)	(83, 35.7794)	(84, 35.7792)	(85, 35.758)	(86, 35.7522)	(87, 35.7477)	(88, 35.7463)	(89, 35.7443)	(90, 35.7384)	(91, 35.7313)	(92, 35.7018)	(93, 35.6939)	(94, 35.6995)	(95, 35.6979)	(96, 35.7019)	(97, 35.6828)	(98, 35.6613)	(99, 35.6716)	(100, 35.6607)	(101, 35.6435)	(102, 35.6414)	(103, 35.647)	(104, 35.6306)	(105, 35.629)	(106, 35.619)	(107, 35.6004)	(108, 35.5894)	(109, 35.601)	(110, 35.594)	(111, 35.5899)	(112, 35.5849)	(113, 35.5657)	(114, 35.549)	(115, 35.5527)	(116, 35.5425)	(117, 35.5272)	(118, 35.5101)	(119, 35.5133)	(120, 35.5136)	(121, 35.5008)	(122, 35.4819)	(123, 35.442)	(124, 35.4672)	(125, 35.4707)	(126, 35.4713)	(127, 35.441)	(128, 35.4338)	(129, 35.4425)	(130, 35.4239)	(131, 35.3943)	(132, 35.3791)	(133, 35.3901)	(134, 35.3867)	(135, 35.3518)	(136, 35.3259)	(137, 35.3271)	(138, 35.331)	(139, 35.3236)	(140, 35.256)	(141, 35.2344)	(142, 35.2286)	(143, 35.1934)	(144, 35.1914)	(145, 35.1641)	(146, 35.1365)	(147, 35.124)	(148, 35.1136)	(149, 35.0839)	(150, 35.0502)	(151, 34.4364)
reports | SRR30333767	(1, 35.6085)	(2, 35.7588)	(3, 35.891)	(4, 35.9644)	(5, 36.0416)	(6, 36.1161)	(7, 35.9911)	(8, 36.0764)	(9, 36.1013)	(10, 36.1237)	(11, 36.137)	(12, 36.0986)	(13, 36.1206)	(14, 36.0943)	(15, 36.1023)	(16, 36.097)	(17, 36.0953)	(18, 36.0752)	(19, 36.0856)	(20, 36.0704)	(21, 36.0801)	(22, 36.0572)	(23, 36.0293)	(24, 36.0244)	(25, 36.0239)	(26, 35.957)	(27, 35.9508)	(28, 35.9501)	(29, 35.9476)	(30, 35.9238)	(31, 35.9234)	(32, 35.9143)	(33, 35.917)	(34, 35.9071)	(35, 35.8916)	(36, 35.8878)	(37, 35.8855)	(38, 35.8821)	(39, 35.876)	(40, 35.8686)	(41, 35.8848)	(42, 35.8592)	(43, 35.8615)	(44, 35.8576)	(45, 35.8459)	(46, 35.8514)	(47, 35.8304)	(48, 35.8305)	(49, 35.8305)	(50, 35.8305)	(51, 35.8015)	(52, 35.8247)	(53, 35.8181)	(54, 35.8243)	(55, 35.8147)	(56, 35.7954)	(57, 35.7873)	(58, 35.7814)	(59, 35.7606)	(60, 35.779)	(61, 35.7722)	(62, 35.7554)	(63, 35.7583)	(64, 35.7524)	(65, 35.7383)	(66, 35.7309)	(67, 35.7163)	(68, 35.7275)	(69, 35.7188)	(70, 35.7009)	(71, 35.7089)	(72, 35.7036)	(73, 35.6945)	(74, 35.6942)	(75, 35.7081)	(76, 35.6882)	(77, 35.6795)	(78, 35.6698)	(79, 35.6577)	(80, 35.649)	(81, 35.6487)	(82, 35.6417)	(83, 35.6413)	(84, 35.6502)	(85, 35.6255)	(86, 35.6192)	(87, 35.6182)	(88, 35.6143)	(89, 35.6126)	(90, 35.6029)	(91, 35.5876)	(92, 35.5562)	(93, 35.5565)	(94, 35.5609)	(95, 35.5589)	(96, 35.5655)	(97, 35.5469)	(98, 35.5096)	(99, 35.5199)	(100, 35.5137)	(101, 35.4889)	(102, 35.4827)	(103, 35.4947)	(104, 35.4822)	(105, 35.4817)	(106, 35.4698)	(107, 35.4476)	(108, 35.4378)	(109, 35.4432)	(110, 35.4388)	(111, 35.428)	(112, 35.4193)	(113, 35.3901)	(114, 35.375)	(115, 35.3918)	(116, 35.3697)	(117, 35.3505)	(118, 35.328)	(119, 35.3284)	(120, 35.3395)	(121, 35.3214)	(122, 35.3014)	(123, 35.2495)	(124, 35.2636)	(125, 35.2631)	(126, 35.2696)	(127, 35.2293)	(128, 35.2246)	(129, 35.2268)	(130, 35.1994)	(131, 35.1597)	(132, 35.1256)	(133, 35.1389)	(134, 35.1248)	(135, 35.0663)	(136, 35.031)	(137, 35.023)	(138, 35.0175)	(139, 35.0033)	(140, 34.9193)	(141, 34.884)	(142, 34.8568)	(143, 34.7922)	(144, 34.7687)	(145, 34.7266)	(146, 34.6735)	(147, 34.6275)	(148, 34.6067)	(149, 34.538)	(150, 34.4741)	(151, 33.8388)
reports | SRR30333768	(1, 35.4232)	(2, 35.4866)	(3, 35.6651)	(4, 35.7605)	(5, 35.8899)	(6, 35.9696)	(7, 35.8269)	(8, 35.9221)	(9, 35.9404)	(10, 35.9742)	(11, 35.9919)	(12, 35.9438)	(13, 35.9606)	(14, 35.9434)	(15, 35.9396)	(16, 35.9364)	(17, 35.9444)	(18, 35.9234)	(19, 35.925)	(20, 35.9068)	(21, 35.9163)	(22, 35.8956)	(23, 35.8667)	(24, 35.8551)	(25, 35.8587)	(26, 35.7727)	(27, 35.7694)	(28, 35.7685)	(29, 35.7617)	(30, 35.7367)	(31, 35.7339)	(32, 35.7184)	(33, 35.7166)	(34, 35.7095)	(35, 35.6984)	(36, 35.6915)	(37, 35.6967)	(38, 35.6737)	(39, 35.6698)	(40, 35.6673)	(41, 35.6802)	(42, 35.6537)	(43, 35.6572)	(44, 35.6425)	(45, 35.6208)	(46, 35.6234)	(47, 35.5882)	(48, 35.6096)	(49, 35.5987)	(50, 35.5965)	(51, 35.5511)	(52, 35.588)	(53, 35.5823)	(54, 35.5906)	(55, 35.5828)	(56, 35.549)	(57, 35.543)	(58, 35.5261)	(59, 35.5022)	(60, 35.5337)	(61, 35.5281)	(62, 35.504)	(63, 35.5085)	(64, 35.504)	(65, 35.4718)	(66, 35.4689)	(67, 35.4475)	(68, 35.4752)	(69, 35.4589)	(70, 35.4447)	(71, 35.4447)	(72, 35.4427)	(73, 35.4289)	(74, 35.4173)	(75, 35.4356)	(76, 35.4142)	(77, 35.3928)	(78, 35.381)	(79, 35.3799)	(80, 35.3582)	(81, 35.3593)	(82, 35.3415)	(83, 35.3363)	(84, 35.3527)	(85, 35.3057)	(86, 35.315)	(87, 35.3205)	(88, 35.3139)	(89, 35.3192)	(90, 35.3)	(91, 35.2692)	(92, 35.2358)	(93, 35.2437)	(94, 35.2576)	(95, 35.2498)	(96, 35.2678)	(97, 35.2433)	(98, 35.1729)	(99, 35.198)	(100, 35.2085)	(101, 35.1676)	(102, 35.1432)	(103, 35.1506)	(104, 35.1636)	(105, 35.1693)	(106, 35.1334)	(107, 35.1179)	(108, 35.1024)	(109, 35.1146)	(110, 35.117)	(111, 35.1194)	(112, 35.1119)	(113, 35.0615)	(114, 35.0074)	(115, 35.0505)	(116, 35.0091)	(117, 34.9921)	(118, 34.9663)	(119, 34.9845)	(120, 35.0093)	(121, 34.9938)	(122, 34.9865)	(123, 34.8723)	(124, 34.9132)	(125, 34.9364)	(126, 34.9216)	(127, 34.8857)	(128, 34.8775)	(129, 34.8626)	(130, 34.8543)	(131, 34.806)	(132, 34.7519)	(133, 34.7892)	(134, 34.7721)	(135, 34.6885)	(136, 34.6453)	(137, 34.6434)	(138, 34.6569)	(139, 34.6668)	(140, 34.5407)	(141, 34.5043)	(142, 34.4901)	(143, 34.396)	(144, 34.4157)	(145, 34.3765)	(146, 34.3002)	(147, 34.2442)	(148, 34.2713)	(149, 34.2125)	(150, 34.1122)	(151, 33.4443)
