Sample	0	1	2	3	4	5	6	7	8	9	10	11	12	13	14	15	16	17	18	19	20	21	22	23	24	25	26	27	28	29	30	31	32	33	34	35
fastp | SRR30333743_1	(20.0, 839.0)	(21.0, 17752.0)	(22.0, 44907.0)	(23.0, 60096.0)	(24.0, 74595.0)	(25.0, 87612.0)	(26.0, 102572.0)	(27.0, 117664.0)	(28.0, 141514.0)	(29.0, 165375.0)	(30.0, 200488.0)	(31.0, 240768.0)	(32.0, 305753.0)	(33.0, 387839.0)	(34.0, 531496.0)	(35.0, 777200.0)	(36.0, 1324558.0)	(37.0, 2275603.0)	(38.0, 5466218.0)	(39.0, 28146453.0)	(40.0, 8007109.0)															
fastp | SRR30333743_2	(19.0, 10.0)	(20.0, 5174.0)	(21.0, 50664.0)	(22.0, 79057.0)	(23.0, 80971.0)	(24.0, 91174.0)	(25.0, 98623.0)	(26.0, 109439.0)	(27.0, 116416.0)	(28.0, 132883.0)	(29.0, 149422.0)	(30.0, 174092.0)	(31.0, 202259.0)	(32.0, 250869.0)	(33.0, 314747.0)	(34.0, 426429.0)	(35.0, 618573.0)	(36.0, 1060800.0)	(37.0, 1858682.0)	(38.0, 4605866.0)	(39.0, 27428645.0)	(40.0, 10621616.0)														
fastp | SRR30333744_1	(20.0, 765.0)	(21.0, 14630.0)	(22.0, 35127.0)	(23.0, 46394.0)	(24.0, 58060.0)	(25.0, 69056.0)	(26.0, 81854.0)	(27.0, 94464.0)	(28.0, 113722.0)	(29.0, 134181.0)	(30.0, 165161.0)	(31.0, 198826.0)	(32.0, 255106.0)	(33.0, 326504.0)	(34.0, 444668.0)	(35.0, 653251.0)	(36.0, 1114256.0)	(37.0, 1890337.0)	(38.0, 4437035.0)	(39.0, 24934446.0)	(40.0, 8498558.0)															
fastp | SRR30333744_2	(19.0, 11.0)	(20.0, 6731.0)	(21.0, 63968.0)	(22.0, 92635.0)	(23.0, 91907.0)	(24.0, 98772.0)	(25.0, 105283.0)	(26.0, 114105.0)	(27.0, 120832.0)	(28.0, 135933.0)	(29.0, 152687.0)	(30.0, 177698.0)	(31.0, 204130.0)	(32.0, 250256.0)	(33.0, 310191.0)	(34.0, 415515.0)	(35.0, 595091.0)	(36.0, 997819.0)	(37.0, 1711563.0)	(38.0, 4159549.0)	(39.0, 24859727.0)	(40.0, 8901998.0)														
fastp | SRR30333745_1	(20.0, 840.0)	(21.0, 17231.0)	(22.0, 42519.0)	(23.0, 55719.0)	(24.0, 69772.0)	(25.0, 82089.0)	(26.0, 97090.0)	(27.0, 110351.0)	(28.0, 132365.0)	(29.0, 154775.0)	(30.0, 188084.0)	(31.0, 225368.0)	(32.0, 287421.0)	(33.0, 364116.0)	(34.0, 497821.0)	(35.0, 728798.0)	(36.0, 1231309.0)	(37.0, 2096295.0)	(38.0, 4957272.0)	(39.0, 26629026.0)	(40.0, 8046730.0)															
fastp | SRR30333745_2	(19.0, 10.0)	(20.0, 5680.0)	(21.0, 56634.0)	(22.0, 85033.0)	(23.0, 85585.0)	(24.0, 95670.0)	(25.0, 102844.0)	(26.0, 112560.0)	(27.0, 119882.0)	(28.0, 134853.0)	(29.0, 151018.0)	(30.0, 175802.0)	(31.0, 201362.0)	(32.0, 250032.0)	(33.0, 311168.0)	(34.0, 417269.0)	(35.0, 602998.0)	(36.0, 1021799.0)	(37.0, 1778010.0)	(38.0, 4336157.0)	(39.0, 25931976.0)	(40.0, 10038649.0)														
fastp | SRR30333746_1	(20.0, 793.0)	(21.0, 15121.0)	(22.0, 36194.0)	(23.0, 48225.0)	(24.0, 60516.0)	(25.0, 70749.0)	(26.0, 84277.0)	(27.0, 96594.0)	(28.0, 115693.0)	(29.0, 136191.0)	(30.0, 166206.0)	(31.0, 200333.0)	(32.0, 256336.0)	(33.0, 324837.0)	(34.0, 443387.0)	(35.0, 647728.0)	(36.0, 1098293.0)	(37.0, 1872451.0)	(38.0, 4439143.0)	(39.0, 23917234.0)	(40.0, 7063712.0)															
fastp | SRR30333746_2	(19.0, 11.0)	(20.0, 4749.0)	(21.0, 44303.0)	(22.0, 65522.0)	(23.0, 67565.0)	(24.0, 75508.0)	(25.0, 83010.0)	(26.0, 91888.0)	(27.0, 98370.0)	(28.0, 112357.0)	(29.0, 126909.0)	(30.0, 148903.0)	(31.0, 171597.0)	(32.0, 212903.0)	(33.0, 265704.0)	(34.0, 358549.0)	(35.0, 517453.0)	(36.0, 882079.0)	(37.0, 1553438.0)	(38.0, 3814885.0)	(39.0, 23461844.0)	(40.0, 8936466.0)														
fastp | SRR30333747_1	(19.0, 2.0)	(20.0, 1024.0)	(21.0, 19831.0)	(22.0, 46202.0)	(23.0, 58772.0)	(24.0, 71551.0)	(25.0, 82536.0)	(26.0, 96028.0)	(27.0, 108629.0)	(28.0, 130301.0)	(29.0, 153338.0)	(30.0, 186453.0)	(31.0, 222972.0)	(32.0, 284072.0)	(33.0, 357820.0)	(34.0, 482990.0)	(35.0, 689098.0)	(36.0, 1151418.0)	(37.0, 1932083.0)	(38.0, 4402780.0)	(39.0, 22804058.0)	(40.0, 6256900.0)														
fastp | SRR30333747_2	(19.0, 11.0)	(20.0, 6522.0)	(21.0, 63127.0)	(22.0, 90376.0)	(23.0, 89722.0)	(24.0, 97780.0)	(25.0, 103655.0)	(26.0, 111983.0)	(27.0, 118405.0)	(28.0, 133568.0)	(29.0, 150193.0)	(30.0, 174358.0)	(31.0, 199439.0)	(32.0, 246242.0)	(33.0, 304157.0)	(34.0, 404871.0)	(35.0, 574357.0)	(36.0, 962671.0)	(37.0, 1640620.0)	(38.0, 3897532.0)	(39.0, 22417028.0)	(40.0, 7752241.0)														
fastp | SRR30333748_1	(20.0, 1262.0)	(21.0, 23062.0)	(22.0, 54959.0)	(23.0, 70936.0)	(24.0, 88988.0)	(25.0, 105454.0)	(26.0, 124600.0)	(27.0, 142080.0)	(28.0, 170448.0)	(29.0, 200982.0)	(30.0, 244685.0)	(31.0, 294118.0)	(32.0, 376279.0)	(33.0, 479127.0)	(34.0, 656523.0)	(35.0, 960651.0)	(36.0, 1638926.0)	(37.0, 2842791.0)	(38.0, 6788049.0)	(39.0, 36906599.0)	(40.0, 10905612.0)															
fastp | SRR30333748_2	(19.0, 22.0)	(20.0, 9882.0)	(21.0, 89046.0)	(22.0, 125678.0)	(23.0, 125386.0)	(24.0, 138536.0)	(25.0, 149130.0)	(26.0, 162454.0)	(27.0, 173305.0)	(28.0, 196445.0)	(29.0, 219709.0)	(30.0, 255257.0)	(31.0, 293386.0)	(32.0, 361335.0)	(33.0, 450604.0)	(34.0, 605443.0)	(35.0, 874387.0)	(36.0, 1482796.0)	(37.0, 2611871.0)	(38.0, 6418620.0)	(39.0, 36486148.0)	(40.0, 11846691.0)														
fastp | SRR30333749_1	(20.0, 1544.0)	(21.0, 21182.0)	(22.0, 43883.0)	(23.0, 55642.0)	(24.0, 67655.0)	(25.0, 79521.0)	(26.0, 92557.0)	(27.0, 105643.0)	(28.0, 126963.0)	(29.0, 149182.0)	(30.0, 179118.0)	(31.0, 213043.0)	(32.0, 271426.0)	(33.0, 345187.0)	(34.0, 468419.0)	(35.0, 684189.0)	(36.0, 1151140.0)	(37.0, 1965306.0)	(38.0, 4680495.0)	(39.0, 28026327.0)	(40.0, 12961830.0)															
fastp | SRR30333749_2	(19.0, 46.0)	(20.0, 8223.0)	(21.0, 67418.0)	(22.0, 95514.0)	(23.0, 98159.0)	(24.0, 107586.0)	(25.0, 115408.0)	(26.0, 124869.0)	(27.0, 131492.0)	(28.0, 148108.0)	(29.0, 163826.0)	(30.0, 188142.0)	(31.0, 213683.0)	(32.0, 260989.0)	(33.0, 321481.0)	(34.0, 427416.0)	(35.0, 609335.0)	(36.0, 1014013.0)	(37.0, 1747627.0)	(38.0, 4298463.0)	(39.0, 28129972.0)	(40.0, 13418482.0)														
fastp | SRR30333750_1	(20.0, 864.0)	(21.0, 17117.0)	(22.0, 41330.0)	(23.0, 54522.0)	(24.0, 68452.0)	(25.0, 81940.0)	(26.0, 96543.0)	(27.0, 111214.0)	(28.0, 133908.0)	(29.0, 158353.0)	(30.0, 194114.0)	(31.0, 233071.0)	(32.0, 298856.0)	(33.0, 383001.0)	(34.0, 527128.0)	(35.0, 777836.0)	(36.0, 1339091.0)	(37.0, 2344563.0)	(38.0, 5714097.0)	(39.0, 30587305.0)	(40.0, 8556647.0)															
fastp | SRR30333750_2	(19.0, 14.0)	(20.0, 6485.0)	(21.0, 59664.0)	(22.0, 88324.0)	(23.0, 91430.0)	(24.0, 102586.0)	(25.0, 111672.0)	(26.0, 123759.0)	(27.0, 132263.0)	(28.0, 152403.0)	(29.0, 172111.0)	(30.0, 200639.0)	(31.0, 232349.0)	(32.0, 287184.0)	(33.0, 359797.0)	(34.0, 485754.0)	(35.0, 704359.0)	(36.0, 1201284.0)	(37.0, 2125988.0)	(38.0, 5322844.0)	(39.0, 30163916.0)	(40.0, 9595127.0)														
fastp | SRR30333751_1	(20.0, 1147.0)	(21.0, 21635.0)	(22.0, 49209.0)	(23.0, 63936.0)	(24.0, 79806.0)	(25.0, 93719.0)	(26.0, 110100.0)	(27.0, 125178.0)	(28.0, 150300.0)	(29.0, 175065.0)	(30.0, 212905.0)	(31.0, 252555.0)	(32.0, 322314.0)	(33.0, 409159.0)	(34.0, 556143.0)	(35.0, 808569.0)	(36.0, 1369013.0)	(37.0, 2336030.0)	(38.0, 5510540.0)	(39.0, 31005903.0)	(40.0, 9856465.0)															
fastp | SRR30333751_2	(19.0, 13.0)	(20.0, 6908.0)	(21.0, 62779.0)	(22.0, 90248.0)	(23.0, 91354.0)	(24.0, 101310.0)	(25.0, 110156.0)	(26.0, 121322.0)	(27.0, 129621.0)	(28.0, 147859.0)	(29.0, 166002.0)	(30.0, 193943.0)	(31.0, 224629.0)	(32.0, 276833.0)	(33.0, 345986.0)	(34.0, 465626.0)	(35.0, 674014.0)	(36.0, 1146732.0)	(37.0, 2007293.0)	(38.0, 4920466.0)	(39.0, 30529183.0)	(40.0, 11697414.0)														
fastp | SRR30333752_1	(20.0, 845.0)	(21.0, 18280.0)	(22.0, 44368.0)	(23.0, 58740.0)	(24.0, 74463.0)	(25.0, 90403.0)	(26.0, 107432.0)	(27.0, 123296.0)	(28.0, 148715.0)	(29.0, 176247.0)	(30.0, 215634.0)	(31.0, 259994.0)	(32.0, 335749.0)	(33.0, 429724.0)	(34.0, 595964.0)	(35.0, 882618.0)	(36.0, 1527190.0)	(37.0, 2695574.0)	(38.0, 6688748.0)	(39.0, 34501858.0)	(40.0, 8621847.0)															
fastp | SRR30333752_2	(19.0, 18.0)	(20.0, 8456.0)	(21.0, 77222.0)	(22.0, 110308.0)	(23.0, 111268.0)	(24.0, 121569.0)	(25.0, 131746.0)	(26.0, 144046.0)	(27.0, 153647.0)	(28.0, 175170.0)	(29.0, 197470.0)	(30.0, 230657.0)	(31.0, 266319.0)	(32.0, 329419.0)	(33.0, 410534.0)	(34.0, 554102.0)	(35.0, 800767.0)	(36.0, 1368332.0)	(37.0, 2434593.0)	(38.0, 6114582.0)	(39.0, 33843576.0)	(40.0, 10013888.0)														
fastp | SRR30333753_1	(20.0, 957.0)	(21.0, 19216.0)	(22.0, 46988.0)	(23.0, 61146.0)	(24.0, 74047.0)	(25.0, 84387.0)	(26.0, 97906.0)	(27.0, 111373.0)	(28.0, 133373.0)	(29.0, 156576.0)	(30.0, 190006.0)	(31.0, 227493.0)	(32.0, 288889.0)	(33.0, 362380.0)	(34.0, 488497.0)	(35.0, 699638.0)	(36.0, 1166214.0)	(37.0, 1949853.0)	(38.0, 4433259.0)	(39.0, 22146966.0)	(40.0, 6149870.0)															
fastp | SRR30333753_2	(19.0, 10.0)	(20.0, 5546.0)	(21.0, 57070.0)	(22.0, 86423.0)	(23.0, 87791.0)	(24.0, 93938.0)	(25.0, 100405.0)	(26.0, 108304.0)	(27.0, 114905.0)	(28.0, 130292.0)	(29.0, 145572.0)	(30.0, 169808.0)	(31.0, 195861.0)	(32.0, 239287.0)	(33.0, 294349.0)	(34.0, 394019.0)	(35.0, 559441.0)	(36.0, 932491.0)	(37.0, 1566496.0)	(38.0, 3694964.0)	(39.0, 21627503.0)	(40.0, 8284559.0)														
fastp | SRR30333754_1	(20.0, 969.0)	(21.0, 18685.0)	(22.0, 45009.0)	(23.0, 59596.0)	(24.0, 73842.0)	(25.0, 86412.0)	(26.0, 101566.0)	(27.0, 116344.0)	(28.0, 139872.0)	(29.0, 163194.0)	(30.0, 197166.0)	(31.0, 235886.0)	(32.0, 300076.0)	(33.0, 378285.0)	(34.0, 513705.0)	(35.0, 745071.0)	(36.0, 1252934.0)	(37.0, 2107428.0)	(38.0, 4886568.0)	(39.0, 27487765.0)	(40.0, 9921070.0)															
fastp | SRR30333754_2	(19.0, 9.0)	(20.0, 6948.0)	(21.0, 66908.0)	(22.0, 96914.0)	(23.0, 96447.0)	(24.0, 103727.0)	(25.0, 110311.0)	(26.0, 119480.0)	(27.0, 126215.0)	(28.0, 142350.0)	(29.0, 158536.0)	(30.0, 184454.0)	(31.0, 212593.0)	(32.0, 261303.0)	(33.0, 323097.0)	(34.0, 432997.0)	(35.0, 620869.0)	(36.0, 1045805.0)	(37.0, 1792640.0)	(38.0, 4330299.0)	(39.0, 27222710.0)	(40.0, 11376831.0)														
fastp | SRR30333755_1	(20.0, 1000.0)	(21.0, 21584.0)	(22.0, 54101.0)	(23.0, 69904.0)	(24.0, 83229.0)	(25.0, 95387.0)	(26.0, 110386.0)	(27.0, 126100.0)	(28.0, 150065.0)	(29.0, 175022.0)	(30.0, 211947.0)	(31.0, 252663.0)	(32.0, 320508.0)	(33.0, 401228.0)	(34.0, 540625.0)	(35.0, 770868.0)	(36.0, 1273828.0)	(37.0, 2110202.0)	(38.0, 4697916.0)	(39.0, 21659129.0)	(40.0, 5476268.0)															
fastp | SRR30333755_2	(19.0, 11.0)	(20.0, 5344.0)	(21.0, 55731.0)	(22.0, 86764.0)	(23.0, 88142.0)	(24.0, 95789.0)	(25.0, 101691.0)	(26.0, 109819.0)	(27.0, 116301.0)	(28.0, 132769.0)	(29.0, 148413.0)	(30.0, 173683.0)	(31.0, 199790.0)	(32.0, 248095.0)	(33.0, 305705.0)	(34.0, 407351.0)	(35.0, 585329.0)	(36.0, 974524.0)	(37.0, 1636847.0)	(38.0, 3773750.0)	(39.0, 21159824.0)	(40.0, 8196288.0)														
fastp | SRR30333756_1	(19.0, 1.0)	(20.0, 857.0)	(21.0, 17033.0)	(22.0, 39209.0)	(23.0, 51860.0)	(24.0, 64879.0)	(25.0, 77146.0)	(26.0, 91611.0)	(27.0, 106734.0)	(28.0, 128040.0)	(29.0, 150382.0)	(30.0, 182771.0)	(31.0, 218754.0)	(32.0, 279034.0)	(33.0, 355487.0)	(34.0, 486711.0)	(35.0, 710321.0)	(36.0, 1208117.0)	(37.0, 2061518.0)	(38.0, 4895999.0)	(39.0, 27866446.0)	(40.0, 8685255.0)														
fastp | SRR30333756_2	(19.0, 14.0)	(20.0, 7260.0)	(21.0, 68834.0)	(22.0, 96929.0)	(23.0, 95696.0)	(24.0, 105592.0)	(25.0, 113309.0)	(26.0, 122860.0)	(27.0, 129339.0)	(28.0, 146204.0)	(29.0, 163349.0)	(30.0, 189356.0)	(31.0, 216228.0)	(32.0, 266384.0)	(33.0, 330655.0)	(34.0, 440222.0)	(35.0, 626596.0)	(36.0, 1052745.0)	(37.0, 1843070.0)	(38.0, 4573297.0)	(39.0, 27814456.0)	(40.0, 9275770.0)														
fastp | SRR30333757_1	(21.0, 4.0)	(22.0, 14.0)	(23.0, 394.0)	(24.0, 11087.0)	(25.0, 51266.0)	(26.0, 106203.0)	(27.0, 202679.0)	(28.0, 344267.0)	(29.0, 548435.0)	(30.0, 797470.0)	(31.0, 1117826.0)	(32.0, 1481084.0)	(33.0, 2052838.0)	(34.0, 3056996.0)	(35.0, 6450047.0)	(36.0, 26475456.0)	(37.0, 2267771.0)																			
fastp | SRR30333757_2	(20.0, 3.0)	(21.0, 5.0)	(22.0, 48.0)	(23.0, 1952.0)	(24.0, 30672.0)	(25.0, 94385.0)	(26.0, 142903.0)	(27.0, 212261.0)	(28.0, 304560.0)	(29.0, 441155.0)	(30.0, 626789.0)	(31.0, 911664.0)	(32.0, 1329618.0)	(33.0, 2124046.0)	(34.0, 3855549.0)	(35.0, 9669636.0)	(36.0, 23317903.0)	(37.0, 1900688.0)																		
fastp | SRR30333758_1	(22.0, 9.0)	(23.0, 443.0)	(24.0, 11464.0)	(25.0, 48551.0)	(26.0, 100906.0)	(27.0, 190028.0)	(28.0, 324256.0)	(29.0, 520652.0)	(30.0, 756282.0)	(31.0, 1063875.0)	(32.0, 1412469.0)	(33.0, 1958720.0)	(34.0, 2910888.0)	(35.0, 6145490.0)	(36.0, 22961160.0)	(37.0, 1717339.0)																				
fastp | SRR30333758_2	(20.0, 2.0)	(21.0, 2.0)	(22.0, 61.0)	(23.0, 2492.0)	(24.0, 30814.0)	(25.0, 84099.0)	(26.0, 124221.0)	(27.0, 180773.0)	(28.0, 258683.0)	(29.0, 375672.0)	(30.0, 534257.0)	(31.0, 784131.0)	(32.0, 1151963.0)	(33.0, 1862614.0)	(34.0, 3410453.0)	(35.0, 8538821.0)	(36.0, 21093925.0)	(37.0, 1689549.0)																		
fastp | SRR30333759_1	(21.0, 1.0)	(22.0, 10.0)	(23.0, 343.0)	(24.0, 8519.0)	(25.0, 37295.0)	(26.0, 77966.0)	(27.0, 151765.0)	(28.0, 267279.0)	(29.0, 445359.0)	(30.0, 678771.0)	(31.0, 987866.0)	(32.0, 1367003.0)	(33.0, 1954419.0)	(34.0, 2995449.0)	(35.0, 6463186.0)	(36.0, 25135307.0)	(37.0, 2025467.0)																			
fastp | SRR30333759_2	(20.0, 1.0)	(21.0, 8.0)	(22.0, 36.0)	(23.0, 1420.0)	(24.0, 21324.0)	(25.0, 69064.0)	(26.0, 107894.0)	(27.0, 164742.0)	(28.0, 242952.0)	(29.0, 363679.0)	(30.0, 533187.0)	(31.0, 799352.0)	(32.0, 1204535.0)	(33.0, 1998140.0)	(34.0, 3764389.0)	(35.0, 9633773.0)	(36.0, 22069490.0)	(37.0, 1622019.0)																		
fastp | SRR30333760_1	(21.0, 1.0)	(22.0, 15.0)	(23.0, 344.0)	(24.0, 8038.0)	(25.0, 36677.0)	(26.0, 78199.0)	(27.0, 149270.0)	(28.0, 258009.0)	(29.0, 414925.0)	(30.0, 606232.0)	(31.0, 850722.0)	(32.0, 1125518.0)	(33.0, 1551809.0)	(34.0, 2295587.0)	(35.0, 4921301.0)	(36.0, 25897325.0)	(37.0, 2456294.0)																			
fastp | SRR30333760_2	(20.0, 2.0)	(21.0, 2.0)	(22.0, 42.0)	(23.0, 1841.0)	(24.0, 32167.0)	(25.0, 107985.0)	(26.0, 166147.0)	(27.0, 245317.0)	(28.0, 343182.0)	(29.0, 482456.0)	(30.0, 655691.0)	(31.0, 911701.0)	(32.0, 1265060.0)	(33.0, 1938803.0)	(34.0, 3482198.0)	(35.0, 9064523.0)	(36.0, 20531188.0)	(37.0, 1421961.0)																		
fastp | SRR30333761_1	(21.0, 2.0)	(22.0, 15.0)	(23.0, 513.0)	(24.0, 12424.0)	(25.0, 54191.0)	(26.0, 111902.0)	(27.0, 211198.0)	(28.0, 355049.0)	(29.0, 564703.0)	(30.0, 815709.0)	(31.0, 1132316.0)	(32.0, 1495128.0)	(33.0, 2048390.0)	(34.0, 3006965.0)	(35.0, 6190345.0)	(36.0, 23612480.0)	(37.0, 1979219.0)																			
fastp | SRR30333761_2	(20.0, 1.0)	(21.0, 5.0)	(22.0, 53.0)	(23.0, 1935.0)	(24.0, 26624.0)	(25.0, 83981.0)	(26.0, 125703.0)	(27.0, 182359.0)	(28.0, 257301.0)	(29.0, 370576.0)	(30.0, 525310.0)	(31.0, 762479.0)	(32.0, 1115972.0)	(33.0, 1786448.0)	(34.0, 3252606.0)	(35.0, 8393918.0)	(36.0, 22594695.0)	(37.0, 2110583.0)																		
fastp | SRR30333762_1	(22.0, 11.0)	(23.0, 312.0)	(24.0, 8478.0)	(25.0, 38546.0)	(26.0, 81665.0)	(27.0, 155816.0)	(28.0, 268980.0)	(29.0, 430364.0)	(30.0, 630173.0)	(31.0, 881590.0)	(32.0, 1164717.0)	(33.0, 1606458.0)	(34.0, 2383368.0)	(35.0, 5193797.0)	(36.0, 25185345.0)	(37.0, 2148333.0)																				
fastp | SRR30333762_2	(20.0, 2.0)	(21.0, 5.0)	(22.0, 34.0)	(23.0, 1767.0)	(24.0, 29775.0)	(25.0, 98718.0)	(26.0, 148797.0)	(27.0, 216812.0)	(28.0, 303666.0)	(29.0, 426537.0)	(30.0, 586340.0)	(31.0, 823993.0)	(32.0, 1157805.0)	(33.0, 1797602.0)	(34.0, 3225552.0)	(35.0, 8419281.0)	(36.0, 21279643.0)	(37.0, 1661624.0)																		
fastp | SRR30333763_1	(22.0, 7.0)	(23.0, 231.0)	(24.0, 6492.0)	(25.0, 32212.0)	(26.0, 69876.0)	(27.0, 136929.0)	(28.0, 239605.0)	(29.0, 386716.0)	(30.0, 565605.0)	(31.0, 793001.0)	(32.0, 1050558.0)	(33.0, 1441442.0)	(34.0, 2128290.0)	(35.0, 4651905.0)	(36.0, 28169563.0)	(37.0, 2892664.0)																				
fastp | SRR30333763_2	(20.0, 1.0)	(21.0, 7.0)	(22.0, 58.0)	(23.0, 2212.0)	(24.0, 33787.0)	(25.0, 107617.0)	(26.0, 161303.0)	(27.0, 236294.0)	(28.0, 328450.0)	(29.0, 459756.0)	(30.0, 622536.0)	(31.0, 859491.0)	(32.0, 1180515.0)	(33.0, 1793710.0)	(34.0, 3210565.0)	(35.0, 8858025.0)	(36.0, 22972859.0)	(37.0, 1737910.0)																		
fastp | SRR30333764_1	(21.0, 2.0)	(22.0, 7.0)	(23.0, 298.0)	(24.0, 7415.0)	(25.0, 34495.0)	(26.0, 72786.0)	(27.0, 139783.0)	(28.0, 241923.0)	(29.0, 392294.0)	(30.0, 577644.0)	(31.0, 817145.0)	(32.0, 1092566.0)	(33.0, 1515855.0)	(34.0, 2252576.0)	(35.0, 4823704.0)	(36.0, 25763483.0)	(37.0, 2547754.0)																			
fastp | SRR30333764_2	(21.0, 3.0)	(22.0, 51.0)	(23.0, 1714.0)	(24.0, 26788.0)	(25.0, 85168.0)	(26.0, 130469.0)	(27.0, 193490.0)	(28.0, 276637.0)	(29.0, 398158.0)	(30.0, 555097.0)	(31.0, 789905.0)	(32.0, 1120529.0)	(33.0, 1754605.0)	(34.0, 3192849.0)	(35.0, 8598906.0)	(36.0, 21533439.0)	(37.0, 1621922.0)																			
fastp | SRR30333765_1	(21.0, 2.0)	(22.0, 13.0)	(23.0, 405.0)	(24.0, 10574.0)	(25.0, 48016.0)	(26.0, 98804.0)	(27.0, 188331.0)	(28.0, 325037.0)	(29.0, 524820.0)	(30.0, 769412.0)	(31.0, 1090542.0)	(32.0, 1456746.0)	(33.0, 2014600.0)	(34.0, 2974445.0)	(35.0, 6155560.0)	(36.0, 22756173.0)	(37.0, 1692870.0)																			
fastp | SRR30333765_2	(20.0, 2.0)	(21.0, 4.0)	(22.0, 45.0)	(23.0, 1831.0)	(24.0, 27511.0)	(25.0, 83631.0)	(26.0, 126767.0)	(27.0, 189579.0)	(28.0, 273061.0)	(29.0, 397791.0)	(30.0, 569664.0)	(31.0, 834550.0)	(32.0, 1221722.0)	(33.0, 1958828.0)	(34.0, 3534307.0)	(35.0, 8713629.0)	(36.0, 20466804.0)	(37.0, 1706624.0)																		
fastp | SRR30333766_1	(21.0, 3.0)	(22.0, 13.0)	(23.0, 279.0)	(24.0, 8204.0)	(25.0, 38386.0)	(26.0, 81741.0)	(27.0, 155914.0)	(28.0, 267993.0)	(29.0, 431521.0)	(30.0, 629385.0)	(31.0, 883809.0)	(32.0, 1172067.0)	(33.0, 1611635.0)	(34.0, 2377601.0)	(35.0, 5066374.0)	(36.0, 28864951.0)	(37.0, 3121552.0)																			
fastp | SRR30333766_2	(20.0, 2.0)	(21.0, 5.0)	(22.0, 69.0)	(23.0, 2348.0)	(24.0, 33172.0)	(25.0, 102637.0)	(26.0, 152952.0)	(27.0, 221353.0)	(28.0, 311721.0)	(29.0, 440509.0)	(30.0, 604528.0)	(31.0, 849678.0)	(32.0, 1195339.0)	(33.0, 1847750.0)	(34.0, 3353551.0)	(35.0, 9251772.0)	(36.0, 24540648.0)	(37.0, 1803394.0)																		
fastp | SRR30333767_1	(20.0, 1.0)	(21.0, 3.0)	(22.0, 15.0)	(23.0, 404.0)	(24.0, 9856.0)	(25.0, 43894.0)	(26.0, 91803.0)	(27.0, 172601.0)	(28.0, 292189.0)	(29.0, 463906.0)	(30.0, 668871.0)	(31.0, 929071.0)	(32.0, 1224029.0)	(33.0, 1674479.0)	(34.0, 2463426.0)	(35.0, 5273352.0)	(36.0, 26133733.0)	(37.0, 2339193.0)																		
fastp | SRR30333767_2	(20.0, 1.0)	(21.0, 6.0)	(22.0, 51.0)	(23.0, 2121.0)	(24.0, 34186.0)	(25.0, 107125.0)	(26.0, 159521.0)	(27.0, 232076.0)	(28.0, 324077.0)	(29.0, 455660.0)	(30.0, 625109.0)	(31.0, 876831.0)	(32.0, 1231081.0)	(33.0, 1905357.0)	(34.0, 3415059.0)	(35.0, 8954210.0)	(36.0, 21817205.0)	(37.0, 1641150.0)																		
fastp | SRR30333768_1	(21.0, 1.0)	(22.0, 15.0)	(23.0, 628.0)	(24.0, 14985.0)	(25.0, 64074.0)	(26.0, 126302.0)	(27.0, 228827.0)	(28.0, 375311.0)	(29.0, 581835.0)	(30.0, 826747.0)	(31.0, 1133239.0)	(32.0, 1484005.0)	(33.0, 2027091.0)	(34.0, 2989500.0)	(35.0, 6234551.0)	(36.0, 23231413.0)	(37.0, 1826607.0)																			
fastp | SRR30333768_2	(20.0, 2.0)	(21.0, 10.0)	(22.0, 57.0)	(23.0, 2781.0)	(24.0, 41958.0)	(25.0, 127163.0)	(26.0, 185088.0)	(27.0, 263364.0)	(28.0, 361744.0)	(29.0, 500971.0)	(30.0, 684032.0)	(31.0, 960250.0)	(32.0, 1360575.0)	(33.0, 2118093.0)	(34.0, 3729044.0)	(35.0, 8844545.0)	(36.0, 20080928.0)	(37.0, 1884526.0)																		
qc_bundle_trimmed | SRR30333743_1	(15.0, 2.0)	(16.0, 15.0)	(17.0, 432.0)	(18.0, 4961.0)	(19.0, 21770.0)	(20.0, 54548.0)	(21.0, 81525.0)	(22.0, 93276.0)	(23.0, 99705.0)	(24.0, 111959.0)	(25.0, 122661.0)	(26.0, 138272.0)	(27.0, 155906.0)	(28.0, 182843.0)	(29.0, 212552.0)	(30.0, 258690.0)	(31.0, 321750.0)	(32.0, 456172.0)	(33.0, 653321.0)	(34.0, 919400.0)	(35.0, 1242072.0)	(36.0, 1855266.0)	(37.0, 2916983.0)	(38.0, 6775056.0)	(39.0, 27999855.0)	(40.0, 5416827.0)										
qc_bundle_trimmed | SRR30333743_2	(13.0, 1.0)	(14.0, 6.0)	(15.0, 1296.0)	(16.0, 33293.0)	(17.0, 178826.0)	(18.0, 299481.0)	(19.0, 248354.0)	(20.0, 198087.0)	(21.0, 153767.0)	(22.0, 127155.0)	(23.0, 117450.0)	(24.0, 123585.0)	(25.0, 130632.0)	(26.0, 144820.0)	(27.0, 162630.0)	(28.0, 194332.0)	(29.0, 234753.0)	(30.0, 297592.0)	(31.0, 378752.0)	(32.0, 519621.0)	(33.0, 708813.0)	(34.0, 988767.0)	(35.0, 1380788.0)	(36.0, 2202485.0)	(37.0, 3879128.0)	(38.0, 8403037.0)	(39.0, 24591674.0)	(40.0, 4396694.0)								
qc_bundle_trimmed | SRR30333744_1	(13.0, 1.0)	(14.0, 0.0)	(15.0, 1.0)	(16.0, 4.0)	(17.0, 299.0)	(18.0, 3298.0)	(19.0, 15237.0)	(20.0, 40381.0)	(21.0, 64188.0)	(22.0, 73525.0)	(23.0, 78388.0)	(24.0, 88219.0)	(25.0, 97508.0)	(26.0, 111073.0)	(27.0, 123571.0)	(28.0, 146326.0)	(29.0, 170908.0)	(30.0, 208816.0)	(31.0, 257402.0)	(32.0, 363105.0)	(33.0, 495466.0)	(34.0, 674567.0)	(35.0, 919463.0)	(36.0, 1487784.0)	(37.0, 2429787.0)	(38.0, 5204515.0)	(39.0, 25552944.0)	(40.0, 6671701.0)								
qc_bundle_trimmed | SRR30333744_2	(14.0, 10.0)	(15.0, 1399.0)	(16.0, 38282.0)	(17.0, 208265.0)	(18.0, 345905.0)	(19.0, 280865.0)	(20.0, 218720.0)	(21.0, 168429.0)	(22.0, 134118.0)	(23.0, 119754.0)	(24.0, 122712.0)	(25.0, 127341.0)	(26.0, 139421.0)	(27.0, 151067.0)	(28.0, 177714.0)	(29.0, 207802.0)	(30.0, 254092.0)	(31.0, 310414.0)	(32.0, 408350.0)	(33.0, 542293.0)	(34.0, 742699.0)	(35.0, 1040189.0)	(36.0, 1664851.0)	(37.0, 2903686.0)	(38.0, 6710553.0)	(39.0, 23643644.0)	(40.0, 4615902.0)									
qc_bundle_trimmed | SRR30333745_1	(16.0, 13.0)	(17.0, 375.0)	(18.0, 4972.0)	(19.0, 21070.0)	(20.0, 51027.0)	(21.0, 76535.0)	(22.0, 87775.0)	(23.0, 92334.0)	(24.0, 104335.0)	(25.0, 114500.0)	(26.0, 129777.0)	(27.0, 143904.0)	(28.0, 169840.0)	(29.0, 196973.0)	(30.0, 239403.0)	(31.0, 294553.0)	(32.0, 414204.0)	(33.0, 567740.0)	(34.0, 790721.0)	(35.0, 1062054.0)	(36.0, 1719206.0)	(37.0, 2752764.0)	(38.0, 5959462.0)	(39.0, 26855133.0)	(40.0, 5964718.0)											
qc_bundle_trimmed | SRR30333745_2	(13.0, 1.0)	(14.0, 11.0)	(15.0, 1251.0)	(16.0, 37014.0)	(17.0, 213419.0)	(18.0, 367350.0)	(19.0, 294556.0)	(20.0, 222516.0)	(21.0, 167608.0)	(22.0, 134374.0)	(23.0, 121096.0)	(24.0, 124920.0)	(25.0, 129582.0)	(26.0, 142311.0)	(27.0, 155172.0)	(28.0, 180796.0)	(29.0, 212214.0)	(30.0, 258762.0)	(31.0, 316491.0)	(32.0, 420076.0)	(33.0, 559284.0)	(34.0, 775534.0)	(35.0, 1098763.0)	(36.0, 1784526.0)	(37.0, 3207346.0)	(38.0, 7408021.0)	(39.0, 24714904.0)	(40.0, 4765490.0)								
qc_bundle_trimmed | SRR30333746_1	(14.0, 1.0)	(15.0, 0.0)	(16.0, 7.0)	(17.0, 221.0)	(18.0, 2900.0)	(19.0, 13969.0)	(20.0, 38271.0)	(21.0, 61158.0)	(22.0, 70793.0)	(23.0, 76208.0)	(24.0, 86615.0)	(25.0, 95423.0)	(26.0, 109035.0)	(27.0, 121867.0)	(28.0, 144654.0)	(29.0, 168342.0)	(30.0, 206880.0)	(31.0, 255491.0)	(32.0, 349099.0)	(33.0, 474052.0)	(34.0, 667744.0)	(35.0, 908827.0)	(36.0, 1426453.0)	(37.0, 2294673.0)	(38.0, 5246686.0)	(39.0, 24145740.0)	(40.0, 5250926.0)									
qc_bundle_trimmed | SRR30333746_2	(14.0, 7.0)	(15.0, 748.0)	(16.0, 20827.0)	(17.0, 119573.0)	(18.0, 208002.0)	(19.0, 177297.0)	(20.0, 148640.0)	(21.0, 121384.0)	(22.0, 101484.0)	(23.0, 93711.0)	(24.0, 97813.0)	(25.0, 103478.0)	(26.0, 114143.0)	(27.0, 125289.0)	(28.0, 148039.0)	(29.0, 175129.0)	(30.0, 217565.0)	(31.0, 268493.0)	(32.0, 360569.0)	(33.0, 479575.0)	(34.0, 668076.0)	(35.0, 940387.0)	(36.0, 1530327.0)	(37.0, 2702431.0)	(38.0, 6181878.0)	(39.0, 22407153.0)	(40.0, 4704017.0)									
qc_bundle_trimmed | SRR30333747_1	(14.0, 1.0)	(15.0, 0.0)	(16.0, 10.0)	(17.0, 309.0)	(18.0, 4180.0)	(19.0, 17889.0)	(20.0, 46743.0)	(21.0, 75299.0)	(22.0, 85677.0)	(23.0, 89227.0)	(24.0, 99075.0)	(25.0, 109465.0)	(26.0, 122877.0)	(27.0, 135213.0)	(28.0, 159585.0)	(29.0, 184300.0)	(30.0, 221980.0)	(31.0, 263048.0)	(32.0, 338387.0)	(33.0, 443490.0)	(34.0, 615726.0)	(35.0, 874215.0)	(36.0, 1362561.0)	(37.0, 2208924.0)	(38.0, 4842915.0)	(39.0, 23642540.0)	(40.0, 5193232.0)									
qc_bundle_trimmed | SRR30333747_2	(14.0, 12.0)	(15.0, 1295.0)	(16.0, 36421.0)	(17.0, 198658.0)	(18.0, 324100.0)	(19.0, 260685.0)	(20.0, 207869.0)	(21.0, 162455.0)	(22.0, 129281.0)	(23.0, 116785.0)	(24.0, 119952.0)	(25.0, 124704.0)	(26.0, 134767.0)	(27.0, 146971.0)	(28.0, 170291.0)	(29.0, 198123.0)	(30.0, 240050.0)	(31.0, 289373.0)	(32.0, 380317.0)	(33.0, 494677.0)	(34.0, 677261.0)	(35.0, 942284.0)	(36.0, 1502202.0)	(37.0, 2540666.0)	(38.0, 5670916.0)	(39.0, 21544681.0)	(40.0, 4522072.0)									
qc_bundle_trimmed | SRR30333748_1	(15.0, 2.0)	(16.0, 16.0)	(17.0, 491.0)	(18.0, 5952.0)	(19.0, 25304.0)	(20.0, 63264.0)	(21.0, 96829.0)	(22.0, 110653.0)	(23.0, 116771.0)	(24.0, 131002.0)	(25.0, 143122.0)	(26.0, 162232.0)	(27.0, 178998.0)	(28.0, 209876.0)	(29.0, 243695.0)	(30.0, 292089.0)	(31.0, 350986.0)	(32.0, 460788.0)	(33.0, 625222.0)	(34.0, 885358.0)	(35.0, 1238938.0)	(36.0, 2060748.0)	(37.0, 3509569.0)	(38.0, 7673764.0)	(39.0, 37671624.0)	(40.0, 9152341.0)										
qc_bundle_trimmed | SRR30333748_2	(13.0, 1.0)	(14.0, 21.0)	(15.0, 1948.0)	(16.0, 53312.0)	(17.0, 286520.0)	(18.0, 483547.0)	(19.0, 393177.0)	(20.0, 302222.0)	(21.0, 233394.0)	(22.0, 186335.0)	(23.0, 167931.0)	(24.0, 172640.0)	(25.0, 178015.0)	(26.0, 193636.0)	(27.0, 207870.0)	(28.0, 240152.0)	(29.0, 273394.0)	(30.0, 325881.0)	(31.0, 385156.0)	(32.0, 496543.0)	(33.0, 644090.0)	(34.0, 888950.0)	(35.0, 1270485.0)	(36.0, 2102769.0)	(37.0, 3828688.0)	(38.0, 9173590.0)	(39.0, 35728517.0)	(40.0, 7190850.0)								
qc_bundle_trimmed | SRR30333749_1	(15.0, 3.0)	(16.0, 70.0)	(17.0, 1203.0)	(18.0, 10917.0)	(19.0, 37105.0)	(20.0, 68602.0)	(21.0, 83460.0)	(22.0, 86393.0)	(23.0, 88899.0)	(24.0, 97782.0)	(25.0, 105917.0)	(26.0, 118734.0)	(27.0, 131104.0)	(28.0, 154057.0)	(29.0, 177817.0)	(30.0, 211416.0)	(31.0, 249781.0)	(32.0, 323537.0)	(33.0, 424211.0)	(34.0, 584051.0)	(35.0, 837054.0)	(36.0, 1347866.0)	(37.0, 2233326.0)	(38.0, 5216294.0)	(39.0, 29106551.0)	(40.0, 11718344.0)										
qc_bundle_trimmed | SRR30333749_2	(5.0, 2.0)	(6.0, 12.0)	(7.0, 22.0)	(8.0, 36.0)	(9.0, 41.0)	(10.0, 33.0)	(11.0, 66.0)	(12.0, 63.0)	(13.0, 70.0)	(14.0, 98.0)	(15.0, 1561.0)	(16.0, 32202.0)	(17.0, 176372.0)	(18.0, 323398.0)	(19.0, 297133.0)	(20.0, 242701.0)	(21.0, 182626.0)	(22.0, 145016.0)	(23.0, 129835.0)	(24.0, 132410.0)	(25.0, 135664.0)	(26.0, 146020.0)	(27.0, 155227.0)	(28.0, 176998.0)	(29.0, 199648.0)	(30.0, 236938.0)	(31.0, 281819.0)	(32.0, 365450.0)	(33.0, 477592.0)	(34.0, 668052.0)	(35.0, 959680.0)	(36.0, 1565681.0)	(37.0, 2725063.0)	(38.0, 6283032.0)	(39.0, 27857482.0)	(40.0, 9516451.0)
qc_bundle_trimmed | SRR30333750_1	(16.0, 9.0)	(17.0, 271.0)	(18.0, 3504.0)	(19.0, 16702.0)	(20.0, 45932.0)	(21.0, 73320.0)	(22.0, 85413.0)	(23.0, 90027.0)	(24.0, 100958.0)	(25.0, 111875.0)	(26.0, 126242.0)	(27.0, 141126.0)	(28.0, 166448.0)	(29.0, 194507.0)	(30.0, 235919.0)	(31.0, 286478.0)	(32.0, 391935.0)	(33.0, 553780.0)	(34.0, 786711.0)	(35.0, 1068996.0)	(36.0, 1773325.0)	(37.0, 2971330.0)	(38.0, 6489542.0)	(39.0, 30589473.0)	(40.0, 6637719.0)											
qc_bundle_trimmed | SRR30333750_2	(14.0, 13.0)	(15.0, 844.0)	(16.0, 22177.0)	(17.0, 124620.0)	(18.0, 220178.0)	(19.0, 201838.0)	(20.0, 184143.0)	(21.0, 155584.0)	(22.0, 131472.0)	(23.0, 123550.0)	(24.0, 130153.0)	(25.0, 136320.0)	(26.0, 152052.0)	(27.0, 165368.0)	(28.0, 195238.0)	(29.0, 227515.0)	(30.0, 279276.0)	(31.0, 339704.0)	(32.0, 448422.0)	(33.0, 589591.0)	(34.0, 812511.0)	(35.0, 1147762.0)	(36.0, 1871259.0)	(37.0, 3325788.0)	(38.0, 7812742.0)	(39.0, 28801115.0)	(40.0, 5342307.0)									
qc_bundle_trimmed | SRR30333751_1	(14.0, 1.0)	(15.0, 3.0)	(16.0, 12.0)	(17.0, 406.0)	(18.0, 4849.0)	(19.0, 21124.0)	(20.0, 54963.0)	(21.0, 85775.0)	(22.0, 96808.0)	(23.0, 102828.0)	(24.0, 115176.0)	(25.0, 125960.0)	(26.0, 142129.0)	(27.0, 157326.0)	(28.0, 185119.0)	(29.0, 213811.0)	(30.0, 258400.0)	(31.0, 311844.0)	(32.0, 426677.0)	(33.0, 581213.0)	(34.0, 811647.0)	(35.0, 1095047.0)	(36.0, 1805282.0)	(37.0, 2946233.0)	(38.0, 6378255.0)	(39.0, 31389867.0)	(40.0, 7924171.0)									
qc_bundle_trimmed | SRR30333751_2	(14.0, 14.0)	(15.0, 1484.0)	(16.0, 37642.0)	(17.0, 203445.0)	(18.0, 340870.0)	(19.0, 278459.0)	(20.0, 218251.0)	(21.0, 168912.0)	(22.0, 137399.0)	(23.0, 125271.0)	(24.0, 130494.0)	(25.0, 136598.0)	(26.0, 150563.0)	(27.0, 163238.0)	(28.0, 191475.0)	(29.0, 223557.0)	(30.0, 275435.0)	(31.0, 337802.0)	(32.0, 447091.0)	(33.0, 590319.0)	(34.0, 821532.0)	(35.0, 1158609.0)	(36.0, 1887802.0)	(37.0, 3338232.0)	(38.0, 7728333.0)	(39.0, 29548207.0)	(40.0, 6593892.0)									
qc_bundle_trimmed | SRR30333752_1	(15.0, 3.0)	(16.0, 10.0)	(17.0, 356.0)	(18.0, 4180.0)	(19.0, 18816.0)	(20.0, 49968.0)	(21.0, 80714.0)	(22.0, 93639.0)	(23.0, 99566.0)	(24.0, 111949.0)	(25.0, 124184.0)	(26.0, 140802.0)	(27.0, 156571.0)	(28.0, 185395.0)	(29.0, 216620.0)	(30.0, 263530.0)	(31.0, 322042.0)	(32.0, 440980.0)	(33.0, 590901.0)	(34.0, 829084.0)	(35.0, 1152801.0)	(36.0, 1899658.0)	(37.0, 3214912.0)	(38.0, 7568843.0)	(39.0, 35064546.0)	(40.0, 6708960.0)										
qc_bundle_trimmed | SRR30333752_2	(14.0, 20.0)	(15.0, 1329.0)	(16.0, 36103.0)	(17.0, 195629.0)	(18.0, 332414.0)	(19.0, 283152.0)	(20.0, 240795.0)	(21.0, 195735.0)	(22.0, 160425.0)	(23.0, 146336.0)	(24.0, 151660.0)	(25.0, 158712.0)	(26.0, 174209.0)	(27.0, 188478.0)	(28.0, 220788.0)	(29.0, 257060.0)	(30.0, 311889.0)	(31.0, 381905.0)	(32.0, 503613.0)	(33.0, 660868.0)	(34.0, 913678.0)	(35.0, 1286446.0)	(36.0, 2056477.0)	(37.0, 3598176.0)	(38.0, 8434534.0)	(39.0, 32591398.0)	(40.0, 5857201.0)									
qc_bundle_trimmed | SRR30333753_1	(12.0, 1.0)	(13.0, 0.0)	(14.0, 0.0)	(15.0, 1.0)	(16.0, 12.0)	(17.0, 484.0)	(18.0, 5557.0)	(19.0, 22303.0)	(20.0, 53634.0)	(21.0, 82481.0)	(22.0, 91743.0)	(23.0, 94562.0)	(24.0, 105662.0)	(25.0, 114399.0)	(26.0, 128949.0)	(27.0, 143031.0)	(28.0, 167810.0)	(29.0, 196349.0)	(30.0, 235538.0)	(31.0, 285748.0)	(32.0, 387461.0)	(33.0, 539593.0)	(34.0, 757025.0)	(35.0, 1012799.0)	(36.0, 1599856.0)	(37.0, 2542821.0)	(38.0, 5198638.0)	(39.0, 22024530.0)	(40.0, 4520775.0)							
qc_bundle_trimmed | SRR30333753_2	(14.0, 14.0)	(15.0, 983.0)	(16.0, 27203.0)	(17.0, 158716.0)	(18.0, 273377.0)	(19.0, 234874.0)	(20.0, 198682.0)	(21.0, 158998.0)	(22.0, 128953.0)	(23.0, 116796.0)	(24.0, 119920.0)	(25.0, 125393.0)	(26.0, 136842.0)	(27.0, 149424.0)	(28.0, 176155.0)	(29.0, 205586.0)	(30.0, 252387.0)	(31.0, 308619.0)	(32.0, 407164.0)	(33.0, 535817.0)	(34.0, 734816.0)	(35.0, 1019498.0)	(36.0, 1612535.0)	(37.0, 2801519.0)	(38.0, 6240532.0)	(39.0, 20296050.0)	(40.0, 3890909.0)									
qc_bundle_trimmed | SRR30333754_1	(16.0, 10.0)	(17.0, 407.0)	(18.0, 4399.0)	(19.0, 19974.0)	(20.0, 51809.0)	(21.0, 80731.0)	(22.0, 91657.0)	(23.0, 98593.0)	(24.0, 110412.0)	(25.0, 120534.0)	(26.0, 136524.0)	(27.0, 152239.0)	(28.0, 178987.0)	(29.0, 207504.0)	(30.0, 248760.0)	(31.0, 298357.0)	(32.0, 391696.0)	(33.0, 530478.0)	(34.0, 771833.0)	(35.0, 1118141.0)	(36.0, 1759460.0)	(37.0, 2869422.0)	(38.0, 6280942.0)	(39.0, 28221683.0)	(40.0, 7347278.0)											
qc_bundle_trimmed | SRR30333754_2	(14.0, 20.0)	(15.0, 1935.0)	(16.0, 52963.0)	(17.0, 285479.0)	(18.0, 465213.0)	(19.0, 359425.0)	(20.0, 261317.0)	(21.0, 190072.0)	(22.0, 147521.0)	(23.0, 131238.0)	(24.0, 133616.0)	(25.0, 138618.0)	(26.0, 151182.0)	(27.0, 165319.0)	(28.0, 194501.0)	(29.0, 225672.0)	(30.0, 278004.0)	(31.0, 341623.0)	(32.0, 454497.0)	(33.0, 602857.0)	(34.0, 833964.0)	(35.0, 1166166.0)	(36.0, 1883924.0)	(37.0, 3356439.0)	(38.0, 7776348.0)	(39.0, 26098461.0)	(40.0, 5395456.0)									
qc_bundle_trimmed | SRR30333755_1	(15.0, 1.0)	(16.0, 15.0)	(17.0, 478.0)	(18.0, 5560.0)	(19.0, 23530.0)	(20.0, 58623.0)	(21.0, 92493.0)	(22.0, 103983.0)	(23.0, 107572.0)	(24.0, 120151.0)	(25.0, 131417.0)	(26.0, 148573.0)	(27.0, 166387.0)	(28.0, 194755.0)	(29.0, 226999.0)	(30.0, 275264.0)	(31.0, 332735.0)	(32.0, 460301.0)	(33.0, 634487.0)	(34.0, 856226.0)	(35.0, 1100127.0)	(36.0, 1748977.0)	(37.0, 2755004.0)	(38.0, 5389683.0)	(39.0, 21279119.0)	(40.0, 3924441.0)										
qc_bundle_trimmed | SRR30333755_2	(14.0, 8.0)	(15.0, 1163.0)	(16.0, 32243.0)	(17.0, 177376.0)	(18.0, 297006.0)	(19.0, 247694.0)	(20.0, 204131.0)	(21.0, 161491.0)	(22.0, 131216.0)	(23.0, 119661.0)	(24.0, 122999.0)	(25.0, 129339.0)	(26.0, 142600.0)	(27.0, 156676.0)	(28.0, 185024.0)	(29.0, 220268.0)	(30.0, 274690.0)	(31.0, 339387.0)	(32.0, 456805.0)	(33.0, 604577.0)	(34.0, 830352.0)	(35.0, 1150083.0)	(36.0, 1796993.0)	(37.0, 3074753.0)	(38.0, 6527692.0)	(39.0, 19087825.0)	(40.0, 3664849.0)									
qc_bundle_trimmed | SRR30333756_1	(14.0, 1.0)	(15.0, 0.0)	(16.0, 5.0)	(17.0, 300.0)	(18.0, 3687.0)	(19.0, 15789.0)	(20.0, 41619.0)	(21.0, 67117.0)	(22.0, 77472.0)	(23.0, 82992.0)	(24.0, 93894.0)	(25.0, 103266.0)	(26.0, 117736.0)	(27.0, 132898.0)	(28.0, 155994.0)	(29.0, 179039.0)	(30.0, 214950.0)	(31.0, 256301.0)	(32.0, 334087.0)	(33.0, 444248.0)	(34.0, 617374.0)	(35.0, 870868.0)	(36.0, 1469139.0)	(37.0, 2498704.0)	(38.0, 5508920.0)	(39.0, 28911587.0)	(40.0, 7578999.0)									
qc_bundle_trimmed | SRR30333756_2	(14.0, 16.0)	(15.0, 1510.0)	(16.0, 44184.0)	(17.0, 253361.0)	(18.0, 429298.0)	(19.0, 336600.0)	(20.0, 249721.0)	(21.0, 187275.0)	(22.0, 146565.0)	(23.0, 129486.0)	(24.0, 132004.0)	(25.0, 134826.0)	(26.0, 145051.0)	(27.0, 155806.0)	(28.0, 179566.0)	(29.0, 206616.0)	(30.0, 248104.0)	(31.0, 298745.0)	(32.0, 390651.0)	(33.0, 514623.0)	(34.0, 716772.0)	(35.0, 1016432.0)	(36.0, 1668382.0)	(37.0, 2978297.0)	(38.0, 7008125.0)	(39.0, 26713292.0)	(40.0, 5491678.0)									
qc_bundle_trimmed | SRR30333757_1	(14.0, 3.0)	(15.0, 29.0)	(16.0, 115.0)	(17.0, 310.0)	(18.0, 657.0)	(19.0, 1155.0)	(20.0, 2313.0)	(21.0, 4290.0)	(22.0, 8202.0)	(23.0, 16099.0)	(24.0, 31079.0)	(25.0, 63795.0)	(26.0, 120059.0)	(27.0, 220934.0)	(28.0, 368238.0)	(29.0, 577895.0)	(30.0, 833058.0)	(31.0, 1159479.0)	(32.0, 1536077.0)	(33.0, 2139866.0)	(34.0, 3213571.0)	(35.0, 6735194.0)	(36.0, 26616577.0)	(37.0, 1565595.0)												
qc_bundle_trimmed | SRR30333757_2	(11.0, 5.0)	(12.0, 434.0)	(13.0, 3614.0)	(14.0, 7881.0)	(15.0, 8975.0)	(16.0, 7631.0)	(17.0, 7006.0)	(18.0, 7071.0)	(19.0, 9198.0)	(20.0, 13586.0)	(21.0, 21937.0)	(22.0, 33931.0)	(23.0, 49746.0)	(24.0, 71580.0)	(25.0, 105800.0)	(26.0, 153661.0)	(27.0, 227245.0)	(28.0, 324556.0)	(29.0, 469214.0)	(30.0, 665387.0)	(31.0, 966502.0)	(32.0, 1413460.0)	(33.0, 2276810.0)	(34.0, 4186338.0)	(35.0, 10426178.0)	(36.0, 22608930.0)	(37.0, 1147765.0)									
qc_bundle_trimmed | SRR30333758_1	(14.0, 2.0)	(15.0, 13.0)	(16.0, 88.0)	(17.0, 232.0)	(18.0, 510.0)	(19.0, 979.0)	(20.0, 1985.0)	(21.0, 3754.0)	(22.0, 7357.0)	(23.0, 14849.0)	(24.0, 29146.0)	(25.0, 58005.0)	(26.0, 112156.0)	(27.0, 205919.0)	(28.0, 346394.0)	(29.0, 548378.0)	(30.0, 792362.0)	(31.0, 1108234.0)	(32.0, 1471616.0)	(33.0, 2049583.0)	(34.0, 3080045.0)	(35.0, 6460079.0)	(36.0, 23054059.0)	(37.0, 1105765.0)												
qc_bundle_trimmed | SRR30333758_2	(11.0, 13.0)	(12.0, 824.0)	(13.0, 6674.0)	(14.0, 15156.0)	(15.0, 18441.0)	(16.0, 16333.0)	(17.0, 14016.0)	(18.0, 13017.0)	(19.0, 14860.0)	(20.0, 20952.0)	(21.0, 32951.0)	(22.0, 45043.0)	(23.0, 55489.0)	(24.0, 68854.0)	(25.0, 93343.0)	(26.0, 131539.0)	(27.0, 191702.0)	(28.0, 273707.0)	(29.0, 396567.0)	(30.0, 563471.0)	(31.0, 826315.0)	(32.0, 1217528.0)	(33.0, 1985077.0)	(34.0, 3695474.0)	(35.0, 9285991.0)	(36.0, 20512128.0)	(37.0, 955807.0)									
qc_bundle_trimmed | SRR30333759_1	(14.0, 2.0)	(15.0, 18.0)	(16.0, 118.0)	(17.0, 301.0)	(18.0, 531.0)	(19.0, 1086.0)	(20.0, 2040.0)	(21.0, 3835.0)	(22.0, 7065.0)	(23.0, 13167.0)	(24.0, 24293.0)	(25.0, 46690.0)	(26.0, 88020.0)	(27.0, 165600.0)	(28.0, 285903.0)	(29.0, 471043.0)	(30.0, 711130.0)	(31.0, 1031252.0)	(32.0, 1426593.0)	(33.0, 2057680.0)	(34.0, 3186903.0)	(35.0, 6849052.0)	(36.0, 25077084.0)	(37.0, 1321066.0)												
qc_bundle_trimmed | SRR30333759_2	(11.0, 2.0)	(12.0, 155.0)	(13.0, 1424.0)	(14.0, 3258.0)	(15.0, 3863.0)	(16.0, 3685.0)	(17.0, 3788.0)	(18.0, 4400.0)	(19.0, 6076.0)	(20.0, 9287.0)	(21.0, 15424.0)	(22.0, 23811.0)	(23.0, 36236.0)	(24.0, 52261.0)	(25.0, 78234.0)	(26.0, 116157.0)	(27.0, 176530.0)	(28.0, 260029.0)	(29.0, 388275.0)	(30.0, 568070.0)	(31.0, 851602.0)	(32.0, 1286832.0)	(33.0, 2157407.0)	(34.0, 4138559.0)	(35.0, 10568400.0)	(36.0, 21133948.0)	(37.0, 882705.0)									
qc_bundle_trimmed | SRR30333760_1	(14.0, 1.0)	(15.0, 18.0)	(16.0, 67.0)	(17.0, 195.0)	(18.0, 427.0)	(19.0, 809.0)	(20.0, 1580.0)	(21.0, 2982.0)	(22.0, 5947.0)	(23.0, 11836.0)	(24.0, 23203.0)	(25.0, 46506.0)	(26.0, 88934.0)	(27.0, 165191.0)	(28.0, 277981.0)	(29.0, 439194.0)	(30.0, 635580.0)	(31.0, 885025.0)	(32.0, 1169756.0)	(33.0, 1620419.0)	(34.0, 2418210.0)	(35.0, 5189198.0)	(36.0, 26246280.0)	(37.0, 1636015.0)												
qc_bundle_trimmed | SRR30333760_2	(11.0, 2.0)	(12.0, 238.0)	(13.0, 2047.0)	(14.0, 4645.0)	(15.0, 5415.0)	(16.0, 4945.0)	(17.0, 4647.0)	(18.0, 5094.0)	(19.0, 6838.0)	(20.0, 10616.0)	(21.0, 17745.0)	(22.0, 29468.0)	(23.0, 48334.0)	(24.0, 76192.0)	(25.0, 118952.0)	(26.0, 176075.0)	(27.0, 258954.0)	(28.0, 362502.0)	(29.0, 507456.0)	(30.0, 690615.0)	(31.0, 958611.0)	(32.0, 1332772.0)	(33.0, 2064224.0)	(34.0, 3773551.0)	(35.0, 9906555.0)	(36.0, 19756071.0)	(37.0, 742721.0)									
qc_bundle_trimmed | SRR30333761_1	(14.0, 3.0)	(15.0, 10.0)	(16.0, 104.0)	(17.0, 234.0)	(18.0, 526.0)	(19.0, 1024.0)	(20.0, 2107.0)	(21.0, 4263.0)	(22.0, 8145.0)	(23.0, 16650.0)	(24.0, 32776.0)	(25.0, 66335.0)	(26.0, 125856.0)	(27.0, 229457.0)	(28.0, 380353.0)	(29.0, 596051.0)	(30.0, 856773.0)	(31.0, 1182508.0)	(32.0, 1560469.0)	(33.0, 2161946.0)	(34.0, 3203537.0)	(35.0, 6504871.0)	(36.0, 23625889.0)	(37.0, 1284534.0)												
qc_bundle_trimmed | SRR30333761_2	(11.0, 6.0)	(12.0, 551.0)	(13.0, 4391.0)	(14.0, 8247.0)	(15.0, 8452.0)	(16.0, 6810.0)	(17.0, 6035.0)	(18.0, 6359.0)	(19.0, 8384.0)	(20.0, 13152.0)	(21.0, 21916.0)	(22.0, 33390.0)	(23.0, 48963.0)	(24.0, 69070.0)	(25.0, 98783.0)	(26.0, 137056.0)	(27.0, 197530.0)	(28.0, 277211.0)	(29.0, 398431.0)	(30.0, 563266.0)	(31.0, 816857.0)	(32.0, 1199139.0)	(33.0, 1941456.0)	(34.0, 3606976.0)	(35.0, 9335936.0)	(36.0, 21862644.0)	(37.0, 1173164.0)									
qc_bundle_trimmed | SRR30333762_1	(15.0, 14.0)	(16.0, 82.0)	(17.0, 217.0)	(18.0, 444.0)	(19.0, 951.0)	(20.0, 1755.0)	(21.0, 3267.0)	(22.0, 6479.0)	(23.0, 12813.0)	(24.0, 24811.0)	(25.0, 50424.0)	(26.0, 96251.0)	(27.0, 176864.0)	(28.0, 296527.0)	(29.0, 464514.0)	(30.0, 670862.0)	(31.0, 933230.0)	(32.0, 1239244.0)	(33.0, 1735842.0)	(34.0, 2598774.0)	(35.0, 5676509.0)	(36.0, 25237091.0)	(37.0, 1161129.0)													
qc_bundle_trimmed | SRR30333762_2	(11.0, 2.0)	(12.0, 357.0)	(13.0, 2329.0)	(14.0, 4517.0)	(15.0, 4619.0)	(16.0, 3934.0)	(17.0, 3728.0)	(18.0, 4426.0)	(19.0, 6244.0)	(20.0, 10313.0)	(21.0, 17465.0)	(22.0, 28911.0)	(23.0, 47542.0)	(24.0, 72027.0)	(25.0, 109071.0)	(26.0, 157190.0)	(27.0, 227480.0)	(28.0, 318958.0)	(29.0, 447372.0)	(30.0, 614381.0)	(31.0, 862034.0)	(32.0, 1212840.0)	(33.0, 1888602.0)	(34.0, 3413254.0)	(35.0, 8959272.0)	(36.0, 21031664.0)	(37.0, 939431.0)									
qc_bundle_trimmed | SRR30333763_1	(14.0, 1.0)	(15.0, 19.0)	(16.0, 87.0)	(17.0, 237.0)	(18.0, 485.0)	(19.0, 841.0)	(20.0, 1558.0)	(21.0, 3015.0)	(22.0, 5684.0)	(23.0, 10732.0)	(24.0, 21237.0)	(25.0, 42478.0)	(26.0, 82127.0)	(27.0, 154350.0)	(28.0, 261545.0)	(29.0, 415313.0)	(30.0, 599022.0)	(31.0, 832689.0)	(32.0, 1102466.0)	(33.0, 1527652.0)	(34.0, 2271606.0)	(35.0, 4993392.0)	(36.0, 28703438.0)	(37.0, 1814273.0)												
qc_bundle_trimmed | SRR30333763_2	(11.0, 6.0)	(12.0, 413.0)	(13.0, 3568.0)	(14.0, 8895.0)	(15.0, 11599.0)	(16.0, 11239.0)	(17.0, 10381.0)	(18.0, 9928.0)	(19.0, 11525.0)	(20.0, 15851.0)	(21.0, 25148.0)	(22.0, 38009.0)	(23.0, 56114.0)	(24.0, 80171.0)	(25.0, 119085.0)	(26.0, 171554.0)	(27.0, 251326.0)	(28.0, 349877.0)	(29.0, 487358.0)	(30.0, 659735.0)	(31.0, 910722.0)	(32.0, 1253770.0)	(33.0, 1923445.0)	(34.0, 3533848.0)	(35.0, 9914242.0)	(36.0, 22134145.0)	(37.0, 852201.0)									
qc_bundle_trimmed | SRR30333764_1	(15.0, 12.0)	(16.0, 67.0)	(17.0, 187.0)	(18.0, 424.0)	(19.0, 755.0)	(20.0, 1480.0)	(21.0, 2951.0)	(22.0, 5682.0)	(23.0, 11474.0)	(24.0, 22181.0)	(25.0, 43868.0)	(26.0, 83602.0)	(27.0, 154538.0)	(28.0, 261677.0)	(29.0, 418038.0)	(30.0, 609900.0)	(31.0, 861426.0)	(32.0, 1159334.0)	(33.0, 1640813.0)	(34.0, 2445199.0)	(35.0, 5151713.0)	(36.0, 25970786.0)	(37.0, 1666466.0)													
qc_bundle_trimmed | SRR30333764_2	(11.0, 4.0)	(12.0, 406.0)	(13.0, 3809.0)	(14.0, 8370.0)	(15.0, 9428.0)	(16.0, 8244.0)	(17.0, 6986.0)	(18.0, 7063.0)	(19.0, 8678.0)	(20.0, 12770.0)	(21.0, 20277.0)	(22.0, 30680.0)	(23.0, 45565.0)	(24.0, 65490.0)	(25.0, 95866.0)	(26.0, 138585.0)	(27.0, 206023.0)	(28.0, 293591.0)	(29.0, 421324.0)	(30.0, 587335.0)	(31.0, 834845.0)	(32.0, 1188206.0)	(33.0, 1874762.0)	(34.0, 3473516.0)	(35.0, 9457291.0)	(36.0, 20867680.0)	(37.0, 845681.0)									
qc_bundle_trimmed | SRR30333765_1	(14.0, 1.0)	(15.0, 17.0)	(16.0, 96.0)	(17.0, 257.0)	(18.0, 535.0)	(19.0, 1099.0)	(20.0, 2025.0)	(21.0, 4130.0)	(22.0, 7666.0)	(23.0, 15104.0)	(24.0, 29378.0)	(25.0, 59534.0)	(26.0, 112886.0)	(27.0, 207972.0)	(28.0, 349909.0)	(29.0, 557185.0)	(30.0, 811464.0)	(31.0, 1142931.0)	(32.0, 1535352.0)	(33.0, 2154703.0)	(34.0, 3189138.0)	(35.0, 6477571.0)	(36.0, 22586778.0)	(37.0, 1118744.0)												
qc_bundle_trimmed | SRR30333765_2	(11.0, 5.0)	(12.0, 612.0)	(13.0, 5019.0)	(14.0, 10388.0)	(15.0, 10933.0)	(16.0, 8993.0)	(17.0, 7773.0)	(18.0, 7745.0)	(19.0, 9854.0)	(20.0, 14544.0)	(21.0, 23205.0)	(22.0, 33873.0)	(23.0, 47429.0)	(24.0, 66127.0)	(25.0, 95127.0)	(26.0, 136718.0)	(27.0, 202882.0)	(28.0, 292250.0)	(29.0, 423677.0)	(30.0, 605754.0)	(31.0, 885321.0)	(32.0, 1300102.0)	(33.0, 2099839.0)	(34.0, 3841706.0)	(35.0, 9488108.0)	(36.0, 19782794.0)	(37.0, 963425.0)									
qc_bundle_trimmed | SRR30333766_1	(14.0, 1.0)	(15.0, 11.0)	(16.0, 62.0)	(17.0, 184.0)	(18.0, 417.0)	(19.0, 788.0)	(20.0, 1580.0)	(21.0, 3183.0)	(22.0, 6312.0)	(23.0, 12167.0)	(24.0, 23951.0)	(25.0, 48363.0)	(26.0, 92468.0)	(27.0, 170833.0)	(28.0, 287588.0)	(29.0, 455214.0)	(30.0, 657510.0)	(31.0, 918692.0)	(32.0, 1212031.0)	(33.0, 1668295.0)	(34.0, 2478995.0)	(35.0, 5301460.0)	(36.0, 29549543.0)	(37.0, 2125071.0)												
qc_bundle_trimmed | SRR30333766_2	(11.0, 6.0)	(12.0, 442.0)	(13.0, 3712.0)	(14.0, 9243.0)	(15.0, 12463.0)	(16.0, 12328.0)	(17.0, 11621.0)	(18.0, 11387.0)	(19.0, 13120.0)	(20.0, 18316.0)	(21.0, 28194.0)	(22.0, 42158.0)	(23.0, 59361.0)	(24.0, 80571.0)	(25.0, 115067.0)	(26.0, 162978.0)	(27.0, 236734.0)	(28.0, 331877.0)	(29.0, 468068.0)	(30.0, 642165.0)	(31.0, 901253.0)	(32.0, 1272931.0)	(33.0, 1991869.0)	(34.0, 3715647.0)	(35.0, 10391926.0)	(36.0, 23560892.0)	(37.0, 920313.0)									
qc_bundle_trimmed | SRR30333767_1	(15.0, 23.0)	(16.0, 79.0)	(17.0, 224.0)	(18.0, 458.0)	(19.0, 920.0)	(20.0, 1848.0)	(21.0, 3687.0)	(22.0, 7105.0)	(23.0, 14460.0)	(24.0, 28479.0)	(25.0, 56383.0)	(26.0, 106178.0)	(27.0, 192994.0)	(28.0, 318638.0)	(29.0, 496036.0)	(30.0, 708376.0)	(31.0, 983172.0)	(32.0, 1314479.0)	(33.0, 1831212.0)	(34.0, 2708292.0)	(35.0, 5627311.0)	(36.0, 26146148.0)	(37.0, 1525824.0)													
qc_bundle_trimmed | SRR30333767_2	(11.0, 5.0)	(12.0, 544.0)	(13.0, 4468.0)	(14.0, 10317.0)	(15.0, 11905.0)	(16.0, 10332.0)	(17.0, 8913.0)	(18.0, 8773.0)	(19.0, 10675.0)	(20.0, 15486.0)	(21.0, 25269.0)	(22.0, 39102.0)	(23.0, 57804.0)	(24.0, 82248.0)	(25.0, 120662.0)	(26.0, 170898.0)	(27.0, 247830.0)	(28.0, 345754.0)	(29.0, 485667.0)	(30.0, 665650.0)	(31.0, 933045.0)	(32.0, 1316936.0)	(33.0, 2058978.0)	(34.0, 3771895.0)	(35.0, 9922329.0)	(36.0, 20913636.0)	(37.0, 833045.0)									
qc_bundle_trimmed | SRR30333768_1	(14.0, 1.0)	(15.0, 19.0)	(16.0, 94.0)	(17.0, 280.0)	(18.0, 582.0)	(19.0, 1346.0)	(20.0, 2632.0)	(21.0, 5357.0)	(22.0, 10799.0)	(23.0, 21904.0)	(24.0, 42797.0)	(25.0, 83863.0)	(26.0, 149190.0)	(27.0, 260260.0)	(28.0, 415734.0)	(29.0, 630874.0)	(30.0, 882727.0)	(31.0, 1200344.0)	(32.0, 1565927.0)	(33.0, 2164167.0)	(34.0, 3243413.0)	(35.0, 6615895.0)	(36.0, 23100157.0)	(37.0, 1096928.0)												
qc_bundle_trimmed | SRR30333768_2	(11.0, 19.0)	(12.0, 1158.0)	(13.0, 7036.0)	(14.0, 12314.0)	(15.0, 12142.0)	(16.0, 9752.0)	(17.0, 8364.0)	(18.0, 8554.0)	(19.0, 11635.0)	(20.0, 18216.0)	(21.0, 30597.0)	(22.0, 47521.0)	(23.0, 71313.0)	(24.0, 102347.0)	(25.0, 145011.0)	(26.0, 200315.0)	(27.0, 284838.0)	(28.0, 389743.0)	(29.0, 538957.0)	(30.0, 734464.0)	(31.0, 1031294.0)	(32.0, 1467730.0)	(33.0, 2310506.0)	(34.0, 4145734.0)	(35.0, 9769045.0)	(36.0, 19213563.0)	(37.0, 922663.0)									
