Sample	0	1	2	3	4	5	6	7	8	9	10	11	12	13	14	15	16	17	18	19	20	21	22	23	24	25	26	27
cutadapt | SRR30333743_1	(13.0, 1.0)	(14.0, 1.0)	(15.0, 3.0)	(16.0, 3.0)	(17.0, 125.0)	(18.0, 1751.0)	(19.0, 8330.0)	(20.0, 25040.0)	(21.0, 46157.0)	(22.0, 61497.0)	(23.0, 71373.0)	(24.0, 84057.0)	(25.0, 95333.0)	(26.0, 109855.0)	(27.0, 126248.0)	(28.0, 150737.0)	(29.0, 176192.0)	(30.0, 213352.0)	(31.0, 255471.0)	(32.0, 322661.0)	(33.0, 406129.0)	(34.0, 554587.0)	(35.0, 806752.0)	(36.0, 1360998.0)	(37.0, 2311874.0)	(38.0, 5520144.0)	(39.0, 28459406.0)	(40.0, 8033340.0)
cutadapt | SRR30333743_2	(14.0, 1.0)	(15.0, 479.0)	(16.0, 13597.0)	(17.0, 79402.0)	(18.0, 142805.0)	(19.0, 130129.0)	(20.0, 120583.0)	(21.0, 112220.0)	(22.0, 108887.0)	(23.0, 107327.0)	(24.0, 114618.0)	(25.0, 116500.0)	(26.0, 125818.0)	(27.0, 135926.0)	(28.0, 157575.0)	(29.0, 185599.0)	(30.0, 229918.0)	(31.0, 293142.0)	(32.0, 414207.0)	(33.0, 587763.0)	(34.0, 866272.0)	(35.0, 1291218.0)	(36.0, 2210598.0)	(37.0, 4011589.0)	(38.0, 8436921.0)	(39.0, 24698772.0)	(40.0, 4509551.0)	
cutadapt | SRR30333754_1	(16.0, 4.0)	(17.0, 140.0)	(18.0, 1701.0)	(19.0, 8893.0)	(20.0, 28283.0)	(21.0, 51616.0)	(22.0, 65481.0)	(23.0, 75739.0)	(24.0, 90013.0)	(25.0, 101705.0)	(26.0, 118840.0)	(27.0, 134934.0)	(28.0, 161439.0)	(29.0, 188756.0)	(30.0, 226927.0)	(31.0, 269671.0)	(32.0, 342024.0)	(33.0, 433417.0)	(34.0, 595051.0)	(35.0, 876668.0)	(36.0, 1569420.0)	(37.0, 2908759.0)	(38.0, 6241690.0)	(39.0, 28045805.0)	(40.0, 7283769.0)			
cutadapt | SRR30333754_2	(14.0, 5.0)	(15.0, 638.0)	(16.0, 20522.0)	(17.0, 120990.0)	(18.0, 213601.0)	(19.0, 184588.0)	(20.0, 160322.0)	(21.0, 144969.0)	(22.0, 135897.0)	(23.0, 131307.0)	(24.0, 133745.0)	(25.0, 132373.0)	(26.0, 138555.0)	(27.0, 145075.0)	(28.0, 166130.0)	(29.0, 188724.0)	(30.0, 229536.0)	(31.0, 281594.0)	(32.0, 378922.0)	(33.0, 509721.0)	(34.0, 728605.0)	(35.0, 1078850.0)	(36.0, 1835433.0)	(37.0, 3323541.0)	(38.0, 7640004.0)	(39.0, 26270292.0)	(40.0, 5526806.0)	
cutadapt | SRR30333756_1	(16.0, 3.0)	(17.0, 112.0)	(18.0, 1490.0)	(19.0, 7271.0)	(20.0, 23543.0)	(21.0, 44915.0)	(22.0, 57104.0)	(23.0, 66270.0)	(24.0, 78470.0)	(25.0, 89031.0)	(26.0, 104223.0)	(27.0, 120049.0)	(28.0, 144169.0)	(29.0, 167523.0)	(30.0, 202460.0)	(31.0, 241243.0)	(32.0, 305696.0)	(33.0, 389605.0)	(34.0, 533008.0)	(35.0, 779575.0)	(36.0, 1361409.0)	(37.0, 2341096.0)	(38.0, 5188963.0)	(39.0, 28807533.0)	(40.0, 7553190.0)			
cutadapt | SRR30333756_2	(14.0, 3.0)	(15.0, 558.0)	(16.0, 18010.0)	(17.0, 111248.0)	(18.0, 205393.0)	(19.0, 181302.0)	(20.0, 159280.0)	(21.0, 144623.0)	(22.0, 133291.0)	(23.0, 126686.0)	(24.0, 129625.0)	(25.0, 128730.0)	(26.0, 134407.0)	(27.0, 140028.0)	(28.0, 158954.0)	(29.0, 180265.0)	(30.0, 215891.0)	(31.0, 260023.0)	(32.0, 343118.0)	(33.0, 452297.0)	(34.0, 637155.0)	(35.0, 936654.0)	(36.0, 1600648.0)	(37.0, 2908007.0)	(38.0, 6845591.0)	(39.0, 26851619.0)	(40.0, 5604545.0)	
fastp | SRR30333743_1	(20.0, 839.0)	(21.0, 17752.0)	(22.0, 44907.0)	(23.0, 60096.0)	(24.0, 74595.0)	(25.0, 87612.0)	(26.0, 102572.0)	(27.0, 117664.0)	(28.0, 141514.0)	(29.0, 165375.0)	(30.0, 200488.0)	(31.0, 240768.0)	(32.0, 305753.0)	(33.0, 387839.0)	(34.0, 531496.0)	(35.0, 777200.0)	(36.0, 1324558.0)	(37.0, 2275603.0)	(38.0, 5466218.0)	(39.0, 28146453.0)	(40.0, 8007109.0)							
fastp | SRR30333743_2	(19.0, 10.0)	(20.0, 5174.0)	(21.0, 50664.0)	(22.0, 79057.0)	(23.0, 80971.0)	(24.0, 91174.0)	(25.0, 98623.0)	(26.0, 109439.0)	(27.0, 116416.0)	(28.0, 132883.0)	(29.0, 149422.0)	(30.0, 174092.0)	(31.0, 202259.0)	(32.0, 250869.0)	(33.0, 314747.0)	(34.0, 426429.0)	(35.0, 618573.0)	(36.0, 1060800.0)	(37.0, 1858682.0)	(38.0, 4605866.0)	(39.0, 27428645.0)	(40.0, 10621616.0)						
fastp | SRR30333754_1	(20.0, 969.0)	(21.0, 18685.0)	(22.0, 45009.0)	(23.0, 59596.0)	(24.0, 73842.0)	(25.0, 86412.0)	(26.0, 101566.0)	(27.0, 116344.0)	(28.0, 139872.0)	(29.0, 163194.0)	(30.0, 197166.0)	(31.0, 235886.0)	(32.0, 300076.0)	(33.0, 378285.0)	(34.0, 513705.0)	(35.0, 745071.0)	(36.0, 1252934.0)	(37.0, 2107428.0)	(38.0, 4886568.0)	(39.0, 27487765.0)	(40.0, 9921070.0)							
fastp | SRR30333754_2	(19.0, 9.0)	(20.0, 6948.0)	(21.0, 66908.0)	(22.0, 96914.0)	(23.0, 96447.0)	(24.0, 103727.0)	(25.0, 110311.0)	(26.0, 119480.0)	(27.0, 126215.0)	(28.0, 142350.0)	(29.0, 158536.0)	(30.0, 184454.0)	(31.0, 212593.0)	(32.0, 261303.0)	(33.0, 323097.0)	(34.0, 432997.0)	(35.0, 620869.0)	(36.0, 1045805.0)	(37.0, 1792640.0)	(38.0, 4330299.0)	(39.0, 27222710.0)	(40.0, 11376831.0)						
fastp | SRR30333756_1	(19.0, 1.0)	(20.0, 857.0)	(21.0, 17033.0)	(22.0, 39209.0)	(23.0, 51860.0)	(24.0, 64879.0)	(25.0, 77146.0)	(26.0, 91611.0)	(27.0, 106734.0)	(28.0, 128040.0)	(29.0, 150382.0)	(30.0, 182771.0)	(31.0, 218754.0)	(32.0, 279034.0)	(33.0, 355487.0)	(34.0, 486711.0)	(35.0, 710321.0)	(36.0, 1208117.0)	(37.0, 2061518.0)	(38.0, 4895999.0)	(39.0, 27866446.0)	(40.0, 8685255.0)						
fastp | SRR30333756_2	(19.0, 14.0)	(20.0, 7260.0)	(21.0, 68834.0)	(22.0, 96929.0)	(23.0, 95696.0)	(24.0, 105592.0)	(25.0, 113309.0)	(26.0, 122860.0)	(27.0, 129339.0)	(28.0, 146204.0)	(29.0, 163349.0)	(30.0, 189356.0)	(31.0, 216228.0)	(32.0, 266384.0)	(33.0, 330655.0)	(34.0, 440222.0)	(35.0, 626596.0)	(36.0, 1052745.0)	(37.0, 1843070.0)	(38.0, 4573297.0)	(39.0, 27814456.0)	(40.0, 9275770.0)						
fastx | SRR30333743_1	(15.0, 2.0)	(16.0, 15.0)	(17.0, 432.0)	(18.0, 4961.0)	(19.0, 21770.0)	(20.0, 54548.0)	(21.0, 81525.0)	(22.0, 93276.0)	(23.0, 99705.0)	(24.0, 111959.0)	(25.0, 122661.0)	(26.0, 138272.0)	(27.0, 155906.0)	(28.0, 182843.0)	(29.0, 212552.0)	(30.0, 258690.0)	(31.0, 321750.0)	(32.0, 456172.0)	(33.0, 653321.0)	(34.0, 919400.0)	(35.0, 1242072.0)	(36.0, 1855266.0)	(37.0, 2916983.0)	(38.0, 6775056.0)	(39.0, 27999855.0)	(40.0, 5416827.0)		
fastx | SRR30333743_2	(13.0, 1.0)	(14.0, 6.0)	(15.0, 1296.0)	(16.0, 33293.0)	(17.0, 178826.0)	(18.0, 299481.0)	(19.0, 248354.0)	(20.0, 198087.0)	(21.0, 153767.0)	(22.0, 127155.0)	(23.0, 117450.0)	(24.0, 123585.0)	(25.0, 130632.0)	(26.0, 144820.0)	(27.0, 162630.0)	(28.0, 194332.0)	(29.0, 234753.0)	(30.0, 297592.0)	(31.0, 378752.0)	(32.0, 519621.0)	(33.0, 708813.0)	(34.0, 988767.0)	(35.0, 1380788.0)	(36.0, 2202485.0)	(37.0, 3879128.0)	(38.0, 8403037.0)	(39.0, 24591674.0)	(40.0, 4396694.0)
fastx | SRR30333754_1	(16.0, 10.0)	(17.0, 407.0)	(18.0, 4399.0)	(19.0, 19974.0)	(20.0, 51809.0)	(21.0, 80731.0)	(22.0, 91657.0)	(23.0, 98593.0)	(24.0, 110412.0)	(25.0, 120534.0)	(26.0, 136524.0)	(27.0, 152239.0)	(28.0, 178987.0)	(29.0, 207504.0)	(30.0, 248760.0)	(31.0, 298357.0)	(32.0, 391696.0)	(33.0, 530478.0)	(34.0, 771833.0)	(35.0, 1118141.0)	(36.0, 1759460.0)	(37.0, 2869422.0)	(38.0, 6280942.0)	(39.0, 28221683.0)	(40.0, 7347278.0)			
fastx | SRR30333754_2	(14.0, 20.0)	(15.0, 1935.0)	(16.0, 52963.0)	(17.0, 285479.0)	(18.0, 465213.0)	(19.0, 359425.0)	(20.0, 261317.0)	(21.0, 190072.0)	(22.0, 147521.0)	(23.0, 131238.0)	(24.0, 133616.0)	(25.0, 138618.0)	(26.0, 151182.0)	(27.0, 165319.0)	(28.0, 194501.0)	(29.0, 225672.0)	(30.0, 278004.0)	(31.0, 341623.0)	(32.0, 454497.0)	(33.0, 602857.0)	(34.0, 833964.0)	(35.0, 1166166.0)	(36.0, 1883924.0)	(37.0, 3356439.0)	(38.0, 7776348.0)	(39.0, 26098461.0)	(40.0, 5395456.0)	
fastx | SRR30333756_1	(14.0, 1.0)	(15.0, 0.0)	(16.0, 5.0)	(17.0, 300.0)	(18.0, 3687.0)	(19.0, 15789.0)	(20.0, 41619.0)	(21.0, 67117.0)	(22.0, 77472.0)	(23.0, 82992.0)	(24.0, 93894.0)	(25.0, 103266.0)	(26.0, 117736.0)	(27.0, 132898.0)	(28.0, 155994.0)	(29.0, 179039.0)	(30.0, 214950.0)	(31.0, 256301.0)	(32.0, 334087.0)	(33.0, 444248.0)	(34.0, 617374.0)	(35.0, 870868.0)	(36.0, 1469139.0)	(37.0, 2498704.0)	(38.0, 5508920.0)	(39.0, 28911587.0)	(40.0, 7578999.0)	
fastx | SRR30333756_2	(14.0, 16.0)	(15.0, 1510.0)	(16.0, 44184.0)	(17.0, 253361.0)	(18.0, 429298.0)	(19.0, 336600.0)	(20.0, 249721.0)	(21.0, 187275.0)	(22.0, 146565.0)	(23.0, 129486.0)	(24.0, 132004.0)	(25.0, 134826.0)	(26.0, 145051.0)	(27.0, 155806.0)	(28.0, 179566.0)	(29.0, 206616.0)	(30.0, 248104.0)	(31.0, 298745.0)	(32.0, 390651.0)	(33.0, 514623.0)	(34.0, 716772.0)	(35.0, 1016432.0)	(36.0, 1668382.0)	(37.0, 2978297.0)	(38.0, 7008125.0)	(39.0, 26713292.0)	(40.0, 5491678.0)	
raw | SRR30333743_1	(15.0, 2.0)	(16.0, 20.0)	(17.0, 534.0)	(18.0, 5874.0)	(19.0, 23758.0)	(20.0, 56884.0)	(21.0, 83632.0)	(22.0, 94493.0)	(23.0, 100271.0)	(24.0, 113121.0)	(25.0, 124840.0)	(26.0, 140907.0)	(27.0, 157401.0)	(28.0, 185481.0)	(29.0, 217290.0)	(30.0, 263933.0)	(31.0, 327565.0)	(32.0, 466950.0)	(33.0, 676784.0)	(34.0, 953641.0)	(35.0, 1343834.0)	(36.0, 2032764.0)	(37.0, 3183848.0)	(38.0, 6561243.0)	(39.0, 27633739.0)	(40.0, 5347010.0)		
raw | SRR30333743_2	(13.0, 1.0)	(14.0, 13.0)	(15.0, 1685.0)	(16.0, 39279.0)	(17.0, 195344.0)	(18.0, 302257.0)	(19.0, 240952.0)	(20.0, 193929.0)	(21.0, 152369.0)	(22.0, 126491.0)	(23.0, 117349.0)	(24.0, 124586.0)	(25.0, 133014.0)	(26.0, 147672.0)	(27.0, 164888.0)	(28.0, 198387.0)	(29.0, 242937.0)	(30.0, 307198.0)	(31.0, 390751.0)	(32.0, 539721.0)	(33.0, 743026.0)	(34.0, 1032732.0)	(35.0, 1428127.0)	(36.0, 2269290.0)	(37.0, 3971547.0)	(38.0, 8479817.0)	(39.0, 24295762.0)	(40.0, 4256695.0)
raw | SRR30333754_1	(16.0, 11.0)	(17.0, 493.0)	(18.0, 5191.0)	(19.0, 21750.0)	(20.0, 54240.0)	(21.0, 82508.0)	(22.0, 92736.0)	(23.0, 99052.0)	(24.0, 111262.0)	(25.0, 122982.0)	(26.0, 138212.0)	(27.0, 153632.0)	(28.0, 180797.0)	(29.0, 211275.0)	(30.0, 252517.0)	(31.0, 302061.0)	(32.0, 397659.0)	(33.0, 544130.0)	(34.0, 791284.0)	(35.0, 1166560.0)	(36.0, 1825435.0)	(37.0, 2940550.0)	(38.0, 6317940.0)	(39.0, 28020134.0)	(40.0, 7259419.0)			
raw | SRR30333754_2	(14.0, 29.0)	(15.0, 2521.0)	(16.0, 62618.0)	(17.0, 312414.0)	(18.0, 467484.0)	(19.0, 345694.0)	(20.0, 253635.0)	(21.0, 186897.0)	(22.0, 145709.0)	(23.0, 130690.0)	(24.0, 133961.0)	(25.0, 141041.0)	(26.0, 153068.0)	(27.0, 167168.0)	(28.0, 197258.0)	(29.0, 232300.0)	(30.0, 285360.0)	(31.0, 350299.0)	(32.0, 468081.0)	(33.0, 626901.0)	(34.0, 864172.0)	(35.0, 1199780.0)	(36.0, 1929433.0)	(37.0, 3429592.0)	(38.0, 7902766.0)	(39.0, 25864872.0)	(40.0, 5238087.0)	
raw | SRR30333756_1	(14.0, 1.0)	(15.0, 0.0)	(16.0, 10.0)	(17.0, 388.0)	(18.0, 4263.0)	(19.0, 17070.0)	(20.0, 43367.0)	(21.0, 68762.0)	(22.0, 78268.0)	(23.0, 83490.0)	(24.0, 94419.0)	(25.0, 105056.0)	(26.0, 119371.0)	(27.0, 133905.0)	(28.0, 157029.0)	(29.0, 181852.0)	(30.0, 217535.0)	(31.0, 258717.0)	(32.0, 338219.0)	(33.0, 453548.0)	(34.0, 631503.0)	(35.0, 914715.0)	(36.0, 1505090.0)	(37.0, 2553399.0)	(38.0, 5607660.0)	(39.0, 28697532.0)	(40.0, 7511817.0)	
raw | SRR30333756_2	(14.0, 22.0)	(15.0, 1980.0)	(16.0, 52361.0)	(17.0, 278009.0)	(18.0, 431866.0)	(19.0, 324031.0)	(20.0, 243089.0)	(21.0, 184529.0)	(22.0, 144910.0)	(23.0, 129049.0)	(24.0, 132182.0)	(25.0, 136695.0)	(26.0, 146388.0)	(27.0, 156934.0)	(28.0, 181773.0)	(29.0, 211034.0)	(30.0, 253651.0)	(31.0, 305223.0)	(32.0, 400647.0)	(33.0, 534011.0)	(34.0, 740794.0)	(35.0, 1044393.0)	(36.0, 1702319.0)	(37.0, 3044892.0)	(38.0, 7110330.0)	(39.0, 26521737.0)	(40.0, 5364137.0)	
