Sample	0	1	2	3	4	5	6	7	8	9	10	11	12	13	14	15	16	17	18	19	20	21	22	23	24	25	26	27	28	29	30	31	32	33	34	35	36	37	38	39	40	41	42	43	44	45	46	47	48	49	50	51	52	53	54	55	56	57	58	59	60	61	62	63	64	65	66	67	68	69	70	71	72	73	74	75	76	77	78	79	80	81	82	83	84	85	86	87	88	89	90	91	92	93	94	95	96	97	98	99	100
cutadapt | SRR30333743_1	(0.0, 88.0)	(1.0, 59.0)	(2.0, 30.5)	(3.0, 26.0)	(4.0, 23.5)	(5.0, 36.5)	(6.0, 50.0)	(7.0, 60.5)	(8.0, 83.5)	(9.0, 112.0)	(10.0, 166.5)	(11.0, 241.5)	(12.0, 289.5)	(13.0, 329.0)	(14.0, 397.5)	(15.0, 486.5)	(16.0, 643.0)	(17.0, 934.0)	(18.0, 1356.0)	(19.0, 1948.5)	(20.0, 2849.5)	(21.0, 4302.0)	(22.0, 6222.5)	(23.0, 8862.5)	(24.0, 12606.0)	(25.0, 17468.0)	(26.0, 23478.0)	(27.0, 31606.5)	(28.0, 41323.0)	(29.0, 52823.0)	(30.0, 68128.0)	(31.0, 86205.0)	(32.0, 107505.0)	(33.0, 133722.0)	(34.0, 170489.5)	(35.0, 213327.0)	(36.0, 263933.5)	(37.0, 323260.5)	(38.0, 387409.0)	(39.0, 464862.5)	(40.0, 555462.0)	(41.0, 658701.0)	(42.0, 788407.5)	(43.0, 949922.5)	(44.0, 1129569.5)	(45.0, 1322779.5)	(46.0, 1504921.5)	(47.0, 1672133.5)	(48.0, 1845411.5)	(49.0, 2004481.0)	(50.0, 2138910.5)	(51.0, 2282904.5)	(52.0, 2427928.5)	(53.0, 2524883.5)	(54.0, 2571436.0)	(55.0, 2591303.0)	(56.0, 2556670.5)	(57.0, 2458156.5)	(58.0, 2326500.5)	(59.0, 2152777.5)	(60.0, 1934679.5)	(61.0, 1692927.0)	(62.0, 1450655.0)	(63.0, 1219705.0)	(64.0, 993486.0)	(65.0, 782502.0)	(66.0, 612698.0)	(67.0, 491341.0)	(68.0, 396865.0)	(69.0, 319376.0)	(70.0, 261171.0)	(71.0, 214966.5)	(72.0, 184812.5)	(73.0, 159051.0)	(74.0, 130164.5)	(75.0, 108615.5)	(76.0, 93462.0)	(77.0, 73551.5)	(78.0, 50777.5)	(79.0, 35564.5)	(80.0, 27375.0)	(81.0, 21671.5)	(82.0, 15746.0)	(83.0, 8803.0)	(84.0, 4282.5)	(85.0, 2513.5)	(86.0, 1227.0)	(87.0, 576.0)	(88.0, 390.5)	(89.0, 280.0)	(90.0, 223.5)	(91.0, 195.0)	(92.0, 191.5)	(93.0, 195.0)	(94.0, 201.0)	(95.0, 181.5)	(96.0, 130.5)	(97.0, 104.5)	(98.0, 87.5)	(99.0, 47.0)	(100.0, 15.5)
cutadapt | SRR30333743_2	(0.0, 693.0)	(1.0, 412.0)	(2.0, 106.5)	(3.0, 88.0)	(4.0, 92.5)	(5.0, 98.5)	(6.0, 95.5)	(7.0, 87.0)	(8.0, 108.0)	(9.0, 133.0)	(10.0, 143.0)	(11.0, 159.5)	(12.0, 186.5)	(13.0, 210.5)	(14.0, 247.0)	(15.0, 317.0)	(16.0, 434.5)	(17.0, 558.0)	(18.0, 757.0)	(19.0, 1164.0)	(20.0, 1854.0)	(21.0, 2835.0)	(22.0, 4356.0)	(23.0, 6183.0)	(24.0, 8301.5)	(25.0, 11050.5)	(26.0, 15124.5)	(27.0, 20803.0)	(28.0, 26812.0)	(29.0, 34633.5)	(30.0, 45943.0)	(31.0, 60966.5)	(32.0, 80036.5)	(33.0, 101917.0)	(34.0, 127521.0)	(35.0, 161212.5)	(36.0, 206689.0)	(37.0, 264941.5)	(38.0, 340637.5)	(39.0, 437322.0)	(40.0, 543530.5)	(41.0, 663373.0)	(42.0, 808287.0)	(43.0, 960106.5)	(44.0, 1124291.5)	(45.0, 1314034.5)	(46.0, 1484993.0)	(47.0, 1634493.5)	(48.0, 1794488.5)	(49.0, 1947211.0)	(50.0, 2089432.0)	(51.0, 2236600.5)	(52.0, 2368969.5)	(53.0, 2476035.0)	(54.0, 2536320.5)	(55.0, 2540552.0)	(56.0, 2495027.0)	(57.0, 2400372.0)	(58.0, 2267884.0)	(59.0, 2086258.5)	(60.0, 1868775.5)	(61.0, 1650089.5)	(62.0, 1427167.0)	(63.0, 1189768.0)	(64.0, 968482.0)	(65.0, 785088.5)	(66.0, 642257.0)	(67.0, 526904.0)	(68.0, 429126.0)	(69.0, 356328.0)	(70.0, 298968.0)	(71.0, 251151.5)	(72.0, 218229.0)	(73.0, 188178.0)	(74.0, 160643.0)	(75.0, 138612.0)	(76.0, 117120.0)	(77.0, 98914.5)	(78.0, 78412.5)	(79.0, 56542.5)	(80.0, 41407.0)	(81.0, 34035.5)	(82.0, 27624.0)	(83.0, 19116.0)	(84.0, 13401.5)	(85.0, 10888.5)	(86.0, 9889.5)	(87.0, 9289.0)	(88.0, 8882.5)	(89.0, 8540.5)	(90.0, 8221.0)	(91.0, 7795.0)	(92.0, 7257.0)	(93.0, 6721.0)	(94.0, 6157.5)	(95.0, 5531.0)	(96.0, 4823.5)	(97.0, 4239.5)	(98.0, 3697.5)	(99.0, 3015.5)	(100.0, 4028.0)
cutadapt | SRR30333754_1	(0.0, 100.0)	(1.0, 67.5)	(2.0, 34.5)	(3.0, 32.0)	(4.0, 34.0)	(5.0, 49.5)	(6.0, 62.5)	(7.0, 72.0)	(8.0, 97.5)	(9.0, 127.0)	(10.0, 160.0)	(11.0, 207.5)	(12.0, 260.5)	(13.0, 312.0)	(14.0, 385.0)	(15.0, 490.0)	(16.0, 648.5)	(17.0, 899.0)	(18.0, 1288.5)	(19.0, 1872.5)	(20.0, 2790.0)	(21.0, 4216.0)	(22.0, 6044.5)	(23.0, 8734.5)	(24.0, 12464.0)	(25.0, 17285.0)	(26.0, 23217.0)	(27.0, 31439.0)	(28.0, 41351.5)	(29.0, 52807.5)	(30.0, 68464.5)	(31.0, 86426.0)	(32.0, 107247.5)	(33.0, 134802.5)	(34.0, 171884.5)	(35.0, 214030.0)	(36.0, 265072.0)	(37.0, 324522.5)	(38.0, 388994.5)	(39.0, 463980.5)	(40.0, 549901.0)	(41.0, 646803.5)	(42.0, 766238.0)	(43.0, 917206.5)	(44.0, 1092721.5)	(45.0, 1283193.0)	(46.0, 1458534.0)	(47.0, 1628209.5)	(48.0, 1810651.5)	(49.0, 1977395.5)	(50.0, 2124048.5)	(51.0, 2273609.5)	(52.0, 2421066.5)	(53.0, 2525220.0)	(54.0, 2575769.0)	(55.0, 2601511.5)	(56.0, 2569617.0)	(57.0, 2472858.5)	(58.0, 2341915.5)	(59.0, 2170726.0)	(60.0, 1952282.5)	(61.0, 1702677.5)	(62.0, 1454255.0)	(63.0, 1220612.0)	(64.0, 994931.0)	(65.0, 782771.5)	(66.0, 612161.5)	(67.0, 488507.0)	(68.0, 393160.5)	(69.0, 315251.5)	(70.0, 256952.5)	(71.0, 211634.0)	(72.0, 181083.0)	(73.0, 155135.0)	(74.0, 126847.5)	(75.0, 104951.0)	(76.0, 88531.5)	(77.0, 69633.0)	(78.0, 48214.0)	(79.0, 32832.5)	(80.0, 23866.5)	(81.0, 17927.0)	(82.0, 12259.5)	(83.0, 6398.0)	(84.0, 2955.0)	(85.0, 1609.5)	(86.0, 743.5)	(87.0, 356.5)	(88.0, 298.5)	(89.0, 319.0)	(90.0, 319.5)	(91.0, 315.5)	(92.0, 327.0)	(93.0, 348.5)	(94.0, 358.0)	(95.0, 340.0)	(96.0, 302.0)	(97.0, 238.5)	(98.0, 172.5)	(99.0, 88.0)	(100.0, 35.5)
cutadapt | SRR30333754_2	(0.0, 768.0)	(1.0, 460.0)	(2.0, 133.5)	(3.0, 103.5)	(4.0, 91.5)	(5.0, 93.0)	(6.0, 91.0)	(7.0, 88.5)	(8.0, 97.5)	(9.0, 128.0)	(10.0, 164.0)	(11.0, 175.5)	(12.0, 193.5)	(13.0, 231.0)	(14.0, 288.5)	(15.0, 371.5)	(16.0, 454.0)	(17.0, 558.0)	(18.0, 793.0)	(19.0, 1130.0)	(20.0, 1836.0)	(21.0, 2910.5)	(22.0, 4361.0)	(23.0, 6204.0)	(24.0, 8211.5)	(25.0, 10958.0)	(26.0, 15151.5)	(27.0, 20741.0)	(28.0, 26807.5)	(29.0, 34558.0)	(30.0, 45961.0)	(31.0, 61392.5)	(32.0, 80406.5)	(33.0, 102325.0)	(34.0, 129142.0)	(35.0, 164039.0)	(36.0, 210566.0)	(37.0, 270938.0)	(38.0, 349665.0)	(39.0, 447696.5)	(40.0, 555953.0)	(41.0, 680686.0)	(42.0, 829566.0)	(43.0, 984073.0)	(44.0, 1150514.0)	(45.0, 1340551.5)	(46.0, 1506206.5)	(47.0, 1649442.0)	(48.0, 1805727.0)	(49.0, 1955569.0)	(50.0, 2099779.0)	(51.0, 2245867.0)	(52.0, 2368863.0)	(53.0, 2469143.5)	(54.0, 2531403.5)	(55.0, 2542193.5)	(56.0, 2506768.0)	(57.0, 2418581.0)	(58.0, 2285527.0)	(59.0, 2106112.0)	(60.0, 1892313.5)	(61.0, 1675454.5)	(62.0, 1449673.5)	(63.0, 1210951.0)	(64.0, 991228.0)	(65.0, 805046.5)	(66.0, 658991.5)	(67.0, 543048.0)	(68.0, 444455.0)	(69.0, 367467.5)	(70.0, 308758.0)	(71.0, 262975.0)	(72.0, 229182.5)	(73.0, 197652.5)	(74.0, 170406.5)	(75.0, 149138.5)	(76.0, 127104.5)	(77.0, 107386.5)	(78.0, 86168.5)	(79.0, 64196.0)	(80.0, 48190.0)	(81.0, 39259.0)	(82.0, 32480.5)	(83.0, 24794.0)	(84.0, 19087.5)	(85.0, 16346.0)	(86.0, 15295.5)	(87.0, 14607.5)	(88.0, 14080.5)	(89.0, 13468.5)	(90.0, 12940.5)	(91.0, 12409.0)	(92.0, 11667.0)	(93.0, 10842.5)	(94.0, 9994.0)	(95.0, 8833.5)	(96.0, 7617.5)	(97.0, 6736.0)	(98.0, 5903.5)	(99.0, 4816.0)	(100.0, 5899.0)
cutadapt | SRR30333756_1	(0.0, 147.0)	(1.0, 96.0)	(2.0, 38.5)	(3.0, 33.5)	(4.0, 46.0)	(5.0, 51.0)	(6.0, 54.0)	(7.0, 70.0)	(8.0, 83.5)	(9.0, 108.5)	(10.0, 146.5)	(11.0, 207.5)	(12.0, 276.0)	(13.0, 352.5)	(14.0, 419.0)	(15.0, 521.5)	(16.0, 748.5)	(17.0, 1073.5)	(18.0, 1603.5)	(19.0, 2445.0)	(20.0, 3729.5)	(21.0, 5754.0)	(22.0, 8415.0)	(23.0, 12210.5)	(24.0, 17460.0)	(25.0, 24173.0)	(26.0, 32366.5)	(27.0, 43349.5)	(28.0, 56939.0)	(29.0, 72901.0)	(30.0, 93134.0)	(31.0, 116779.0)	(32.0, 144117.5)	(33.0, 179413.0)	(34.0, 227999.5)	(35.0, 281294.5)	(36.0, 343607.5)	(37.0, 413000.5)	(38.0, 483365.0)	(39.0, 561960.0)	(40.0, 648964.5)	(41.0, 741849.0)	(42.0, 851194.0)	(43.0, 988953.0)	(44.0, 1146471.0)	(45.0, 1316934.0)	(46.0, 1469756.0)	(47.0, 1615099.5)	(48.0, 1768737.0)	(49.0, 1907318.5)	(50.0, 2028016.5)	(51.0, 2150064.5)	(52.0, 2277056.0)	(53.0, 2369279.0)	(54.0, 2413895.0)	(55.0, 2436725.0)	(56.0, 2410518.5)	(57.0, 2322939.5)	(58.0, 2201084.0)	(59.0, 2044349.0)	(60.0, 1841277.5)	(61.0, 1605064.5)	(62.0, 1370398.0)	(63.0, 1148597.5)	(64.0, 934122.0)	(65.0, 732954.0)	(66.0, 571517.0)	(67.0, 456087.0)	(68.0, 364271.5)	(69.0, 288515.0)	(70.0, 232014.5)	(71.0, 187582.0)	(72.0, 158609.0)	(73.0, 134077.5)	(74.0, 105939.0)	(75.0, 84436.0)	(76.0, 69112.0)	(77.0, 51539.5)	(78.0, 33012.0)	(79.0, 20779.5)	(80.0, 14305.0)	(81.0, 10435.5)	(82.0, 6998.0)	(83.0, 3370.5)	(84.0, 1323.5)	(85.0, 731.0)	(86.0, 392.5)	(87.0, 243.5)	(88.0, 223.5)	(89.0, 224.5)	(90.0, 232.0)	(91.0, 238.0)	(92.0, 249.5)	(93.0, 292.5)	(94.0, 319.5)	(95.0, 289.5)	(96.0, 234.5)	(97.0, 191.5)	(98.0, 144.0)	(99.0, 74.5)	(100.0, 32.0)
cutadapt | SRR30333756_2	(0.0, 1018.0)	(1.0, 604.5)	(2.0, 156.5)	(3.0, 105.5)	(4.0, 87.5)	(5.0, 88.0)	(6.0, 90.5)	(7.0, 100.5)	(8.0, 122.0)	(9.0, 135.0)	(10.0, 139.5)	(11.0, 160.0)	(12.0, 204.5)	(13.0, 261.0)	(14.0, 303.5)	(15.0, 380.0)	(16.0, 529.5)	(17.0, 709.5)	(18.0, 982.0)	(19.0, 1439.5)	(20.0, 2504.0)	(21.0, 4158.5)	(22.0, 6186.0)	(23.0, 8593.0)	(24.0, 11507.5)	(25.0, 15337.0)	(26.0, 21048.0)	(27.0, 29076.5)	(28.0, 37568.5)	(29.0, 48333.5)	(30.0, 63762.0)	(31.0, 84428.5)	(32.0, 109536.5)	(33.0, 138054.5)	(34.0, 172277.5)	(35.0, 214366.0)	(36.0, 269837.0)	(37.0, 341561.5)	(38.0, 432167.0)	(39.0, 542733.5)	(40.0, 659240.0)	(41.0, 784064.5)	(42.0, 926957.5)	(43.0, 1071359.0)	(44.0, 1221672.0)	(45.0, 1389414.5)	(46.0, 1530575.5)	(47.0, 1646783.0)	(48.0, 1776644.0)	(49.0, 1897991.0)	(50.0, 2011970.5)	(51.0, 2132305.5)	(52.0, 2237254.0)	(53.0, 2323184.0)	(54.0, 2371953.5)	(55.0, 2379645.5)	(56.0, 2347665.5)	(57.0, 2265948.0)	(58.0, 2143404.5)	(59.0, 1975635.5)	(60.0, 1777862.5)	(61.0, 1576916.0)	(62.0, 1365529.5)	(63.0, 1139978.0)	(64.0, 931577.5)	(65.0, 756366.5)	(66.0, 621502.0)	(67.0, 512938.0)	(68.0, 417008.5)	(69.0, 343358.5)	(70.0, 286526.0)	(71.0, 241394.0)	(72.0, 207264.0)	(73.0, 176511.5)	(74.0, 149938.5)	(75.0, 127462.0)	(76.0, 104906.0)	(77.0, 85575.5)	(78.0, 66330.5)	(79.0, 47518.5)	(80.0, 34490.0)	(81.0, 27677.5)	(82.0, 22927.5)	(83.0, 17955.5)	(84.0, 14537.5)	(85.0, 12901.5)	(86.0, 12309.0)	(87.0, 11738.0)	(88.0, 11178.0)	(89.0, 10730.0)	(90.0, 10247.0)	(91.0, 9874.0)	(92.0, 9200.5)	(93.0, 8337.0)	(94.0, 7607.5)	(95.0, 6914.5)	(96.0, 6431.0)	(97.0, 6059.5)	(98.0, 5680.0)	(99.0, 5259.0)	(100.0, 7275.5)
fastp | SRR30333743_1	(0.0, 64.0)	(1.0, 41.5)	(2.0, 17.5)	(3.0, 12.5)	(4.0, 9.0)	(5.0, 14.0)	(6.0, 16.0)	(7.0, 12.5)	(8.0, 8.5)	(9.0, 4.5)	(10.0, 12.0)	(11.0, 20.0)	(12.0, 24.0)	(13.0, 38.0)	(14.0, 68.0)	(15.0, 116.0)	(16.0, 223.0)	(17.0, 443.0)	(18.0, 760.0)	(19.0, 1258.5)	(20.0, 2067.5)	(21.0, 3459.5)	(22.0, 5413.0)	(23.0, 8116.0)	(24.0, 11903.5)	(25.0, 16779.0)	(26.0, 22789.5)	(27.0, 30795.0)	(28.0, 40318.5)	(29.0, 51670.5)	(30.0, 66678.5)	(31.0, 84370.5)	(32.0, 105302.5)	(33.0, 131043.0)	(34.0, 167110.0)	(35.0, 209305.5)	(36.0, 259112.5)	(37.0, 317267.0)	(38.0, 379675.5)	(39.0, 454866.0)	(40.0, 542357.0)	(41.0, 641445.5)	(42.0, 766364.0)	(43.0, 923138.0)	(44.0, 1097717.0)	(45.0, 1287457.0)	(46.0, 1466876.5)	(47.0, 1631860.0)	(48.0, 1803857.5)	(49.0, 1961817.0)	(50.0, 2095517.0)	(51.0, 2239335.0)	(52.0, 2385713.5)	(53.0, 2483853.5)	(54.0, 2533249.5)	(55.0, 2557493.0)	(56.0, 2526863.0)	(57.0, 2432413.5)	(58.0, 2305926.5)	(59.0, 2138142.0)	(60.0, 1924278.5)	(61.0, 1685444.0)	(62.0, 1445949.5)	(63.0, 1217899.0)	(64.0, 992927.0)	(65.0, 781267.5)	(66.0, 611226.0)	(67.0, 490515.0)	(68.0, 396482.0)	(69.0, 318458.5)	(70.0, 259855.0)	(71.0, 213343.0)	(72.0, 182798.0)	(73.0, 156945.5)	(74.0, 128262.0)	(75.0, 107178.5)	(76.0, 93055.5)	(77.0, 73705.5)	(78.0, 50920.5)	(79.0, 35882.0)	(80.0, 27850.5)	(81.0, 22133.5)	(82.0, 16210.5)	(83.0, 9404.0)	(84.0, 4696.0)	(85.0, 2732.5)	(86.0, 1476.0)	(87.0, 730.5)	(88.0, 417.0)	(89.0, 262.5)	(90.0, 171.5)	(91.0, 122.0)	(92.0, 102.5)	(93.0, 88.5)	(94.0, 74.5)	(95.0, 70.0)	(96.0, 64.0)	(97.0, 59.5)	(98.0, 48.5)	(99.0, 26.5)	(100.0, 10.0)
fastp | SRR30333743_2	(0.0, 534.0)	(1.0, 299.0)	(2.0, 46.0)	(3.0, 29.5)	(4.0, 22.0)	(5.0, 17.5)	(6.0, 21.0)	(7.0, 15.0)	(8.0, 13.0)	(9.0, 18.0)	(10.0, 18.5)	(11.0, 19.0)	(12.0, 25.5)	(13.0, 41.5)	(14.0, 64.0)	(15.0, 92.5)	(16.0, 181.0)	(17.0, 292.5)	(18.0, 474.0)	(19.0, 848.5)	(20.0, 1515.0)	(21.0, 2476.5)	(22.0, 3985.0)	(23.0, 5819.0)	(24.0, 7925.5)	(25.0, 10648.0)	(26.0, 14720.5)	(27.0, 20382.0)	(28.0, 26382.5)	(29.0, 34170.0)	(30.0, 45448.0)	(31.0, 60475.0)	(32.0, 79461.5)	(33.0, 101254.5)	(34.0, 127004.5)	(35.0, 160866.5)	(36.0, 206423.5)	(37.0, 265234.5)	(38.0, 341994.5)	(39.0, 441013.5)	(40.0, 551048.0)	(41.0, 676416.0)	(42.0, 829285.0)	(43.0, 989495.5)	(44.0, 1159847.0)	(45.0, 1353466.5)	(46.0, 1525217.0)	(47.0, 1670808.0)	(48.0, 1823122.5)	(49.0, 1966380.5)	(50.0, 2094270.5)	(51.0, 2229042.0)	(52.0, 2355294.0)	(53.0, 2455517.0)	(54.0, 2512579.5)	(55.0, 2516721.5)	(56.0, 2472887.0)	(57.0, 2383636.0)	(58.0, 2256842.0)	(59.0, 2081134.0)	(60.0, 1869952.0)	(61.0, 1655393.0)	(62.0, 1435101.5)	(63.0, 1199449.5)	(64.0, 976939.0)	(65.0, 790648.0)	(66.0, 644534.5)	(67.0, 527751.0)	(68.0, 428799.0)	(69.0, 353405.0)	(70.0, 293707.0)	(71.0, 244052.5)	(72.0, 210163.0)	(73.0, 179726.5)	(74.0, 152657.5)	(75.0, 131330.5)	(76.0, 110643.5)	(77.0, 92549.0)	(78.0, 71602.5)	(79.0, 49643.5)	(80.0, 34593.0)	(81.0, 27186.0)	(82.0, 20809.0)	(83.0, 12221.0)	(84.0, 6113.5)	(85.0, 3540.5)	(86.0, 2821.5)	(87.0, 2459.0)	(88.0, 2387.5)	(89.0, 2511.0)	(90.0, 2698.5)	(91.0, 2947.5)	(92.0, 3229.0)	(93.0, 3517.0)	(94.0, 3779.5)	(95.0, 4052.0)	(96.0, 4371.0)	(97.0, 4934.0)	(98.0, 5486.5)	(99.0, 5292.5)	(100.0, 6137.0)
fastp | SRR30333754_1	(0.0, 80.0)	(1.0, 51.0)	(2.0, 22.0)	(3.0, 19.5)	(4.0, 18.5)	(5.0, 16.5)	(6.0, 13.0)	(7.0, 13.0)	(8.0, 12.5)	(9.0, 15.0)	(10.0, 20.0)	(11.0, 22.0)	(12.0, 30.5)	(13.0, 49.5)	(14.0, 71.0)	(15.0, 117.5)	(16.0, 224.5)	(17.0, 421.5)	(18.0, 739.5)	(19.0, 1213.5)	(20.0, 2022.0)	(21.0, 3359.5)	(22.0, 5221.0)	(23.0, 8048.0)	(24.0, 11854.5)	(25.0, 16695.0)	(26.0, 22575.5)	(27.0, 30606.5)	(28.0, 40317.5)	(29.0, 51657.5)	(30.0, 67185.0)	(31.0, 84850.0)	(32.0, 105245.0)	(33.0, 132367.5)	(34.0, 168902.5)	(35.0, 210555.5)	(36.0, 261113.5)	(37.0, 320193.0)	(38.0, 384756.0)	(39.0, 461091.5)	(40.0, 549342.5)	(41.0, 650159.5)	(42.0, 774801.0)	(43.0, 930294.5)	(44.0, 1108223.0)	(45.0, 1298254.0)	(46.0, 1470246.0)	(47.0, 1633431.0)	(48.0, 1806459.0)	(49.0, 1963716.5)	(50.0, 2098100.5)	(51.0, 2235961.5)	(52.0, 2377477.0)	(53.0, 2477928.0)	(54.0, 2527416.5)	(55.0, 2553929.5)	(56.0, 2525381.0)	(57.0, 2435467.5)	(58.0, 2312701.5)	(59.0, 2149410.5)	(60.0, 1938804.5)	(61.0, 1695501.0)	(62.0, 1453934.0)	(63.0, 1225690.5)	(64.0, 1000604.5)	(65.0, 788275.5)	(66.0, 616887.0)	(67.0, 493051.5)	(68.0, 397816.0)	(69.0, 318745.5)	(70.0, 259308.0)	(71.0, 212927.0)	(72.0, 181705.0)	(73.0, 156073.5)	(74.0, 128241.0)	(75.0, 106515.5)	(76.0, 90722.5)	(77.0, 72320.5)	(78.0, 51053.5)	(79.0, 35571.5)	(80.0, 26352.0)	(81.0, 20158.5)	(82.0, 14157.5)	(83.0, 7810.0)	(84.0, 3858.5)	(85.0, 2174.0)	(86.0, 1088.5)	(87.0, 540.5)	(88.0, 329.5)	(89.0, 212.5)	(90.0, 162.0)	(91.0, 144.0)	(92.0, 141.0)	(93.0, 142.5)	(94.0, 145.5)	(95.0, 148.5)	(96.0, 142.5)	(97.0, 120.5)	(98.0, 98.5)	(99.0, 54.0)	(100.0, 19.5)
fastp | SRR30333754_2	(0.0, 636.0)	(1.0, 352.5)	(2.0, 54.0)	(3.0, 29.5)	(4.0, 18.0)	(5.0, 13.5)	(6.0, 12.0)	(7.0, 16.5)	(8.0, 18.0)	(9.0, 15.5)	(10.0, 17.5)	(11.0, 23.0)	(12.0, 32.0)	(13.0, 40.5)	(14.0, 63.0)	(15.0, 101.0)	(16.0, 157.0)	(17.0, 262.5)	(18.0, 475.0)	(19.0, 778.5)	(20.0, 1454.0)	(21.0, 2503.5)	(22.0, 3953.0)	(23.0, 5746.0)	(24.0, 7720.5)	(25.0, 10467.0)	(26.0, 14600.0)	(27.0, 20111.0)	(28.0, 26149.0)	(29.0, 33906.0)	(30.0, 45312.0)	(31.0, 60669.0)	(32.0, 79595.5)	(33.0, 101468.0)	(34.0, 128187.0)	(35.0, 162894.5)	(36.0, 209308.0)	(37.0, 269875.0)	(38.0, 349218.0)	(39.0, 449110.0)	(40.0, 560194.5)	(41.0, 689485.5)	(42.0, 844601.5)	(43.0, 1005214.5)	(44.0, 1176941.0)	(45.0, 1369570.5)	(46.0, 1534626.5)	(47.0, 1674964.0)	(48.0, 1824773.0)	(49.0, 1966423.0)	(50.0, 2098654.0)	(51.0, 2232469.0)	(52.0, 2347897.0)	(53.0, 2441482.5)	(54.0, 2497790.0)	(55.0, 2505662.0)	(56.0, 2469465.5)	(57.0, 2383539.0)	(58.0, 2254976.0)	(59.0, 2080094.0)	(60.0, 1871595.5)	(61.0, 1658732.5)	(62.0, 1437090.0)	(63.0, 1201163.0)	(64.0, 981232.0)	(65.0, 794100.0)	(66.0, 645750.5)	(67.0, 528592.5)	(68.0, 430026.0)	(69.0, 351688.5)	(70.0, 291716.0)	(71.0, 245166.5)	(72.0, 211228.0)	(73.0, 179994.5)	(74.0, 152993.0)	(75.0, 132274.0)	(76.0, 111456.5)	(77.0, 92510.5)	(78.0, 71680.0)	(79.0, 50099.5)	(80.0, 34448.0)	(81.0, 25890.0)	(82.0, 19309.5)	(83.0, 11622.5)	(84.0, 6139.5)	(85.0, 3860.5)	(86.0, 3330.0)	(87.0, 3221.5)	(88.0, 3389.5)	(89.0, 3712.0)	(90.0, 4199.5)	(91.0, 4684.5)	(92.0, 5105.0)	(93.0, 5545.0)	(94.0, 5809.0)	(95.0, 6106.5)	(96.0, 6576.0)	(97.0, 7323.5)	(98.0, 8207.5)	(99.0, 8070.5)	(100.0, 8782.5)
fastp | SRR30333756_1	(0.0, 114.0)	(1.0, 76.0)	(2.0, 28.5)	(3.0, 20.0)	(4.0, 28.0)	(5.0, 26.5)	(6.0, 21.5)	(7.0, 20.0)	(8.0, 12.0)	(9.0, 13.0)	(10.0, 19.0)	(11.0, 24.0)	(12.0, 34.0)	(13.0, 66.5)	(14.0, 108.5)	(15.0, 160.5)	(16.0, 284.0)	(17.0, 549.0)	(18.0, 985.0)	(19.0, 1673.0)	(20.0, 2815.5)	(21.0, 4761.5)	(22.0, 7412.5)	(23.0, 11261.5)	(24.0, 16606.0)	(25.0, 23315.5)	(26.0, 31403.0)	(27.0, 42268.5)	(28.0, 55689.0)	(29.0, 71306.0)	(30.0, 91149.0)	(31.0, 114391.5)	(32.0, 141261.0)	(33.0, 175970.0)	(34.0, 223618.0)	(35.0, 276105.0)	(36.0, 337779.5)	(37.0, 406240.5)	(38.0, 475782.5)	(39.0, 554246.0)	(40.0, 641165.5)	(41.0, 734442.0)	(42.0, 844849.0)	(43.0, 982978.5)	(44.0, 1139104.5)	(45.0, 1306695.0)	(46.0, 1456629.0)	(47.0, 1598346.0)	(48.0, 1746538.0)	(49.0, 1879554.5)	(50.0, 1994682.5)	(51.0, 2111968.0)	(52.0, 2236010.0)	(53.0, 2325456.5)	(54.0, 2368507.5)	(55.0, 2391062.5)	(56.0, 2366138.5)	(57.0, 2281337.5)	(58.0, 2163011.0)	(59.0, 2010497.5)	(60.0, 1812485.0)	(61.0, 1580819.0)	(62.0, 1350783.5)	(63.0, 1133903.5)	(64.0, 922376.5)	(65.0, 723509.5)	(66.0, 563691.0)	(67.0, 449787.5)	(68.0, 359592.0)	(69.0, 284715.5)	(70.0, 228366.5)	(71.0, 184156.5)	(72.0, 155879.5)	(73.0, 131858.0)	(74.0, 104175.0)	(75.0, 83131.0)	(76.0, 68547.5)	(77.0, 51608.5)	(78.0, 33311.0)	(79.0, 21153.5)	(80.0, 14672.0)	(81.0, 10784.5)	(82.0, 7294.0)	(83.0, 3571.0)	(84.0, 1407.0)	(85.0, 711.0)	(86.0, 326.5)	(87.0, 150.5)	(88.0, 92.0)	(89.0, 73.0)	(90.0, 77.0)	(91.0, 80.0)	(92.0, 86.0)	(93.0, 97.0)	(94.0, 107.0)	(95.0, 104.5)	(96.0, 97.5)	(97.0, 104.5)	(98.0, 96.5)	(99.0, 54.0)	(100.0, 19.5)
fastp | SRR30333756_2	(0.0, 839.0)	(1.0, 467.5)	(2.0, 72.5)	(3.0, 34.0)	(4.0, 21.5)	(5.0, 25.5)	(6.0, 21.0)	(7.0, 20.5)	(8.0, 27.5)	(9.0, 24.5)	(10.0, 22.0)	(11.0, 28.5)	(12.0, 45.0)	(13.0, 60.0)	(14.0, 72.0)	(15.0, 130.5)	(16.0, 244.0)	(17.0, 390.5)	(18.0, 636.5)	(19.0, 1060.0)	(20.0, 2066.5)	(21.0, 3683.0)	(22.0, 5701.0)	(23.0, 8107.0)	(24.0, 10983.5)	(25.0, 14715.5)	(26.0, 20396.0)	(27.0, 28379.0)	(28.0, 36752.0)	(29.0, 47389.0)	(30.0, 62687.0)	(31.0, 83226.0)	(32.0, 108141.0)	(33.0, 136427.5)	(34.0, 170470.5)	(35.0, 212255.5)	(36.0, 267309.5)	(37.0, 338756.0)	(38.0, 429139.0)	(39.0, 539707.5)	(40.0, 656543.5)	(41.0, 782351.5)	(42.0, 926763.5)	(43.0, 1072408.5)	(44.0, 1222688.0)	(45.0, 1389351.5)	(46.0, 1529302.5)	(47.0, 1643302.5)	(48.0, 1769043.5)	(49.0, 1885512.5)	(50.0, 1993744.5)	(51.0, 2109000.0)	(52.0, 2210512.5)	(53.0, 2292231.5)	(54.0, 2337594.5)	(55.0, 2343337.0)	(56.0, 2310305.0)	(57.0, 2228908.0)	(58.0, 2107095.0)	(59.0, 1940819.0)	(60.0, 1745643.0)	(61.0, 1546703.0)	(62.0, 1337547.0)	(63.0, 1114043.5)	(64.0, 906440.5)	(65.0, 732036.5)	(66.0, 597628.0)	(67.0, 489858.0)	(68.0, 395205.0)	(69.0, 322104.0)	(70.0, 265217.0)	(71.0, 220465.5)	(72.0, 187156.5)	(73.0, 157436.0)	(74.0, 131741.0)	(75.0, 110009.5)	(76.0, 88685.5)	(77.0, 70259.5)	(78.0, 51491.0)	(79.0, 33337.5)	(80.0, 20941.0)	(81.0, 14604.0)	(82.0, 10459.5)	(83.0, 6182.0)	(84.0, 3379.5)	(85.0, 2365.0)	(86.0, 2385.0)	(87.0, 2582.5)	(88.0, 2897.5)	(89.0, 3304.0)	(90.0, 3759.5)	(91.0, 4221.0)	(92.0, 4614.5)	(93.0, 4955.0)	(94.0, 5276.0)	(95.0, 5750.5)	(96.0, 6609.5)	(97.0, 7859.5)	(98.0, 9168.5)	(99.0, 9541.0)	(100.0, 11173.0)
fastx | SRR30333743_1	(0.0, 64.0)	(1.0, 39.0)	(2.0, 14.5)	(3.0, 10.5)	(4.0, 7.5)	(5.0, 12.5)	(6.0, 14.0)	(7.0, 11.0)	(8.0, 8.0)	(9.0, 5.0)	(10.0, 12.5)	(11.0, 20.0)	(12.0, 22.0)	(13.0, 36.0)	(14.0, 66.5)	(15.0, 119.5)	(16.0, 225.0)	(17.0, 439.5)	(18.0, 755.0)	(19.0, 1255.0)	(20.0, 2098.0)	(21.0, 3524.0)	(22.0, 5508.0)	(23.0, 8285.0)	(24.0, 12163.5)	(25.0, 17137.0)	(26.0, 23257.5)	(27.0, 31461.5)	(28.0, 41196.0)	(29.0, 52757.0)	(30.0, 68217.0)	(31.0, 86415.0)	(32.0, 107773.5)	(33.0, 134006.0)	(34.0, 170784.0)	(35.0, 213610.5)	(36.0, 264110.5)	(37.0, 323000.5)	(38.0, 385374.0)	(39.0, 459336.0)	(40.0, 544503.0)	(41.0, 639545.5)	(42.0, 758806.5)	(43.0, 910667.5)	(44.0, 1082980.5)	(45.0, 1273263.0)	(46.0, 1455251.5)	(47.0, 1626179.5)	(48.0, 1809066.5)	(49.0, 1977532.5)	(50.0, 2125973.0)	(51.0, 2285338.0)	(52.0, 2441725.5)	(53.0, 2549487.5)	(54.0, 2604364.5)	(55.0, 2629922.0)	(56.0, 2596903.5)	(57.0, 2496207.0)	(58.0, 2360384.0)	(59.0, 2180720.0)	(60.0, 1954239.5)	(61.0, 1704790.5)	(62.0, 1455212.5)	(63.0, 1219171.5)	(64.0, 991234.5)	(65.0, 778678.0)	(66.0, 609163.0)	(67.0, 488504.0)	(68.0, 395337.5)	(69.0, 320425.0)	(70.0, 265128.5)	(71.0, 221244.5)	(72.0, 191970.5)	(73.0, 165377.0)	(74.0, 134918.0)	(75.0, 111710.0)	(76.0, 95253.5)	(77.0, 74246.5)	(78.0, 50001.0)	(79.0, 33671.5)	(80.0, 24795.5)	(81.0, 18981.0)	(82.0, 13386.5)	(83.0, 7044.5)	(84.0, 2994.0)	(85.0, 1551.0)	(86.0, 669.0)	(87.0, 293.5)	(88.0, 238.0)	(89.0, 224.0)	(90.0, 237.0)	(91.0, 236.0)	(92.0, 225.0)	(93.0, 209.5)	(94.0, 220.5)	(95.0, 232.5)	(96.0, 253.0)	(97.0, 366.5)	(98.0, 678.0)	(99.0, 594.0)	(100.0, 157.0)
fastx | SRR30333743_2	(0.0, 535.0)	(1.0, 298.0)	(2.0, 43.5)	(3.0, 28.0)	(4.0, 22.5)	(5.0, 17.5)	(6.0, 17.0)	(7.0, 10.5)	(8.0, 13.0)	(9.0, 18.0)	(10.0, 16.0)	(11.0, 21.0)	(12.0, 30.5)	(13.0, 43.0)	(14.0, 64.0)	(15.0, 97.5)	(16.0, 191.0)	(17.0, 296.0)	(18.0, 462.0)	(19.0, 828.0)	(20.0, 1500.0)	(21.0, 2469.0)	(22.0, 3970.0)	(23.0, 5784.0)	(24.0, 7883.5)	(25.0, 10594.5)	(26.0, 14634.5)	(27.0, 20288.0)	(28.0, 26247.5)	(29.0, 34034.0)	(30.0, 45335.5)	(31.0, 60342.0)	(32.0, 79314.0)	(33.0, 101088.0)	(34.0, 126676.5)	(35.0, 160322.5)	(36.0, 205688.5)	(37.0, 263862.0)	(38.0, 339467.0)	(39.0, 436011.5)	(40.0, 542122.0)	(41.0, 661891.5)	(42.0, 806738.0)	(43.0, 958527.0)	(44.0, 1122656.0)	(45.0, 1312449.5)	(46.0, 1483595.0)	(47.0, 1633303.0)	(48.0, 1793531.5)	(49.0, 1946550.5)	(50.0, 2089725.0)	(51.0, 2238117.5)	(52.0, 2371440.5)	(53.0, 2479525.5)	(54.0, 2540883.0)	(55.0, 2546486.0)	(56.0, 2501926.0)	(57.0, 2407847.0)	(58.0, 2275863.5)	(59.0, 2094609.5)	(60.0, 1877394.0)	(61.0, 1658818.0)	(62.0, 1435811.0)	(63.0, 1198133.0)	(64.0, 976724.5)	(65.0, 793162.0)	(66.0, 650292.0)	(67.0, 534674.5)	(68.0, 436448.0)	(69.0, 363442.5)	(70.0, 305696.5)	(71.0, 257407.0)	(72.0, 224064.5)	(73.0, 193253.5)	(74.0, 165223.5)	(75.0, 142962.0)	(76.0, 121231.5)	(77.0, 102774.5)	(78.0, 81908.0)	(79.0, 59734.5)	(80.0, 44273.0)	(81.0, 36624.5)	(82.0, 29918.5)	(83.0, 21151.0)	(84.0, 15299.0)	(85.0, 12748.5)	(86.0, 11696.0)	(87.0, 11013.0)	(88.0, 10579.5)	(89.0, 10194.0)	(90.0, 9936.0)	(91.0, 9527.0)	(92.0, 8945.5)	(93.0, 8571.0)	(94.0, 8242.5)	(95.0, 8140.0)	(96.0, 8768.5)	(97.0, 12352.5)	(98.0, 23339.0)	(99.0, 51808.0)	(100.0, 221812.0)
fastx | SRR30333754_1	(0.0, 79.0)	(1.0, 50.5)	(2.0, 19.5)	(3.0, 14.5)	(4.0, 13.5)	(5.0, 13.0)	(6.0, 13.0)	(7.0, 14.0)	(8.0, 13.0)	(9.0, 13.5)	(10.0, 16.5)	(11.0, 21.0)	(12.0, 34.0)	(13.0, 51.0)	(14.0, 70.5)	(15.0, 120.0)	(16.0, 237.5)	(17.0, 438.5)	(18.0, 752.0)	(19.0, 1247.5)	(20.0, 2094.5)	(21.0, 3471.0)	(22.0, 5385.0)	(23.0, 8326.0)	(24.0, 12275.5)	(25.0, 17257.0)	(26.0, 23411.0)	(27.0, 31867.5)	(28.0, 42003.5)	(29.0, 53751.5)	(30.0, 69810.5)	(31.0, 88155.5)	(32.0, 109359.5)	(33.0, 137437.5)	(34.0, 175296.5)	(35.0, 218287.0)	(36.0, 270495.5)	(37.0, 331254.5)	(38.0, 397012.5)	(39.0, 473516.5)	(40.0, 561000.0)	(41.0, 659663.5)	(42.0, 781655.5)	(43.0, 935615.0)	(44.0, 1114575.5)	(45.0, 1309018.5)	(46.0, 1487663.5)	(47.0, 1660771.0)	(48.0, 1847275.5)	(49.0, 2017459.0)	(50.0, 2167691.5)	(51.0, 2321269.0)	(52.0, 2472456.5)	(53.0, 2579481.0)	(54.0, 2632271.0)	(55.0, 2659489.0)	(56.0, 2627319.0)	(57.0, 2529021.0)	(58.0, 2396000.0)	(59.0, 2222917.5)	(60.0, 2003461.0)	(61.0, 1755298.5)	(62.0, 1507874.5)	(63.0, 1269705.5)	(64.0, 1034070.5)	(65.0, 810840.0)	(66.0, 631986.0)	(67.0, 503168.0)	(68.0, 404711.0)	(69.0, 324655.5)	(70.0, 264691.5)	(71.0, 218134.5)	(72.0, 186729.5)	(73.0, 160074.5)	(74.0, 131045.5)	(75.0, 108607.0)	(76.0, 91603.5)	(77.0, 71967.0)	(78.0, 49739.5)	(79.0, 33812.0)	(80.0, 24598.5)	(81.0, 18477.5)	(82.0, 12654.5)	(83.0, 6612.5)	(84.0, 3028.5)	(85.0, 1632.5)	(86.0, 785.5)	(87.0, 423.5)	(88.0, 361.5)	(89.0, 368.0)	(90.0, 361.5)	(91.0, 348.0)	(92.0, 353.0)	(93.0, 351.5)	(94.0, 333.5)	(95.0, 352.0)	(96.0, 395.0)	(97.0, 468.5)	(98.0, 669.0)	(99.0, 577.5)	(100.0, 201.0)
fastx | SRR30333754_2	(0.0, 639.0)	(1.0, 357.0)	(2.0, 56.0)	(3.0, 28.5)	(4.0, 17.0)	(5.0, 11.5)	(6.0, 9.5)	(7.0, 11.5)	(8.0, 12.0)	(9.0, 13.0)	(10.0, 18.5)	(11.0, 24.5)	(12.0, 32.0)	(13.0, 42.0)	(14.0, 66.5)	(15.0, 107.0)	(16.0, 162.0)	(17.0, 266.5)	(18.0, 480.5)	(19.0, 788.0)	(20.0, 1459.5)	(21.0, 2509.0)	(22.0, 3952.0)	(23.0, 5732.5)	(24.0, 7684.5)	(25.0, 10414.5)	(26.0, 14594.5)	(27.0, 20141.5)	(28.0, 26149.0)	(29.0, 33861.5)	(30.0, 45257.5)	(31.0, 60646.0)	(32.0, 79566.0)	(33.0, 101428.5)	(34.0, 128138.0)	(35.0, 162858.0)	(36.0, 209253.0)	(37.0, 269512.5)	(38.0, 348223.0)	(39.0, 446257.5)	(40.0, 554424.5)	(41.0, 679109.0)	(42.0, 828008.0)	(43.0, 982689.0)	(44.0, 1149286.0)	(45.0, 1339511.0)	(46.0, 1505521.0)	(47.0, 1649208.0)	(48.0, 1806104.5)	(49.0, 1956599.5)	(50.0, 2101803.5)	(51.0, 2249279.5)	(52.0, 2373856.5)	(53.0, 2475621.5)	(54.0, 2539353.5)	(55.0, 2551782.5)	(56.0, 2517654.5)	(57.0, 2430820.5)	(58.0, 2298984.0)	(59.0, 2120141.5)	(60.0, 1906847.0)	(61.0, 1690474.5)	(62.0, 1464549.0)	(63.0, 1225427.0)	(64.0, 1005632.5)	(65.0, 819295.0)	(66.0, 672764.5)	(67.0, 556230.0)	(68.0, 457183.0)	(69.0, 379822.5)	(70.0, 320626.0)	(71.0, 274341.0)	(72.0, 240024.0)	(73.0, 207735.5)	(74.0, 179755.5)	(75.0, 157881.0)	(76.0, 135249.5)	(77.0, 115052.0)	(78.0, 93240.5)	(79.0, 70385.5)	(80.0, 53621.0)	(81.0, 44247.5)	(82.0, 37098.0)	(83.0, 28882.0)	(84.0, 22689.5)	(85.0, 19642.5)	(86.0, 18252.5)	(87.0, 17310.0)	(88.0, 16637.0)	(89.0, 15843.0)	(90.0, 15185.5)	(91.0, 14545.0)	(92.0, 13874.5)	(93.0, 13248.0)	(94.0, 12529.5)	(95.0, 12134.0)	(96.0, 12860.0)	(97.0, 17529.5)	(98.0, 32280.0)	(99.0, 71085.0)	(100.0, 294585.5)
fastx | SRR30333756_1	(0.0, 113.0)	(1.0, 75.0)	(2.0, 27.5)	(3.0, 18.0)	(4.0, 24.5)	(5.0, 23.0)	(6.0, 20.0)	(7.0, 20.0)	(8.0, 11.5)	(9.0, 13.5)	(10.0, 20.0)	(11.0, 24.5)	(12.0, 37.5)	(13.0, 71.5)	(14.0, 109.5)	(15.0, 162.0)	(16.0, 299.0)	(17.0, 571.0)	(18.0, 1008.0)	(19.0, 1722.5)	(20.0, 2909.5)	(21.0, 4910.5)	(22.0, 7678.0)	(23.0, 11705.5)	(24.0, 17267.0)	(25.0, 24283.5)	(26.0, 32696.0)	(27.0, 43957.5)	(28.0, 57911.5)	(29.0, 74189.5)	(30.0, 94844.5)	(31.0, 119091.0)	(32.0, 146967.0)	(33.0, 183005.5)	(34.0, 232639.0)	(35.0, 286931.0)	(36.0, 350531.5)	(37.0, 421396.0)	(38.0, 493127.0)	(39.0, 573171.5)	(40.0, 662087.0)	(41.0, 756984.0)	(42.0, 868534.0)	(43.0, 1009169.0)	(44.0, 1169916.0)	(45.0, 1343642.5)	(46.0, 1499665.5)	(47.0, 1648294.0)	(48.0, 1805375.0)	(49.0, 1947517.5)	(50.0, 2071308.5)	(51.0, 2196584.5)	(52.0, 2327051.5)	(53.0, 2422013.0)	(54.0, 2468631.5)	(55.0, 2492941.0)	(56.0, 2466430.0)	(57.0, 2377168.5)	(58.0, 2253152.5)	(59.0, 2093700.0)	(60.0, 1886901.5)	(61.0, 1645877.5)	(62.0, 1406175.5)	(63.0, 1179060.0)	(64.0, 959375.5)	(65.0, 753258.5)	(66.0, 587329.5)	(67.0, 468620.0)	(68.0, 374484.5)	(69.0, 296812.5)	(70.0, 238820.0)	(71.0, 193243.0)	(72.0, 163495.5)	(73.0, 138257.0)	(74.0, 109486.5)	(75.0, 87444.0)	(76.0, 71531.0)	(77.0, 53266.5)	(78.0, 34112.0)	(79.0, 21462.5)	(80.0, 14783.5)	(81.0, 10803.0)	(82.0, 7219.0)	(83.0, 3481.5)	(84.0, 1369.5)	(85.0, 754.5)	(86.0, 445.0)	(87.0, 310.5)	(88.0, 299.5)	(89.0, 310.5)	(90.0, 303.5)	(91.0, 302.5)	(92.0, 296.0)	(93.0, 273.0)	(94.0, 269.5)	(95.0, 269.5)	(96.0, 279.0)	(97.0, 439.5)	(98.0, 970.5)	(99.0, 859.5)	(100.0, 210.0)
fastx | SRR30333756_2	(0.0, 846.0)	(1.0, 472.0)	(2.0, 74.5)	(3.0, 36.5)	(4.0, 22.5)	(5.0, 22.5)	(6.0, 19.5)	(7.0, 23.0)	(8.0, 27.5)	(9.0, 22.0)	(10.0, 23.5)	(11.0, 33.5)	(12.0, 51.0)	(13.0, 68.5)	(14.0, 77.0)	(15.0, 136.5)	(16.0, 253.0)	(17.0, 399.5)	(18.0, 648.5)	(19.0, 1079.0)	(20.0, 2091.5)	(21.0, 3714.0)	(22.0, 5743.5)	(23.0, 8148.5)	(24.0, 11018.5)	(25.0, 14776.0)	(26.0, 20477.5)	(27.0, 28459.5)	(28.0, 36874.5)	(29.0, 47602.0)	(30.0, 62962.5)	(31.0, 83558.0)	(32.0, 108616.5)	(33.0, 137072.0)	(34.0, 171257.0)	(35.0, 213273.0)	(36.0, 268605.5)	(37.0, 340197.0)	(38.0, 430634.0)	(39.0, 541165.0)	(40.0, 657762.0)	(41.0, 782608.0)	(42.0, 925484.5)	(43.0, 1069961.0)	(44.0, 1220538.0)	(45.0, 1388643.5)	(46.0, 1530294.0)	(47.0, 1647030.5)	(48.0, 1777703.5)	(49.0, 1900112.5)	(50.0, 2014993.0)	(51.0, 2136327.5)	(52.0, 2242685.0)	(53.0, 2330009.5)	(54.0, 2379893.0)	(55.0, 2388933.0)	(56.0, 2358147.0)	(57.0, 2277377.0)	(58.0, 2155617.5)	(59.0, 1988402.0)	(60.0, 1791184.5)	(61.0, 1590520.0)	(62.0, 1378892.0)	(63.0, 1152843.5)	(64.0, 944190.5)	(65.0, 768731.0)	(66.0, 633659.5)	(67.0, 524723.5)	(68.0, 428383.5)	(69.0, 354236.0)	(70.0, 296668.5)	(71.0, 250941.5)	(72.0, 216233.5)	(73.0, 184923.5)	(74.0, 157765.5)	(75.0, 134858.5)	(76.0, 111936.0)	(77.0, 92007.5)	(78.0, 72179.5)	(79.0, 53005.0)	(80.0, 39560.5)	(81.0, 32282.5)	(82.0, 27145.0)	(83.0, 21839.5)	(84.0, 18082.5)	(85.0, 16321.5)	(86.0, 15663.5)	(87.0, 14921.0)	(88.0, 14314.0)	(89.0, 13913.5)	(90.0, 13433.5)	(91.0, 12993.5)	(92.0, 12532.5)	(93.0, 12074.0)	(94.0, 11702.5)	(95.0, 11677.0)	(96.0, 13083.5)	(97.0, 18938.0)	(98.0, 35962.5)	(99.0, 78344.0)	(100.0, 272908.0)
raw | SRR30333743_1	(0.0, 64.0)	(1.0, 39.0)	(2.0, 14.5)	(3.0, 10.5)	(4.0, 7.5)	(5.0, 12.5)	(6.0, 14.0)	(7.0, 11.0)	(8.0, 8.0)	(9.0, 5.0)	(10.0, 12.5)	(11.0, 20.0)	(12.0, 22.0)	(13.0, 36.0)	(14.0, 66.5)	(15.0, 119.5)	(16.0, 225.0)	(17.0, 439.5)	(18.0, 755.0)	(19.0, 1255.0)	(20.0, 2098.0)	(21.0, 3524.0)	(22.0, 5508.0)	(23.0, 8285.0)	(24.0, 12163.5)	(25.0, 17137.0)	(26.0, 23257.5)	(27.0, 31461.5)	(28.0, 41196.0)	(29.0, 52757.0)	(30.0, 68217.0)	(31.0, 86415.0)	(32.0, 107773.5)	(33.0, 134006.0)	(34.0, 170784.0)	(35.0, 213610.5)	(36.0, 264110.5)	(37.0, 323000.5)	(38.0, 385374.0)	(39.0, 459336.0)	(40.0, 544503.0)	(41.0, 639545.5)	(42.0, 758806.5)	(43.0, 910667.5)	(44.0, 1082980.5)	(45.0, 1273263.0)	(46.0, 1455251.5)	(47.0, 1626179.5)	(48.0, 1809066.5)	(49.0, 1977532.5)	(50.0, 2125973.0)	(51.0, 2285338.0)	(52.0, 2441725.5)	(53.0, 2549487.5)	(54.0, 2604364.5)	(55.0, 2629922.0)	(56.0, 2596903.5)	(57.0, 2496207.0)	(58.0, 2360384.0)	(59.0, 2180720.0)	(60.0, 1954239.5)	(61.0, 1704790.5)	(62.0, 1455212.5)	(63.0, 1219171.5)	(64.0, 991234.5)	(65.0, 778678.0)	(66.0, 609163.0)	(67.0, 488504.0)	(68.0, 395337.5)	(69.0, 320425.0)	(70.0, 265128.5)	(71.0, 221244.5)	(72.0, 191970.5)	(73.0, 165377.0)	(74.0, 134918.0)	(75.0, 111710.0)	(76.0, 95253.5)	(77.0, 74246.5)	(78.0, 50001.0)	(79.0, 33671.5)	(80.0, 24795.5)	(81.0, 18981.0)	(82.0, 13386.5)	(83.0, 7044.5)	(84.0, 2994.0)	(85.0, 1551.0)	(86.0, 669.0)	(87.0, 293.5)	(88.0, 238.0)	(89.0, 224.0)	(90.0, 237.0)	(91.0, 236.0)	(92.0, 225.0)	(93.0, 209.5)	(94.0, 220.5)	(95.0, 232.5)	(96.0, 253.0)	(97.0, 366.5)	(98.0, 678.0)	(99.0, 594.0)	(100.0, 157.0)
raw | SRR30333743_2	(0.0, 535.0)	(1.0, 298.0)	(2.0, 43.5)	(3.0, 28.0)	(4.0, 22.5)	(5.0, 17.5)	(6.0, 17.0)	(7.0, 10.5)	(8.0, 13.0)	(9.0, 18.0)	(10.0, 16.0)	(11.0, 21.0)	(12.0, 30.5)	(13.0, 43.0)	(14.0, 64.0)	(15.0, 97.5)	(16.0, 191.0)	(17.0, 296.0)	(18.0, 462.0)	(19.0, 828.0)	(20.0, 1500.0)	(21.0, 2469.0)	(22.0, 3970.0)	(23.0, 5784.0)	(24.0, 7883.5)	(25.0, 10594.5)	(26.0, 14634.5)	(27.0, 20288.0)	(28.0, 26247.5)	(29.0, 34034.0)	(30.0, 45335.5)	(31.0, 60342.0)	(32.0, 79314.0)	(33.0, 101088.0)	(34.0, 126676.5)	(35.0, 160322.5)	(36.0, 205688.5)	(37.0, 263862.0)	(38.0, 339467.0)	(39.0, 436011.5)	(40.0, 542122.0)	(41.0, 661891.5)	(42.0, 806738.0)	(43.0, 958527.0)	(44.0, 1122656.0)	(45.0, 1312449.5)	(46.0, 1483595.0)	(47.0, 1633303.0)	(48.0, 1793531.5)	(49.0, 1946550.5)	(50.0, 2089725.0)	(51.0, 2238117.5)	(52.0, 2371441.0)	(53.0, 2479525.5)	(54.0, 2540882.5)	(55.0, 2546486.0)	(56.0, 2501926.0)	(57.0, 2407847.0)	(58.0, 2275863.5)	(59.0, 2094609.5)	(60.0, 1877394.0)	(61.0, 1658818.0)	(62.0, 1435811.0)	(63.0, 1198133.0)	(64.0, 976724.5)	(65.0, 793162.0)	(66.0, 650292.0)	(67.0, 534674.5)	(68.0, 436448.0)	(69.0, 363442.5)	(70.0, 305696.5)	(71.0, 257407.0)	(72.0, 224064.5)	(73.0, 193253.5)	(74.0, 165223.5)	(75.0, 142962.0)	(76.0, 121231.5)	(77.0, 102774.5)	(78.0, 81908.0)	(79.0, 59734.5)	(80.0, 44273.0)	(81.0, 36624.5)	(82.0, 29918.5)	(83.0, 21151.0)	(84.0, 15299.0)	(85.0, 12748.5)	(86.0, 11696.0)	(87.0, 11013.0)	(88.0, 10579.5)	(89.0, 10194.0)	(90.0, 9936.5)	(91.0, 9527.5)	(92.0, 8945.5)	(93.0, 8571.5)	(94.0, 8243.0)	(95.0, 8144.0)	(96.0, 8775.5)	(97.0, 12358.0)	(98.0, 23342.0)	(99.0, 51793.5)	(100.0, 221783.0)
raw | SRR30333754_1	(0.0, 79.0)	(1.0, 50.5)	(2.0, 19.5)	(3.0, 14.5)	(4.0, 13.5)	(5.0, 13.0)	(6.0, 13.0)	(7.0, 14.0)	(8.0, 13.0)	(9.0, 13.5)	(10.0, 16.5)	(11.0, 21.0)	(12.0, 34.0)	(13.0, 51.0)	(14.0, 70.5)	(15.0, 120.0)	(16.0, 237.5)	(17.0, 438.5)	(18.0, 752.0)	(19.0, 1247.5)	(20.0, 2094.5)	(21.0, 3471.0)	(22.0, 5385.0)	(23.0, 8326.0)	(24.0, 12275.5)	(25.0, 17257.0)	(26.0, 23411.0)	(27.0, 31867.5)	(28.0, 42003.5)	(29.0, 53751.5)	(30.0, 69810.5)	(31.0, 88155.5)	(32.0, 109359.5)	(33.0, 137437.5)	(34.0, 175296.5)	(35.0, 218287.0)	(36.0, 270495.5)	(37.0, 331254.5)	(38.0, 397012.5)	(39.0, 473516.5)	(40.0, 561000.0)	(41.0, 659663.5)	(42.0, 781655.5)	(43.0, 935615.0)	(44.0, 1114575.5)	(45.0, 1309018.5)	(46.0, 1487663.5)	(47.0, 1660771.0)	(48.0, 1847275.5)	(49.0, 2017459.0)	(50.0, 2167691.5)	(51.0, 2321269.0)	(52.0, 2472456.5)	(53.0, 2579481.0)	(54.0, 2632271.0)	(55.0, 2659489.0)	(56.0, 2627319.0)	(57.0, 2529021.0)	(58.0, 2396000.0)	(59.0, 2222917.5)	(60.0, 2003461.0)	(61.0, 1755298.5)	(62.0, 1507874.5)	(63.0, 1269705.5)	(64.0, 1034070.5)	(65.0, 810840.0)	(66.0, 631986.0)	(67.0, 503168.0)	(68.0, 404711.0)	(69.0, 324655.5)	(70.0, 264691.5)	(71.0, 218134.5)	(72.0, 186729.5)	(73.0, 160074.5)	(74.0, 131045.5)	(75.0, 108607.0)	(76.0, 91603.5)	(77.0, 71967.0)	(78.0, 49739.5)	(79.0, 33812.0)	(80.0, 24598.5)	(81.0, 18477.5)	(82.0, 12654.5)	(83.0, 6612.5)	(84.0, 3028.5)	(85.0, 1632.5)	(86.0, 785.5)	(87.0, 423.5)	(88.0, 361.5)	(89.0, 368.0)	(90.0, 361.5)	(91.0, 348.0)	(92.0, 353.0)	(93.0, 351.5)	(94.0, 333.5)	(95.0, 352.0)	(96.0, 395.0)	(97.0, 468.5)	(98.0, 669.0)	(99.0, 577.5)	(100.0, 201.0)
raw | SRR30333754_2	(0.0, 639.0)	(1.0, 357.0)	(2.0, 56.0)	(3.0, 28.5)	(4.0, 17.0)	(5.0, 11.5)	(6.0, 9.5)	(7.0, 11.5)	(8.0, 12.0)	(9.0, 13.0)	(10.0, 18.5)	(11.0, 24.5)	(12.0, 32.0)	(13.0, 42.0)	(14.0, 66.5)	(15.0, 107.0)	(16.0, 162.0)	(17.0, 266.5)	(18.0, 480.5)	(19.0, 788.0)	(20.0, 1459.5)	(21.0, 2509.0)	(22.0, 3952.0)	(23.0, 5732.5)	(24.0, 7684.5)	(25.0, 10414.5)	(26.0, 14594.5)	(27.0, 20141.5)	(28.0, 26149.0)	(29.0, 33861.5)	(30.0, 45257.5)	(31.0, 60646.0)	(32.0, 79566.0)	(33.0, 101428.5)	(34.0, 128138.0)	(35.0, 162858.0)	(36.0, 209253.0)	(37.0, 269512.5)	(38.0, 348223.0)	(39.0, 446257.5)	(40.0, 554424.5)	(41.0, 679109.0)	(42.0, 828008.0)	(43.0, 982689.0)	(44.0, 1149286.0)	(45.0, 1339511.0)	(46.0, 1505521.0)	(47.0, 1649208.0)	(48.0, 1806104.5)	(49.0, 1956599.5)	(50.0, 2101803.5)	(51.0, 2249279.5)	(52.0, 2373856.5)	(53.0, 2475621.5)	(54.0, 2539353.5)	(55.0, 2551782.5)	(56.0, 2517654.5)	(57.0, 2430820.5)	(58.0, 2298984.0)	(59.0, 2120141.5)	(60.0, 1906847.0)	(61.0, 1690474.5)	(62.0, 1464549.0)	(63.0, 1225427.0)	(64.0, 1005632.5)	(65.0, 819295.0)	(66.0, 672764.5)	(67.0, 556230.0)	(68.0, 457183.0)	(69.0, 379822.5)	(70.0, 320626.0)	(71.0, 274341.0)	(72.0, 240024.0)	(73.0, 207735.5)	(74.0, 179755.5)	(75.0, 157881.0)	(76.0, 135249.5)	(77.0, 115052.0)	(78.0, 93240.5)	(79.0, 70385.5)	(80.0, 53621.0)	(81.0, 44247.5)	(82.0, 37098.0)	(83.0, 28881.5)	(84.0, 22690.0)	(85.0, 19643.5)	(86.0, 18252.5)	(87.0, 17310.0)	(88.0, 16637.5)	(89.0, 15843.0)	(90.0, 15185.0)	(91.0, 14545.5)	(92.0, 13875.0)	(93.0, 13248.5)	(94.0, 12530.5)	(95.0, 12135.5)	(96.0, 12862.0)	(97.0, 17535.0)	(98.0, 32286.0)	(99.0, 71074.5)	(100.0, 294559.5)
raw | SRR30333756_1	(0.0, 113.0)	(1.0, 75.0)	(2.0, 27.5)	(3.0, 18.0)	(4.0, 24.5)	(5.0, 23.0)	(6.0, 20.0)	(7.0, 20.0)	(8.0, 11.5)	(9.0, 13.5)	(10.0, 20.0)	(11.0, 24.5)	(12.0, 37.5)	(13.0, 71.5)	(14.0, 109.5)	(15.0, 162.0)	(16.0, 299.0)	(17.0, 571.0)	(18.0, 1008.0)	(19.0, 1722.5)	(20.0, 2909.5)	(21.0, 4910.5)	(22.0, 7678.0)	(23.0, 11705.5)	(24.0, 17267.0)	(25.0, 24283.5)	(26.0, 32696.0)	(27.0, 43957.5)	(28.0, 57911.5)	(29.0, 74189.5)	(30.0, 94844.5)	(31.0, 119091.0)	(32.0, 146967.0)	(33.0, 183005.5)	(34.0, 232639.0)	(35.0, 286931.0)	(36.0, 350531.5)	(37.0, 421396.0)	(38.0, 493127.0)	(39.0, 573171.5)	(40.0, 662087.0)	(41.0, 756984.0)	(42.0, 868534.0)	(43.0, 1009169.0)	(44.0, 1169916.0)	(45.0, 1343642.5)	(46.0, 1499665.5)	(47.0, 1648294.0)	(48.0, 1805375.0)	(49.0, 1947517.5)	(50.0, 2071308.5)	(51.0, 2196584.5)	(52.0, 2327051.5)	(53.0, 2422013.0)	(54.0, 2468631.5)	(55.0, 2492941.0)	(56.0, 2466430.0)	(57.0, 2377168.5)	(58.0, 2253152.5)	(59.0, 2093700.0)	(60.0, 1886901.5)	(61.0, 1645877.5)	(62.0, 1406175.5)	(63.0, 1179060.0)	(64.0, 959375.5)	(65.0, 753258.5)	(66.0, 587329.5)	(67.0, 468620.0)	(68.0, 374484.5)	(69.0, 296812.5)	(70.0, 238820.0)	(71.0, 193243.0)	(72.0, 163495.5)	(73.0, 138257.0)	(74.0, 109486.5)	(75.0, 87444.0)	(76.0, 71531.0)	(77.0, 53266.5)	(78.0, 34112.0)	(79.0, 21462.5)	(80.0, 14783.5)	(81.0, 10803.0)	(82.0, 7219.0)	(83.0, 3481.5)	(84.0, 1369.5)	(85.0, 754.5)	(86.0, 445.0)	(87.0, 310.5)	(88.0, 299.5)	(89.0, 310.5)	(90.0, 303.5)	(91.0, 302.5)	(92.0, 296.0)	(93.0, 273.0)	(94.0, 269.5)	(95.0, 269.5)	(96.0, 279.0)	(97.0, 439.5)	(98.0, 970.5)	(99.0, 859.5)	(100.0, 210.0)
raw | SRR30333756_2	(0.0, 846.0)	(1.0, 472.0)	(2.0, 74.5)	(3.0, 36.5)	(4.0, 22.5)	(5.0, 22.5)	(6.0, 19.5)	(7.0, 23.0)	(8.0, 27.5)	(9.0, 22.0)	(10.0, 23.5)	(11.0, 33.5)	(12.0, 51.0)	(13.0, 68.5)	(14.0, 77.0)	(15.0, 136.5)	(16.0, 253.0)	(17.0, 399.5)	(18.0, 648.5)	(19.0, 1079.0)	(20.0, 2091.5)	(21.0, 3714.0)	(22.0, 5743.5)	(23.0, 8148.5)	(24.0, 11018.5)	(25.0, 14776.0)	(26.0, 20477.5)	(27.0, 28459.5)	(28.0, 36874.5)	(29.0, 47602.0)	(30.0, 62962.5)	(31.0, 83558.0)	(32.0, 108616.5)	(33.0, 137072.0)	(34.0, 171257.0)	(35.0, 213273.0)	(36.0, 268605.5)	(37.0, 340197.0)	(38.0, 430634.0)	(39.0, 541165.0)	(40.0, 657762.0)	(41.0, 782608.0)	(42.0, 925484.5)	(43.0, 1069961.0)	(44.0, 1220538.0)	(45.0, 1388643.5)	(46.0, 1530294.0)	(47.0, 1647030.5)	(48.0, 1777703.5)	(49.0, 1900112.5)	(50.0, 2014993.0)	(51.0, 2136327.5)	(52.0, 2242685.0)	(53.0, 2330009.5)	(54.0, 2379893.0)	(55.0, 2388933.0)	(56.0, 2358147.0)	(57.0, 2277377.0)	(58.0, 2155617.5)	(59.0, 1988402.0)	(60.0, 1791184.5)	(61.0, 1590520.0)	(62.0, 1378892.0)	(63.0, 1152843.5)	(64.0, 944190.5)	(65.0, 768731.0)	(66.0, 633659.5)	(67.0, 524723.5)	(68.0, 428383.5)	(69.0, 354236.0)	(70.0, 296668.5)	(71.0, 250941.5)	(72.0, 216233.5)	(73.0, 184923.5)	(74.0, 157765.5)	(75.0, 134858.5)	(76.0, 111936.0)	(77.0, 92007.5)	(78.0, 72179.5)	(79.0, 53005.0)	(80.0, 39560.5)	(81.0, 32282.5)	(82.0, 27145.0)	(83.0, 21839.5)	(84.0, 18082.5)	(85.0, 16321.5)	(86.0, 15663.5)	(87.0, 14921.0)	(88.0, 14314.0)	(89.0, 13913.5)	(90.0, 13433.5)	(91.0, 12993.5)	(92.0, 12533.0)	(93.0, 12075.0)	(94.0, 11703.5)	(95.0, 11678.5)	(96.0, 13085.5)	(97.0, 18940.0)	(98.0, 35964.0)	(99.0, 78338.5)	(100.0, 272896.5)
