Sample	0	1	2	3	4	5	6	7	8	9	10	11	12	13	14	15	16	17	18	19	20	21	22	23	24	25	26	27	28	29	30	31	32	33	34	35	36	37	38	39	40	41	42	43	44	45	46	47	48	49	50	51	52	53	54	55	56	57	58	59	60	61	62	63	64	65	66	67	68	69	70	71	72	73	74	75	76	77	78	79	80	81	82	83	84	85	86	87	88	89	90	91	92	93	94	95	96	97	98	99	100
cutadapt | SRR30333743_1	(0.0, 0.00017536233520137727)	(1.0, 0.00011757247473728703)	(2.0, 6.0778991177750085e-05)	(3.0, 5.181159903677056e-05)	(4.0, 4.682971451400416e-05)	(5.0, 7.273551403238944e-05)	(6.0, 9.9637690455328e-05)	(7.0, 0.00012056160545094689)	(8.0, 0.00016639494306039778)	(9.0, 0.00022318842661993472)	(10.0, 0.00033179350921624224)	(11.0, 0.00048125004489923425)	(12.0, 0.0005769022277363491)	(13.0, 0.0006556160031960583)	(14.0, 0.0007921196391198576)	(15.0, 0.0009694747281303415)	(16.0, 0.001281340699255518)	(17.0, 0.0018612320577055272)	(18.0, 0.0027021741651484955)	(19.0, 0.003882880797044132)	(20.0, 0.005678351979049143)	(21.0, 0.008572826886776422)	(22.0, 0.012399910577165569)	(23.0, 0.01766078063320689)	(24.0, 0.025120654517597298)	(25.0, 0.03480942353747339)	(26.0, 0.046785873930203815)	(27.0, 0.0629839732675265)	(28.0, 0.08234656565371039)	(29.0, 0.10526323445843581)	(30.0, 0.13576233150681172)	(31.0, 0.17178534211403101)	(32.0, 0.21423099824800074)	(33.0, 0.26647502486134744)	(34.0, 0.3397436005376729)	(35.0, 0.42510819183527515)	(36.0, 0.5259544874758263)	(37.0, 0.6441785927086912)	(38.0, 0.7720107604321633)	(39.0, 0.9263565175857982)	(40.0, 1.106899016313948)	(41.0, 1.3126289268123001)	(42.0, 1.5711020487531802)	(43.0, 1.8929616802310263)	(44.0, 2.2509539237755924)	(45.0, 2.635973887233071)	(46.0, 2.9989380515313577)	(47.0, 3.332150401459684)	(48.0, 3.6774507959940506)	(49.0, 3.9944371480317264)	(50.0, 4.262322046213017)	(51.0, 4.549266638201507)	(52.0, 4.838263766613377)	(53.0, 5.031471212175304)	(54.0, 5.124238883873736)	(55.0, 5.163828923799256)	(56.0, 5.094814877505374)	(57.0, 4.89850072875505)	(58.0, 4.636142733263317)	(59.0, 4.289955563283898)	(60.0, 3.855339943025375)	(61.0, 3.373586727789341)	(62.0, 2.890798276949477)	(63.0, 2.430571784736317)	(64.0, 1.97977301079404)	(65.0, 1.5593338411335014)	(66.0, 1.220956273331971)	(67.0, 0.9791216493202264)	(68.0, 0.7908542404510749)	(69.0, 0.6364377405372167)	(70.0, 0.5204495050781693)	(71.0, 0.42837531170530535)	(72.0, 0.36828581334550614)	(73.0, 0.3169494860922075)	(74.0, 0.25938580318545085)	(75.0, 0.2164439513530136)	(76.0, 0.18624675650671732)	(77.0, 0.14657003179050115)	(78.0, 0.10118705654190835)	(79.0, 0.07087129284397026)	(80.0, 0.05455163552429208)	(81.0, 0.043185964174052814)	(82.0, 0.031377901478191896)	(83.0, 0.01754221178156505)	(84.0, 0.008533968187498842)	(85.0, 0.005008786699189339)	(86.0, 0.0024451089237737494)	(87.0, 0.0011478261940453787)	(88.0, 0.0007781703624561118)	(89.0, 0.0005579710665498368)	(90.0, 0.0004453804763353162)	(91.0, 0.00038858699277577924)	(92.0, 0.0003816123544439063)	(93.0, 0.00038858699277577924)	(94.0, 0.0004005435156304185)	(95.0, 0.00036168481635284066)	(96.0, 0.0002600543720884061)	(97.0, 0.00020824277305163554)	(98.0, 0.000174365958296824)	(99.0, 9.365942902800832e-05)	(100.0, 3.088768404115168e-05)
cutadapt | SRR30333743_2	(0.0, 0.001401902977086624)	(1.0, 0.0008334545837802152)	(2.0, 0.00021544396401114788)	(3.0, 0.00017801942566179354)	(4.0, 0.00018712269174677161)	(5.0, 0.0001992603798600757)	(6.0, 0.00019319153580342368)	(7.0, 0.00017599647764290953)	(8.0, 0.00021847838603947386)	(9.0, 0.0002690520865115743)	(10.0, 0.00028928156670041447)	(11.0, 0.0003226602090120008)	(12.0, 0.00037727980552186926)	(13.0, 0.0004258305579750857)	(14.0, 0.0004996681606643524)	(15.0, 0.0006412745219862336)	(16.0, 0.0008789709142051055)	(17.0, 0.0011288049945372817)	(18.0, 0.0015313716502952013)	(19.0, 0.002354711493980996)	(20.0, 0.003750545627010968)	(21.0, 0.00573505763353619)	(22.0, 0.008811961570258781)	(23.0, 0.01250788760075988)	(24.0, 0.01679350297876567)	(25.0, 0.022354587082677835)	(26.0, 0.03059607731161132)	(27.0, 0.042083387636844216)	(28.0, 0.05423928228231828)	(29.0, 0.07006177021201962)	(30.0, 0.09294030083158841)	(31.0, 0.12333206039329245)	(32.0, 0.16190967911341064)	(33.0, 0.20617279324060242)	(34.0, 0.25796835431610876)	(35.0, 0.3261245074943397)	(36.0, 0.4181211030751187)	(37.0, 0.5359628825451599)	(38.0, 0.6890919557826045)	(39.0, 0.8846796735143964)	(40.0, 1.0995339481780395)	(41.0, 1.3419690961311472)	(42.0, 1.6351225853397058)	(43.0, 1.942245542092668)	(44.0, 2.2743832625731404)	(45.0, 2.6582234885202505)	(46.0, 3.0040636474066336)	(47.0, 3.306495387703804)	(48.0, 3.6301569559851523)	(49.0, 3.939106634799167)	(50.0, 4.22681232499287)	(51.0, 4.524526550510003)	(52.0, 4.792302156821662)	(53.0, 5.0088900979374875)	(54.0, 5.130844530729921)	(55.0, 5.139404635271829)	(56.0, 5.047309926712133)	(57.0, 4.855827781984667)	(58.0, 4.587811444858761)	(59.0, 4.220392499454942)	(60.0, 3.7804356954639893)	(61.0, 3.338045285006319)	(62.0, 2.8870846552666465)	(63.0, 2.4068388185316)	(64.0, 1.959188743224831)	(65.0, 1.588193225723625)	(66.0, 1.2992525257643925)	(67.0, 1.0658994029420643)	(68.0, 0.868099591551623)	(69.0, 0.7208330216729042)	(70.0, 0.604796723309717)	(71.0, 0.5080664293647493)	(72.0, 0.44146592321304023)	(73.0, 0.38067431229755666)	(74.0, 0.32497243859758523)	(75.0, 0.2804048707935514)	(76.0, 0.23692767197169615)	(77.0, 0.20009889181390314)	(78.0, 0.15862441153074303)	(79.0, 0.11438253835774956)	(80.0, 0.0837642086179305)	(81.0, 0.06885204729672698)	(82.0, 0.0558819160736521)	(83.0, 0.03867067432898688)	(84.0, 0.02711053787507416)	(85.0, 0.022026869503618624)	(86.0, 0.02000594443275349)	(87.0, 0.01879116414741364)	(88.0, 0.017968835777737287)	(89.0, 0.017276987555278952)	(90.0, 0.016630655663245508)	(91.0, 0.015768879807200917)	(92.0, 0.014680533773041314)	(93.0, 0.01359623363491948)	(94.0, 0.012456302426278338)	(95.0, 0.0111889254924475)	(96.0, 0.00975768976908706)	(97.0, 0.008576288126058793)	(98.0, 0.007479850299823655)	(99.0, 0.006100199750944755)	(100.0, 0.008148434620064822)
cutadapt | SRR30333754_1	(0.0, 0.0002003920811341847)	(1.0, 0.00013526465476557467)	(2.0, 6.913526799129373e-05)	(3.0, 6.41254659629391e-05)	(4.0, 6.81333075856228e-05)	(5.0, 9.919408016142143e-05)	(6.0, 0.00012524505070886545)	(7.0, 0.000144282298416613)	(8.0, 0.00019538227910583008)	(9.0, 0.0002544979430404146)	(10.0, 0.00032062732981469555)	(11.0, 0.0004158135683534333)	(12.0, 0.0005220213713545512)	(13.0, 0.0006252232931386563)	(14.0, 0.0007715095123666112)	(15.0, 0.000981921197557505)	(16.0, 0.0012995426461551878)	(17.0, 0.0018015248093963207)	(18.0, 0.00258205196541397)	(19.0, 0.003752341719237609)	(20.0, 0.005590939063643753)	(21.0, 0.008448530140617227)	(22.0, 0.012112699344155795)	(23.0, 0.017503246326665365)	(24.0, 0.024976868992564783)	(25.0, 0.03463777122404383)	(26.0, 0.04652502947692366)	(27.0, 0.06300126638777633)	(28.0, 0.08286513143020238)	(29.0, 0.1058220482449346)	(30.0, 0.1371974363881139)	(31.0, 0.17319086004103046)	(32.0, 0.21491549721438474)	(33.0, 0.2701335351709093)	(34.0, 0.34444292669708776)	(35.0, 0.42889917125149557)	(36.0, 0.531183297304006)	(37.0, 0.6503173914986846)	(38.0, 0.7795141740475161)	(39.0, 0.929780180006796)	(40.0, 1.101958058077693)	(41.0, 1.2961429944987464)	(42.0, 1.5354802746409542)	(43.0, 1.8380091936480158)	(44.0, 2.18972735485068)	(45.0, 2.571417157668179)	(46.0, 2.9227866366496698)	(47.0, 3.262802902274503)	(48.0, 3.6284022229373325)	(49.0, 3.9625439947037178)	(50.0, 4.256424993449434)	(51.0, 4.556133393914531)	(52.0, 4.851625544992566)	(53.0, 5.060340911216659)	(54.0, 5.161637104309178)	(55.0, 5.213223035795146)	(56.0, 5.149308983477803)	(57.0, 4.955412611653584)	(58.0, 4.6930132088540475)	(59.0, 4.349963007120842)	(60.0, 3.9122195313684895)	(61.0, 3.4120308772535077)	(62.0, 2.914211859497938)	(63.0, 2.4460097893735946)	(64.0, 1.9937629367491554)	(65.0, 1.5686120993752748)	(66.0, 1.2267231697522423)	(67.0, 0.9789293437861717)	(68.0, 0.7878625081475663)	(69.0, 0.6317390416567343)	(70.0, 0.5149124622763159)	(71.0, 0.42409777698752044)	(72.0, 0.36287599228021566)	(73.0, 0.31087825506751743)	(74.0, 0.254192345116685)	(75.0, 0.2103134930711382)	(76.0, 0.17741011530931072)	(77.0, 0.13953901785616682)	(78.0, 0.09661703799803582)	(79.0, 0.0657937300383812)	(80.0, 0.0478265760438902)	(81.0, 0.03592428838492529)	(82.0, 0.024567067186645378)	(83.0, 0.012821085350965138)	(84.0, 0.005921585997515158)	(85.0, 0.003225310545854703)	(86.0, 0.0014899151232326633)	(87.0, 0.0007143977692433685)	(88.0, 0.0005981703621855414)	(89.0, 0.0006392507388180492)	(90.0, 0.0006402526992237202)	(91.0, 0.0006322370159783528)	(92.0, 0.000655282105308784)	(93.0, 0.0006983664027526337)	(94.0, 0.0007174036504603813)	(95.0, 0.0006813330758562281)	(96.0, 0.0006051840850252379)	(97.0, 0.0004779351135050305)	(98.0, 0.00034567633995646863)	(99.0, 0.00017634503139808255)	(100.0, 7.113918880263558e-05)
cutadapt | SRR30333754_2	(0.0, 0.0015326381734928254)	(1.0, 0.0009179864059983068)	(2.0, 0.0002664156200016825)	(3.0, 0.00020654694134961902)	(4.0, 0.00018259946988879365)	(5.0, 0.00018559290382139682)	(6.0, 0.0001816016585779259)	(7.0, 0.0001766126020235873)	(8.0, 0.0001945732056192063)	(9.0, 0.0002554396955821375)	(10.0, 0.0003272821099646137)	(11.0, 0.0003502317701145714)	(12.0, 0.00038615297730580953)	(13.0, 0.0004609888256208889)	(14.0, 0.0005757371263706772)	(15.0, 0.0007413738039747195)	(16.0, 0.000906012670267894)	(17.0, 0.001113557422928381)	(18.0, 0.0015825287390362113)	(19.0, 0.002255053562561058)	(20.0, 0.0036639631335062856)	(21.0, 0.005808259640561026)	(22.0, 0.008702910253388296)	(23.0, 0.012380842745246728)	(24.0, 0.016387055158380646)	(25.0, 0.021868032688977055)	(26.0, 0.030236676153224666)	(27.0, 0.04139120879741496)	(28.0, 0.05349765343217306)	(29.0, 0.06896472656193367)	(30.0, 0.09172081131758299)	(31.0, 0.1225162618048936)	(32.0, 0.16046103033457143)	(33.0, 0.2042020847690799)	(34.0, 0.2577186966161594)	(35.0, 0.3273599392468614)	(36.0, 0.4202102729683467)	(37.0, 0.5406900018877592)	(38.0, 0.6977993840291259)	(39.0, 0.8934332630717847)	(40.0, 1.1094723834216884)	(41.0, 1.3583923798986162)	(42.0, 1.6555006758225899)	(43.0, 1.963838340239069)	(44.0, 2.2959917650233392)	(45.0, 2.6752348990013894)	(46.0, 3.005819764404975)	(47.0, 3.2916637684405634)	(48.0, 3.603549649878488)	(49.0, 3.9025777347645714)	(50.0, 4.1903664730450405)	(51.0, 4.481902990609129)	(52.0, 4.727356590592102)	(53.0, 4.9274786249110445)	(54.0, 5.051726089340293)	(55.0, 5.073258857428818)	(56.0, 5.002562928242529)	(57.0, 4.826574956099545)	(58.0, 4.561049383787156)	(59.0, 4.203004751108491)	(60.0, 3.7763436280153844)	(61.0, 3.3435749018884566)	(62.0, 2.8930012307304054)	(63.0, 2.4166012094131646)	(64.0, 1.9781170200975862)	(65.0, 1.6065690069489478)	(66.0, 1.3150983449313765)	(67.0, 1.0837188734881924)	(68.0, 0.8869644523434292)	(69.0, 0.7333264557525713)	(70.0, 0.6161644494417939)	(71.0, 0.5247988589508799)	(72.0, 0.45736178150588463)	(73.0, 0.394439800242566)	(74.0, 0.3400670662907619)	(75.0, 0.2976241643716923)	(76.0, 0.25365261552437346)	(77.0, 0.21430292866899386)	(78.0, 0.1719598078810111)	(79.0, 0.1281109898249289)	(80.0, 0.09616905414143131)	(81.0, 0.07834614850671201)	(82.0, 0.06481882056527827)	(83.0, 0.04947946728330873)	(84.0, 0.038091446792375395)	(85.0, 0.03262044737488766)	(86.0, 0.030524045810754567)	(87.0, 0.029151057447000576)	(88.0, 0.028099364325346)	(89.0, 0.026878043280843904)	(90.0, 0.025824354536567586)	(91.0, 0.02476368111311519)	(92.0, 0.02328292912778749)	(93.0, 0.021637538276166608)	(94.0, 0.019944252481624083)	(95.0, 0.017628332429100092)	(96.0, 0.015201655321069787)	(97.0, 0.013442513980009988)	(98.0, 0.011781158147415226)	(99.0, 0.009610918546277925)	(100.0, 0.011772177845617416)
cutadapt | SRR30333756_1	(0.0, 0.0003020332167296774)	(1.0, 0.00019724618235407502)	(2.0, 7.910393771491551e-05)	(3.0, 6.883069905064077e-05)	(4.0, 9.451379571132762e-05)	(5.0, 0.00010478703437560235)	(6.0, 0.00011095097757416722)	(7.0, 0.0001438253412998464)	(8.0, 0.0001715630856933882)	(9.0, 0.00022292927901476192)	(10.0, 0.00030100589286324994)	(11.0, 0.0004263394045674018)	(12.0, 0.0005670827742679657)	(13.0, 0.0007242633258313693)	(14.0, 0.0008608974000662233)	(15.0, 0.0010714987926838556)	(16.0, 0.0015379038280419286)	(17.0, 0.0022056643412197868)	(18.0, 0.0032946276396329096)	(19.0, 0.005023613706830349)	(20.0, 0.007662808719682529)	(21.0, 0.011822443054847373)	(22.0, 0.01728986067197439)	(23.0, 0.025088276142025346)	(24.0, 0.0358741494156474)	(25.0, 0.049666999646302674)	(26.0, 0.06650175584544969)	(27.0, 0.08906795189539558)	(28.0, 0.1169895872610279)	(29.0, 0.1497858743728586)	(30.0, 0.19135756195171275)	(31.0, 0.239939707595068)	(32.0, 0.29611069463972306)	(33.0, 0.36863051369470484)	(34.0, 0.4684586557670618)	(35.0, 0.5779611066895662)	(36.0, 0.7059923708669567)	(37.0, 0.84857054099296)	(38.0, 0.9931448013914321)	(39.0, 1.1546298399551669)	(40.0, 1.3333934386283453)	(41.0, 1.5242383659707104)	(42.0, 1.7489038223197348)	(43.0, 2.0319500393500998)	(44.0, 2.3555940409339455)	(45.0, 2.7058354574195986)	(46.0, 3.0198308332499573)	(47.0, 3.3184605260101607)	(48.0, 3.6341314670666627)	(49.0, 3.918867631857301)	(50.0, 4.166859503917427)	(51.0, 4.417625150416908)	(52.0, 4.678547947983757)	(53.0, 4.8680337258508395)	(54.0, 4.959703889099896)	(55.0, 5.006611496840974)	(56.0, 4.952766371029911)	(57.0, 4.772822377234207)	(58.0, 4.522452250423301)	(59.0, 4.2004170380142805)	(60.0, 3.783176640931827)	(61.0, 3.297842136010961)	(62.0, 2.8156851438089556)	(63.0, 2.3599632493378615)	(64.0, 1.91929164950993)	(65.0, 1.5059622743869658)	(66.0, 1.1742661083380614)	(67.0, 0.9370981205346148)	(68.0, 0.7484496116186713)	(69.0, 0.5927966906446455)	(70.0, 0.47670806641447444)	(71.0, 0.38541493102439695)	(72.0, 0.32588562226039053)	(73.0, 0.27548203140185934)	(74.0, 0.21766732617092038)	(75.0, 0.1734862359713404)	(76.0, 0.1420008141130712)	(77.0, 0.10589551682747761)	(78.0, 0.06782803095700755)	(79.0, 0.0426945525648594)	(80.0, 0.029391735818490035)	(81.0, 0.021441276416207813)	(82.0, 0.014378424834518929)	(83.0, 0.006925190183587603)	(84.0, 0.0027193262744335243)	(85.0, 0.0015019474927169673)	(86.0, 0.0008064492351455673)	(87.0, 0.0005003067229501799)	(88.0, 0.00045921376829308094)	(89.0, 0.0004612684160259359)	(90.0, 0.00047667827402234796)	(91.0, 0.0004890061604194777)	(92.0, 0.0005126346093473097)	(93.0, 0.0006009844618600724)	(94.0, 0.000656459950647156)	(95.0, 0.0005948205186615075)	(96.0, 0.0004818148933544854)	(97.0, 0.0003934650408417226)	(98.0, 0.00029586927353111256)	(99.0, 0.00015307125609769366)	(100.0, 6.574872745135834e-05)
cutadapt | SRR30333756_2	(0.0, 0.002083925514647463)	(1.0, 0.0012374587167037245)	(2.0, 0.00032036772401014535)	(3.0, 0.0002159667404669031)	(4.0, 0.00017911933451046467)	(5.0, 0.00018014287356481017)	(6.0, 0.00018526056883653774)	(7.0, 0.00020573134992344795)	(8.0, 0.000249743529260305)	(9.0, 0.00027635554467328834)	(10.0, 0.00028556739616239794)	(11.0, 0.00032753249739056396)	(12.0, 0.00041862747322731457)	(13.0, 0.0005342873863683574)	(14.0, 0.000621288205987726)	(15.0, 0.0007778896813025895)	(16.0, 0.0010839278585518975)	(17.0, 0.0014524019181162819)	(18.0, 0.0020102307027345862)	(19.0, 0.00294676893746073)	(20.0, 0.005125883584162326)	(21.0, 0.008512774314991627)	(22.0, 0.012663225180362678)	(23.0, 0.017590542187981974)	(24.0, 0.023556751335761964)	(25.0, 0.03139603695299425)	(26.0, 0.04308690003172869)	(27.0, 0.05952186662735458)	(28.0, 0.07690565392635876)	(29.0, 0.09894244976641764)	(30.0, 0.1305257943663571)	(31.0, 0.1728317340996202)	(32.0, 0.22422977125263444)	(33.0, 0.28260834475628505)	(34.0, 0.352665498870018)	(35.0, 0.43882394584766016)	(36.0, 0.5523774156148601)	(37.0, 0.6992030694216694)	(38.0, 0.884679604998674)	(39.0, 1.1110178667032602)	(40.0, 1.3495157723734712)	(41.0, 1.6050412737517739)	(42.0, 1.8975544059369605)	(43.0, 2.1931555554491076)	(44.0, 2.5008580072007813)	(45.0, 2.844240006847886)	(46.0, 3.1332075997488196)	(47.0, 3.371093429064532)	(48.0, 3.636929039337257)	(49.0, 3.885335826592587)	(50.0, 4.118660765882135)	(51.0, 4.364995910091469)	(52.0, 4.57983368698143)	(53.0, 4.75573910886125)	(54.0, 4.855574084683056)	(55.0, 4.871320209495108)	(56.0, 4.8058546515791685)	(57.0, 4.63857254623221)	(58.0, 4.3877164300198315)	(59.0, 4.044280182802846)	(60.0, 3.639423404012697)	(61.0, 3.228070222844616)	(62.0, 2.7953455462218004)	(63.0, 2.333624008189377)	(64.0, 1.907011906799113)	(65.0, 1.5483413042972498)	(66.0, 1.2722631387076893)	(67.0, 1.0500241509157566)	(68.0, 0.8536489714880812)	(69.0, 0.7028816687829872)	(70.0, 0.5865411021708045)	(71.0, 0.49415237296936115)	(72.0, 0.4242855971197365)	(73.0, 0.3613328275822158)	(74.0, 0.3069358209999692)	(75.0, 0.2609246698899754)	(76.0, 0.21475077607034065)	(77.0, 0.17517973269028878)	(78.0, 0.13578371448853002)	(79.0, 0.09727408110783445)	(80.0, 0.07060372396875345)	(81.0, 0.05665800435329584)	(82.0, 0.04693438333701347)	(83.0, 0.03675631098060169)	(84.0, 0.029759398005095774)	(85.0, 0.026410378219277254)	(86.0, 0.025197484439877824)	(87.0, 0.024028602839815248)	(88.0, 0.022882239098948272)	(89.0, 0.021965148106254693)	(90.0, 0.02097640937975693)	(91.0, 0.020212849245215176)	(92.0, 0.018834142139011772)	(93.0, 0.01706649019215707)	(94.0, 0.01557314671186697)	(95.0, 0.01415452158254409)	(96.0, 0.01316475931699198)	(97.0, 0.012404269799613264)	(98.0, 0.01162740365736502)	(99.0, 0.0107655837736061)	(100.0, 0.014893516779781549)
fastp | SRR30333743_1	(0.0, 0.00012943479898457188)	(1.0, 8.393037746655833e-05)	(2.0, 3.539232784734387e-05)	(3.0, 2.5280234176674192e-05)	(4.0, 1.820176860720542e-05)	(5.0, 2.8313862277875097e-05)	(6.0, 3.235869974614297e-05)	(7.0, 2.5280234176674192e-05)	(8.0, 1.719055924013845e-05)	(9.0, 9.10088430360271e-06)	(10.0, 2.4269024809607223e-05)	(11.0, 4.0448374682678705e-05)	(12.0, 4.8538049619214447e-05)	(13.0, 7.685191189708955e-05)	(14.0, 0.0001375244739211076)	(15.0, 0.00023460057315953653)	(16.0, 0.0004509993777118676)	(17.0, 0.0008959314992213334)	(18.0, 0.0015370382379417912)	(19.0, 0.002545213976907558)	(20.0, 0.004181350732821911)	(21.0, 0.00699655761073635)	(22.0, 0.010947352607866993)	(23.0, 0.016413950446231017)	(24.0, 0.0240738614017633)	(25.0, 0.033934163940033304)	(26.0, 0.04608991174154532)	(27.0, 0.06228038491765454)	(28.0, 0.08154088973217907)	(29.0, 0.10449938720206751)	(30.0, 0.1348518475639496)	(31.0, 0.1706324798082472)	(32.0, 0.21296574875113872)	(33.0, 0.2650238181771133)	(34.0, 0.33796639466112194)	(35.0, 0.42330336435727045)	(36.0, 0.5240339742482794)	(37.0, 0.6416467245224713)	(38.0, 0.767862844091669)	(39.0, 0.9199295199205667)	(40.0, 1.0968729573886788)	(41.0, 1.2972713961259092)	(42.0, 1.5499089107658193)	(43.0, 1.8669715853909328)	(44.0, 2.2200434255773014)	(45.0, 2.603777156191874)	(46.0, 2.966638514260818)	(47.0, 3.3003042354838037)	(48.0, 3.6481552017080054)	(49.0, 3.9676154537424346)	(50.0, 4.238012838496142)	(51.0, 4.528873056001816)	(52.0, 4.8249116766762405)	(53.0, 5.023391851244146)	(54.0, 5.123291247035425)	(55.0, 5.172321755616402)	(56.0, 5.110375069789878)	(57.0, 4.9193586315602955)	(58.0, 4.663548953135897)	(59.0, 4.324218437038601)	(60.0, 3.8916968880911478)	(61.0, 3.408673520933637)	(62.0, 2.9243153574115968)	(63.0, 2.463101753882986)	(64.0, 2.008114166427406)	(65.0, 1.5800500283699843)	(66.0, 1.236154913189749)	(67.0, 0.9920267253737073)	(68.0, 0.8018526245468911)	(69.0, 0.6440564364441919)	(70.0, 0.5255356201583737)	(71.0, 0.43146887999633615)	(72.0, 0.3696940997622151)	(73.0, 0.31740951943801754)	(74.0, 0.25939947167748684)	(75.0, 0.21675980629637398)	(76.0, 0.18819718651420042)	(77.0, 0.14906338400870878)	(78.0, 0.10298257315146706)	(79.0, 0.07256842901819387)	(80.0, 0.05632537295499716)	(81.0, 0.044763205051953456)	(82.0, 0.03278441888967816)	(83.0, 0.019018825775795528)	(84.0, 0.009497278375492961)	(85.0, 0.005526259191020978)	(86.0, 0.0029850900515816887)	(87.0, 0.0014773768852848397)	(88.0, 0.0008433486121338512)	(89.0, 0.000530884917710158)	(90.0, 0.0003468448129039699)	(91.0, 0.0002467350855643401)	(92.0, 0.00020729792024872838)	(93.0, 0.00017898405797085328)	(94.0, 0.0001506701956929782)	(95.0, 0.0001415693113893755)	(96.0, 0.00012943479898457188)	(97.0, 0.00012033391468096916)	(98.0, 9.808730860549586e-05)	(99.0, 5.359409645454929e-05)	(100.0, 2.0224187341339353e-05)
fastp | SRR30333743_2	(0.0, 0.0010800443085143734)	(1.0, 0.0006047439105726549)	(2.0, 9.303752470348536e-05)	(3.0, 5.966536910332214e-05)	(4.0, 4.4496207466884305e-05)	(5.0, 3.5394710485021605e-05)	(6.0, 4.2473652582025925e-05)	(7.0, 3.0338323272875662e-05)	(8.0, 2.629321350315891e-05)	(9.0, 3.640598792745079e-05)	(10.0, 3.741726536987998e-05)	(11.0, 3.842854281230917e-05)	(12.0, 5.1575149563888625e-05)	(13.0, 8.393602772162266e-05)	(14.0, 0.00012944351263093615)	(15.0, 0.0001870863268493999)	(16.0, 0.00036608243415936633)	(17.0, 0.0005915973038210754)	(18.0, 0.000958691015422871)	(19.0, 0.0017161378198023334)	(20.0, 0.003064170650560442)	(21.0, 0.005008857172351772)	(22.0, 0.008059881216160634)	(23.0, 0.0117692468749909)	(24.0, 0.01602975873994507)	(25.0, 0.021536164413972003)	(26.0, 0.029773019182557744)	(27.0, 0.04122371366318345)	(28.0, 0.05336005424977614)	(29.0, 0.06911070041561077)	(30.0, 0.09192107440704354)	(31.0, 0.12231400666181037)	(32.0, 0.16071524498317397)	(33.0, 0.2047927835888926)	(34.0, 0.2568735718739958)	(35.0, 0.3253613253850702)	(36.0, 0.4175028582745633)	(37.0, 0.5364513336079693)	(38.0, 0.6917026465696984)	(39.0, 0.8919740087134901)	(40.0, 1.1145248241914392)	(41.0, 1.3680884849963642)	(42.0, 1.6772744276897795)	(43.0, 2.0013089570703824)	(44.0, 2.3458542155383344)	(45.0, 2.7374602810671713)	(46.0, 3.08483509381904)	(47.0, 3.3793008820604564)	(48.0, 3.6873653180702175)	(49.0, 3.9771124857652587)	(50.0, 4.235777029989796)	(51.0, 4.508359785654488)	(52.0, 4.763711384977627)	(53.0, 4.966417903202788)	(54.0, 5.081829941320019)	(55.0, 5.090207363653103)	(56.0, 5.0015496815527785)	(57.0, 4.821034635524284)	(58.0, 4.564586811453551)	(59.0, 4.209207737744855)	(60.0, 3.782080552050693)	(61.0, 3.348123198510364)	(62.0, 2.9025715490925847)	(63.0, 2.4259524453659385)	(64.0, 1.9759127466586583)	(65.0, 1.5991289746035067)	(66.0, 1.303606401434752)	(67.0, 1.0674053630388936)	(68.0, 0.8672695120723874)	(69.0, 0.7147810090833748)	(70.0, 0.5940385275670995)	(71.0, 0.49360957603689914)	(72.0, 0.4250662022664912)	(73.0, 0.3635067105134992)	(74.0, 0.30875817233526776)	(75.0, 0.2656231443058931)	(76.0, 0.22378255140282788)	(77.0, 0.18718543203875798)	(78.0, 0.14481998614307198)	(79.0, 0.10040670342646686)	(80.0, 0.06996624113190586)	(81.0, 0.05498517709975985)	(82.0, 0.04208734459901798)	(83.0, 0.024717643247854235)	(84.0, 0.01236488928858169)	(85.0, 0.007160855569841086)	(86.0, 0.005706638607627912)	(87.0, 0.00497346246186675)	(88.0, 0.004828849787599377)	(89.0, 0.005078635315879386)	(90.0, 0.005457864356790331)	(91.0, 0.005961480523120068)	(92.0, 0.006530829723207701)	(93.0, 0.007113325530046913)	(94.0, 0.007644246187322238)	(95.0, 0.008195392393446146)	(96.0, 0.008840587401715968)	(97.0, 0.009979285801891235)	(98.0, 0.011096747375775488)	(99.0, 0.010704371728112963)	(100.0, 0.012412419328375864)
fastp | SRR30333754_1	(0.0, 0.00016138065833242482)	(1.0, 0.00010288016968692081)	(2.0, 4.437968104141682e-05)	(3.0, 3.9336535468528544e-05)	(4.0, 3.7319277239373236e-05)	(5.0, 3.3284760781062614e-05)	(6.0, 2.6224356979019033e-05)	(7.0, 2.6224356979019033e-05)	(8.0, 2.5215727864441375e-05)	(9.0, 3.025887343732965e-05)	(10.0, 4.0345164583106205e-05)	(11.0, 4.437968104141682e-05)	(12.0, 6.152637598923696e-05)	(13.0, 9.985428234318785e-05)	(14.0, 0.00014322533427002702)	(15.0, 0.00023702784192574893)	(16.0, 0.00045287447244536714)	(17.0, 0.0008502743435889633)	(18.0, 0.001491762460460352)	(19.0, 0.002447942861079969)	(20.0, 0.004078896139352037)	(21.0, 0.006776979020847264)	(22.0, 0.010532105214419874)	(23.0, 0.016234894228241935)	(24.0, 0.023913587677521626)	(25.0, 0.0336781261357479)	(26.0, 0.045540613152295704)	(27.0, 0.061741213990642)	(28.0, 0.08133080865396922)	(29.0, 0.10420651697259044)	(30.0, 0.1355294941257995)	(31.0, 0.17116436074382804)	(32.0, 0.21230634232745063)	(33.0, 0.26701942864771555)	(34.0, 0.3407199580499048)	(35.0, 0.4247448150689109)	(36.0, 0.526733356618545)	(37.0, 0.6459119641679262)	(38.0, 0.7761522072168805)	(39.0, 0.9301406227685657)	(40.0, 1.1081656787497511)	(41.0, 1.3115396016385017)	(42.0, 1.5629736932077636)	(43.0, 1.876644235662925)	(44.0, 2.2355719664891853)	(45.0, 2.618913565033798)	(46.0, 2.965865842382678)	(47.0, 3.2950521265073878)	(48.0, 3.6440942833816723)	(49.0, 3.9613232693530636)	(50.0, 4.232410499219871)	(51.0, 4.510511735949451)	(52.0, 4.795985042877479)	(53.0, 4.9986206492543594)	(54.0, 5.098451733127912)	(55.0, 5.151935300557507)	(56.0, 5.094345604002466)	(57.0, 4.91296685621531)	(58.0, 4.66531613245483)	(59.0, 4.33591601895783)	(60.0, 3.9110693323483465)	(61.0, 3.4202633447910573)	(62.0, 2.9329603261486965)	(63.0, 2.4725342475224865)	(64.0, 2.0184776617548343)	(65.0, 1.5901552392165168)	(66.0, 1.244420377208932)	(67.0, 0.9946121957723695)	(68.0, 0.802497599689649)	(69.0, 0.642991982881224)	(70.0, 0.5230911968858052)	(71.0, 0.4295287429593527)	(72.0, 0.3665459065286656)	(73.0, 0.3148405522280713)	(74.0, 0.25869521256510614)	(75.0, 0.21486926890759242)	(76.0, 0.1830107096945426)	(77.0, 0.1458891237616266)	(78.0, 0.10298809300218062)	(79.0, 0.07175690109839811)	(80.0, 0.05315878885470074)	(81.0, 0.04066490001242732)	(82.0, 0.028559333379266305)	(83.0, 0.01575478676970297)	(84.0, 0.007783590877195765)	(85.0, 0.004385519390183644)	(86.0, 0.002195785582435555)	(87.0, 0.0010903280728584452)	(88.0, 0.0006646865865066747)	(89.0, 0.00042866737369550345)	(90.0, 0.00032679583312316025)	(91.0, 0.00029048518499836466)	(92.0, 0.00028443341031089876)	(93.0, 0.00028745929765463174)	(94.0, 0.00029351107234209763)	(95.0, 0.00029956284702956353)	(96.0, 0.00028745929765463174)	(97.0, 0.00024307961661321486)	(98.0, 0.00019869993557179803)	(99.0, 0.00010893194437438675)	(100.0, 3.9336535468528544e-05)
fastp | SRR30333754_2	(0.0, 0.0012830701496211099)	(1.0, 0.0007111355782098134)	(2.0, 0.00010893991836405651)	(3.0, 5.951347392110494e-05)	(4.0, 3.631330612135217e-05)	(5.0, 2.7234979591014127e-05)	(6.0, 2.4208870747568114e-05)	(7.0, 3.328719727790616e-05)	(8.0, 3.631330612135217e-05)	(9.0, 3.126979138227548e-05)	(10.0, 3.530460317353683e-05)	(11.0, 4.640033559950555e-05)	(12.0, 6.455698866018163e-05)	(13.0, 8.170493877304238e-05)	(14.0, 0.00012709657142473258)	(15.0, 0.0002037579954586983)	(16.0, 0.00031673272561401615)	(17.0, 0.0005295690476030525)	(18.0, 0.0009582678004245711)	(19.0, 0.0015705504897484813)	(20.0, 0.002933308172247003)	(21.0, 0.005050575659711398)	(22.0, 0.007974805505428064)	(23.0, 0.011592014276293866)	(24.0, 0.015575382217216636)	(25.0, 0.021116187509566287)	(26.0, 0.02945412607620787)	(27.0, 0.040572049967028526)	(28.0, 0.05275314676484655)	(29.0, 0.0684021642972537)	(30.0, 0.09141269594281719)	(31.0, 0.1223939982820175)	(32.0, 0.16057643096567148)	(33.0, 0.20470214141785342)	(34.0, 0.2586052095432095)	(35.0, 0.32862432466581115)	(36.0, 0.4222591932026656)	(37.0, 0.5444474160833287)	(38.0, 0.7045144520603535)	(39.0, 0.9060371617866929)	(40.0, 1.1301396869998788)	(41.0, 1.3909721126518644)	(42.0, 1.7039040455585124)	(43.0, 2.027925658673442)	(44.0, 2.3743677122094633)	(45.0, 2.762979601181853)	(46.0, 3.09596454869107)	(47.0, 3.3790822485691394)	(48.0, 3.681307808387676)	(49.0, 3.967073353503761)	(50.0, 4.2338369524889)	(51.0, 4.503796122412719)	(52.0, 4.736661250133578)	(53.0, 4.9254611895791225)	(54.0, 5.039056272047347)	(55.0, 5.054937291257751)	(56.0, 4.9819142587565555)	(57.0, 4.808565631065647)	(58.0, 4.54920187690568)	(59.0, 4.1963938990659955)	(60.0, 3.775767795935843)	(61.0, 3.3463367247742104)	(62.0, 2.8991938385518883)	(63.0, 2.4232333178134295)	(64.0, 1.9795432217814795)	(65.0, 1.6020220217203198)	(66.0, 1.302740865806457)	(67.0, 1.0663856258861582)	(68.0, 0.8675369876744771)	(69.0, 0.7094984533255091)	(70.0, 0.5885095782497983)	(71.0, 0.4946003425111382)	(72.0, 0.42613261252227647)	(73.0, 0.36312196548109577)	(74.0, 0.308648980190224)	(75.0, 0.26685034743865205)	(76.0, 0.22485300020636043)	(77.0, 0.18663122810774166)	(78.0, 0.14460765459880687)	(79.0, 0.10107102666814906)	(80.0, 0.06949559829268553)	(81.0, 0.0522306386378782)	(82.0, 0.038955099141680535)	(83.0, 0.023447300021967533)	(84.0, 0.012385863496224534)	(85.0, 0.007788195460082225)	(86.0, 0.006717961632450151)	(87.0, 0.0064990730927742225)	(88.0, 0.006837997283240177)	(89.0, 0.0074886106845810695)	(90.0, 0.008472096058701025)	(91.0, 0.009450537918081902)	(92.0, 0.010298857097194601)	(93.0, 0.0111865156912721)	(94.0, 0.011719110847718596)	(95.0, 0.012319289101668724)	(96.0, 0.013266461169667327)	(97.0, 0.014774472076651255)	(98.0, 0.016557858888388774)	(99.0, 0.01628147428068737)	(100.0, 0.01771786727837641)
fastp | SRR30333756_1	(0.0, 0.00023784451034058738)	(1.0, 0.00015856300689372492)	(2.0, 5.9461127585146846e-05)	(3.0, 4.1727107077296034e-05)	(4.0, 5.8417949908214445e-05)	(5.0, 5.528841687741725e-05)	(6.0, 4.485664010809324e-05)	(7.0, 4.1727107077296034e-05)	(8.0, 2.503626424637762e-05)	(9.0, 2.712261960024242e-05)	(10.0, 3.964075172343123e-05)	(11.0, 5.007252849275524e-05)	(12.0, 7.093608203140326e-05)	(13.0, 0.0001387426310320093)	(14.0, 0.000226369555894331)	(15.0, 0.0003348600342953007)	(16.0, 0.0005925249204976037)	(17.0, 0.0011454090892717762)	(18.0, 0.0020550600235568297)	(19.0, 0.003490472507015813)	(20.0, 0.005874133498806349)	(21.0, 0.009934181017427253)	(22.0, 0.015465109060522843)	(23.0, 0.023495490817548464)	(24.0, 0.034646017006278895)	(25.0, 0.04864441825303478)	(26.0, 0.06551781717741637)	(27.0, 0.08818711127483438)	(28.0, 0.11618704330137693)	(29.0, 0.14876965486268356)	(30.0, 0.19016920414942282)	(31.0, 0.23866131846162547)	(32.0, 0.2947206436422958)	(33.0, 0.3671359516195892)	(34.0, 0.4665466115205392)	(35.0, 0.5760531449788411)	(36.0, 0.7047280682507758)	(37.0, 0.8475620421317139)	(38.0, 0.9926513661501801)	(39.0, 1.1563541094581509)	(40.0, 1.3376990736384025)	(41.0, 1.5323069988031728)	(42.0, 1.7626552343573239)	(43.0, 2.050842456208992)	(44.0, 2.376576772186488)	(45.0, 2.726230109118367)	(46.0, 3.0390457127447323)	(47.0, 3.3347177344283905)	(48.0, 3.6438989070283228)	(49.0, 3.9214185939556807)	(50.0, 4.161616513135427)	(51.0, 4.406315743991137)	(52.0, 4.665111434795236)	(53.0, 4.851728618954703)	(54.0, 4.941548303293937)	(55.0, 4.988606048300357)	(56.0, 4.9366057274606305)	(57.0, 4.759680707097542)	(58.0, 4.512809580318459)	(59.0, 4.194612223056799)	(60.0, 3.7814877835496454)	(61.0, 3.298150184141202)	(62.0, 2.8182143871372354)	(63.0, 2.365725637991037)	(64.0, 1.9244051490540772)	(65.0, 1.5094979188970457)	(66.0, 1.176059735775404)	(67.0, 0.9384165587264645)	(68.0, 0.7502366944069517)	(69.0, 0.594017707753294)	(70.0, 0.47645366991836624)	(71.0, 0.3842158997240034)	(72.0, 0.32522002938276834)	(73.0, 0.275102644249905)	(74.0, 0.21734606898886574)	(75.0, 0.17344080692213482)	(76.0, 0.1430144436190475)	(77.0, 0.10767367027993162)	(78.0, 0.0694985831925904)	(79.0, 0.04413371797797908)	(80.0, 0.03061100575190437)	(81.0, 0.022500299313754954)	(82.0, 0.015217875951089864)	(83.0, 0.007450374968651206)	(84.0, 0.002935501982887776)	(85.0, 0.001483398656597874)	(86.0, 0.0006811950230368577)	(87.0, 0.0003139964807566527)	(88.0, 0.00019194469255556177)	(89.0, 0.00015230394083213053)	(90.0, 0.00016064936224758974)	(91.0, 0.00016690842830918414)	(92.0, 0.00017942656043237295)	(93.0, 0.00020237646932488575)	(94.0, 0.00022324002286353378)	(95.0, 0.00021802413447887176)	(96.0, 0.00020341964700181815)	(97.0, 0.00021802413447887176)	(98.0, 0.00020133329164795336)	(99.0, 0.0001126631891086993)	(100.0, 4.068392940036363e-05)
fastp | SRR30333756_2	(0.0, 0.001750601487579352)	(1.0, 0.000975454344986111)	(2.0, 0.00015127366847378192)	(3.0, 7.094213418080807e-05)	(4.0, 4.4860467202569805e-05)	(5.0, 5.3206600635606056e-05)	(6.0, 4.381720052344028e-05)	(7.0, 4.277393384431075e-05)	(8.0, 5.737966735212418e-05)	(9.0, 5.112006727734699e-05)	(10.0, 4.590373388169934e-05)	(11.0, 5.946620071038323e-05)	(12.0, 9.389400112165773e-05)	(13.0, 0.00012519200149554364)	(14.0, 0.00015023040179465238)	(15.0, 0.00027229260325280745)	(16.0, 0.0005091141394152109)	(17.0, 0.0008147912764001633)	(18.0, 0.0013280784825318922)	(19.0, 0.0022117253597546045)	(20.0, 0.004311821184842349)	(21.0, 0.007684702358468121)	(22.0, 0.011895326675434907)	(23.0, 0.016915525935406205)	(24.0, 0.022917439140438395)	(25.0, 0.03070438163346121)	(26.0, 0.04255693437505181)	(27.0, 0.059213730174033884)	(28.0, 0.076684273982737)	(29.0, 0.09887872931453863)	(30.0, 0.13079851662918573)	(31.0, 0.1736538252744686)	(32.0, 0.2256398038954931)	(33.0, 0.28466052973388806)	(34.0, 0.3556923848491012)	(35.0, 0.4428781812239561)	(36.0, 0.5577501887295504)	(37.0, 0.7068256943104064)	(38.0, 0.8954128388299352)	(39.0, 1.1261177024526021)	(40.0, 1.3698999138981578)	(41.0, 1.6324025026340137)	(42.0, 1.9337229579669213)	(43.0, 2.237616108930562)	(44.0, 2.5511792987430546)	(45.0, 2.8989282510972636)	(46.0, 3.1909406811189776)	(47.0, 3.4288054839605104)	(48.0, 3.691168274961363)	(49.0, 3.9341847286644374)	(50.0, 4.160014407095533)	(51.0, 4.40049885256836)	(52.0, 4.612308070098632)	(53.0, 4.782817489602205)	(54.0, 4.87746890233291)	(55.0, 4.889450820142713)	(56.0, 4.8205284502526995)	(57.0, 4.650690894490487)	(58.0, 4.396524006520876)	(59.0, 4.049583585842993)	(60.0, 3.642342351111422)	(61.0, 3.227247404819364)	(62.0, 2.790836433739332)	(63.0, 2.324488925301678)	(64.0, 1.8913183405270224)	(65.0, 1.527418576713209)	(66.0, 1.2469707578296458)	(67.0, 1.022105057810067)	(68.0, 0.8246084158507722)	(69.0, 0.6720807408286765)	(70.0, 0.5533841176773934)	(71.0, 0.460008620095263)	(72.0, 0.39050828046501196)	(73.0, 0.3284954657908735)	(74.0, 0.2748819911504069)	(75.0, 0.22953849147540015)	(76.0, 0.18504525414388392)	(77.0, 0.1465987904846025)	(78.0, 0.1074376891501173)	(79.0, 0.06955980583096144)	(80.0, 0.043694095055302994)	(81.0, 0.030471733164015326)	(82.0, 0.021824095660710648)	(83.0, 0.012898949220757513)	(84.0, 0.007051439484236496)	(85.0, 0.004934651392282679)	(86.0, 0.00497638205944786)	(87.0, 0.005388472397704024)	(88.0, 0.006045730405555629)	(89.0, 0.006893906215687937)	(90.0, 0.00784432216037494)	(91.0, 0.008807257305211496)	(92.0, 0.009628308181686435)	(93.0, 0.010338772790173647)	(94.0, 0.011008549998174804)	(95.0, 0.01199861007666873)	(96.0, 0.013790942231413264)	(97.0, 0.01639910892923709)	(98.0, 0.0191303810951982)	(99.0, 0.0199076147711497)	(100.0, 0.023312837211828488)
fastx | SRR30333743_1	(0.0, 0.00012775513046388857)	(1.0, 7.78507826264321e-05)	(2.0, 2.894452174572475e-05)	(3.0, 2.0959826091731717e-05)	(4.0, 1.4971304351236943e-05)	(5.0, 2.4952173918728236e-05)	(6.0, 2.7946434788975622e-05)	(7.0, 2.1957913048480846e-05)	(8.0, 1.596939130798607e-05)	(9.0, 9.980869567491293e-06)	(10.0, 2.4952173918728236e-05)	(11.0, 3.9923478269965173e-05)	(12.0, 4.391582609696169e-05)	(13.0, 7.186226088593731e-05)	(14.0, 0.0001327455652476342)	(15.0, 0.00023854278266304191)	(16.0, 0.00044913913053710823)	(17.0, 0.0008773184349824847)	(18.0, 0.0015071113046911853)	(19.0, 0.002505198261440315)	(20.0, 0.004187972870519347)	(21.0, 0.007034516871167864)	(22.0, 0.010994925915548409)	(23.0, 0.016538300873333075)	(24.0, 0.02428046139683607)	(25.0, 0.034208432355619656)	(26.0, 0.046426014793185755)	(27.0, 0.06280262557952547)	(28.0, 0.08223438054047427)	(29.0, 0.10531214715442765)	(30.0, 0.1361729958571107)	(31.0, 0.17249936873495203)	(32.0, 0.2151346492664046)	(33.0, 0.26749928145224766)	(34.0, 0.34091456564288664)	(35.0, 0.4264037077493198)	(36.0, 0.5272104903809818)	(37.0, 0.6447651721468943)	(38.0, 0.769273525740478)	(39.0, 0.9169145407306363)	(40.0, 1.0869226844215425)	(41.0, 1.2766440435952007)	(42.0, 1.5147097406929164)	(43.0, 1.8178507073706756)	(44.0, 2.1618174229273013)	(45.0, 2.5416543856225333)	(46.0, 2.904935081879211)	(47.0, 3.2461370965656418)	(48.0, 3.6112113550835976)	(49.0, 3.9474987895949956)	(50.0, 4.243811843401633)	(51.0, 4.561932099126284)	(52.0, 4.8741087470234925)	(53.0, 5.089220440289892)	(54.0, 5.198764476140936)	(55.0, 5.249781690935168)	(56.0, 5.183871022572325)	(57.0, 4.9828632960917485)	(58.0, 4.711736966638673)	(59.0, 4.353096376643923)	(60.0, 3.9010019106278806)	(61.0, 3.403058324079653)	(62.0, 2.904857231096585)	(63.0, 2.4336783443805423)	(64.0, 1.9786764510594899)	(65.0, 1.554376710614997)	(66.0, 1.2159952896683397)	(67.0, 0.9751389414395535)	(68.0, 0.7891624045276179)	(69.0, 0.6396240262326796)	(70.0, 0.529242595424923)	(71.0, 0.4416424994049655)	(72.0, 0.3832065042612175)	(73.0, 0.33012125329260156)	(74.0, 0.2693197920613581)	(75.0, 0.22299258787689047)	(76.0, 0.19014255186940637)	(77.0, 0.14820892646854847)	(78.0, 0.09981069184882643)	(79.0, 0.06721416992835662)	(80.0, 0.049496130272146076)	(81.0, 0.03788937705211045)	(82.0, 0.026721782093044443)	(83.0, 0.014062047133638485)	(84.0, 0.005976544697013786)	(85.0, 0.0030960657398357997)	(86.0, 0.0013354403481303351)	(87.0, 0.000585877043611739)	(88.0, 0.0004750893914125856)	(89.0, 0.00044714295662360995)	(90.0, 0.0004730932174990873)	(91.0, 0.00047109704358558904)	(92.0, 0.00044913913053710823)	(93.0, 0.0004181984348778852)	(94.0, 0.0004401563479263661)	(95.0, 0.00046411043488834517)	(96.0, 0.0005050320001150594)	(97.0, 0.0007315977392971119)	(98.0, 0.0013534059133518193)	(99.0, 0.0011857273046179658)	(100.0, 0.0003133993044192266)
fastx | SRR30333743_2	(0.0, 0.0010719198942842547)	(1.0, 0.0005970693990592671)	(2.0, 8.715610355395341e-05)	(3.0, 5.610048044852174e-05)	(4.0, 4.5080743217562115e-05)	(5.0, 3.506280028032608e-05)	(6.0, 3.406100598660248e-05)	(7.0, 2.1037680168195653e-05)	(8.0, 2.6046651636813663e-05)	(9.0, 3.606459457404969e-05)	(10.0, 3.205741739915528e-05)	(11.0, 4.2075360336391306e-05)	(12.0, 6.110945191713975e-05)	(13.0, 8.615430926022981e-05)	(14.0, 0.00012822966959662112)	(15.0, 0.0001953498872761025)	(16.0, 0.0003826854202024161)	(17.0, 0.0005930622218843726)	(18.0, 0.0009256579274006087)	(19.0, 0.0016589713504062856)	(20.0, 0.0030053828811708073)	(21.0, 0.004946860222407149)	(22.0, 0.007954246692165405)	(23.0, 0.011588756389794633)	(24.0, 0.01579529062914004)	(25.0, 0.021227019289709412)	(26.0, 0.029321517182996124)	(27.0, 0.04064880526212889)	(28.0, 0.052589191449020516)	(29.0, 0.06819013398517818)	(30.0, 0.09083369040621277)	(31.0, 0.12090054254373923)	(32.0, 0.1589126252247876)	(33.0, 0.20253876312786306)	(34.0, 0.25380758969775585)	(35.0, 0.3212203313110045)	(36.0, 0.4121151311691344)	(37.0, 0.5286708918609944)	(38.0, 0.6801522070149404)	(39.0, 0.873587665395737)	(40.0, 1.0861894522040536)	(41.0, 1.3261582555283118)	(42.0, 1.6163710498599833)	(43.0, 1.9204937579600072)	(44.0, 2.2493407492291295)	(45.0, 2.6296088398007904)	(46.0, 2.972514010393736)	(47.0, 3.2724672506432824)	(48.0, 3.5934992446270666)	(49.0, 3.9000863666896506)	(50.0, 4.186949160903111)	(51.0, 4.48426668036587)	(52.0, 4.7513911216100935)	(53.0, 4.967948994084324)	(54.0, 5.090884180838617)	(55.0, 5.102110287694083)	(56.0, 5.012830380237435)	(57.0, 4.824334769518989)	(58.0, 4.559894135187652)	(59.0, 4.196735689358496)	(60.0, 3.761525192541858)	(61.0, 3.3235888134519977)	(62.0, 2.876774533331159)	(63.0, 2.400565605043882)	(64.0, 1.9569540612800775)	(65.0, 1.5891703311968)	(66.0, 1.302917629708218)	(67.0, 1.0712677261990406)	(68.0, 0.8744622318141578)	(69.0, 0.7281892451932808)	(70.0, 0.6124900186225545)	(71.0, 0.5157377275290227)	(72.0, 0.44893307505206426)	(73.0, 0.38720050708422843)	(74.0, 0.33103991897808327)	(75.0, 0.2864370316386273)	(76.0, 0.24289804983910585)	(77.0, 0.20591781528059278)	(78.0, 0.16410993402062565)	(79.0, 0.11968336247686506)	(80.0, 0.0887048775320501)	(81.0, 0.07338043022096015)	(82.0, 0.0599443651535392)	(83.0, 0.04237790221309583)	(84.0, 0.030652901799354787)	(85.0, 0.02554274910707069)	(86.0, 0.02343397211878251)	(87.0, 0.02206552111355607)	(88.0, 0.021196965460897707)	(89.0, 0.02042458206043681)	(90.0, 0.01990765620487543)	(91.0, 0.01908818847260952)	(92.0, 0.017923101709008973)	(93.0, 0.017172757783009994)	(94.0, 0.016514578932033588)	(95.0, 0.016309211101820247)	(96.0, 0.017568466529030817)	(97.0, 0.0247493280264416)	(98.0, 0.04676175404243032)	(99.0, 0.10380191753846478)	(100.0, 0.44441999175883945)
fastx | SRR30333754_1	(0.0, 0.00015462351566685096)	(1.0, 9.884161444526549e-05)	(2.0, 3.8166563993716374e-05)	(3.0, 2.8380265533789102e-05)	(4.0, 2.642300584180364e-05)	(5.0, 2.5444375995810918e-05)	(6.0, 2.5444375995810918e-05)	(7.0, 2.7401635687796372e-05)	(8.0, 2.5444375995810918e-05)	(9.0, 2.642300584180364e-05)	(10.0, 3.2294784917760006e-05)	(11.0, 4.1102453531694554e-05)	(12.0, 6.654682952750548e-05)	(13.0, 9.98202442912582e-05)	(14.0, 0.00013798680828497459)	(15.0, 0.0002348711630382546)	(16.0, 0.0004648491768465456)	(17.0, 0.0008582583749356221)	(18.0, 0.0014718592883730622)	(19.0, 0.0024416814657518553)	(20.0, 0.004099480424863536)	(21.0, 0.006793648390881514)	(22.0, 0.010539843441341677)	(23.0, 0.0162961441954709)	(24.0, 0.024026341348967455)	(25.0, 0.033776430504592996)	(26.0, 0.045821406649071486)	(27.0, 0.06237297323434649)	(28.0, 0.08221175747231106)	(29.0, 0.1052056443337562)	(30.0, 0.13663727772735063)	(31.0, 0.17254320677682378)	(32.0, 0.21404494128568338)	(33.0, 0.269000878917251)	(34.0, 0.34310077359612834)	(35.0, 0.427244346384429)	(36.0, 0.5294299390134516)	(37.0, 0.648351080638796)	(38.0, 0.7770565634643756)	(39.0, 0.9267947589400307)	(40.0, 1.0980226872038403)	(41.0, 1.2911327788240472)	(42.0, 1.529902803168737)	(43.0, 1.8312415267169715)	(44.0, 2.1815136998245346)	(45.0, 2.5620891461132627)	(46.0, 2.911743803788004)	(47.0, 3.2505601359183762)	(48.0, 3.6155978761422776)	(49.0, 3.9486911809332845)	(50.0, 4.242735197609489)	(51.0, 4.5433262479553855)	(52.0, 4.8392394476374365)	(53.0, 5.048714187542334)	(54.0, 5.152037926682246)	(55.0, 5.205310620978706)	(56.0, 5.142345576687534)	(57.0, 4.949950863484748)	(58.0, 4.68959422199715)	(59.0, 4.350826821359078)	(60.0, 3.921293459764872)	(61.0, 3.4355750014525315)	(62.0, 2.951301979422722)	(63.0, 2.4851433958422384)	(64.0, 2.0239445083212457)	(65.0, 1.5870244486494864)	(66.0, 1.2369607236991198)	(67.0, 0.9848304446969375)	(68.0, 0.7921245272031255)	(69.0, 0.6354351239313839)	(70.0, 0.5180700037611681)	(71.0, 0.42694586428140124)	(72.0, 0.36547812365459803)	(73.0, 0.31330736656472574)	(74.0, 0.25649007496607995)	(75.0, 0.2125721033674643)	(76.0, 0.17929183819478964)	(77.0, 0.14085810825311726)	(78.0, 0.09735311844951054)	(79.0, 0.0661788647054122)	(80.0, 0.04814565253330422)	(81.0, 0.03616526595866124)	(82.0, 0.02476814277222994)	(83.0, 0.012942379713253821)	(84.0, 0.005927560977177951)	(85.0, 0.0031952264471662556)	(86.0, 0.001537427488054575)	(87.0, 0.0008288994795558403)	(88.0, 0.000707549378652742)	(89.0, 0.0007202715666506474)	(90.0, 0.000707549378652742)	(91.0, 0.0006811263728109384)	(92.0, 0.0006909126712708656)	(93.0, 0.0006879767817328874)	(94.0, 0.0006527461072771492)	(95.0, 0.0006889554115788801)	(96.0, 0.0007731175783342548)	(97.0, 0.0009169761656951858)	(98.0, 0.0013094067339382695)	(99.0, 0.0011303174721216003)	(100.0, 0.00039340919808907645)
fastx | SRR30333754_2	(0.0, 0.001256707998527508)	(1.0, 0.0007021044686609082)	(2.0, 0.0001101340342997503)	(3.0, 5.605035674183721e-05)	(4.0, 3.343354612670991e-05)	(5.0, 2.2616810615127294e-05)	(6.0, 1.868345224727907e-05)	(7.0, 2.2616810615127294e-05)	(8.0, 2.3600150207089352e-05)	(9.0, 2.5566829391013465e-05)	(10.0, 3.638356490259608e-05)	(11.0, 4.818364000614076e-05)	(12.0, 6.29337338855716e-05)	(13.0, 8.260052572481272e-05)	(14.0, 0.00013078416573095348)	(15.0, 0.00021043467267988004)	(16.0, 0.00031860202779570624)	(17.0, 0.000524120002515776)	(18.0, 0.0009449893478755361)	(19.0, 0.0015497431969322007)	(20.0, 0.002870368268937242)	(21.0, 0.004934398072465598)	(22.0, 0.007772316134868093)	(23.0, 0.011273988421844976)	(24.0, 0.015112946188864843)	(25.0, 0.020481980360977668)	(26.0, 0.02870269934978046)	(27.0, 0.039611868783007514)	(28.0, 0.05142669398043162)	(29.0, 0.06659470718644633)	(30.0, 0.08900698316644552)	(31.0, 0.11927122578826173)	(32.0, 0.15648079594810593)	(33.0, 0.19947731960664686)	(34.0, 0.2520063372696679)	(35.0, 0.32028943853551317)	(36.0, 0.4115335192736724)	(37.0, 0.5300446235573474)	(38.0, 0.6848429254636063)	(39.0, 0.8776453359200147)	(40.0, 1.090375123207534)	(41.0, 1.3355895339155202)	(42.0, 1.6284260977226368)	(43.0, 1.9326340005712022)	(44.0, 2.260276852575408)	(45.0, 2.634388400337372)	(46.0, 2.9608768116606137)	(47.0, 3.2434630435611176)	(48.0, 3.552028124141667)	(49.0, 3.8480035079263266)	(50.0, 4.133573192148844)	(51.0, 4.423611171477236)	(52.0, 4.668614164172951)	(53.0, 4.868753271324987)	(54.0, 4.994093669074839)	(55.0, 5.018537524651832)	(56.0, 4.95141869746287)	(57.0, 4.780644077206003)	(58.0, 4.521363976974592)	(59.0, 4.169638155023644)	(60.0, 3.7501563018281425)	(61.0, 3.3246210101045226)	(62.0, 2.880298032136875)	(63.0, 2.4100217723185735)	(64.0, 1.9777565044275653)	(65.0, 1.6112904219931057)	(66.0, 1.3231119378331138)	(67.0, 1.0939259624741091)	(68.0, 0.8991322893439777)	(69.0, 0.7469890043360162)	(70.0, 0.6305684800248526)	(71.0, 0.5395407339969249)	(72.0, 0.4720502044422012)	(73.0, 0.4085490836120675)	(74.0, 0.35352140004587085)	(75.0, 0.3105012762371228)	(76.0, 0.26599237628614425)	(77.0, 0.226270373468837)	(78.0, 0.18337415044867622)	(79.0, 0.13842569770009064)	(80.0, 0.10545530452119485)	(81.0, 0.08702063719068218)	(82.0, 0.07295986436521673)	(83.0, 0.056801628190096216)	(84.0, 0.04462296734364615)	(85.0, 0.03863049587022938)	(86.0, 0.035896811804574866)	(87.0, 0.03404321667372639)	(88.0, 0.03271964158294546)	(89.0, 0.031158098310909717)	(90.0, 0.029865006747479612)	(91.0, 0.028605348730176217)	(92.0, 0.0272866903373551)	(93.0, 0.02605456582862664)	(94.0, 0.024641506834977168)	(95.0, 0.023863685217735183)	(96.0, 0.02529149430526409)	(97.0, 0.03447490275459773)	(98.0, 0.06348440405707036)	(99.0, 0.13980138978924556)	(100.0, 0.5793551707358767)
fastx | SRR30333756_1	(0.0, 0.00022701242319459055)	(1.0, 0.0001506719622972946)	(2.0, 5.524638617567468e-05)	(3.0, 3.6161270951350706e-05)	(4.0, 4.92195076837829e-05)	(5.0, 4.620606843783701e-05)	(6.0, 4.0179189945945226e-05)	(7.0, 4.0179189945945226e-05)	(8.0, 2.3103034218918506e-05)	(9.0, 2.712095321351303e-05)	(10.0, 4.0179189945945226e-05)	(11.0, 4.92195076837829e-05)	(12.0, 7.53359811486473e-05)	(13.0, 0.0001436406040567542)	(14.0, 0.00021998106495405012)	(15.0, 0.0003254514385621563)	(16.0, 0.0006006788896918811)	(17.0, 0.0011471158729567364)	(18.0, 0.0020250311732756395)	(19.0, 0.003460432734094533)	(20.0, 0.005845067657386382)	(21.0, 0.009864995611478201)	(22.0, 0.015424791020248374)	(23.0, 0.023515875395613093)	(24.0, 0.034688703639831814)	(25.0, 0.04878456795261805)	(26.0, 0.06568493972363126)	(27.0, 0.08830883710244437)	(28.0, 0.11634185792773034)	(29.0, 0.14904370062473515)	(30.0, 0.1905387590414101)	(31.0, 0.23924899549262815)	(32.0, 0.2952507504392866)	(33.0, 0.367650637282634)	(34.0, 0.46736232849173764)	(35.0, 0.5764327575190006)	(36.0, 0.7042035860268551)	(37.0, 0.8465674963230767)	(38.0, 0.9906721700237067)	(39.0, 1.1514783285051173)	(40.0, 1.3301059666870518)	(41.0, 1.52075019610207)	(42.0, 1.7448496280255794)	(43.0, 2.02737964692798)	(44.0, 2.350313859240023)	(45.0, 2.6993233613472354)	(46.0, 3.012767248994046)	(47.0, 3.311355885638092)	(48.0, 3.6269252524330433)	(49.0, 3.912483777777619)	(50.0, 4.161174882907544)	(51.0, 4.412849292890956)	(52.0, 4.674952211624838)	(53.0, 4.865726018927432)	(54.0, 4.959380697252184)	(55.0, 5.008217498151732)	(56.0, 4.954957972918884)	(57.0, 4.775635234750885)	(58.0, 4.526492113734068)	(59.0, 4.206158499491276)	(60.0, 3.7907086888894486)	(61.0, 3.3065012350128735)	(62.0, 2.8249496255917252)	(63.0, 2.368683784883309)	(64.0, 1.9273465221993087)	(65.0, 1.5132658174948892)	(66.0, 1.179921177067852)	(67.0, 0.9414385996234426)	(68.0, 0.7523241928656164)	(69.0, 0.5962842907915434)	(70.0, 0.47977970714453194)	(71.0, 0.38821736013621466)	(72.0, 0.3284558374903644)	(73.0, 0.27775271321782746)	(74.0, 0.2199539440008366)	(75.0, 0.17567145428166173)	(76.0, 0.1437028818011704)	(77.0, 0.10701024106278459)	(78.0, 0.06852962637180418)	(79.0, 0.04311729321074247)	(80.0, 0.029699452728294065)	(81.0, 0.021702789449302314)	(82.0, 0.01450267861098893)	(83.0, 0.006994192489840416)	(84.0, 0.0027512700315485993)	(85.0, 0.0015157599407107838)	(86.0, 0.0008939869762972813)	(87.0, 0.0006237819239107997)	(88.0, 0.0006016833694405298)	(89.0, 0.0006237819239107997)	(90.0, 0.0006097192074297188)	(91.0, 0.0006077102479324216)	(92.0, 0.0005946520111999894)	(93.0, 0.0005484459427621524)	(94.0, 0.0005414145845216119)	(95.0, 0.0005414145845216119)	(96.0, 0.0005604996997459359)	(97.0, 0.0008829376990621464)	(98.0, 0.0019496951921269923)	(99.0, 0.0017267006879269963)	(100.0, 0.00042188149443242483)
fastx | SRR30333756_2	(0.0, 0.00170706727567267)	(1.0, 0.0009524063287440902)	(2.0, 0.00015032684638015828)	(3.0, 7.365006567618494e-05)	(4.0, 4.540072541682633e-05)	(5.0, 4.540072541682633e-05)	(6.0, 3.934729536124949e-05)	(7.0, 4.6409630426089135e-05)	(8.0, 5.54897755094544e-05)	(9.0, 4.439182040756352e-05)	(10.0, 4.7418535435351946e-05)	(11.0, 6.759663562060809e-05)	(12.0, 0.00010290831094480636)	(13.0, 0.0001382199862690046)	(14.0, 0.00015537137142647233)	(15.0, 0.0002754310675287464)	(16.0, 0.0005105059346869804)	(17.0, 0.0008061151024009831)	(18.0, 0.0013085497970138612)	(19.0, 0.002177217009989138)	(20.0, 0.004220249653746323)	(21.0, 0.007494146408804132)	(22.0, 0.011589291841401868)	(23.0, 0.01644212493595597)	(24.0, 0.022233239689124485)	(25.0, 0.02981516083373448)	(26.0, 0.041319704654358275)	(27.0, 0.05742586422222973)	(28.0, 0.07440573552812277)	(29.0, 0.0960517925018563)	(30.0, 0.12704636329141902)	(31.0, 0.1686041695279633)	(32.0, 0.21916746187718741)	(33.0, 0.2765852548593431)	(34.0, 0.3455640903426412)	(35.0, 0.43034439608101344)	(36.0, 0.5419948689310821)	(37.0, 0.6864529148723585)	(38.0, 0.8689375995177596)	(39.0, 1.0919681586754142)	(40.0, 1.3272387534054453)	(41.0, 1.5791542629782944)	(42.0, 1.8674518960901691)	(43.0, 2.158978025231685)	(44.0, 2.4628138043912164)	(45.0, 2.8020187664604745)	(46.0, 3.087842564489637)	(47.0, 3.323394643717252)	(48.0, 3.58706793226805)	(49.0, 3.8340660388257524)	(50.0, 4.065873062658984)	(51.0, 4.31070303235178)	(52.0, 4.525312261397118)	(53.0, 4.701516512359858)	(54.0, 4.802171938418981)	(55.0, 4.8204129409864525)	(56.0, 4.758292641756123)	(57.0, 4.595314126559809)	(58.0, 4.349626587609139)	(59.0, 4.012217476456369)	(60.0, 3.614270029127794)	(61.0, 3.2093671906653602)	(62.0, 2.782342092064822)	(63.0, 2.3262191640921346)	(64.0, 1.9051970502967093)	(65.0, 1.5511531133512142)	(66.0, 1.2786044874339317)	(67.0, 1.0587923352558255)	(68.0, 0.8643965180710678)	(69.0, 0.7147809497224396)	(70.0, 0.5986206714809663)	(71.0, 0.5063522727638455)	(72.0, 0.4363181226408585)	(73.0, 0.37314049096082147)	(74.0, 0.31834080647770285)	(75.0, 0.2721188323833366)	(76.0, 0.2258655822336832)	(77.0, 0.1856536552794955)	(78.0, 0.1456445182321696)	(79.0, 0.1069540200319502)	(80.0, 0.07982557323788257)	(81.0, 0.06513995192305316)	(82.0, 0.054773452952877805)	(83.0, 0.04406796189959016)	(84.0, 0.03648704965998943)	(85.0, 0.03293368621736582)	(86.0, 0.03160596722517597)	(87.0, 0.030107743286420695)	(88.0, 0.02888293260517565)	(89.0, 0.02807479969275614)	(90.0, 0.027106250883863845)	(91.0, 0.026218414475712572)	(92.0, 0.025288204057172265)	(93.0, 0.024363038163678272)	(94.0, 0.023613421741796006)	(95.0, 0.0235619675863236)	(96.0, 0.026400017377379882)	(97.0, 0.03821328613083809)	(98.0, 0.07256549279122743)	(99.0, 0.15808330809137075)	(100.0, 0.5506764965357884)
raw | SRR30333743_1	(0.0, 0.00012775513046388857)	(1.0, 7.78507826264321e-05)	(2.0, 2.894452174572475e-05)	(3.0, 2.0959826091731717e-05)	(4.0, 1.4971304351236943e-05)	(5.0, 2.4952173918728236e-05)	(6.0, 2.7946434788975622e-05)	(7.0, 2.1957913048480846e-05)	(8.0, 1.596939130798607e-05)	(9.0, 9.980869567491293e-06)	(10.0, 2.4952173918728236e-05)	(11.0, 3.9923478269965173e-05)	(12.0, 4.391582609696169e-05)	(13.0, 7.186226088593731e-05)	(14.0, 0.0001327455652476342)	(15.0, 0.00023854278266304191)	(16.0, 0.00044913913053710823)	(17.0, 0.0008773184349824847)	(18.0, 0.0015071113046911853)	(19.0, 0.002505198261440315)	(20.0, 0.004187972870519347)	(21.0, 0.007034516871167864)	(22.0, 0.010994925915548409)	(23.0, 0.016538300873333075)	(24.0, 0.02428046139683607)	(25.0, 0.034208432355619656)	(26.0, 0.046426014793185755)	(27.0, 0.06280262557952547)	(28.0, 0.08223438054047427)	(29.0, 0.10531214715442765)	(30.0, 0.1361729958571107)	(31.0, 0.17249936873495203)	(32.0, 0.2151346492664046)	(33.0, 0.26749928145224766)	(34.0, 0.34091456564288664)	(35.0, 0.4264037077493198)	(36.0, 0.5272104903809818)	(37.0, 0.6447651721468943)	(38.0, 0.769273525740478)	(39.0, 0.9169145407306363)	(40.0, 1.0869226844215425)	(41.0, 1.2766440435952007)	(42.0, 1.5147097406929164)	(43.0, 1.8178507073706756)	(44.0, 2.1618174229273013)	(45.0, 2.5416543856225333)	(46.0, 2.904935081879211)	(47.0, 3.2461370965656418)	(48.0, 3.6112113550835976)	(49.0, 3.9474987895949956)	(50.0, 4.243811843401633)	(51.0, 4.561932099126284)	(52.0, 4.8741087470234925)	(53.0, 5.089220440289892)	(54.0, 5.198764476140936)	(55.0, 5.249781690935168)	(56.0, 5.183871022572325)	(57.0, 4.9828632960917485)	(58.0, 4.711736966638673)	(59.0, 4.353096376643923)	(60.0, 3.9010019106278806)	(61.0, 3.403058324079653)	(62.0, 2.904857231096585)	(63.0, 2.4336783443805423)	(64.0, 1.9786764510594899)	(65.0, 1.554376710614997)	(66.0, 1.2159952896683397)	(67.0, 0.9751389414395535)	(68.0, 0.7891624045276179)	(69.0, 0.6396240262326796)	(70.0, 0.529242595424923)	(71.0, 0.4416424994049655)	(72.0, 0.3832065042612175)	(73.0, 0.33012125329260156)	(74.0, 0.2693197920613581)	(75.0, 0.22299258787689047)	(76.0, 0.19014255186940637)	(77.0, 0.14820892646854847)	(78.0, 0.09981069184882643)	(79.0, 0.06721416992835662)	(80.0, 0.049496130272146076)	(81.0, 0.03788937705211045)	(82.0, 0.026721782093044443)	(83.0, 0.014062047133638485)	(84.0, 0.005976544697013786)	(85.0, 0.0030960657398357997)	(86.0, 0.0013354403481303351)	(87.0, 0.000585877043611739)	(88.0, 0.0004750893914125856)	(89.0, 0.00044714295662360995)	(90.0, 0.0004730932174990873)	(91.0, 0.00047109704358558904)	(92.0, 0.00044913913053710823)	(93.0, 0.0004181984348778852)	(94.0, 0.0004401563479263661)	(95.0, 0.00046411043488834517)	(96.0, 0.0005050320001150594)	(97.0, 0.0007315977392971119)	(98.0, 0.0013534059133518193)	(99.0, 0.0011857273046179658)	(100.0, 0.0003133993044192266)
raw | SRR30333743_2	(0.0, 0.0010719203667754857)	(1.0, 0.0005970696622412986)	(2.0, 8.715614197146471e-05)	(3.0, 5.6100505177034754e-05)	(4.0, 4.508076308868865e-05)	(5.0, 3.5062815735646726e-05)	(6.0, 3.4061021000342535e-05)	(7.0, 2.1037689441388035e-05)	(8.0, 2.6046663117909e-05)	(9.0, 3.606461047095092e-05)	(10.0, 3.205743152973415e-05)	(11.0, 4.207537888277607e-05)	(12.0, 6.110947885355573e-05)	(13.0, 8.615434723616052e-05)	(14.0, 0.0001282297261189366)	(15.0, 0.0001953499733843175)	(16.0, 0.0003826855888862014)	(17.0, 0.0005930624833000818)	(18.0, 0.0009256583354210736)	(19.0, 0.0016589720816637423)	(20.0, 0.0030053842059125763)	(21.0, 0.004946862402932101)	(22.0, 0.007954250198315286)	(23.0, 0.011588761497998895)	(24.0, 0.015795297591541198)	(25.0, 0.021227028646360526)	(26.0, 0.0293215301076184)	(27.0, 0.0406488231797029)	(28.0, 0.052589214629793574)	(29.0, 0.06819016404268576)	(30.0, 0.0908337304447664)	(31.0, 0.12090059583545112)	(32.0, 0.15891269527183338)	(33.0, 0.20253885240486036)	(34.0, 0.253807701573523)	(35.0, 0.3212204729016127)	(36.0, 0.41211531282523267)	(37.0, 0.5286711248936695)	(38.0, 0.6801525068190164)	(39.0, 0.8735880504641675)	(40.0, 1.0861899309851586)	(41.0, 1.3261588400851894)	(42.0, 1.616371762339667)	(43.0, 1.920494604493843)	(44.0, 2.249341740715326)	(45.0, 2.629609998905239)	(46.0, 2.9725153206472457)	(47.0, 3.2724686931130864)	(48.0, 3.5935008286044616)	(49.0, 3.900088085807486)	(50.0, 4.186951006467106)	(51.0, 4.484268656984361)	(52.0, 4.751394217769018)	(53.0, 4.967951183904989)	(54.0, 5.090885423053108)	(55.0, 5.102112536651663)	(56.0, 5.012832589841352)	(57.0, 4.8243368960359865)	(58.0, 4.559896145141944)	(59.0, 4.196737539236293)	(60.0, 3.761526850583357)	(61.0, 3.3235902784556592)	(62.0, 2.876775801383695)	(63.0, 2.4005666631884353)	(64.0, 1.9569549238852388)	(65.0, 1.5891710316866874)	(66.0, 1.3029182040208676)	(67.0, 1.0712681984028025)	(68.0, 0.8744626172680882)	(69.0, 0.7281895661715877)	(70.0, 0.612490288601836)	(71.0, 0.5157379548608924)	(72.0, 0.4489332729371323)	(73.0, 0.38720067775821737)	(74.0, 0.3310400648970644)	(75.0, 0.2864371578971158)	(76.0, 0.24289815690606034)	(77.0, 0.20591790604704138)	(78.0, 0.16411000635859152)	(79.0, 0.11968341523205654)	(80.0, 0.088704916632245)	(81.0, 0.07338046256629677)	(82.0, 0.05994439157639695)	(83.0, 0.042377920892837935)	(84.0, 0.03065291531083767)	(85.0, 0.02554276036605099)	(86.0, 0.023433982448235663)	(87.0, 0.022065530839810138)	(88.0, 0.0211969748043014)	(89.0, 0.02042459106338187)	(90.0, 0.01990866677470021)	(91.0, 0.01908919868122138)	(92.0, 0.017923109609327303)	(93.0, 0.017173767147319767)	(94.0, 0.01651558800622491)	(95.0, 0.01631723264863468)	(96.0, 0.017582499399323874)	(97.0, 0.024760358677778413)	(98.0, 0.046767785422940904)	(99.0, 0.10377291124595536)	(100.0, 0.44436208355993934)
raw | SRR30333754_1	(0.0, 0.00015462351566685096)	(1.0, 9.884161444526549e-05)	(2.0, 3.8166563993716374e-05)	(3.0, 2.8380265533789102e-05)	(4.0, 2.642300584180364e-05)	(5.0, 2.5444375995810918e-05)	(6.0, 2.5444375995810918e-05)	(7.0, 2.7401635687796372e-05)	(8.0, 2.5444375995810918e-05)	(9.0, 2.642300584180364e-05)	(10.0, 3.2294784917760006e-05)	(11.0, 4.1102453531694554e-05)	(12.0, 6.654682952750548e-05)	(13.0, 9.98202442912582e-05)	(14.0, 0.00013798680828497459)	(15.0, 0.0002348711630382546)	(16.0, 0.0004648491768465456)	(17.0, 0.0008582583749356221)	(18.0, 0.0014718592883730622)	(19.0, 0.0024416814657518553)	(20.0, 0.004099480424863536)	(21.0, 0.006793648390881514)	(22.0, 0.010539843441341677)	(23.0, 0.0162961441954709)	(24.0, 0.024026341348967455)	(25.0, 0.033776430504592996)	(26.0, 0.045821406649071486)	(27.0, 0.06237297323434649)	(28.0, 0.08221175747231106)	(29.0, 0.1052056443337562)	(30.0, 0.13663727772735063)	(31.0, 0.17254320677682378)	(32.0, 0.21404494128568338)	(33.0, 0.269000878917251)	(34.0, 0.34310077359612834)	(35.0, 0.427244346384429)	(36.0, 0.5294299390134516)	(37.0, 0.648351080638796)	(38.0, 0.7770565634643756)	(39.0, 0.9267947589400307)	(40.0, 1.0980226872038403)	(41.0, 1.2911327788240472)	(42.0, 1.529902803168737)	(43.0, 1.8312415267169715)	(44.0, 2.1815136998245346)	(45.0, 2.5620891461132627)	(46.0, 2.911743803788004)	(47.0, 3.2505601359183762)	(48.0, 3.6155978761422776)	(49.0, 3.9486911809332845)	(50.0, 4.242735197609489)	(51.0, 4.5433262479553855)	(52.0, 4.8392394476374365)	(53.0, 5.048714187542334)	(54.0, 5.152037926682246)	(55.0, 5.205310620978706)	(56.0, 5.142345576687534)	(57.0, 4.949950863484748)	(58.0, 4.68959422199715)	(59.0, 4.350826821359078)	(60.0, 3.921293459764872)	(61.0, 3.4355750014525315)	(62.0, 2.951301979422722)	(63.0, 2.4851433958422384)	(64.0, 2.0239445083212457)	(65.0, 1.5870244486494864)	(66.0, 1.2369607236991198)	(67.0, 0.9848304446969375)	(68.0, 0.7921245272031255)	(69.0, 0.6354351239313839)	(70.0, 0.5180700037611681)	(71.0, 0.42694586428140124)	(72.0, 0.36547812365459803)	(73.0, 0.31330736656472574)	(74.0, 0.25649007496607995)	(75.0, 0.2125721033674643)	(76.0, 0.17929183819478964)	(77.0, 0.14085810825311726)	(78.0, 0.09735311844951054)	(79.0, 0.0661788647054122)	(80.0, 0.04814565253330422)	(81.0, 0.03616526595866124)	(82.0, 0.02476814277222994)	(83.0, 0.012942379713253821)	(84.0, 0.005927560977177951)	(85.0, 0.0031952264471662556)	(86.0, 0.001537427488054575)	(87.0, 0.0008288994795558403)	(88.0, 0.000707549378652742)	(89.0, 0.0007202715666506474)	(90.0, 0.000707549378652742)	(91.0, 0.0006811263728109384)	(92.0, 0.0006909126712708656)	(93.0, 0.0006879767817328874)	(94.0, 0.0006527461072771492)	(95.0, 0.0006889554115788801)	(96.0, 0.0007731175783342548)	(97.0, 0.0009169761656951858)	(98.0, 0.0013094067339382695)	(99.0, 0.0011303174721216003)	(100.0, 0.00039340919808907645)
raw | SRR30333754_2	(0.0, 0.0012567084434051284)	(1.0, 0.00070210471720756)	(2.0, 0.0001101340732874604)	(3.0, 5.605037658379681e-05)	(4.0, 3.3433557962264767e-05)	(5.0, 2.2616818621532047e-05)	(6.0, 1.86834588612656e-05)	(7.0, 2.2616818621532047e-05)	(8.0, 2.3600158561598656e-05)	(9.0, 2.5566838441731874e-05)	(10.0, 3.6383577782464594e-05)	(11.0, 4.818365706326393e-05)	(12.0, 6.293375616426308e-05)	(13.0, 8.260055496559529e-05)	(14.0, 0.00013078421202885923)	(15.0, 0.00021043474717425466)	(16.0, 0.0003186021405815819)	(17.0, 0.0005241201880555036)	(18.0, 0.0009449896824040128)	(19.0, 0.0015497437455449785)	(20.0, 0.0028703692850544364)	(21.0, 0.004934399819254252)	(22.0, 0.007772318886286491)	(23.0, 0.011273992412863691)	(24.0, 0.01511295153888374)	(25.0, 0.020481987611647434)	(26.0, 0.0287027095106043)	(27.0, 0.039611882805703276)	(28.0, 0.0514267121856036)	(29.0, 0.06659473076113108)	(30.0, 0.08900701467512927)	(31.0, 0.11927126801055934)	(32.0, 0.1564808513426799)	(33.0, 0.19947739022209243)	(34.0, 0.25200642648051075)	(35.0, 0.32028955191873615)	(36.0, 0.411533664957517)	(37.0, 0.5300448111944048)	(38.0, 0.6848431678996307)	(39.0, 0.877645646608551)	(40.0, 1.0903755092029213)	(41.0, 1.3355900067173918)	(42.0, 1.6284266741893483)	(43.0, 1.932634684728235)	(44.0, 2.2602776527187896)	(45.0, 2.6343893329171317)	(46.0, 2.9608778598180474)	(47.0, 3.2434641917547498)	(48.0, 3.552029381568072)	(49.0, 3.8480048701287206)	(50.0, 4.133574655443585)	(51.0, 4.4236127374461125)	(52.0, 4.668615816873468)	(53.0, 4.868754994875226)	(54.0, 4.994095436995876)	(55.0, 5.018539301226052)	(56.0, 4.951420450276865)	(57.0, 4.7806457695653775)	(58.0, 4.521365577548194)	(59.0, 4.1696396310854675)	(60.0, 3.750157629392393)	(61.0, 3.3246221870282673)	(62.0, 2.8802990517692293)	(63.0, 2.410022625472013)	(64.0, 1.9777572045580716)	(65.0, 1.6112909923937477)	(66.0, 1.3231124062178867)	(67.0, 1.0939263497265017)	(68.0, 0.8991326076389465)	(69.0, 0.7469892687719004)	(70.0, 0.6305687032475942)	(71.0, 0.5395409249956281)	(72.0, 0.47205037154909635)	(73.0, 0.40854922823941475)	(74.0, 0.3535215251932873)	(75.0, 0.3105013861553131)	(76.0, 0.2659924704480781)	(77.0, 0.2262704535690874)	(78.0, 0.1833742153635616)	(79.0, 0.13842574670311686)	(80.0, 0.10545534185262347)	(81.0, 0.0870206679961947)	(82.0, 0.07295989019318225)	(83.0, 0.056800664958067626)	(84.0, 0.04462396648022279)	(85.0, 0.03863247622539693)	(86.0, 0.03589682451213162)	(87.0, 0.03404322872510606)	(88.0, 0.03272063650571647)	(89.0, 0.031158109340950625)	(90.0, 0.029864033979822967)	(91.0, 0.02860634219647777)	(92.0, 0.02728768333684845)	(93.0, 0.026055558391944983)	(94.0, 0.02464348223800933)	(95.0, 0.02386664368535671)	(96.0, 0.025295436618273492)	(97.0, 0.03448573169813604)	(98.0, 0.0634962266099812)	(99.0, 0.13978078914052863)	(100.0, 0.5793042421521016)
raw | SRR30333756_1	(0.0, 0.00022701242319459055)	(1.0, 0.0001506719622972946)	(2.0, 5.524638617567468e-05)	(3.0, 3.6161270951350706e-05)	(4.0, 4.92195076837829e-05)	(5.0, 4.620606843783701e-05)	(6.0, 4.0179189945945226e-05)	(7.0, 4.0179189945945226e-05)	(8.0, 2.3103034218918506e-05)	(9.0, 2.712095321351303e-05)	(10.0, 4.0179189945945226e-05)	(11.0, 4.92195076837829e-05)	(12.0, 7.53359811486473e-05)	(13.0, 0.0001436406040567542)	(14.0, 0.00021998106495405012)	(15.0, 0.0003254514385621563)	(16.0, 0.0006006788896918811)	(17.0, 0.0011471158729567364)	(18.0, 0.0020250311732756395)	(19.0, 0.003460432734094533)	(20.0, 0.005845067657386382)	(21.0, 0.009864995611478201)	(22.0, 0.015424791020248374)	(23.0, 0.023515875395613093)	(24.0, 0.034688703639831814)	(25.0, 0.04878456795261805)	(26.0, 0.06568493972363126)	(27.0, 0.08830883710244437)	(28.0, 0.11634185792773034)	(29.0, 0.14904370062473515)	(30.0, 0.1905387590414101)	(31.0, 0.23924899549262815)	(32.0, 0.2952507504392866)	(33.0, 0.367650637282634)	(34.0, 0.46736232849173764)	(35.0, 0.5764327575190006)	(36.0, 0.7042035860268551)	(37.0, 0.8465674963230767)	(38.0, 0.9906721700237067)	(39.0, 1.1514783285051173)	(40.0, 1.3301059666870518)	(41.0, 1.52075019610207)	(42.0, 1.7448496280255794)	(43.0, 2.02737964692798)	(44.0, 2.350313859240023)	(45.0, 2.6993233613472354)	(46.0, 3.012767248994046)	(47.0, 3.311355885638092)	(48.0, 3.6269252524330433)	(49.0, 3.912483777777619)	(50.0, 4.161174882907544)	(51.0, 4.412849292890956)	(52.0, 4.674952211624838)	(53.0, 4.865726018927432)	(54.0, 4.959380697252184)	(55.0, 5.008217498151732)	(56.0, 4.954957972918884)	(57.0, 4.775635234750885)	(58.0, 4.526492113734068)	(59.0, 4.206158499491276)	(60.0, 3.7907086888894486)	(61.0, 3.3065012350128735)	(62.0, 2.8249496255917252)	(63.0, 2.368683784883309)	(64.0, 1.9273465221993087)	(65.0, 1.5132658174948892)	(66.0, 1.179921177067852)	(67.0, 0.9414385996234426)	(68.0, 0.7523241928656164)	(69.0, 0.5962842907915434)	(70.0, 0.47977970714453194)	(71.0, 0.38821736013621466)	(72.0, 0.3284558374903644)	(73.0, 0.27775271321782746)	(74.0, 0.2199539440008366)	(75.0, 0.17567145428166173)	(76.0, 0.1437028818011704)	(77.0, 0.10701024106278459)	(78.0, 0.06852962637180418)	(79.0, 0.04311729321074247)	(80.0, 0.029699452728294065)	(81.0, 0.021702789449302314)	(82.0, 0.01450267861098893)	(83.0, 0.006994192489840416)	(84.0, 0.0027512700315485993)	(85.0, 0.0015157599407107838)	(86.0, 0.0008939869762972813)	(87.0, 0.0006237819239107997)	(88.0, 0.0006016833694405298)	(89.0, 0.0006237819239107997)	(90.0, 0.0006097192074297188)	(91.0, 0.0006077102479324216)	(92.0, 0.0005946520111999894)	(93.0, 0.0005484459427621524)	(94.0, 0.0005414145845216119)	(95.0, 0.0005414145845216119)	(96.0, 0.0005604996997459359)	(97.0, 0.0008829376990621464)	(98.0, 0.0019496951921269923)	(99.0, 0.0017267006879269963)	(100.0, 0.00042188149443242483)
raw | SRR30333756_2	(0.0, 0.001707067534013018)	(1.0, 0.0009524064728772394)	(2.0, 0.00015032686912998797)	(3.0, 7.365007682207465e-05)	(4.0, 4.5400732287580264e-05)	(5.0, 4.5400732287580264e-05)	(6.0, 3.9347301315902894e-05)	(7.0, 4.6409637449526495e-05)	(8.0, 5.548978390704255e-05)	(9.0, 4.439182712563404e-05)	(10.0, 4.741854261147272e-05)	(11.0, 6.759664585039729e-05)	(12.0, 0.00010290832651851527)	(13.0, 0.00013822000718663325)	(14.0, 0.00015537139493971913)	(15.0, 0.00027543110921132024)	(16.0, 0.0005105060119447914)	(17.0, 0.0008061152243950363)	(18.0, 0.0013085499950442577)	(19.0, 0.00217721733947996)	(20.0, 0.004220250292421072)	(21.0, 0.0074941475429365825)	(22.0, 0.011589293595276322)	(23.0, 0.01644212742423768)	(24.0, 0.02223324305380903)	(25.0, 0.02981516534583493)	(26.0, 0.04131971090750777)	(27.0, 0.05742587291281735)	(28.0, 0.07440574678837238)	(29.0, 0.09605180703792869)	(30.0, 0.12704638251807876)	(31.0, 0.16860419504380586)	(32.0, 0.219167495045065)	(33.0, 0.2765852967165867)	(34.0, 0.3455641426388504)	(35.0, 0.4303444612075158)	(36.0, 0.5419949509542952)	(37.0, 0.686453018757242)	(38.0, 0.868937731019104)	(39.0, 1.091968323929261)	(40.0, 1.3272389542641498)	(41.0, 1.5791545019608273)	(42.0, 1.867452178702448)	(43.0, 2.1589783519622965)	(44.0, 2.4628141771030507)	(45.0, 2.802019190506154)	(46.0, 3.0878430317906824)	(47.0, 3.3233951466657543)	(48.0, 3.587068475119753)	(49.0, 3.8340666190571047)	(50.0, 4.065873677971032)	(51.0, 4.310703684715361)	(52.0, 4.525312946238754)	(53.0, 4.7015172238675)	(54.0, 4.8021726651593895)	(55.0, 4.820413670487377)	(56.0, 4.7582933618560235)	(57.0, 4.59531482199523)	(58.0, 4.349627245863247)	(59.0, 4.012218083648408)	(60.0, 3.614270576096147)	(61.0, 3.2093676763574295)	(62.0, 2.7823425131327166)	(63.0, 2.326219516132313)	(64.0, 1.9051973386211802)	(65.0, 1.5511533480961717)	(66.0, 1.278604680932532)	(67.0, 1.0587924954889831)	(68.0, 0.8643966488851841)	(69.0, 0.7147810578943681)	(70.0, 0.5986207620736891)	(71.0, 0.5063523493930587)	(72.0, 0.4363181886713995)	(73.0, 0.3731405474303266)	(74.0, 0.31834085465405526)	(75.0, 0.2721188735646508)	(76.0, 0.22586561641522598)	(77.0, 0.18565368337553517)	(78.0, 0.14564454027339555)	(79.0, 0.10695403621791964)	(80.0, 0.07982558531834752)	(81.0, 0.06513996178105821)	(82.0, 0.05477346124206072)	(83.0, 0.04406796856864929)	(84.0, 0.03648705518178534)	(85.0, 0.03293369120141072)	(86.0, 0.03160597200828949)	(87.0, 0.030107747842799338)	(88.0, 0.028882936976196615)	(89.0, 0.028074803941477686)	(90.0, 0.02710625498600931)	(91.0, 0.026218418443496632)	(92.0, 0.025289216789344156)	(93.0, 0.024365059661001408)	(94.0, 0.023615443125675362)	(95.0, 0.02356499786757805)	(96.0, 0.026404056993294737)	(97.0, 0.038217327534523116)	(98.0, 0.0725685304884683)	(99.0, 0.1580722340582492)	(100.0, 0.5506533750541177)
