Sample	0	1	2	3	4	5	6	7	8	9	10	11	12	13	14	15	16	17	18	19	20	21	22	23	24	25	26	27	28	29	30	31	32	33	34	35	36	37	38	39	40	41	42	43	44	45	46	47	48	49	50	51	52	53	54	55	56	57	58	59	60	61	62	63	64	65	66	67	68	69	70	71	72	73	74	75	76	77	78	79	80	81	82	83	84	85	86	87	88	89	90	91	92	93	94	95	96	97	98	99	100
qc_bundle_trimmed | SRR30333743_1	(0.0, 64.0)	(1.0, 39.0)	(2.0, 14.5)	(3.0, 10.5)	(4.0, 7.5)	(5.0, 12.5)	(6.0, 14.0)	(7.0, 11.0)	(8.0, 8.0)	(9.0, 5.0)	(10.0, 12.5)	(11.0, 20.0)	(12.0, 22.0)	(13.0, 36.0)	(14.0, 66.5)	(15.0, 119.5)	(16.0, 225.0)	(17.0, 439.5)	(18.0, 755.0)	(19.0, 1255.0)	(20.0, 2098.0)	(21.0, 3524.0)	(22.0, 5508.0)	(23.0, 8285.0)	(24.0, 12163.5)	(25.0, 17137.0)	(26.0, 23257.5)	(27.0, 31461.5)	(28.0, 41196.0)	(29.0, 52757.0)	(30.0, 68217.0)	(31.0, 86415.0)	(32.0, 107773.5)	(33.0, 134006.0)	(34.0, 170784.0)	(35.0, 213610.5)	(36.0, 264110.5)	(37.0, 323000.5)	(38.0, 385374.0)	(39.0, 459336.0)	(40.0, 544503.0)	(41.0, 639545.5)	(42.0, 758806.5)	(43.0, 910667.5)	(44.0, 1082980.5)	(45.0, 1273263.0)	(46.0, 1455251.5)	(47.0, 1626179.5)	(48.0, 1809066.5)	(49.0, 1977532.5)	(50.0, 2125973.0)	(51.0, 2285338.0)	(52.0, 2441725.5)	(53.0, 2549487.5)	(54.0, 2604364.5)	(55.0, 2629922.0)	(56.0, 2596903.5)	(57.0, 2496207.0)	(58.0, 2360384.0)	(59.0, 2180720.0)	(60.0, 1954239.5)	(61.0, 1704790.5)	(62.0, 1455212.5)	(63.0, 1219171.5)	(64.0, 991234.5)	(65.0, 778678.0)	(66.0, 609163.0)	(67.0, 488504.0)	(68.0, 395337.5)	(69.0, 320425.0)	(70.0, 265128.5)	(71.0, 221244.5)	(72.0, 191970.5)	(73.0, 165377.0)	(74.0, 134918.0)	(75.0, 111710.0)	(76.0, 95253.5)	(77.0, 74246.5)	(78.0, 50001.0)	(79.0, 33671.5)	(80.0, 24795.5)	(81.0, 18981.0)	(82.0, 13386.5)	(83.0, 7044.5)	(84.0, 2994.0)	(85.0, 1551.0)	(86.0, 669.0)	(87.0, 293.5)	(88.0, 238.0)	(89.0, 224.0)	(90.0, 237.0)	(91.0, 236.0)	(92.0, 225.0)	(93.0, 209.5)	(94.0, 220.5)	(95.0, 232.5)	(96.0, 253.0)	(97.0, 366.5)	(98.0, 678.0)	(99.0, 594.0)	(100.0, 157.0)
qc_bundle_trimmed | SRR30333743_2	(0.0, 535.0)	(1.0, 298.0)	(2.0, 43.5)	(3.0, 28.0)	(4.0, 22.5)	(5.0, 17.5)	(6.0, 17.0)	(7.0, 10.5)	(8.0, 13.0)	(9.0, 18.0)	(10.0, 16.0)	(11.0, 21.0)	(12.0, 30.5)	(13.0, 43.0)	(14.0, 64.0)	(15.0, 97.5)	(16.0, 191.0)	(17.0, 296.0)	(18.0, 462.0)	(19.0, 828.0)	(20.0, 1500.0)	(21.0, 2469.0)	(22.0, 3970.0)	(23.0, 5784.0)	(24.0, 7883.5)	(25.0, 10594.5)	(26.0, 14634.5)	(27.0, 20288.0)	(28.0, 26247.5)	(29.0, 34034.0)	(30.0, 45335.5)	(31.0, 60342.0)	(32.0, 79314.0)	(33.0, 101088.0)	(34.0, 126676.5)	(35.0, 160322.5)	(36.0, 205688.5)	(37.0, 263862.0)	(38.0, 339467.0)	(39.0, 436011.5)	(40.0, 542122.0)	(41.0, 661891.5)	(42.0, 806738.0)	(43.0, 958527.0)	(44.0, 1122656.0)	(45.0, 1312449.5)	(46.0, 1483595.0)	(47.0, 1633303.0)	(48.0, 1793531.5)	(49.0, 1946550.5)	(50.0, 2089725.0)	(51.0, 2238117.5)	(52.0, 2371440.5)	(53.0, 2479525.5)	(54.0, 2540883.0)	(55.0, 2546486.0)	(56.0, 2501926.0)	(57.0, 2407847.0)	(58.0, 2275863.5)	(59.0, 2094609.5)	(60.0, 1877394.0)	(61.0, 1658818.0)	(62.0, 1435811.0)	(63.0, 1198133.0)	(64.0, 976724.5)	(65.0, 793162.0)	(66.0, 650292.0)	(67.0, 534674.5)	(68.0, 436448.0)	(69.0, 363442.5)	(70.0, 305696.5)	(71.0, 257407.0)	(72.0, 224064.5)	(73.0, 193253.5)	(74.0, 165223.5)	(75.0, 142962.0)	(76.0, 121231.5)	(77.0, 102774.5)	(78.0, 81908.0)	(79.0, 59734.5)	(80.0, 44273.0)	(81.0, 36624.5)	(82.0, 29918.5)	(83.0, 21151.0)	(84.0, 15299.0)	(85.0, 12748.5)	(86.0, 11696.0)	(87.0, 11013.0)	(88.0, 10579.5)	(89.0, 10194.0)	(90.0, 9936.0)	(91.0, 9527.0)	(92.0, 8945.5)	(93.0, 8571.0)	(94.0, 8242.5)	(95.0, 8140.0)	(96.0, 8768.5)	(97.0, 12352.5)	(98.0, 23339.0)	(99.0, 51808.0)	(100.0, 221812.0)
qc_bundle_trimmed | SRR30333744_1	(0.0, 20.0)	(1.0, 17.0)	(2.0, 9.0)	(3.0, 5.5)	(4.0, 5.5)	(5.0, 4.0)	(6.0, 6.5)	(7.0, 6.0)	(8.0, 4.5)	(9.0, 7.0)	(10.0, 7.0)	(11.0, 11.5)	(12.0, 20.0)	(13.0, 29.5)	(14.0, 55.0)	(15.0, 83.0)	(16.0, 148.0)	(17.0, 296.0)	(18.0, 516.5)	(19.0, 827.5)	(20.0, 1348.0)	(21.0, 2264.0)	(22.0, 3538.5)	(23.0, 5423.5)	(24.0, 7956.5)	(25.0, 11276.5)	(26.0, 15402.5)	(27.0, 20621.5)	(28.0, 26971.0)	(29.0, 34412.0)	(30.0, 44502.5)	(31.0, 57007.5)	(32.0, 71641.5)	(33.0, 90124.5)	(34.0, 115543.0)	(35.0, 146965.0)	(36.0, 187439.0)	(37.0, 238521.5)	(38.0, 301434.0)	(39.0, 381643.5)	(40.0, 474484.0)	(41.0, 582882.5)	(42.0, 712693.5)	(43.0, 863611.5)	(44.0, 1028112.0)	(45.0, 1203234.0)	(46.0, 1369505.5)	(47.0, 1525010.5)	(48.0, 1686058.0)	(49.0, 1836725.0)	(50.0, 1972101.5)	(51.0, 2110177.0)	(52.0, 2247689.5)	(53.0, 2344184.5)	(54.0, 2389484.0)	(55.0, 2408580.0)	(56.0, 2377102.0)	(57.0, 2283195.0)	(58.0, 2152836.0)	(59.0, 1986042.5)	(60.0, 1776666.0)	(61.0, 1545746.5)	(62.0, 1316913.0)	(63.0, 1100871.0)	(64.0, 893922.0)	(65.0, 697641.5)	(66.0, 540665.5)	(67.0, 427405.0)	(68.0, 338826.5)	(69.0, 268495.5)	(70.0, 215408.0)	(71.0, 173913.5)	(72.0, 147591.5)	(73.0, 124202.5)	(74.0, 97133.5)	(75.0, 77103.0)	(76.0, 64170.5)	(77.0, 49593.0)	(78.0, 32985.0)	(79.0, 21794.5)	(80.0, 15789.5)	(81.0, 12146.5)	(82.0, 8507.0)	(83.0, 4245.5)	(84.0, 1839.0)	(85.0, 1051.0)	(86.0, 517.0)	(87.0, 288.5)	(88.0, 256.5)	(89.0, 255.5)	(90.0, 251.0)	(91.0, 256.5)	(92.0, 259.0)	(93.0, 246.0)	(94.0, 226.0)	(95.0, 209.5)	(96.0, 202.5)	(97.0, 255.5)	(98.0, 367.5)	(99.0, 312.0)	(100.0, 117.5)
qc_bundle_trimmed | SRR30333744_2	(0.0, 204.0)	(1.0, 112.0)	(2.0, 15.5)	(3.0, 10.0)	(4.0, 10.0)	(5.0, 9.5)	(6.0, 8.5)	(7.0, 10.0)	(8.0, 9.5)	(9.0, 7.5)	(10.0, 12.5)	(11.0, 18.0)	(12.0, 20.0)	(13.0, 25.0)	(14.0, 42.5)	(15.0, 75.0)	(16.0, 124.0)	(17.0, 195.0)	(18.0, 296.0)	(19.0, 492.0)	(20.0, 958.5)	(21.0, 1632.5)	(22.0, 2613.5)	(23.0, 3728.5)	(24.0, 5047.0)	(25.0, 6982.0)	(26.0, 9629.5)	(27.0, 13278.0)	(28.0, 17423.0)	(29.0, 22760.5)	(30.0, 30551.5)	(31.0, 40532.5)	(32.0, 53126.0)	(33.0, 69264.0)	(34.0, 90431.5)	(35.0, 118989.0)	(36.0, 159032.5)	(37.0, 213878.0)	(38.0, 289785.0)	(39.0, 387586.5)	(40.0, 494740.5)	(41.0, 614145.5)	(42.0, 753913.0)	(43.0, 897064.0)	(44.0, 1042482.0)	(45.0, 1205599.0)	(46.0, 1358802.0)	(47.0, 1492351.5)	(48.0, 1634811.5)	(49.0, 1774140.0)	(50.0, 1902335.5)	(51.0, 2033625.5)	(52.0, 2149650.0)	(53.0, 2242444.5)	(54.0, 2295851.5)	(55.0, 2304888.5)	(56.0, 2271980.0)	(57.0, 2187398.0)	(58.0, 2065579.0)	(59.0, 1898457.5)	(60.0, 1699565.5)	(61.0, 1503828.0)	(62.0, 1302967.5)	(63.0, 1085836.0)	(64.0, 884159.0)	(65.0, 716808.0)	(66.0, 584340.5)	(67.0, 478721.0)	(68.0, 387983.5)	(69.0, 318828.5)	(70.0, 266854.0)	(71.0, 225398.0)	(72.0, 194828.5)	(73.0, 166393.0)	(74.0, 140246.5)	(75.0, 119144.5)	(76.0, 99979.0)	(77.0, 83453.0)	(78.0, 66162.5)	(79.0, 49663.0)	(80.0, 37702.5)	(81.0, 31051.0)	(82.0, 25962.0)	(83.0, 20056.5)	(84.0, 16018.5)	(85.0, 13974.5)	(86.0, 13076.5)	(87.0, 12483.0)	(88.0, 12016.5)	(89.0, 11574.5)	(90.0, 11187.5)	(91.0, 10715.5)	(92.0, 10091.0)	(93.0, 9679.5)	(94.0, 9239.0)	(95.0, 9045.0)	(96.0, 9815.0)	(97.0, 13735.0)	(98.0, 25781.0)	(99.0, 55915.0)	(100.0, 211889.0)
qc_bundle_trimmed | SRR30333745_1	(0.0, 56.0)	(1.0, 35.0)	(2.0, 16.5)	(3.0, 14.0)	(4.0, 12.0)	(5.0, 13.0)	(6.0, 9.0)	(7.0, 10.0)	(8.0, 12.0)	(9.0, 14.5)	(10.0, 16.5)	(11.0, 17.0)	(12.0, 25.0)	(13.0, 37.0)	(14.0, 56.5)	(15.0, 92.5)	(16.0, 169.5)	(17.0, 339.5)	(18.0, 569.0)	(19.0, 933.0)	(20.0, 1580.0)	(21.0, 2625.0)	(22.0, 4057.5)	(23.0, 6207.5)	(24.0, 9194.0)	(25.0, 12971.0)	(26.0, 17507.5)	(27.0, 23907.5)	(28.0, 31764.0)	(29.0, 40788.5)	(30.0, 52903.5)	(31.0, 67102.0)	(32.0, 84340.0)	(33.0, 105973.0)	(34.0, 134907.5)	(35.0, 170152.5)	(36.0, 213548.0)	(37.0, 265449.5)	(38.0, 323972.5)	(39.0, 396816.5)	(40.0, 482823.5)	(41.0, 582113.0)	(42.0, 704571.0)	(43.0, 856739.0)	(44.0, 1030573.5)	(45.0, 1217095.0)	(46.0, 1393796.5)	(47.0, 1563461.5)	(48.0, 1742194.5)	(49.0, 1906731.5)	(50.0, 2050135.5)	(51.0, 2201002.0)	(52.0, 2354798.5)	(53.0, 2465350.5)	(54.0, 2521970.5)	(55.0, 2548014.5)	(56.0, 2519610.0)	(57.0, 2423133.5)	(58.0, 2285855.0)	(59.0, 2111529.5)	(60.0, 1894099.0)	(61.0, 1652999.0)	(62.0, 1411789.0)	(63.0, 1182906.0)	(64.0, 961392.5)	(65.0, 753388.5)	(66.0, 588131.5)	(67.0, 469238.0)	(68.0, 376507.5)	(69.0, 301217.5)	(70.0, 245854.0)	(71.0, 202765.0)	(72.0, 174860.5)	(73.0, 149856.0)	(74.0, 120258.0)	(75.0, 97885.0)	(76.0, 84824.5)	(77.0, 67494.5)	(78.0, 45008.5)	(79.0, 30339.5)	(80.0, 23377.5)	(81.0, 18736.5)	(82.0, 13807.0)	(83.0, 7542.0)	(84.0, 3366.0)	(85.0, 1876.5)	(86.0, 831.5)	(87.0, 343.0)	(88.0, 249.5)	(89.0, 234.5)	(90.0, 241.0)	(91.0, 243.0)	(92.0, 235.5)	(93.0, 228.5)	(94.0, 208.0)	(95.0, 197.5)	(96.0, 203.5)	(97.0, 218.5)	(98.0, 316.5)	(99.0, 298.0)	(100.0, 116.0)
qc_bundle_trimmed | SRR30333745_2	(0.0, 389.0)	(1.0, 223.5)	(2.0, 38.5)	(3.0, 16.5)	(4.0, 14.5)	(5.0, 13.5)	(6.0, 14.5)	(7.0, 11.5)	(8.0, 10.0)	(9.0, 15.5)	(10.0, 18.5)	(11.0, 17.5)	(12.0, 24.0)	(13.0, 38.0)	(14.0, 45.0)	(15.0, 71.5)	(16.0, 130.5)	(17.0, 209.5)	(18.0, 342.5)	(19.0, 606.5)	(20.0, 1139.5)	(21.0, 1923.0)	(22.0, 3035.5)	(23.0, 4400.0)	(24.0, 6005.0)	(25.0, 8145.0)	(26.0, 11392.5)	(27.0, 15881.0)	(28.0, 20620.5)	(29.0, 26669.0)	(30.0, 35529.5)	(31.0, 47333.0)	(32.0, 62060.0)	(33.0, 80022.0)	(34.0, 102694.0)	(35.0, 131517.0)	(36.0, 171177.0)	(37.0, 224737.0)	(38.0, 296084.0)	(39.0, 388252.0)	(40.0, 491467.0)	(41.0, 609298.5)	(42.0, 750366.0)	(43.0, 898950.0)	(44.0, 1056680.0)	(45.0, 1235890.0)	(46.0, 1404133.0)	(47.0, 1551338.0)	(48.0, 1704687.5)	(49.0, 1854233.0)	(50.0, 1992700.0)	(51.0, 2135022.0)	(52.0, 2265227.0)	(53.0, 2375496.5)	(54.0, 2437446.0)	(55.0, 2443221.5)	(56.0, 2409032.0)	(57.0, 2320666.5)	(58.0, 2191472.5)	(59.0, 2018114.5)	(60.0, 1808960.5)	(61.0, 1601610.5)	(62.0, 1387902.0)	(63.0, 1158035.5)	(64.0, 944849.5)	(65.0, 768594.5)	(66.0, 630345.0)	(67.0, 517728.0)	(68.0, 421189.5)	(69.0, 348772.0)	(70.0, 296460.5)	(71.0, 252684.0)	(72.0, 219684.0)	(73.0, 189616.5)	(74.0, 162665.0)	(75.0, 142028.5)	(76.0, 121710.5)	(77.0, 104165.0)	(78.0, 84261.5)	(79.0, 62937.5)	(80.0, 48023.0)	(81.0, 40634.5)	(82.0, 34001.0)	(83.0, 25266.5)	(84.0, 19016.5)	(85.0, 16006.5)	(86.0, 14584.5)	(87.0, 13761.5)	(88.0, 13096.0)	(89.0, 12359.5)	(90.0, 11977.0)	(91.0, 11654.0)	(92.0, 10978.5)	(93.0, 10240.5)	(94.0, 9782.0)	(95.0, 9599.0)	(96.0, 10118.0)	(97.0, 13927.5)	(98.0, 25756.0)	(99.0, 55644.0)	(100.0, 217574.5)
qc_bundle_trimmed | SRR30333746_1	(0.0, 33.0)	(1.0, 25.0)	(2.0, 13.5)	(3.0, 7.0)	(4.0, 4.5)	(5.0, 4.5)	(6.0, 6.0)	(7.0, 5.5)	(8.0, 3.5)	(9.0, 5.5)	(10.0, 8.0)	(11.0, 9.5)	(12.0, 9.5)	(13.0, 25.5)	(14.0, 41.5)	(15.0, 59.5)	(16.0, 122.5)	(17.0, 255.5)	(18.0, 449.5)	(19.0, 713.5)	(20.0, 1165.5)	(21.0, 1978.0)	(22.0, 3083.0)	(23.0, 4704.5)	(24.0, 7028.0)	(25.0, 9861.5)	(26.0, 13313.0)	(27.0, 18172.5)	(28.0, 24014.0)	(29.0, 30650.5)	(30.0, 39469.0)	(31.0, 50252.0)	(32.0, 63308.0)	(33.0, 80107.0)	(34.0, 102860.0)	(35.0, 131388.5)	(36.0, 169415.0)	(37.0, 218139.5)	(38.0, 278018.5)	(39.0, 354206.5)	(40.0, 444243.0)	(41.0, 549272.5)	(42.0, 675351.0)	(43.0, 822092.5)	(44.0, 977432.0)	(45.0, 1139082.0)	(46.0, 1296391.5)	(47.0, 1444440.5)	(48.0, 1595110.0)	(49.0, 1735418.0)	(50.0, 1855988.0)	(51.0, 1981544.5)	(52.0, 2106153.5)	(53.0, 2189972.0)	(54.0, 2229946.5)	(55.0, 2246157.0)	(56.0, 2212280.0)	(57.0, 2118537.5)	(58.0, 1994230.5)	(59.0, 1836366.0)	(60.0, 1638926.5)	(61.0, 1421987.5)	(62.0, 1205228.0)	(63.0, 1004075.0)	(64.0, 813619.5)	(65.0, 633056.5)	(66.0, 491106.5)	(67.0, 391369.0)	(68.0, 312391.0)	(69.0, 247633.0)	(70.0, 200571.5)	(71.0, 163573.5)	(72.0, 140961.5)	(73.0, 121148.0)	(74.0, 94213.5)	(75.0, 73557.0)	(76.0, 62185.5)	(77.0, 48492.5)	(78.0, 31290.5)	(79.0, 20109.0)	(80.0, 15348.5)	(81.0, 12483.5)	(82.0, 9149.0)	(83.0, 4793.0)	(84.0, 1922.0)	(85.0, 976.0)	(86.0, 441.5)	(87.0, 212.5)	(88.0, 178.0)	(89.0, 169.0)	(90.0, 168.0)	(91.0, 166.0)	(92.0, 154.5)	(93.0, 162.0)	(94.0, 154.0)	(95.0, 132.5)	(96.0, 146.0)	(97.0, 172.5)	(98.0, 257.5)	(99.0, 276.0)	(100.0, 129.5)
qc_bundle_trimmed | SRR30333746_2	(0.0, 255.0)	(1.0, 146.5)	(2.0, 26.0)	(3.0, 13.5)	(4.0, 9.5)	(5.0, 5.5)	(6.0, 6.5)	(7.0, 8.0)	(8.0, 9.5)	(9.0, 9.0)	(10.0, 8.0)	(11.0, 12.0)	(12.0, 15.0)	(13.0, 18.0)	(14.0, 38.0)	(15.0, 61.5)	(16.0, 102.5)	(17.0, 163.5)	(18.0, 266.5)	(19.0, 448.0)	(20.0, 829.5)	(21.0, 1416.0)	(22.0, 2289.0)	(23.0, 3324.5)	(24.0, 4617.5)	(25.0, 6333.0)	(26.0, 8914.0)	(27.0, 12401.0)	(28.0, 16193.5)	(29.0, 21165.0)	(30.0, 28166.0)	(31.0, 37075.5)	(32.0, 48861.0)	(33.0, 64115.5)	(34.0, 84393.0)	(35.0, 111676.5)	(36.0, 149904.0)	(37.0, 203016.5)	(38.0, 275904.0)	(39.0, 368990.5)	(40.0, 471570.0)	(41.0, 585559.0)	(42.0, 719251.0)	(43.0, 857648.5)	(44.0, 997706.5)	(45.0, 1151855.5)	(46.0, 1297132.0)	(47.0, 1425312.5)	(48.0, 1558741.5)	(49.0, 1687571.0)	(50.0, 1805088.0)	(51.0, 1925578.5)	(52.0, 2030546.0)	(53.0, 2111531.5)	(54.0, 2155779.0)	(55.0, 2154539.5)	(56.0, 2115680.0)	(57.0, 2032931.0)	(58.0, 1914669.5)	(59.0, 1755368.0)	(60.0, 1567944.0)	(61.0, 1385375.0)	(62.0, 1197060.0)	(63.0, 993387.0)	(64.0, 807899.5)	(65.0, 656057.0)	(66.0, 535308.5)	(67.0, 438978.0)	(68.0, 355663.5)	(69.0, 293394.0)	(70.0, 247806.0)	(71.0, 207945.5)	(72.0, 177914.0)	(73.0, 150423.0)	(74.0, 125464.5)	(75.0, 106493.5)	(76.0, 89238.0)	(77.0, 74171.5)	(78.0, 57484.5)	(79.0, 41049.5)	(80.0, 30264.0)	(81.0, 25483.0)	(82.0, 20977.0)	(83.0, 14726.0)	(84.0, 10473.0)	(85.0, 8728.0)	(86.0, 8021.0)	(87.0, 7585.0)	(88.0, 7279.5)	(89.0, 6915.5)	(90.0, 6606.0)	(91.0, 6387.0)	(92.0, 6154.0)	(93.0, 5886.5)	(94.0, 5714.5)	(95.0, 5675.0)	(96.0, 6218.0)	(97.0, 8986.5)	(98.0, 16823.0)	(99.0, 36765.0)	(100.0, 140866.5)
qc_bundle_trimmed | SRR30333747_1	(0.0, 9.0)	(1.0, 8.5)	(2.0, 5.0)	(3.0, 1.0)	(4.0, 0.5)	(5.0, 3.0)	(6.0, 5.5)	(7.0, 4.5)	(8.0, 2.5)	(9.0, 3.0)	(10.0, 6.0)	(11.0, 10.0)	(12.0, 18.0)	(13.0, 26.0)	(14.0, 49.5)	(15.0, 84.0)	(16.0, 142.5)	(17.0, 288.0)	(18.0, 522.0)	(19.0, 868.5)	(20.0, 1415.5)	(21.0, 2322.5)	(22.0, 3539.0)	(23.0, 5383.0)	(24.0, 7967.5)	(25.0, 11428.0)	(26.0, 15467.5)	(27.0, 20626.0)	(28.0, 27295.5)	(29.0, 35189.5)	(30.0, 45691.0)	(31.0, 59943.5)	(32.0, 77948.5)	(33.0, 102373.0)	(34.0, 137143.0)	(35.0, 182811.0)	(36.0, 247234.0)	(37.0, 330233.5)	(38.0, 427578.0)	(39.0, 538636.5)	(40.0, 658814.5)	(41.0, 784256.5)	(42.0, 917629.0)	(43.0, 1058997.0)	(44.0, 1193465.5)	(45.0, 1334410.5)	(46.0, 1472548.5)	(47.0, 1594118.5)	(48.0, 1713959.0)	(49.0, 1819698.5)	(50.0, 1901764.0)	(51.0, 1976082.5)	(52.0, 2042679.0)	(53.0, 2076232.5)	(54.0, 2064162.0)	(55.0, 2024786.5)	(56.0, 1951844.0)	(57.0, 1837116.0)	(58.0, 1704894.0)	(59.0, 1549129.0)	(60.0, 1364621.5)	(61.0, 1170275.0)	(62.0, 977538.0)	(63.0, 796231.5)	(64.0, 632084.0)	(65.0, 486168.5)	(66.0, 373961.0)	(67.0, 295654.5)	(68.0, 232022.0)	(69.0, 180411.5)	(70.0, 142314.0)	(71.0, 112234.5)	(72.0, 94064.5)	(73.0, 78922.5)	(74.0, 60848.0)	(75.0, 47787.5)	(76.0, 39314.5)	(77.0, 29865.5)	(78.0, 19755.5)	(79.0, 13143.0)	(80.0, 9616.0)	(81.0, 7332.0)	(82.0, 4997.0)	(83.0, 2719.5)	(84.0, 1378.5)	(85.0, 790.5)	(86.0, 459.0)	(87.0, 307.0)	(88.0, 268.0)	(89.0, 240.0)	(90.0, 242.5)	(91.0, 249.0)	(92.0, 243.0)	(93.0, 232.0)	(94.0, 212.0)	(95.0, 194.0)	(96.0, 213.5)	(97.0, 253.0)	(98.0, 355.0)	(99.0, 338.0)	(100.0, 131.5)
qc_bundle_trimmed | SRR30333747_2	(0.0, 103.0)	(1.0, 57.0)	(2.0, 9.0)	(3.0, 5.5)	(4.0, 3.5)	(5.0, 3.0)	(6.0, 5.5)	(7.0, 6.0)	(8.0, 8.0)	(9.0, 13.0)	(10.0, 11.0)	(11.0, 11.0)	(12.0, 16.0)	(13.0, 24.0)	(14.0, 39.5)	(15.0, 57.5)	(16.0, 105.0)	(17.0, 184.5)	(18.0, 295.0)	(19.0, 480.5)	(20.0, 863.0)	(21.0, 1498.0)	(22.0, 2406.5)	(23.0, 3621.0)	(24.0, 4964.5)	(25.0, 6843.5)	(26.0, 9643.5)	(27.0, 13606.5)	(28.0, 18458.0)	(29.0, 24568.5)	(30.0, 33685.0)	(31.0, 46553.5)	(32.0, 65048.5)	(33.0, 90754.5)	(34.0, 127402.5)	(35.0, 177875.5)	(36.0, 247219.0)	(37.0, 334761.5)	(38.0, 435351.0)	(39.0, 551539.5)	(40.0, 673040.5)	(41.0, 795608.0)	(42.0, 923589.5)	(43.0, 1046715.0)	(44.0, 1167374.0)	(45.0, 1300918.0)	(46.0, 1426618.5)	(47.0, 1529055.0)	(48.0, 1632115.0)	(49.0, 1728242.0)	(50.0, 1810673.5)	(51.0, 1887273.5)	(52.0, 1947057.5)	(53.0, 1982524.5)	(54.0, 1979138.0)	(55.0, 1943028.0)	(56.0, 1876137.5)	(57.0, 1772411.0)	(58.0, 1646603.5)	(59.0, 1491476.0)	(60.0, 1318170.5)	(61.0, 1152951.0)	(62.0, 984772.5)	(63.0, 811062.0)	(64.0, 655003.5)	(65.0, 525006.5)	(66.0, 424054.5)	(67.0, 346579.5)	(68.0, 280929.5)	(69.0, 230570.0)	(70.0, 192076.5)	(71.0, 159755.5)	(72.0, 135728.0)	(73.0, 115053.0)	(74.0, 96858.0)	(75.0, 82995.0)	(76.0, 70125.0)	(77.0, 57919.5)	(78.0, 45991.0)	(79.0, 35795.0)	(80.0, 28521.5)	(81.0, 24147.5)	(82.0, 20585.0)	(83.0, 16701.0)	(84.0, 14031.0)	(85.0, 12592.5)	(86.0, 11678.0)	(87.0, 11121.0)	(88.0, 10800.5)	(89.0, 10355.0)	(90.0, 9957.5)	(91.0, 9560.5)	(92.0, 9095.5)	(93.0, 8597.5)	(94.0, 8253.5)	(95.0, 8126.5)	(96.0, 8855.0)	(97.0, 12782.0)	(98.0, 24072.0)	(99.0, 52394.0)	(100.0, 190945.5)
qc_bundle_trimmed | SRR30333748_1	(0.0, 16.0)	(1.0, 10.5)	(2.0, 5.0)	(3.0, 3.5)	(4.0, 4.5)	(5.0, 4.0)	(6.0, 3.0)	(7.0, 4.5)	(8.0, 5.5)	(9.0, 7.0)	(10.0, 7.0)	(11.0, 18.0)	(12.0, 32.0)	(13.0, 43.5)	(14.0, 73.5)	(15.0, 133.5)	(16.0, 267.0)	(17.0, 548.0)	(18.0, 935.0)	(19.0, 1510.5)	(20.0, 2398.5)	(21.0, 3953.0)	(22.0, 6178.0)	(23.0, 9220.0)	(24.0, 13404.0)	(25.0, 18863.5)	(26.0, 25213.5)	(27.0, 33486.5)	(28.0, 43775.5)	(29.0, 55966.0)	(30.0, 71891.5)	(31.0, 92368.5)	(32.0, 117596.5)	(33.0, 150965.0)	(34.0, 198446.5)	(35.0, 259631.0)	(36.0, 345739.0)	(37.0, 459520.0)	(38.0, 598005.5)	(39.0, 757800.0)	(40.0, 933748.0)	(41.0, 1125183.0)	(42.0, 1332089.5)	(43.0, 1553646.5)	(44.0, 1770180.5)	(45.0, 1996504.5)	(46.0, 2217206.5)	(47.0, 2415623.5)	(48.0, 2625065.0)	(49.0, 2817198.0)	(50.0, 2965010.5)	(51.0, 3105637.5)	(52.0, 3243165.5)	(53.0, 3327061.5)	(54.0, 3338956.0)	(55.0, 3312632.0)	(56.0, 3221794.5)	(57.0, 3056009.5)	(58.0, 2868018.0)	(59.0, 2635677.0)	(60.0, 2342326.0)	(61.0, 2022121.5)	(62.0, 1698317.0)	(63.0, 1389385.5)	(64.0, 1109987.0)	(65.0, 859701.0)	(66.0, 659529.0)	(67.0, 517479.5)	(68.0, 401153.0)	(69.0, 306663.0)	(70.0, 235048.0)	(71.0, 177856.5)	(72.0, 142011.0)	(73.0, 114582.5)	(74.0, 85880.5)	(75.0, 64675.5)	(76.0, 50095.0)	(77.0, 36627.5)	(78.0, 23589.5)	(79.0, 14355.5)	(80.0, 9516.0)	(81.0, 6935.5)	(82.0, 4560.0)	(83.0, 2283.5)	(84.0, 1060.5)	(85.0, 644.0)	(86.0, 419.0)	(87.0, 340.5)	(88.0, 321.0)	(89.0, 305.0)	(90.0, 301.5)	(91.0, 301.5)	(92.0, 295.0)	(93.0, 290.0)	(94.0, 269.0)	(95.0, 249.0)	(96.0, 243.0)	(97.0, 294.0)	(98.0, 484.0)	(99.0, 474.0)	(100.0, 189.0)
qc_bundle_trimmed | SRR30333748_2	(0.0, 146.0)	(1.0, 82.5)	(2.0, 13.5)	(3.0, 6.5)	(4.0, 5.5)	(5.0, 8.5)	(6.0, 11.0)	(7.0, 12.0)	(8.0, 15.5)	(9.0, 14.0)	(10.0, 15.5)	(11.0, 22.5)	(12.0, 29.5)	(13.0, 34.5)	(14.0, 67.5)	(15.0, 119.5)	(16.0, 178.0)	(17.0, 290.0)	(18.0, 521.5)	(19.0, 837.0)	(20.0, 1466.5)	(21.0, 2479.0)	(22.0, 3938.0)	(23.0, 5778.5)	(24.0, 8149.0)	(25.0, 11407.0)	(26.0, 15530.0)	(27.0, 21484.0)	(28.0, 28764.5)	(29.0, 37824.0)	(30.0, 50614.5)	(31.0, 68937.5)	(32.0, 95172.0)	(33.0, 129480.0)	(34.0, 177853.5)	(35.0, 245055.0)	(36.0, 339953.0)	(37.0, 462920.0)	(38.0, 609483.5)	(39.0, 781359.0)	(40.0, 963909.0)	(41.0, 1155902.0)	(42.0, 1361629.0)	(43.0, 1559558.5)	(44.0, 1752582.5)	(45.0, 1966768.5)	(46.0, 2169123.5)	(47.0, 2339355.5)	(48.0, 2516559.5)	(49.0, 2686230.0)	(50.0, 2831848.5)	(51.0, 2972519.5)	(52.0, 3098834.5)	(53.0, 3187177.0)	(54.0, 3209773.5)	(55.0, 3177361.0)	(56.0, 3092937.0)	(57.0, 2945002.5)	(58.0, 2756733.0)	(59.0, 2518955.5)	(60.0, 2243270.0)	(61.0, 1978561.5)	(62.0, 1704803.0)	(63.0, 1409238.0)	(64.0, 1141625.0)	(65.0, 917633.5)	(66.0, 741938.0)	(67.0, 603680.0)	(68.0, 483121.0)	(69.0, 390705.0)	(70.0, 318370.0)	(71.0, 258780.0)	(72.0, 214469.0)	(73.0, 176315.5)	(74.0, 144429.0)	(75.0, 120537.0)	(76.0, 98279.5)	(77.0, 78005.5)	(78.0, 60110.0)	(79.0, 45806.5)	(80.0, 36098.0)	(81.0, 30212.0)	(82.0, 26162.5)	(83.0, 22363.0)	(84.0, 19674.5)	(85.0, 18141.0)	(86.0, 17337.0)	(87.0, 16708.5)	(88.0, 16160.5)	(89.0, 15536.0)	(90.0, 14978.5)	(91.0, 14360.0)	(92.0, 13801.0)	(93.0, 13348.0)	(94.0, 12711.5)	(95.0, 12561.0)	(96.0, 13616.0)	(97.0, 19060.0)	(98.0, 35368.5)	(99.0, 75788.0)	(100.0, 262728.0)
qc_bundle_trimmed | SRR30333749_1	(0.0, 141.0)	(1.0, 98.0)	(2.0, 54.5)	(3.0, 41.5)	(4.0, 36.5)	(5.0, 33.5)	(6.0, 31.5)	(7.0, 34.5)	(8.0, 28.5)	(9.0, 24.5)	(10.0, 22.5)	(11.0, 29.0)	(12.0, 46.5)	(13.0, 98.0)	(14.0, 194.5)	(15.0, 332.0)	(16.0, 592.5)	(17.0, 1099.5)	(18.0, 1778.5)	(19.0, 2873.0)	(20.0, 4665.0)	(21.0, 7621.5)	(22.0, 11804.0)	(23.0, 17764.5)	(24.0, 25682.5)	(25.0, 35970.5)	(26.0, 47887.0)	(27.0, 64186.5)	(28.0, 83741.5)	(29.0, 105076.0)	(30.0, 133798.0)	(31.0, 168828.0)	(32.0, 207060.0)	(33.0, 252933.0)	(34.0, 311869.0)	(35.0, 376782.0)	(36.0, 454878.0)	(37.0, 545475.0)	(38.0, 638479.5)	(39.0, 743181.0)	(40.0, 855680.0)	(41.0, 974297.0)	(42.0, 1109111.0)	(43.0, 1266642.5)	(44.0, 1432518.0)	(45.0, 1603089.0)	(46.0, 1778072.5)	(47.0, 1933823.5)	(48.0, 2084239.0)	(49.0, 2220079.5)	(50.0, 2315647.0)	(51.0, 2402796.0)	(52.0, 2489178.5)	(53.0, 2539840.0)	(54.0, 2541254.0)	(55.0, 2513411.5)	(56.0, 2438319.0)	(57.0, 2311958.5)	(58.0, 2169373.5)	(59.0, 2000392.5)	(60.0, 1789445.0)	(61.0, 1553105.0)	(62.0, 1312691.5)	(63.0, 1084606.0)	(64.0, 876826.5)	(65.0, 689943.5)	(66.0, 542335.5)	(67.0, 439797.5)	(68.0, 354778.5)	(69.0, 285020.0)	(70.0, 232963.0)	(71.0, 189338.0)	(72.0, 164335.0)	(73.0, 143411.5)	(74.0, 117154.0)	(75.0, 98292.5)	(76.0, 85245.0)	(77.0, 67946.5)	(78.0, 47056.0)	(79.0, 32603.5)	(80.0, 24484.0)	(81.0, 18767.5)	(82.0, 13301.5)	(83.0, 7572.0)	(84.0, 4092.5)	(85.0, 2449.5)	(86.0, 1239.0)	(87.0, 734.0)	(88.0, 672.0)	(89.0, 641.5)	(90.0, 621.5)	(91.0, 649.0)	(92.0, 726.0)	(93.0, 786.0)	(94.0, 809.0)	(95.0, 835.5)	(96.0, 864.5)	(97.0, 945.5)	(98.0, 1149.0)	(99.0, 906.0)	(100.0, 345.0)
qc_bundle_trimmed | SRR30333749_2	(0.0, 1845.0)	(1.0, 1004.5)	(2.0, 118.5)	(3.0, 65.5)	(4.0, 53.0)	(5.0, 34.0)	(6.0, 27.0)	(7.0, 35.0)	(8.0, 47.0)	(9.0, 51.0)	(10.0, 53.5)	(11.0, 66.5)	(12.0, 84.0)	(13.0, 122.0)	(14.0, 167.0)	(15.0, 262.0)	(16.0, 405.5)	(17.0, 645.0)	(18.0, 1081.5)	(19.0, 1867.5)	(20.0, 3193.0)	(21.0, 5138.0)	(22.0, 7954.0)	(23.0, 11421.5)	(24.0, 16018.0)	(25.0, 21959.0)	(26.0, 29874.5)	(27.0, 40973.0)	(28.0, 53683.0)	(29.0, 68449.5)	(30.0, 87716.0)	(31.0, 112910.0)	(32.0, 144866.5)	(33.0, 181126.0)	(34.0, 223833.0)	(35.0, 277035.0)	(36.0, 349650.5)	(37.0, 439755.0)	(38.0, 543645.5)	(39.0, 669837.0)	(40.0, 812160.5)	(41.0, 969001.5)	(42.0, 1145458.0)	(43.0, 1323616.5)	(44.0, 1497435.5)	(45.0, 1684343.0)	(46.0, 1849066.5)	(47.0, 1974551.0)	(48.0, 2100723.5)	(49.0, 2214725.5)	(50.0, 2302393.5)	(51.0, 2380196.0)	(52.0, 2448699.0)	(53.0, 2495770.0)	(54.0, 2490740.5)	(55.0, 2445846.5)	(56.0, 2365053.0)	(57.0, 2243272.0)	(58.0, 2101625.5)	(59.0, 1920068.5)	(60.0, 1705984.0)	(61.0, 1502418.5)	(62.0, 1299784.5)	(63.0, 1082904.5)	(64.0, 881707.0)	(65.0, 714642.5)	(66.0, 588917.5)	(67.0, 489140.0)	(68.0, 398982.5)	(69.0, 330319.0)	(70.0, 279414.5)	(71.0, 237825.0)	(72.0, 208024.0)	(73.0, 181568.5)	(74.0, 158150.0)	(75.0, 139689.0)	(76.0, 120326.5)	(77.0, 101131.5)	(78.0, 80865.5)	(79.0, 61784.0)	(80.0, 48215.5)	(81.0, 40781.0)	(82.0, 33834.0)	(83.0, 25399.5)	(84.0, 19395.0)	(85.0, 16264.5)	(86.0, 15040.0)	(87.0, 14472.5)	(88.0, 14155.0)	(89.0, 13949.0)	(90.0, 13705.0)	(91.0, 13615.0)	(92.0, 13479.5)	(93.0, 13098.5)	(94.0, 12662.0)	(95.0, 12388.5)	(96.0, 12759.0)	(97.0, 15918.5)	(98.0, 26078.0)	(99.0, 53044.5)	(100.0, 199027.5)
qc_bundle_trimmed | SRR30333750_1	(0.0, 18.0)	(1.0, 12.5)	(2.0, 6.5)	(3.0, 5.0)	(4.0, 2.0)	(5.0, 0.5)	(6.0, 2.5)	(7.0, 6.0)	(8.0, 6.0)	(9.0, 4.5)	(10.0, 4.5)	(11.0, 13.0)	(12.0, 23.5)	(13.0, 35.5)	(14.0, 55.5)	(15.0, 96.0)	(16.0, 181.0)	(17.0, 362.0)	(18.0, 645.5)	(19.0, 1091.0)	(20.0, 1731.0)	(21.0, 2860.5)	(22.0, 4393.5)	(23.0, 6611.0)	(24.0, 9730.5)	(25.0, 13805.5)	(26.0, 18679.0)	(27.0, 25099.0)	(28.0, 33021.5)	(29.0, 42427.5)	(30.0, 55170.0)	(31.0, 72802.0)	(32.0, 95365.0)	(33.0, 125653.5)	(34.0, 169663.5)	(35.0, 227804.0)	(36.0, 309205.0)	(37.0, 414146.5)	(38.0, 535647.0)	(39.0, 671260.5)	(40.0, 818337.5)	(41.0, 973533.5)	(42.0, 1134646.5)	(43.0, 1306143.5)	(44.0, 1472880.0)	(45.0, 1645094.5)	(46.0, 1815620.0)	(47.0, 1968960.0)	(48.0, 2125400.5)	(49.0, 2268237.5)	(50.0, 2378922.0)	(51.0, 2483526.0)	(52.0, 2583600.0)	(53.0, 2643507.0)	(54.0, 2649677.5)	(55.0, 2622701.0)	(56.0, 2547670.0)	(57.0, 2414993.5)	(58.0, 2260756.0)	(59.0, 2073863.0)	(60.0, 1842051.0)	(61.0, 1593408.5)	(62.0, 1341068.5)	(63.0, 1099692.5)	(64.0, 884832.5)	(65.0, 691008.0)	(66.0, 536473.0)	(67.0, 426723.5)	(68.0, 335765.0)	(69.0, 261013.5)	(70.0, 204344.5)	(71.0, 158596.5)	(72.0, 130812.0)	(73.0, 108671.0)	(74.0, 81938.5)	(75.0, 61963.0)	(76.0, 49465.5)	(77.0, 37100.5)	(78.0, 23848.0)	(79.0, 14747.0)	(80.0, 10478.0)	(81.0, 8194.5)	(82.0, 5819.0)	(83.0, 3069.0)	(84.0, 1384.0)	(85.0, 750.0)	(86.0, 385.5)	(87.0, 200.5)	(88.0, 162.5)	(89.0, 163.5)	(90.0, 154.5)	(91.0, 157.0)	(92.0, 152.5)	(93.0, 144.0)	(94.0, 133.0)	(95.0, 127.5)	(96.0, 132.0)	(97.0, 142.5)	(98.0, 211.5)	(99.0, 225.5)	(100.0, 108.0)
qc_bundle_trimmed | SRR30333750_2	(0.0, 88.0)	(1.0, 51.0)	(2.0, 10.5)	(3.0, 6.5)	(4.0, 5.5)	(5.0, 3.5)	(6.0, 3.5)	(7.0, 6.0)	(8.0, 7.5)	(9.0, 7.5)	(10.0, 8.0)	(11.0, 13.0)	(12.0, 21.0)	(13.0, 28.5)	(14.0, 41.0)	(15.0, 66.5)	(16.0, 139.0)	(17.0, 220.5)	(18.0, 355.5)	(19.0, 640.5)	(20.0, 1150.0)	(21.0, 1919.0)	(22.0, 3096.0)	(23.0, 4534.5)	(24.0, 6281.0)	(25.0, 8733.5)	(26.0, 12063.5)	(27.0, 17045.0)	(28.0, 23216.5)	(29.0, 31160.5)	(30.0, 42473.5)	(31.0, 59038.0)	(32.0, 84226.0)	(33.0, 117611.5)	(34.0, 164501.5)	(35.0, 229643.5)	(36.0, 320632.0)	(37.0, 431276.0)	(38.0, 556517.0)	(39.0, 701467.0)	(40.0, 851356.5)	(41.0, 1003231.5)	(42.0, 1161154.5)	(43.0, 1312878.0)	(44.0, 1463949.0)	(45.0, 1632453.0)	(46.0, 1789511.5)	(47.0, 1922633.0)	(48.0, 2058300.0)	(49.0, 2184201.5)	(50.0, 2292141.0)	(51.0, 2396030.5)	(52.0, 2489495.5)	(53.0, 2551058.5)	(54.0, 2561726.5)	(55.0, 2529865.0)	(56.0, 2455555.0)	(57.0, 2334346.5)	(58.0, 2181074.0)	(59.0, 1989258.5)	(60.0, 1769984.5)	(61.0, 1560407.0)	(62.0, 1345254.0)	(63.0, 1113537.0)	(64.0, 903957.5)	(65.0, 730931.5)	(66.0, 595910.0)	(67.0, 488796.5)	(68.0, 394149.0)	(69.0, 321204.0)	(70.0, 264299.5)	(71.0, 216130.5)	(72.0, 179973.0)	(73.0, 147602.0)	(74.0, 120179.0)	(75.0, 99724.0)	(76.0, 80940.0)	(77.0, 64005.0)	(78.0, 47873.0)	(79.0, 33959.5)	(80.0, 25181.5)	(81.0, 20743.5)	(82.0, 16906.0)	(83.0, 12539.5)	(84.0, 9771.0)	(85.0, 8496.0)	(86.0, 7897.5)	(87.0, 7539.5)	(88.0, 7182.0)	(89.0, 6870.5)	(90.0, 6731.0)	(91.0, 6566.5)	(92.0, 6329.0)	(93.0, 6088.0)	(94.0, 5976.0)	(95.0, 6001.0)	(96.0, 6559.5)	(97.0, 9399.0)	(98.0, 17842.5)	(99.0, 38567.5)	(100.0, 138826.0)
qc_bundle_trimmed | SRR30333751_1	(0.0, 22.0)	(1.0, 15.0)	(2.0, 6.0)	(3.0, 4.5)	(4.0, 6.0)	(5.0, 7.0)	(6.0, 5.0)	(7.0, 3.5)	(8.0, 4.5)	(9.0, 5.5)	(10.0, 8.0)	(11.0, 13.0)	(12.0, 25.0)	(13.0, 41.0)	(14.0, 67.5)	(15.0, 110.0)	(16.0, 190.0)	(17.0, 373.5)	(18.0, 663.5)	(19.0, 1094.5)	(20.0, 1730.5)	(21.0, 2833.5)	(22.0, 4319.0)	(23.0, 6486.0)	(24.0, 9516.5)	(25.0, 13446.5)	(26.0, 18111.0)	(27.0, 24247.5)	(28.0, 31950.0)	(29.0, 40934.0)	(30.0, 53016.5)	(31.0, 68900.0)	(32.0, 88067.5)	(33.0, 112845.0)	(34.0, 147219.5)	(35.0, 192538.0)	(36.0, 258612.5)	(37.0, 347660.0)	(38.0, 459338.5)	(39.0, 592910.0)	(40.0, 744785.0)	(41.0, 912916.5)	(42.0, 1095304.0)	(43.0, 1288970.5)	(44.0, 1479782.0)	(45.0, 1682466.0)	(46.0, 1881883.0)	(47.0, 2059201.5)	(48.0, 2240956.0)	(49.0, 2409054.5)	(50.0, 2537390.5)	(51.0, 2655132.0)	(52.0, 2767892.0)	(53.0, 2834990.5)	(54.0, 2846866.5)	(55.0, 2821019.0)	(56.0, 2733898.5)	(57.0, 2592076.5)	(58.0, 2430412.0)	(59.0, 2227796.0)	(60.0, 1977193.0)	(61.0, 1706871.0)	(62.0, 1434243.0)	(63.0, 1173585.5)	(64.0, 939341.5)	(65.0, 730356.0)	(66.0, 563815.0)	(67.0, 444460.0)	(68.0, 347454.5)	(69.0, 269164.0)	(70.0, 208616.0)	(71.0, 161384.0)	(72.0, 132031.0)	(73.0, 108324.0)	(74.0, 84080.5)	(75.0, 65857.5)	(76.0, 52304.5)	(77.0, 39278.0)	(78.0, 26716.5)	(79.0, 17333.0)	(80.0, 11463.0)	(81.0, 7711.5)	(82.0, 4872.0)	(83.0, 2499.0)	(84.0, 1116.0)	(85.0, 589.0)	(86.0, 362.5)	(87.0, 275.5)	(88.0, 259.0)	(89.0, 252.5)	(90.0, 229.0)	(91.0, 220.5)	(92.0, 241.5)	(93.0, 225.5)	(94.0, 220.0)	(95.0, 221.5)	(96.0, 208.5)	(97.0, 274.5)	(98.0, 499.0)	(99.0, 466.5)	(100.0, 159.5)
qc_bundle_trimmed | SRR30333751_2	(0.0, 143.0)	(1.0, 81.5)	(2.0, 13.5)	(3.0, 6.5)	(4.0, 6.5)	(5.0, 5.0)	(6.0, 5.5)	(7.0, 7.5)	(8.0, 7.5)	(9.0, 9.5)	(10.0, 11.0)	(11.0, 14.5)	(12.0, 25.0)	(13.0, 33.5)	(14.0, 52.5)	(15.0, 85.5)	(16.0, 144.0)	(17.0, 236.0)	(18.0, 356.5)	(19.0, 616.0)	(20.0, 1116.0)	(21.0, 1865.5)	(22.0, 2919.5)	(23.0, 4185.0)	(24.0, 5758.5)	(25.0, 8036.0)	(26.0, 11251.0)	(27.0, 15806.5)	(28.0, 21089.5)	(29.0, 27802.5)	(30.0, 37182.5)	(31.0, 50406.0)	(32.0, 69389.0)	(33.0, 94447.0)	(34.0, 129577.5)	(35.0, 180234.5)	(36.0, 254409.0)	(37.0, 351824.0)	(38.0, 472551.5)	(39.0, 619335.0)	(40.0, 779033.0)	(41.0, 947807.5)	(42.0, 1128489.0)	(43.0, 1303541.5)	(44.0, 1475274.0)	(45.0, 1665560.0)	(46.0, 1844285.5)	(47.0, 1995692.5)	(48.0, 2151749.0)	(49.0, 2300663.5)	(50.0, 2431410.5)	(51.0, 2550045.5)	(52.0, 2651398.0)	(53.0, 2724633.0)	(54.0, 2743931.0)	(55.0, 2714227.0)	(56.0, 2631652.0)	(57.0, 2501501.5)	(58.0, 2340500.0)	(59.0, 2134440.0)	(60.0, 1898429.5)	(61.0, 1668563.5)	(62.0, 1434292.5)	(63.0, 1185606.0)	(64.0, 958836.0)	(65.0, 770116.5)	(66.0, 624087.5)	(67.0, 507961.5)	(68.0, 408038.0)	(69.0, 331171.5)	(70.0, 271115.5)	(71.0, 224115.0)	(72.0, 189215.0)	(73.0, 158830.0)	(74.0, 132657.0)	(75.0, 112117.5)	(76.0, 92880.0)	(77.0, 74551.0)	(78.0, 57732.0)	(79.0, 43413.0)	(80.0, 32921.5)	(81.0, 26295.0)	(82.0, 21603.0)	(83.0, 17540.5)	(84.0, 14985.5)	(85.0, 13599.0)	(86.0, 12845.0)	(87.0, 12303.0)	(88.0, 11734.5)	(89.0, 11328.0)	(90.0, 11024.5)	(91.0, 10577.5)	(92.0, 10163.0)	(93.0, 9642.5)	(94.0, 9193.5)	(95.0, 9127.0)	(96.0, 9764.0)	(97.0, 13382.0)	(98.0, 24641.0)	(99.0, 53397.5)	(100.0, 207658.5)
qc_bundle_trimmed | SRR30333752_1	(0.0, 29.0)	(1.0, 17.0)	(2.0, 5.5)	(3.0, 5.0)	(4.0, 3.5)	(5.0, 3.0)	(6.0, 5.5)	(7.0, 6.5)	(8.0, 5.0)	(9.0, 7.5)	(10.0, 12.5)	(11.0, 16.5)	(12.0, 22.0)	(13.0, 35.0)	(14.0, 64.5)	(15.0, 110.0)	(16.0, 229.0)	(17.0, 464.0)	(18.0, 766.0)	(19.0, 1264.0)	(20.0, 2094.5)	(21.0, 3410.0)	(22.0, 5236.5)	(23.0, 7875.5)	(24.0, 11578.0)	(25.0, 16451.5)	(26.0, 22348.5)	(27.0, 30048.5)	(28.0, 39445.0)	(29.0, 50515.5)	(30.0, 65411.5)	(31.0, 85875.5)	(32.0, 110834.0)	(33.0, 143810.0)	(34.0, 191022.5)	(35.0, 252947.5)	(36.0, 340032.5)	(37.0, 450867.0)	(38.0, 580699.5)	(39.0, 728254.0)	(40.0, 886767.5)	(41.0, 1053788.5)	(42.0, 1231023.0)	(43.0, 1418446.0)	(44.0, 1601964.5)	(45.0, 1796640.5)	(46.0, 1987847.5)	(47.0, 2157369.0)	(48.0, 2335948.5)	(49.0, 2502849.5)	(50.0, 2632396.0)	(51.0, 2758857.5)	(52.0, 2880301.5)	(53.0, 2956978.5)	(54.0, 2975947.0)	(55.0, 2955262.5)	(56.0, 2881947.5)	(57.0, 2745224.5)	(58.0, 2575519.0)	(59.0, 2367610.0)	(60.0, 2112093.0)	(61.0, 1831827.5)	(62.0, 1544471.0)	(63.0, 1269503.0)	(64.0, 1021599.5)	(65.0, 797714.0)	(66.0, 618554.0)	(67.0, 493491.0)	(68.0, 391762.0)	(69.0, 306217.0)	(70.0, 240765.0)	(71.0, 188435.0)	(72.0, 157539.5)	(73.0, 132123.5)	(74.0, 100986.5)	(75.0, 77527.0)	(76.0, 63402.5)	(77.0, 48657.5)	(78.0, 31736.5)	(79.0, 19996.5)	(80.0, 14438.0)	(81.0, 11666.0)	(82.0, 8574.5)	(83.0, 4585.5)	(84.0, 2103.5)	(85.0, 1115.5)	(86.0, 506.0)	(87.0, 264.5)	(88.0, 222.0)	(89.0, 230.0)	(90.0, 220.5)	(91.0, 191.0)	(92.0, 187.0)	(93.0, 197.0)	(94.0, 186.5)	(95.0, 169.0)	(96.0, 166.0)	(97.0, 212.5)	(98.0, 349.0)	(99.0, 366.5)	(100.0, 160.0)
qc_bundle_trimmed | SRR30333752_2	(0.0, 144.0)	(1.0, 78.0)	(2.0, 9.0)	(3.0, 7.5)	(4.0, 7.5)	(5.0, 5.5)	(6.0, 5.5)	(7.0, 5.0)	(8.0, 3.0)	(9.0, 9.0)	(10.0, 12.0)	(11.0, 12.5)	(12.0, 20.0)	(13.0, 32.5)	(14.0, 53.0)	(15.0, 91.0)	(16.0, 149.5)	(17.0, 254.5)	(18.0, 422.0)	(19.0, 726.5)	(20.0, 1257.5)	(21.0, 2123.0)	(22.0, 3490.0)	(23.0, 5230.0)	(24.0, 7223.5)	(25.0, 9936.0)	(26.0, 14013.0)	(27.0, 19858.5)	(28.0, 26817.5)	(29.0, 35495.5)	(30.0, 48169.0)	(31.0, 66761.5)	(32.0, 93661.5)	(33.0, 129547.5)	(34.0, 179626.5)	(35.0, 247970.5)	(36.0, 343311.5)	(37.0, 461491.0)	(38.0, 596410.5)	(39.0, 752006.0)	(40.0, 915047.5)	(41.0, 1081027.0)	(42.0, 1255770.5)	(43.0, 1424734.0)	(44.0, 1590821.0)	(45.0, 1780063.0)	(46.0, 1958518.5)	(47.0, 2107189.5)	(48.0, 2263459.0)	(49.0, 2412530.5)	(50.0, 2539455.0)	(51.0, 2663701.5)	(52.0, 2773289.0)	(53.0, 2850142.5)	(54.0, 2872129.0)	(55.0, 2845126.5)	(56.0, 2772753.0)	(57.0, 2643042.0)	(58.0, 2475265.5)	(59.0, 2261206.0)	(60.0, 2015639.0)	(61.0, 1780119.5)	(62.0, 1537021.5)	(63.0, 1275003.0)	(64.0, 1036027.5)	(65.0, 838664.5)	(66.0, 684764.0)	(67.0, 562092.5)	(68.0, 453371.0)	(69.0, 370202.5)	(70.0, 306560.0)	(71.0, 253286.5)	(72.0, 213378.0)	(73.0, 178095.5)	(74.0, 147974.0)	(75.0, 124005.5)	(76.0, 101903.5)	(77.0, 82886.0)	(78.0, 63537.5)	(79.0, 46103.0)	(80.0, 34814.0)	(81.0, 29306.5)	(82.0, 24478.5)	(83.0, 18425.0)	(84.0, 14571.0)	(85.0, 12751.5)	(86.0, 11761.5)	(87.0, 11144.0)	(88.0, 10758.0)	(89.0, 10512.5)	(90.0, 10123.5)	(91.0, 9786.5)	(92.0, 9526.5)	(93.0, 9242.0)	(94.0, 9099.5)	(95.0, 9177.5)	(96.0, 10410.5)	(97.0, 15266.0)	(98.0, 28779.5)	(99.0, 62294.5)	(100.0, 213785.5)
qc_bundle_trimmed | SRR30333753_1	(0.0, 52.0)	(1.0, 36.5)	(2.0, 17.0)	(3.0, 14.5)	(4.0, 15.0)	(5.0, 11.5)	(6.0, 8.0)	(7.0, 5.5)	(8.0, 8.5)	(9.0, 9.5)	(10.0, 10.0)	(11.0, 13.0)	(12.0, 17.5)	(13.0, 39.5)	(14.0, 58.5)	(15.0, 83.0)	(16.0, 153.5)	(17.0, 276.5)	(18.0, 495.0)	(19.0, 874.0)	(20.0, 1473.0)	(21.0, 2405.5)	(22.0, 3716.0)	(23.0, 5722.5)	(24.0, 8593.5)	(25.0, 12112.0)	(26.0, 16031.0)	(27.0, 21662.5)	(28.0, 29002.0)	(29.0, 37552.0)	(30.0, 48953.0)	(31.0, 62466.0)	(32.0, 77903.0)	(33.0, 97856.0)	(34.0, 125790.0)	(35.0, 158776.5)	(36.0, 199212.0)	(37.0, 245862.0)	(38.0, 297233.0)	(39.0, 359587.0)	(40.0, 431744.5)	(41.0, 513453.0)	(42.0, 614769.0)	(43.0, 742063.0)	(44.0, 890891.5)	(45.0, 1051082.0)	(46.0, 1197624.0)	(47.0, 1337261.5)	(48.0, 1482586.5)	(49.0, 1613719.0)	(50.0, 1729794.5)	(51.0, 1851663.5)	(52.0, 1971370.0)	(53.0, 2055964.5)	(54.0, 2100114.0)	(55.0, 2122709.0)	(56.0, 2097383.0)	(57.0, 2015536.5)	(58.0, 1903462.0)	(59.0, 1757666.0)	(60.0, 1577361.5)	(61.0, 1376064.0)	(62.0, 1168067.0)	(63.0, 973228.0)	(64.0, 791042.5)	(65.0, 621691.0)	(66.0, 487067.0)	(67.0, 389398.5)	(68.0, 314292.0)	(69.0, 252650.5)	(70.0, 204940.0)	(71.0, 167921.0)	(72.0, 145801.0)	(73.0, 125778.5)	(74.0, 100058.0)	(75.0, 81130.0)	(76.0, 69055.5)	(77.0, 53994.0)	(78.0, 36416.0)	(79.0, 24662.0)	(80.0, 18650.0)	(81.0, 14511.5)	(82.0, 10137.0)	(83.0, 5461.0)	(84.0, 2489.5)	(85.0, 1267.0)	(86.0, 550.5)	(87.0, 259.0)	(88.0, 226.5)	(89.0, 218.0)	(90.0, 213.5)	(91.0, 216.0)	(92.0, 206.5)	(93.0, 180.5)	(94.0, 170.5)	(95.0, 167.5)	(96.0, 171.5)	(97.0, 239.0)	(98.0, 389.5)	(99.0, 345.5)	(100.0, 121.0)
qc_bundle_trimmed | SRR30333753_2	(0.0, 379.0)	(1.0, 214.0)	(2.0, 35.0)	(3.0, 17.5)	(4.0, 17.5)	(5.0, 16.0)	(6.0, 11.0)	(7.0, 9.0)	(8.0, 6.0)	(9.0, 10.5)	(10.0, 16.5)	(11.0, 15.0)	(12.0, 19.5)	(13.0, 27.0)	(14.0, 52.0)	(15.0, 82.0)	(16.0, 102.5)	(17.0, 175.5)	(18.0, 329.5)	(19.0, 545.0)	(20.0, 1020.5)	(21.0, 1766.5)	(22.0, 2807.0)	(23.0, 4028.5)	(24.0, 5512.5)	(25.0, 7475.0)	(26.0, 10220.0)	(27.0, 14203.0)	(28.0, 18678.0)	(29.0, 24479.0)	(30.0, 32805.5)	(31.0, 44010.0)	(32.0, 58176.0)	(33.0, 75256.5)	(34.0, 96206.5)	(35.0, 122303.5)	(36.0, 158345.5)	(37.0, 205587.0)	(38.0, 268602.5)	(39.0, 349990.0)	(40.0, 440210.5)	(41.0, 541362.5)	(42.0, 660459.5)	(43.0, 787185.5)	(44.0, 922915.5)	(45.0, 1076507.0)	(46.0, 1212877.5)	(47.0, 1331738.0)	(48.0, 1457398.5)	(49.0, 1575856.0)	(50.0, 1686678.5)	(51.0, 1800659.5)	(52.0, 1906028.5)	(53.0, 1991802.5)	(54.0, 2041797.5)	(55.0, 2048092.5)	(56.0, 2010708.0)	(57.0, 1931605.5)	(58.0, 1824045.5)	(59.0, 1679463.0)	(60.0, 1508586.0)	(61.0, 1333862.0)	(62.0, 1151386.5)	(63.0, 958924.5)	(64.0, 780781.5)	(65.0, 635506.0)	(66.0, 521069.5)	(67.0, 427476.0)	(68.0, 347848.5)	(69.0, 287423.5)	(70.0, 243178.5)	(71.0, 206161.0)	(72.0, 178282.5)	(73.0, 153577.0)	(74.0, 131433.5)	(75.0, 114068.0)	(76.0, 97586.0)	(77.0, 82601.0)	(78.0, 65907.5)	(79.0, 49030.0)	(80.0, 36895.0)	(81.0, 30432.5)	(82.0, 24886.5)	(83.0, 17958.5)	(84.0, 13108.0)	(85.0, 10872.0)	(86.0, 9929.5)	(87.0, 9154.0)	(88.0, 8713.0)	(89.0, 8457.0)	(90.0, 8055.0)	(91.0, 7626.0)	(92.0, 7261.0)	(93.0, 6963.5)	(94.0, 6583.5)	(95.0, 6509.5)	(96.0, 7312.0)	(97.0, 10668.5)	(98.0, 20421.0)	(99.0, 45353.5)	(100.0, 170388.5)
qc_bundle_trimmed | SRR30333754_1	(0.0, 79.0)	(1.0, 50.5)	(2.0, 19.5)	(3.0, 14.5)	(4.0, 13.5)	(5.0, 13.0)	(6.0, 13.0)	(7.0, 14.0)	(8.0, 13.0)	(9.0, 13.5)	(10.0, 16.5)	(11.0, 21.0)	(12.0, 34.0)	(13.0, 51.0)	(14.0, 70.5)	(15.0, 120.0)	(16.0, 237.5)	(17.0, 438.5)	(18.0, 752.0)	(19.0, 1247.5)	(20.0, 2094.5)	(21.0, 3471.0)	(22.0, 5385.0)	(23.0, 8326.0)	(24.0, 12275.5)	(25.0, 17257.0)	(26.0, 23411.0)	(27.0, 31867.5)	(28.0, 42003.5)	(29.0, 53751.5)	(30.0, 69810.5)	(31.0, 88155.5)	(32.0, 109359.5)	(33.0, 137437.5)	(34.0, 175296.5)	(35.0, 218287.0)	(36.0, 270495.5)	(37.0, 331254.5)	(38.0, 397012.5)	(39.0, 473516.5)	(40.0, 561000.0)	(41.0, 659663.5)	(42.0, 781655.5)	(43.0, 935615.0)	(44.0, 1114575.5)	(45.0, 1309018.5)	(46.0, 1487663.5)	(47.0, 1660771.0)	(48.0, 1847275.5)	(49.0, 2017459.0)	(50.0, 2167691.5)	(51.0, 2321269.0)	(52.0, 2472456.5)	(53.0, 2579481.0)	(54.0, 2632271.0)	(55.0, 2659489.0)	(56.0, 2627319.0)	(57.0, 2529021.0)	(58.0, 2396000.0)	(59.0, 2222917.5)	(60.0, 2003461.0)	(61.0, 1755298.5)	(62.0, 1507874.5)	(63.0, 1269705.5)	(64.0, 1034070.5)	(65.0, 810840.0)	(66.0, 631986.0)	(67.0, 503168.0)	(68.0, 404711.0)	(69.0, 324655.5)	(70.0, 264691.5)	(71.0, 218134.5)	(72.0, 186729.5)	(73.0, 160074.5)	(74.0, 131045.5)	(75.0, 108607.0)	(76.0, 91603.5)	(77.0, 71967.0)	(78.0, 49739.5)	(79.0, 33812.0)	(80.0, 24598.5)	(81.0, 18477.5)	(82.0, 12654.5)	(83.0, 6612.5)	(84.0, 3028.5)	(85.0, 1632.5)	(86.0, 785.5)	(87.0, 423.5)	(88.0, 361.5)	(89.0, 368.0)	(90.0, 361.5)	(91.0, 348.0)	(92.0, 353.0)	(93.0, 351.5)	(94.0, 333.5)	(95.0, 352.0)	(96.0, 395.0)	(97.0, 468.5)	(98.0, 669.0)	(99.0, 577.5)	(100.0, 201.0)
qc_bundle_trimmed | SRR30333754_2	(0.0, 639.0)	(1.0, 357.0)	(2.0, 56.0)	(3.0, 28.5)	(4.0, 17.0)	(5.0, 11.5)	(6.0, 9.5)	(7.0, 11.5)	(8.0, 12.0)	(9.0, 13.0)	(10.0, 18.5)	(11.0, 24.5)	(12.0, 32.0)	(13.0, 42.0)	(14.0, 66.5)	(15.0, 107.0)	(16.0, 162.0)	(17.0, 266.5)	(18.0, 480.5)	(19.0, 788.0)	(20.0, 1459.5)	(21.0, 2509.0)	(22.0, 3952.0)	(23.0, 5732.5)	(24.0, 7684.5)	(25.0, 10414.5)	(26.0, 14594.5)	(27.0, 20141.5)	(28.0, 26149.0)	(29.0, 33861.5)	(30.0, 45257.5)	(31.0, 60646.0)	(32.0, 79566.0)	(33.0, 101428.5)	(34.0, 128138.0)	(35.0, 162858.0)	(36.0, 209253.0)	(37.0, 269512.5)	(38.0, 348223.0)	(39.0, 446257.5)	(40.0, 554424.5)	(41.0, 679109.0)	(42.0, 828008.0)	(43.0, 982689.0)	(44.0, 1149286.0)	(45.0, 1339511.0)	(46.0, 1505521.0)	(47.0, 1649208.0)	(48.0, 1806104.5)	(49.0, 1956599.5)	(50.0, 2101803.5)	(51.0, 2249279.5)	(52.0, 2373856.5)	(53.0, 2475621.5)	(54.0, 2539353.5)	(55.0, 2551782.5)	(56.0, 2517654.5)	(57.0, 2430820.5)	(58.0, 2298984.0)	(59.0, 2120141.5)	(60.0, 1906847.0)	(61.0, 1690474.5)	(62.0, 1464549.0)	(63.0, 1225427.0)	(64.0, 1005632.5)	(65.0, 819295.0)	(66.0, 672764.5)	(67.0, 556230.0)	(68.0, 457183.0)	(69.0, 379822.5)	(70.0, 320626.0)	(71.0, 274341.0)	(72.0, 240024.0)	(73.0, 207735.5)	(74.0, 179755.5)	(75.0, 157881.0)	(76.0, 135249.5)	(77.0, 115052.0)	(78.0, 93240.5)	(79.0, 70385.5)	(80.0, 53621.0)	(81.0, 44247.5)	(82.0, 37098.0)	(83.0, 28882.0)	(84.0, 22689.5)	(85.0, 19642.5)	(86.0, 18252.5)	(87.0, 17310.0)	(88.0, 16637.0)	(89.0, 15843.0)	(90.0, 15185.5)	(91.0, 14545.0)	(92.0, 13874.5)	(93.0, 13248.0)	(94.0, 12529.5)	(95.0, 12134.0)	(96.0, 12860.0)	(97.0, 17529.5)	(98.0, 32280.0)	(99.0, 71085.0)	(100.0, 294585.5)
qc_bundle_trimmed | SRR30333755_1	(0.0, 82.0)	(1.0, 53.0)	(2.0, 21.0)	(3.0, 15.5)	(4.0, 14.5)	(5.0, 13.5)	(6.0, 8.0)	(7.0, 7.0)	(8.0, 13.5)	(9.0, 15.5)	(10.0, 14.0)	(11.0, 18.0)	(12.0, 21.5)	(13.0, 33.5)	(14.0, 66.5)	(15.0, 108.0)	(16.0, 190.0)	(17.0, 351.0)	(18.0, 594.5)	(19.0, 998.0)	(20.0, 1612.0)	(21.0, 2714.0)	(22.0, 4332.0)	(23.0, 6664.5)	(24.0, 9857.5)	(25.0, 13840.5)	(26.0, 18535.0)	(27.0, 25238.0)	(28.0, 33628.0)	(29.0, 43345.5)	(30.0, 56612.5)	(31.0, 71759.5)	(32.0, 89589.0)	(33.0, 112430.5)	(34.0, 143850.0)	(35.0, 180545.5)	(36.0, 222922.0)	(37.0, 272482.0)	(38.0, 326892.0)	(39.0, 390196.5)	(40.0, 461608.5)	(41.0, 540561.0)	(42.0, 636968.0)	(43.0, 758585.0)	(44.0, 903701.0)	(45.0, 1060345.5)	(46.0, 1201164.5)	(47.0, 1335206.5)	(48.0, 1476638.0)	(49.0, 1605006.5)	(50.0, 1716845.0)	(51.0, 1833693.0)	(52.0, 1948441.0)	(53.0, 2028502.0)	(54.0, 2065745.0)	(55.0, 2079397.0)	(56.0, 2048304.0)	(57.0, 1965905.0)	(58.0, 1853594.5)	(59.0, 1705959.0)	(60.0, 1526936.0)	(61.0, 1329707.5)	(62.0, 1130388.0)	(63.0, 942311.5)	(64.0, 766524.0)	(65.0, 606604.5)	(66.0, 479470.0)	(67.0, 389691.0)	(68.0, 319364.0)	(69.0, 259202.5)	(70.0, 212472.0)	(71.0, 176255.5)	(72.0, 153784.0)	(73.0, 132403.5)	(74.0, 106622.5)	(75.0, 87752.5)	(76.0, 76699.0)	(77.0, 60148.5)	(78.0, 38380.0)	(79.0, 25268.5)	(80.0, 19579.5)	(81.0, 15802.0)	(82.0, 11540.5)	(83.0, 6122.0)	(84.0, 2607.0)	(85.0, 1382.5)	(86.0, 590.0)	(87.0, 258.0)	(88.0, 228.0)	(89.0, 220.0)	(90.0, 213.5)	(91.0, 226.0)	(92.0, 237.5)	(93.0, 213.0)	(94.0, 187.5)	(95.0, 208.5)	(96.0, 235.0)	(97.0, 271.0)	(98.0, 431.0)	(99.0, 392.0)	(100.0, 137.5)
qc_bundle_trimmed | SRR30333755_2	(0.0, 457.0)	(1.0, 257.0)	(2.0, 37.5)	(3.0, 16.0)	(4.0, 14.5)	(5.0, 16.0)	(6.0, 11.5)	(7.0, 11.5)	(8.0, 18.5)	(9.0, 13.0)	(10.0, 8.0)	(11.0, 11.5)	(12.0, 22.5)	(13.0, 38.5)	(14.0, 55.5)	(15.0, 88.0)	(16.0, 159.5)	(17.0, 243.5)	(18.0, 376.5)	(19.0, 608.0)	(20.0, 1160.0)	(21.0, 2073.5)	(22.0, 3285.5)	(23.0, 4690.0)	(24.0, 6399.0)	(25.0, 8631.0)	(26.0, 12069.5)	(27.0, 16764.5)	(28.0, 21748.5)	(29.0, 28324.0)	(30.0, 37917.0)	(31.0, 50734.0)	(32.0, 66362.0)	(33.0, 84991.0)	(34.0, 107424.5)	(35.0, 135201.0)	(36.0, 173229.0)	(37.0, 223202.5)	(38.0, 288580.0)	(39.0, 370108.5)	(40.0, 460252.5)	(41.0, 561772.0)	(42.0, 678802.5)	(43.0, 800892.0)	(44.0, 933827.5)	(45.0, 1087674.0)	(46.0, 1224455.5)	(47.0, 1339617.5)	(48.0, 1462383.0)	(49.0, 1579620.5)	(50.0, 1686640.0)	(51.0, 1796003.5)	(52.0, 1894714.0)	(53.0, 1972872.0)	(54.0, 2012331.5)	(55.0, 2009256.0)	(56.0, 1971538.5)	(57.0, 1893383.5)	(58.0, 1782105.0)	(59.0, 1634021.5)	(60.0, 1462052.0)	(61.0, 1292433.5)	(62.0, 1113565.0)	(63.0, 925186.0)	(64.0, 755363.5)	(65.0, 615209.0)	(66.0, 505721.0)	(67.0, 417377.0)	(68.0, 341536.5)	(69.0, 284296.0)	(70.0, 242194.0)	(71.0, 206518.5)	(72.0, 180973.0)	(73.0, 156947.0)	(74.0, 134841.0)	(75.0, 117617.5)	(76.0, 100488.5)	(77.0, 85590.5)	(78.0, 68096.5)	(79.0, 49587.5)	(80.0, 37691.5)	(81.0, 32057.5)	(82.0, 26788.0)	(83.0, 19568.5)	(84.0, 14198.0)	(85.0, 11715.0)	(86.0, 10824.0)	(87.0, 10285.5)	(88.0, 9747.0)	(89.0, 9262.0)	(90.0, 8937.0)	(91.0, 8495.5)	(92.0, 7933.5)	(93.0, 7522.5)	(94.0, 7185.5)	(95.0, 6973.5)	(96.0, 7466.5)	(97.0, 10343.5)	(98.0, 19251.0)	(99.0, 43586.5)	(100.0, 187450.5)
qc_bundle_trimmed | SRR30333756_1	(0.0, 113.0)	(1.0, 75.0)	(2.0, 27.5)	(3.0, 18.0)	(4.0, 24.5)	(5.0, 23.0)	(6.0, 20.0)	(7.0, 20.0)	(8.0, 11.5)	(9.0, 13.5)	(10.0, 20.0)	(11.0, 24.5)	(12.0, 37.5)	(13.0, 71.5)	(14.0, 109.5)	(15.0, 162.0)	(16.0, 299.0)	(17.0, 571.0)	(18.0, 1008.0)	(19.0, 1722.5)	(20.0, 2909.5)	(21.0, 4910.5)	(22.0, 7678.0)	(23.0, 11705.5)	(24.0, 17267.0)	(25.0, 24283.5)	(26.0, 32696.0)	(27.0, 43957.5)	(28.0, 57911.5)	(29.0, 74189.5)	(30.0, 94844.5)	(31.0, 119091.0)	(32.0, 146967.0)	(33.0, 183005.5)	(34.0, 232639.0)	(35.0, 286931.0)	(36.0, 350531.5)	(37.0, 421396.0)	(38.0, 493127.0)	(39.0, 573171.5)	(40.0, 662087.0)	(41.0, 756984.0)	(42.0, 868534.0)	(43.0, 1009169.0)	(44.0, 1169916.0)	(45.0, 1343642.5)	(46.0, 1499665.5)	(47.0, 1648294.0)	(48.0, 1805375.0)	(49.0, 1947517.5)	(50.0, 2071308.5)	(51.0, 2196584.5)	(52.0, 2327051.5)	(53.0, 2422013.0)	(54.0, 2468631.5)	(55.0, 2492941.0)	(56.0, 2466430.0)	(57.0, 2377168.5)	(58.0, 2253152.5)	(59.0, 2093700.0)	(60.0, 1886901.5)	(61.0, 1645877.5)	(62.0, 1406175.5)	(63.0, 1179060.0)	(64.0, 959375.5)	(65.0, 753258.5)	(66.0, 587329.5)	(67.0, 468620.0)	(68.0, 374484.5)	(69.0, 296812.5)	(70.0, 238820.0)	(71.0, 193243.0)	(72.0, 163495.5)	(73.0, 138257.0)	(74.0, 109486.5)	(75.0, 87444.0)	(76.0, 71531.0)	(77.0, 53266.5)	(78.0, 34112.0)	(79.0, 21462.5)	(80.0, 14783.5)	(81.0, 10803.0)	(82.0, 7219.0)	(83.0, 3481.5)	(84.0, 1369.5)	(85.0, 754.5)	(86.0, 445.0)	(87.0, 310.5)	(88.0, 299.5)	(89.0, 310.5)	(90.0, 303.5)	(91.0, 302.5)	(92.0, 296.0)	(93.0, 273.0)	(94.0, 269.5)	(95.0, 269.5)	(96.0, 279.0)	(97.0, 439.5)	(98.0, 970.5)	(99.0, 859.5)	(100.0, 210.0)
qc_bundle_trimmed | SRR30333756_2	(0.0, 846.0)	(1.0, 472.0)	(2.0, 74.5)	(3.0, 36.5)	(4.0, 22.5)	(5.0, 22.5)	(6.0, 19.5)	(7.0, 23.0)	(8.0, 27.5)	(9.0, 22.0)	(10.0, 23.5)	(11.0, 33.5)	(12.0, 51.0)	(13.0, 68.5)	(14.0, 77.0)	(15.0, 136.5)	(16.0, 253.0)	(17.0, 399.5)	(18.0, 648.5)	(19.0, 1079.0)	(20.0, 2091.5)	(21.0, 3714.0)	(22.0, 5743.5)	(23.0, 8148.5)	(24.0, 11018.5)	(25.0, 14776.0)	(26.0, 20477.5)	(27.0, 28459.5)	(28.0, 36874.5)	(29.0, 47602.0)	(30.0, 62962.5)	(31.0, 83558.0)	(32.0, 108616.5)	(33.0, 137072.0)	(34.0, 171257.0)	(35.0, 213273.0)	(36.0, 268605.5)	(37.0, 340197.0)	(38.0, 430634.0)	(39.0, 541165.0)	(40.0, 657762.0)	(41.0, 782608.0)	(42.0, 925484.5)	(43.0, 1069961.0)	(44.0, 1220538.0)	(45.0, 1388643.5)	(46.0, 1530294.0)	(47.0, 1647030.5)	(48.0, 1777703.5)	(49.0, 1900112.5)	(50.0, 2014993.0)	(51.0, 2136327.5)	(52.0, 2242685.0)	(53.0, 2330009.5)	(54.0, 2379893.0)	(55.0, 2388933.0)	(56.0, 2358147.0)	(57.0, 2277377.0)	(58.0, 2155617.5)	(59.0, 1988402.0)	(60.0, 1791184.5)	(61.0, 1590520.0)	(62.0, 1378892.0)	(63.0, 1152843.5)	(64.0, 944190.5)	(65.0, 768731.0)	(66.0, 633659.5)	(67.0, 524723.5)	(68.0, 428383.5)	(69.0, 354236.0)	(70.0, 296668.5)	(71.0, 250941.5)	(72.0, 216233.5)	(73.0, 184923.5)	(74.0, 157765.5)	(75.0, 134858.5)	(76.0, 111936.0)	(77.0, 92007.5)	(78.0, 72179.5)	(79.0, 53005.0)	(80.0, 39560.5)	(81.0, 32282.5)	(82.0, 27145.0)	(83.0, 21839.5)	(84.0, 18082.5)	(85.0, 16321.5)	(86.0, 15663.5)	(87.0, 14921.0)	(88.0, 14314.0)	(89.0, 13913.5)	(90.0, 13433.5)	(91.0, 12993.5)	(92.0, 12532.5)	(93.0, 12074.0)	(94.0, 11702.5)	(95.0, 11677.0)	(96.0, 13083.5)	(97.0, 18938.0)	(98.0, 35962.5)	(99.0, 78344.0)	(100.0, 272908.0)
qc_bundle_trimmed | SRR30333757_1	(0.0, 19.0)	(1.0, 20.0)	(2.0, 23.0)	(3.0, 32.0)	(4.0, 38.0)	(5.0, 44.0)	(6.0, 49.5)	(7.0, 48.5)	(8.0, 56.5)	(9.0, 60.5)	(10.0, 71.5)	(11.0, 103.0)	(12.0, 153.0)	(13.0, 226.0)	(14.0, 358.0)	(15.0, 562.5)	(16.0, 896.0)	(17.0, 1478.0)	(18.0, 2279.5)	(19.0, 3504.5)	(20.0, 5847.0)	(21.0, 9335.0)	(22.0, 13982.0)	(23.0, 21010.0)	(24.0, 31217.5)	(25.0, 46709.0)	(26.0, 66945.0)	(27.0, 92559.5)	(28.0, 126071.5)	(29.0, 170233.5)	(30.0, 222504.0)	(31.0, 278574.0)	(32.0, 346543.0)	(33.0, 429382.5)	(34.0, 517449.5)	(35.0, 599500.5)	(36.0, 699748.0)	(37.0, 813627.0)	(38.0, 903553.5)	(39.0, 982524.5)	(40.0, 1055598.5)	(41.0, 1130843.0)	(42.0, 1209507.0)	(43.0, 1287331.0)	(44.0, 1372805.0)	(45.0, 1470593.5)	(46.0, 1557589.0)	(47.0, 1629118.0)	(48.0, 1719644.0)	(49.0, 1802788.5)	(50.0, 1856211.5)	(51.0, 1909101.0)	(52.0, 1957504.0)	(53.0, 1979112.0)	(54.0, 1966376.0)	(55.0, 1928182.0)	(56.0, 1857305.0)	(57.0, 1741589.0)	(58.0, 1606388.0)	(59.0, 1453584.5)	(60.0, 1276936.0)	(61.0, 1085895.0)	(62.0, 899048.0)	(63.0, 732081.0)	(64.0, 578651.5)	(65.0, 438899.0)	(66.0, 330328.0)	(67.0, 253717.5)	(68.0, 192473.5)	(69.0, 143809.0)	(70.0, 107417.0)	(71.0, 78709.5)	(72.0, 61257.5)	(73.0, 48287.5)	(74.0, 33531.5)	(75.0, 22836.0)	(76.0, 17213.5)	(77.0, 12723.0)	(78.0, 7967.0)	(79.0, 4587.0)	(80.0, 3045.5)	(81.0, 2341.5)	(82.0, 1770.5)	(83.0, 1026.0)	(84.0, 501.0)	(85.0, 304.5)	(86.0, 215.0)	(87.0, 127.5)	(88.0, 85.5)	(89.0, 73.5)	(90.0, 52.5)	(91.0, 37.0)	(92.0, 29.0)	(93.0, 26.5)	(94.0, 20.0)	(95.0, 14.5)	(96.0, 11.0)	(97.0, 15.0)	(98.0, 22.5)	(99.0, 16.0)	(100.0, 4.5)
qc_bundle_trimmed | SRR30333757_2	(0.0, 66.0)	(1.0, 90.0)	(2.0, 159.0)	(3.0, 264.5)	(4.0, 371.5)	(5.0, 518.5)	(6.0, 658.5)	(7.0, 742.0)	(8.0, 843.5)	(9.0, 938.5)	(10.0, 1056.5)	(11.0, 1198.5)	(12.0, 1344.0)	(13.0, 1514.0)	(14.0, 1672.0)	(15.0, 1945.0)	(16.0, 2311.5)	(17.0, 2837.0)	(18.0, 3611.5)	(19.0, 4827.0)	(20.0, 7176.5)	(21.0, 10767.0)	(22.0, 15912.5)	(23.0, 23034.5)	(24.0, 33220.5)	(25.0, 47337.0)	(26.0, 67510.0)	(27.0, 96010.5)	(28.0, 130255.5)	(29.0, 173833.5)	(30.0, 228119.0)	(31.0, 293993.5)	(32.0, 370776.5)	(33.0, 450958.5)	(34.0, 529242.0)	(35.0, 611270.5)	(36.0, 711389.5)	(37.0, 814718.5)	(38.0, 899759.0)	(39.0, 977961.5)	(40.0, 1046956.0)	(41.0, 1115468.0)	(42.0, 1196136.0)	(43.0, 1269427.0)	(44.0, 1350259.5)	(45.0, 1455943.5)	(46.0, 1544844.5)	(47.0, 1608704.5)	(48.0, 1685753.0)	(49.0, 1756594.5)	(50.0, 1812833.5)	(51.0, 1868389.0)	(52.0, 1907213.0)	(53.0, 1928882.0)	(54.0, 1919708.0)	(55.0, 1883838.0)	(56.0, 1819337.0)	(57.0, 1715202.0)	(58.0, 1588234.0)	(59.0, 1430654.5)	(60.0, 1254665.5)	(61.0, 1089430.0)	(62.0, 926446.5)	(63.0, 755815.5)	(64.0, 601773.0)	(65.0, 474147.5)	(66.0, 372870.0)	(67.0, 296603.0)	(68.0, 232427.0)	(69.0, 181530.0)	(70.0, 142342.5)	(71.0, 110463.0)	(72.0, 87742.5)	(73.0, 67501.0)	(74.0, 50396.0)	(75.0, 38012.0)	(76.0, 28272.0)	(77.0, 21081.0)	(78.0, 14745.5)	(79.0, 9791.0)	(80.0, 6419.5)	(81.0, 4624.0)	(82.0, 3504.5)	(83.0, 2428.5)	(84.0, 1720.5)	(85.0, 1348.5)	(86.0, 1139.5)	(87.0, 974.5)	(88.0, 860.0)	(89.0, 789.0)	(90.0, 720.0)	(91.0, 663.0)	(92.0, 617.5)	(93.0, 563.0)	(94.0, 510.5)	(95.0, 482.5)	(96.0, 492.0)	(97.0, 542.0)	(98.0, 636.5)	(99.0, 856.0)	(100.0, 2507.0)
qc_bundle_trimmed | SRR30333758_1	(0.0, 50.0)	(1.0, 47.0)	(2.0, 45.5)	(3.0, 55.5)	(4.0, 69.5)	(5.0, 64.5)	(6.0, 70.5)	(7.0, 91.5)	(8.0, 98.5)	(9.0, 101.0)	(10.0, 106.0)	(11.0, 129.0)	(12.0, 164.0)	(13.0, 230.0)	(14.0, 338.5)	(15.0, 511.5)	(16.0, 846.5)	(17.0, 1357.5)	(18.0, 2040.0)	(19.0, 3105.0)	(20.0, 5018.5)	(21.0, 7947.0)	(22.0, 11760.5)	(23.0, 17404.5)	(24.0, 25547.0)	(25.0, 36163.5)	(26.0, 49003.0)	(27.0, 66380.5)	(28.0, 89411.5)	(29.0, 121841.5)	(30.0, 163151.5)	(31.0, 208264.0)	(32.0, 264907.0)	(33.0, 336688.5)	(34.0, 417976.5)	(35.0, 499607.0)	(36.0, 596275.5)	(37.0, 702748.5)	(38.0, 786481.0)	(39.0, 860736.0)	(40.0, 928806.5)	(41.0, 996303.5)	(42.0, 1071228.5)	(43.0, 1141963.0)	(44.0, 1219429.0)	(45.0, 1313079.0)	(46.0, 1393277.0)	(47.0, 1459576.0)	(48.0, 1542308.0)	(49.0, 1617155.0)	(50.0, 1669398.0)	(51.0, 1719685.0)	(52.0, 1766060.5)	(53.0, 1790290.0)	(54.0, 1782460.0)	(55.0, 1755177.0)	(56.0, 1696499.5)	(57.0, 1594801.5)	(58.0, 1475497.0)	(59.0, 1340036.0)	(60.0, 1179174.5)	(61.0, 1005035.0)	(62.0, 835330.5)	(63.0, 682412.5)	(64.0, 542299.0)	(65.0, 411967.0)	(66.0, 310320.0)	(67.0, 239479.5)	(68.0, 182360.5)	(69.0, 135450.0)	(70.0, 100762.5)	(71.0, 73911.5)	(72.0, 58303.0)	(73.0, 46148.0)	(74.0, 31154.0)	(75.0, 20708.0)	(76.0, 15998.0)	(77.0, 12146.5)	(78.0, 7057.5)	(79.0, 3611.5)	(80.0, 2327.0)	(81.0, 1909.5)	(82.0, 1572.0)	(83.0, 887.5)	(84.0, 399.0)	(85.0, 258.0)	(86.0, 173.0)	(87.0, 106.5)	(88.0, 70.0)	(89.0, 57.5)	(90.0, 58.0)	(91.0, 53.5)	(92.0, 42.5)	(93.0, 31.5)	(94.0, 23.0)	(95.0, 21.0)	(96.0, 15.5)	(97.0, 12.0)	(98.0, 15.5)	(99.0, 12.5)	(100.0, 4.5)
qc_bundle_trimmed | SRR30333758_2	(0.0, 121.0)	(1.0, 190.0)	(2.0, 403.0)	(3.0, 702.5)	(4.0, 992.0)	(5.0, 1262.0)	(6.0, 1501.0)	(7.0, 1755.5)	(8.0, 1976.0)	(9.0, 2188.0)	(10.0, 2420.0)	(11.0, 2652.5)	(12.0, 2918.0)	(13.0, 3148.0)	(14.0, 3353.0)	(15.0, 3622.0)	(16.0, 4038.0)	(17.0, 4500.5)	(18.0, 5065.5)	(19.0, 6130.5)	(20.0, 7960.5)	(21.0, 10700.5)	(22.0, 14437.5)	(23.0, 19370.0)	(24.0, 26062.0)	(25.0, 34835.5)	(26.0, 47665.0)	(27.0, 66390.0)	(28.0, 89728.5)	(29.0, 122230.0)	(30.0, 166187.5)	(31.0, 221793.5)	(32.0, 290531.0)	(33.0, 366679.5)	(34.0, 442168.0)	(35.0, 521338.0)	(36.0, 617856.5)	(37.0, 715151.0)	(38.0, 793796.0)	(39.0, 865848.5)	(40.0, 928165.5)	(41.0, 988993.5)	(42.0, 1062192.0)	(43.0, 1128106.0)	(44.0, 1200120.5)	(45.0, 1298172.0)	(46.0, 1379368.0)	(47.0, 1436341.0)	(48.0, 1506009.0)	(49.0, 1569035.0)	(50.0, 1620235.0)	(51.0, 1674517.0)	(52.0, 1714434.0)	(53.0, 1736243.0)	(54.0, 1734388.0)	(55.0, 1706888.5)	(56.0, 1648513.0)	(57.0, 1557365.0)	(58.0, 1445612.0)	(59.0, 1305070.0)	(60.0, 1146298.5)	(61.0, 998204.0)	(62.0, 853587.0)	(63.0, 701047.0)	(64.0, 562502.0)	(65.0, 445903.0)	(66.0, 353254.5)	(67.0, 282423.0)	(68.0, 221520.5)	(69.0, 173910.0)	(70.0, 137425.5)	(71.0, 107498.0)	(72.0, 85123.0)	(73.0, 64592.0)	(74.0, 47652.0)	(75.0, 35589.0)	(76.0, 26207.0)	(77.0, 19282.5)	(78.0, 13149.0)	(79.0, 8511.5)	(80.0, 5517.0)	(81.0, 4126.0)	(82.0, 3289.0)	(83.0, 2353.5)	(84.0, 1789.0)	(85.0, 1509.0)	(86.0, 1365.5)	(87.0, 1271.5)	(88.0, 1118.0)	(89.0, 1019.5)	(90.0, 970.0)	(91.0, 911.0)	(92.0, 870.5)	(93.0, 850.0)	(94.0, 815.0)	(95.0, 772.5)	(96.0, 806.5)	(97.0, 871.5)	(98.0, 1001.5)	(99.0, 1409.5)	(100.0, 3759.5)
qc_bundle_trimmed | SRR30333759_1	(0.0, 35.0)	(1.0, 26.0)	(2.0, 21.0)	(3.0, 21.5)	(4.0, 20.0)	(5.0, 23.0)	(6.0, 23.5)	(7.0, 22.0)	(8.0, 30.0)	(9.0, 41.0)	(10.0, 66.0)	(11.0, 104.0)	(12.0, 149.0)	(13.0, 207.5)	(14.0, 322.5)	(15.0, 519.5)	(16.0, 875.5)	(17.0, 1422.0)	(18.0, 2190.0)	(19.0, 3397.0)	(20.0, 5596.0)	(21.0, 9220.0)	(22.0, 14023.0)	(23.0, 20735.5)	(24.0, 30699.0)	(25.0, 45370.5)	(26.0, 64336.0)	(27.0, 88752.0)	(28.0, 121110.0)	(29.0, 166126.5)	(30.0, 221119.5)	(31.0, 278925.0)	(32.0, 353010.5)	(33.0, 444808.0)	(34.0, 541999.5)	(35.0, 632490.0)	(36.0, 740790.0)	(37.0, 865720.5)	(38.0, 955195.5)	(39.0, 1025667.5)	(40.0, 1090019.0)	(41.0, 1156874.0)	(42.0, 1226325.5)	(43.0, 1292383.0)	(44.0, 1368357.5)	(45.0, 1453247.5)	(46.0, 1521325.5)	(47.0, 1575999.5)	(48.0, 1647655.5)	(49.0, 1708565.0)	(50.0, 1743524.5)	(51.0, 1776502.5)	(52.0, 1806080.0)	(53.0, 1812822.5)	(54.0, 1789095.0)	(55.0, 1741941.0)	(56.0, 1667354.0)	(57.0, 1555936.0)	(58.0, 1428526.5)	(59.0, 1285692.5)	(60.0, 1122640.0)	(61.0, 950925.0)	(62.0, 784248.0)	(63.0, 636858.0)	(64.0, 502326.0)	(65.0, 378729.5)	(66.0, 283399.0)	(67.0, 217396.0)	(68.0, 164009.0)	(69.0, 120818.0)	(70.0, 89309.0)	(71.0, 64185.5)	(72.0, 49792.5)	(73.0, 39560.0)	(74.0, 26794.5)	(75.0, 17615.0)	(76.0, 13096.5)	(77.0, 9647.5)	(78.0, 5820.5)	(79.0, 3150.0)	(80.0, 2008.0)	(81.0, 1593.0)	(82.0, 1226.5)	(83.0, 733.5)	(84.0, 379.5)	(85.0, 217.0)	(86.0, 153.5)	(87.0, 119.5)	(88.0, 85.0)	(89.0, 64.0)	(90.0, 50.0)	(91.0, 32.0)	(92.0, 19.0)	(93.0, 17.0)	(94.0, 14.0)	(95.0, 5.5)	(96.0, 4.5)	(97.0, 6.5)	(98.0, 10.0)	(99.0, 8.5)	(100.0, 2.0)
qc_bundle_trimmed | SRR30333759_2	(0.0, 55.0)	(1.0, 69.5)	(2.0, 106.5)	(3.0, 179.5)	(4.0, 272.5)	(5.0, 355.0)	(6.0, 406.0)	(7.0, 463.0)	(8.0, 533.0)	(9.0, 573.0)	(10.0, 640.0)	(11.0, 720.0)	(12.0, 797.5)	(13.0, 908.0)	(14.0, 1055.0)	(15.0, 1240.5)	(16.0, 1581.5)	(17.0, 2110.0)	(18.0, 2843.0)	(19.0, 4015.5)	(20.0, 6260.5)	(21.0, 9586.0)	(22.0, 14270.0)	(23.0, 21089.5)	(24.0, 30431.5)	(25.0, 43202.0)	(26.0, 62108.0)	(27.0, 89249.5)	(28.0, 122112.0)	(29.0, 166177.0)	(30.0, 222909.0)	(31.0, 294638.0)	(32.0, 380978.5)	(33.0, 471469.5)	(34.0, 557952.0)	(35.0, 647300.5)	(36.0, 755760.0)	(37.0, 863938.0)	(38.0, 947212.0)	(39.0, 1019500.0)	(40.0, 1081506.5)	(41.0, 1139783.5)	(42.0, 1209152.0)	(43.0, 1271310.0)	(44.0, 1339397.0)	(45.0, 1435752.5)	(46.0, 1509473.5)	(47.0, 1552583.5)	(48.0, 1611095.0)	(49.0, 1665530.0)	(50.0, 1703286.0)	(51.0, 1739001.0)	(52.0, 1763612.0)	(53.0, 1771280.5)	(54.0, 1751247.5)	(55.0, 1707108.5)	(56.0, 1637795.5)	(57.0, 1534738.5)	(58.0, 1415031.0)	(59.0, 1270163.0)	(60.0, 1110003.5)	(61.0, 961083.5)	(62.0, 815033.5)	(63.0, 663937.5)	(64.0, 527918.0)	(65.0, 415276.5)	(66.0, 324406.5)	(67.0, 256650.0)	(68.0, 200336.5)	(69.0, 154894.5)	(70.0, 120762.0)	(71.0, 93039.5)	(72.0, 72503.0)	(73.0, 54367.5)	(74.0, 39745.5)	(75.0, 29456.0)	(76.0, 21466.5)	(77.0, 15656.0)	(78.0, 10634.5)	(79.0, 6923.0)	(80.0, 4391.5)	(81.0, 3230.0)	(82.0, 2488.0)	(83.0, 1649.0)	(84.0, 1152.0)	(85.0, 909.0)	(86.0, 756.5)	(87.0, 651.5)	(88.0, 586.5)	(89.0, 532.5)	(90.0, 469.0)	(91.0, 407.0)	(92.0, 377.5)	(93.0, 356.0)	(94.0, 312.5)	(95.0, 299.5)	(96.0, 302.0)	(97.0, 289.0)	(98.0, 320.5)	(99.0, 449.5)	(100.0, 1528.5)
qc_bundle_trimmed | SRR30333760_1	(0.0, 16.0)	(1.0, 14.0)	(2.0, 15.0)	(3.0, 16.5)	(4.0, 22.0)	(5.0, 29.5)	(6.0, 32.0)	(7.0, 41.0)	(8.0, 43.0)	(9.0, 49.5)	(10.0, 77.5)	(11.0, 122.5)	(12.0, 167.5)	(13.0, 250.5)	(14.0, 355.0)	(15.0, 537.0)	(16.0, 914.5)	(17.0, 1398.5)	(18.0, 2031.0)	(19.0, 3141.5)	(20.0, 5121.0)	(21.0, 8298.5)	(22.0, 12163.0)	(23.0, 17758.0)	(24.0, 26254.5)	(25.0, 38478.0)	(26.0, 53957.0)	(27.0, 73964.5)	(28.0, 101303.5)	(29.0, 138775.5)	(30.0, 185327.0)	(31.0, 236697.0)	(32.0, 299102.0)	(33.0, 375272.0)	(34.0, 458151.5)	(35.0, 538402.0)	(36.0, 634490.0)	(37.0, 739645.0)	(38.0, 822727.5)	(39.0, 896081.0)	(40.0, 960773.5)	(41.0, 1028303.0)	(42.0, 1099899.0)	(43.0, 1170407.5)	(44.0, 1247074.0)	(45.0, 1334617.0)	(46.0, 1413733.5)	(47.0, 1480042.5)	(48.0, 1561016.0)	(49.0, 1632715.5)	(50.0, 1682842.0)	(51.0, 1729818.0)	(52.0, 1772057.5)	(53.0, 1791195.0)	(54.0, 1780856.0)	(55.0, 1750077.0)	(56.0, 1683952.0)	(57.0, 1578510.0)	(58.0, 1458667.5)	(59.0, 1320332.0)	(60.0, 1159610.5)	(61.0, 986359.0)	(62.0, 817255.5)	(63.0, 667304.0)	(64.0, 527947.0)	(65.0, 398991.5)	(66.0, 297757.0)	(67.0, 226224.0)	(68.0, 169928.0)	(69.0, 126489.0)	(70.0, 94682.5)	(71.0, 68734.0)	(72.0, 52066.5)	(73.0, 39972.0)	(74.0, 27367.5)	(75.0, 18381.5)	(76.0, 13397.0)	(77.0, 9330.5)	(78.0, 5757.0)	(79.0, 3362.0)	(80.0, 2064.0)	(81.0, 1512.0)	(82.0, 1111.0)	(83.0, 622.0)	(84.0, 304.0)	(85.0, 201.5)	(86.0, 144.5)	(87.0, 82.5)	(88.0, 52.0)	(89.0, 42.5)	(90.0, 38.0)	(91.0, 30.5)	(92.0, 21.0)	(93.0, 14.0)	(94.0, 15.0)	(95.0, 15.5)	(96.0, 7.5)	(97.0, 9.0)	(98.0, 18.0)	(99.0, 12.5)	(100.0, 3.0)
qc_bundle_trimmed | SRR30333760_2	(0.0, 61.0)	(1.0, 69.0)	(2.0, 121.0)	(3.0, 191.5)	(4.0, 269.0)	(5.0, 360.0)	(6.0, 426.5)	(7.0, 481.5)	(8.0, 557.0)	(9.0, 623.5)	(10.0, 715.5)	(11.0, 821.5)	(12.0, 930.0)	(13.0, 1044.5)	(14.0, 1176.0)	(15.0, 1424.0)	(16.0, 1784.5)	(17.0, 2280.0)	(18.0, 2982.0)	(19.0, 4125.0)	(20.0, 6205.0)	(21.0, 9131.5)	(22.0, 13204.0)	(23.0, 18913.5)	(24.0, 26532.0)	(25.0, 37082.0)	(26.0, 52737.0)	(27.0, 75577.0)	(28.0, 103372.5)	(29.0, 140286.5)	(30.0, 189285.0)	(31.0, 249691.5)	(32.0, 321376.5)	(33.0, 398246.5)	(34.0, 474027.0)	(35.0, 553854.5)	(36.0, 648778.5)	(37.0, 744588.5)	(38.0, 823448.0)	(39.0, 896018.5)	(40.0, 958179.0)	(41.0, 1018178.0)	(42.0, 1090556.5)	(43.0, 1157766.5)	(44.0, 1231930.0)	(45.0, 1327928.0)	(46.0, 1406124.5)	(47.0, 1462032.5)	(48.0, 1531766.0)	(49.0, 1596292.0)	(50.0, 1645901.5)	(51.0, 1694385.5)	(52.0, 1730455.0)	(53.0, 1749281.0)	(54.0, 1740183.5)	(55.0, 1706555.5)	(56.0, 1644914.0)	(57.0, 1548420.0)	(58.0, 1433639.0)	(59.0, 1294117.0)	(60.0, 1136687.0)	(61.0, 984188.0)	(62.0, 836130.5)	(63.0, 684976.5)	(64.0, 546121.5)	(65.0, 430124.5)	(66.0, 336348.0)	(67.0, 264786.5)	(68.0, 206076.0)	(69.0, 160313.0)	(70.0, 125275.5)	(71.0, 96200.0)	(72.0, 75045.0)	(73.0, 57010.5)	(74.0, 42045.5)	(75.0, 31045.0)	(76.0, 22757.5)	(77.0, 16401.5)	(78.0, 11123.5)	(79.0, 7190.0)	(80.0, 4578.5)	(81.0, 3215.0)	(82.0, 2464.5)	(83.0, 1731.0)	(84.0, 1196.0)	(85.0, 963.5)	(86.0, 847.0)	(87.0, 732.5)	(88.0, 646.0)	(89.0, 591.0)	(90.0, 518.5)	(91.0, 446.5)	(92.0, 401.5)	(93.0, 384.5)	(94.0, 381.0)	(95.0, 355.0)	(96.0, 341.0)	(97.0, 354.5)	(98.0, 417.5)	(99.0, 564.0)	(100.0, 1762.0)
qc_bundle_trimmed | SRR30333761_1	(0.0, 30.0)	(1.0, 27.5)	(2.0, 25.0)	(3.0, 24.0)	(4.0, 23.5)	(5.0, 34.0)	(6.0, 44.0)	(7.0, 41.5)	(8.0, 41.0)	(9.0, 51.5)	(10.0, 66.5)	(11.0, 83.5)	(12.0, 130.0)	(13.0, 194.0)	(14.0, 295.5)	(15.0, 459.0)	(16.0, 761.5)	(17.0, 1242.5)	(18.0, 1860.0)	(19.0, 2812.5)	(20.0, 4523.0)	(21.0, 7283.5)	(22.0, 10773.0)	(23.0, 16007.5)	(24.0, 23305.5)	(25.0, 33365.0)	(26.0, 46445.0)	(27.0, 63797.5)	(28.0, 87670.5)	(29.0, 121370.5)	(30.0, 164907.5)	(31.0, 214354.0)	(32.0, 279027.5)	(33.0, 361597.0)	(34.0, 452345.5)	(35.0, 540261.5)	(36.0, 646491.0)	(37.0, 763093.5)	(38.0, 852317.5)	(39.0, 929168.5)	(40.0, 997175.5)	(41.0, 1064441.5)	(42.0, 1135831.5)	(43.0, 1207717.0)	(44.0, 1285693.0)	(45.0, 1375498.5)	(46.0, 1455994.5)	(47.0, 1520871.0)	(48.0, 1599295.0)	(49.0, 1669556.0)	(50.0, 1716489.0)	(51.0, 1763786.0)	(52.0, 1804422.5)	(53.0, 1824176.5)	(54.0, 1814355.5)	(55.0, 1780116.0)	(56.0, 1714773.5)	(57.0, 1607015.0)	(58.0, 1484584.0)	(59.0, 1346111.0)	(60.0, 1183963.5)	(61.0, 1009194.5)	(62.0, 838354.0)	(63.0, 686892.0)	(64.0, 548116.0)	(65.0, 419658.5)	(66.0, 318595.5)	(67.0, 247330.5)	(68.0, 190559.5)	(69.0, 145062.5)	(70.0, 111622.0)	(71.0, 84678.5)	(72.0, 68589.5)	(73.0, 56516.0)	(74.0, 40550.0)	(75.0, 28296.0)	(76.0, 22691.0)	(77.0, 17625.0)	(78.0, 10979.0)	(79.0, 6326.5)	(80.0, 4273.0)	(81.0, 3610.5)	(82.0, 2900.5)	(83.0, 1645.0)	(84.0, 811.0)	(85.0, 449.0)	(86.0, 255.0)	(87.0, 165.0)	(88.0, 119.0)	(89.0, 86.5)	(90.0, 58.5)	(91.0, 45.5)	(92.0, 33.0)	(93.0, 23.0)	(94.0, 20.5)	(95.0, 18.0)	(96.0, 14.5)	(97.0, 16.0)	(98.0, 22.0)	(99.0, 18.5)	(100.0, 5.5)
qc_bundle_trimmed | SRR30333761_2	(0.0, 64.0)	(1.0, 73.5)	(2.0, 150.0)	(3.0, 292.5)	(4.0, 422.5)	(5.0, 529.5)	(6.0, 622.0)	(7.0, 707.0)	(8.0, 798.5)	(9.0, 911.5)	(10.0, 997.5)	(11.0, 1066.0)	(12.0, 1134.5)	(13.0, 1215.0)	(14.0, 1374.5)	(15.0, 1564.5)	(16.0, 1822.5)	(17.0, 2268.5)	(18.0, 2874.5)	(19.0, 3841.5)	(20.0, 5548.0)	(21.0, 7992.5)	(22.0, 11423.0)	(23.0, 16023.5)	(24.0, 22150.5)	(25.0, 30536.5)	(26.0, 43385.5)	(27.0, 62213.0)	(28.0, 85283.5)	(29.0, 118121.5)	(30.0, 164133.0)	(31.0, 225504.0)	(32.0, 300584.5)	(33.0, 381895.5)	(34.0, 465683.5)	(35.0, 556216.5)	(36.0, 664242.5)	(37.0, 771131.0)	(38.0, 854355.5)	(39.0, 926980.5)	(40.0, 990586.0)	(41.0, 1051365.0)	(42.0, 1123941.5)	(43.0, 1189868.5)	(44.0, 1260515.0)	(45.0, 1359635.5)	(46.0, 1440577.0)	(47.0, 1496110.0)	(48.0, 1567686.0)	(49.0, 1632695.5)	(50.0, 1681006.5)	(51.0, 1728288.0)	(52.0, 1766001.5)	(53.0, 1787190.5)	(54.0, 1776436.5)	(55.0, 1740676.5)	(56.0, 1679782.5)	(57.0, 1582081.0)	(58.0, 1466562.0)	(59.0, 1324486.0)	(60.0, 1162053.5)	(61.0, 1008743.0)	(62.0, 859587.0)	(63.0, 706068.5)	(64.0, 566159.5)	(65.0, 450268.0)	(66.0, 356549.5)	(67.0, 285684.0)	(68.0, 226098.5)	(69.0, 178979.5)	(70.0, 144116.0)	(71.0, 114017.5)	(72.0, 92962.5)	(73.0, 73490.0)	(74.0, 56180.0)	(75.0, 43930.0)	(76.0, 33979.0)	(77.0, 26498.0)	(78.0, 18870.5)	(79.0, 12344.0)	(80.0, 8137.5)	(81.0, 6279.0)	(82.0, 5035.0)	(83.0, 3463.5)	(84.0, 2381.0)	(85.0, 1837.0)	(86.0, 1612.0)	(87.0, 1429.0)	(88.0, 1242.5)	(89.0, 1128.5)	(90.0, 1090.0)	(91.0, 993.5)	(92.0, 887.5)	(93.0, 805.0)	(94.0, 760.5)	(95.0, 725.5)	(96.0, 694.0)	(97.0, 724.0)	(98.0, 817.0)	(99.0, 1125.5)	(100.0, 3262.5)
qc_bundle_trimmed | SRR30333762_1	(0.0, 18.0)	(1.0, 16.0)	(2.0, 13.0)	(3.0, 13.5)	(4.0, 14.5)	(5.0, 18.0)	(6.0, 22.5)	(7.0, 29.0)	(8.0, 34.0)	(9.0, 39.0)	(10.0, 57.5)	(11.0, 99.5)	(12.0, 147.5)	(13.0, 198.5)	(14.0, 310.0)	(15.0, 507.5)	(16.0, 824.5)	(17.0, 1279.5)	(18.0, 1956.5)	(19.0, 2980.0)	(20.0, 4890.5)	(21.0, 8096.0)	(22.0, 12041.0)	(23.0, 17745.0)	(24.0, 25976.0)	(25.0, 38032.5)	(26.0, 53340.5)	(27.0, 73564.0)	(28.0, 101263.5)	(29.0, 140178.5)	(30.0, 188642.0)	(31.0, 239944.5)	(32.0, 305525.5)	(33.0, 387014.5)	(34.0, 474858.0)	(35.0, 557184.5)	(36.0, 658616.5)	(37.0, 772552.5)	(38.0, 852977.0)	(39.0, 919973.0)	(40.0, 981082.5)	(41.0, 1041731.5)	(42.0, 1108527.0)	(43.0, 1173875.0)	(44.0, 1245594.0)	(45.0, 1328428.5)	(46.0, 1397312.0)	(47.0, 1454446.0)	(48.0, 1531067.5)	(49.0, 1600041.0)	(50.0, 1644734.0)	(51.0, 1688884.5)	(52.0, 1727100.5)	(53.0, 1743556.5)	(54.0, 1732387.5)	(55.0, 1699955.0)	(56.0, 1635761.0)	(57.0, 1530614.0)	(58.0, 1412891.5)	(59.0, 1281302.5)	(60.0, 1125837.0)	(61.0, 955161.5)	(62.0, 790979.0)	(63.0, 647233.5)	(64.0, 512626.5)	(65.0, 388725.5)	(66.0, 291287.0)	(67.0, 222183.0)	(68.0, 168620.0)	(69.0, 126753.0)	(70.0, 96074.0)	(71.0, 70803.5)	(72.0, 54100.5)	(73.0, 41994.5)	(74.0, 29615.5)	(75.0, 20682.5)	(76.0, 15209.5)	(77.0, 10829.0)	(78.0, 6935.5)	(79.0, 4192.5)	(80.0, 2677.0)	(81.0, 1892.0)	(82.0, 1329.0)	(83.0, 767.5)	(84.0, 407.0)	(85.0, 264.5)	(86.0, 168.5)	(87.0, 105.0)	(88.0, 84.0)	(89.0, 66.0)	(90.0, 43.5)	(91.0, 27.5)	(92.0, 19.0)	(93.0, 17.5)	(94.0, 16.5)	(95.0, 12.5)	(96.0, 13.5)	(97.0, 21.0)	(98.0, 27.5)	(99.0, 18.0)	(100.0, 3.5)
qc_bundle_trimmed | SRR30333762_2	(0.0, 46.0)	(1.0, 60.0)	(2.0, 96.5)	(3.0, 155.5)	(4.0, 220.5)	(5.0, 289.0)	(6.0, 366.5)	(7.0, 392.5)	(8.0, 441.0)	(9.0, 503.5)	(10.0, 569.5)	(11.0, 633.0)	(12.0, 743.0)	(13.0, 895.5)	(14.0, 1001.0)	(15.0, 1193.0)	(16.0, 1513.5)	(17.0, 2005.5)	(18.0, 2707.0)	(19.0, 3738.5)	(20.0, 5673.5)	(21.0, 8597.0)	(22.0, 12807.0)	(23.0, 18428.0)	(24.0, 25828.5)	(25.0, 36156.5)	(26.0, 51630.0)	(27.0, 74396.5)	(28.0, 102053.5)	(29.0, 139855.0)	(30.0, 190157.0)	(31.0, 254543.0)	(32.0, 332275.5)	(33.0, 412768.5)	(34.0, 490243.0)	(35.0, 572910.0)	(36.0, 673950.5)	(37.0, 773527.0)	(38.0, 849591.5)	(39.0, 915208.5)	(40.0, 972189.0)	(41.0, 1027735.0)	(42.0, 1094720.5)	(43.0, 1155417.5)	(44.0, 1223215.5)	(45.0, 1315581.5)	(46.0, 1385923.0)	(47.0, 1433147.0)	(48.0, 1499204.5)	(49.0, 1560620.0)	(50.0, 1605903.0)	(51.0, 1652366.0)	(52.0, 1686784.5)	(53.0, 1702462.0)	(54.0, 1693772.5)	(55.0, 1660455.5)	(56.0, 1598350.0)	(57.0, 1503799.5)	(58.0, 1393453.0)	(59.0, 1259299.0)	(60.0, 1106090.0)	(61.0, 957949.5)	(62.0, 813919.5)	(63.0, 668337.5)	(64.0, 535759.0)	(65.0, 423057.5)	(66.0, 331460.0)	(67.0, 262001.5)	(68.0, 205436.5)	(69.0, 161767.0)	(70.0, 127571.0)	(71.0, 99094.0)	(72.0, 78706.5)	(73.0, 60968.5)	(74.0, 45713.0)	(75.0, 34349.0)	(76.0, 25496.5)	(77.0, 18626.5)	(78.0, 13049.0)	(79.0, 8692.0)	(80.0, 5552.5)	(81.0, 3800.0)	(82.0, 2755.5)	(83.0, 1917.5)	(84.0, 1366.0)	(85.0, 1071.5)	(86.0, 908.5)	(87.0, 795.0)	(88.0, 701.5)	(89.0, 631.0)	(90.0, 577.0)	(91.0, 519.0)	(92.0, 485.5)	(93.0, 442.0)	(94.0, 416.5)	(95.0, 393.5)	(96.0, 367.0)	(97.0, 404.5)	(98.0, 456.0)	(99.0, 608.5)	(100.0, 1999.0)
qc_bundle_trimmed | SRR30333763_1	(0.0, 16.0)	(1.0, 16.5)	(2.0, 19.5)	(3.0, 26.5)	(4.0, 30.0)	(5.0, 34.5)	(6.0, 39.5)	(7.0, 42.0)	(8.0, 48.0)	(9.0, 60.0)	(10.0, 80.5)	(11.0, 116.5)	(12.0, 168.5)	(13.0, 234.0)	(14.0, 345.5)	(15.0, 570.0)	(16.0, 892.0)	(17.0, 1347.0)	(18.0, 2084.0)	(19.0, 3254.0)	(20.0, 5166.0)	(21.0, 8389.0)	(22.0, 12480.0)	(23.0, 18420.5)	(24.0, 27218.5)	(25.0, 40220.0)	(26.0, 57227.5)	(27.0, 79455.0)	(28.0, 109703.0)	(29.0, 151372.5)	(30.0, 201966.0)	(31.0, 257076.0)	(32.0, 326003.5)	(33.0, 408943.0)	(34.0, 497823.5)	(35.0, 581070.0)	(36.0, 682937.5)	(37.0, 794905.0)	(38.0, 877401.0)	(39.0, 949090.0)	(40.0, 1014076.5)	(41.0, 1079495.5)	(42.0, 1149927.5)	(43.0, 1220385.5)	(44.0, 1298672.5)	(45.0, 1389827.5)	(46.0, 1469563.5)	(47.0, 1534365.5)	(48.0, 1614971.0)	(49.0, 1687971.5)	(50.0, 1736386.0)	(51.0, 1785249.5)	(52.0, 1831632.5)	(53.0, 1851985.0)	(54.0, 1841099.5)	(55.0, 1809810.0)	(56.0, 1747089.5)	(57.0, 1644489.0)	(58.0, 1520927.5)	(59.0, 1377223.0)	(60.0, 1211341.0)	(61.0, 1034854.0)	(62.0, 861435.0)	(63.0, 706166.0)	(64.0, 563238.0)	(65.0, 430312.0)	(66.0, 325064.0)	(67.0, 249979.5)	(68.0, 191022.5)	(69.0, 143990.5)	(70.0, 109307.0)	(71.0, 81221.0)	(72.0, 64142.0)	(73.0, 51527.5)	(74.0, 36373.0)	(75.0, 25006.5)	(76.0, 19039.5)	(77.0, 14084.0)	(78.0, 8842.5)	(79.0, 5194.0)	(80.0, 3399.0)	(81.0, 2659.0)	(82.0, 2023.0)	(83.0, 1133.0)	(84.0, 564.0)	(85.0, 326.0)	(86.0, 175.0)	(87.0, 89.5)	(88.0, 65.0)	(89.0, 55.0)	(90.0, 42.0)	(91.0, 28.0)	(92.0, 16.0)	(93.0, 13.0)	(94.0, 9.5)	(95.0, 5.5)	(96.0, 10.5)	(97.0, 19.5)	(98.0, 27.0)	(99.0, 19.5)	(100.0, 4.5)
qc_bundle_trimmed | SRR30333763_2	(0.0, 82.0)	(1.0, 111.0)	(2.0, 219.5)	(3.0, 412.0)	(4.0, 623.5)	(5.0, 800.0)	(6.0, 964.0)	(7.0, 1159.5)	(8.0, 1359.5)	(9.0, 1516.0)	(10.0, 1662.0)	(11.0, 1858.0)	(12.0, 2082.5)	(13.0, 2267.5)	(14.0, 2454.5)	(15.0, 2708.5)	(16.0, 3090.5)	(17.0, 3650.0)	(18.0, 4405.0)	(19.0, 5598.0)	(20.0, 7706.0)	(21.0, 10696.5)	(22.0, 15111.5)	(23.0, 21252.0)	(24.0, 29681.5)	(25.0, 41494.0)	(26.0, 58699.5)	(27.0, 83704.0)	(28.0, 114529.0)	(29.0, 155601.5)	(30.0, 208965.5)	(31.0, 277283.0)	(32.0, 356192.5)	(33.0, 436888.5)	(34.0, 515695.5)	(35.0, 597747.5)	(36.0, 695040.5)	(37.0, 793539.0)	(38.0, 872266.5)	(39.0, 941275.0)	(40.0, 1004560.5)	(41.0, 1065898.0)	(42.0, 1137604.0)	(43.0, 1202243.0)	(44.0, 1273938.5)	(45.0, 1374403.0)	(46.0, 1454880.0)	(47.0, 1511530.5)	(48.0, 1582091.5)	(49.0, 1646669.0)	(50.0, 1696876.0)	(51.0, 1747619.0)	(52.0, 1788712.5)	(53.0, 1809953.0)	(54.0, 1802356.0)	(55.0, 1768189.0)	(56.0, 1707435.5)	(57.0, 1611438.5)	(58.0, 1492740.5)	(59.0, 1347673.5)	(60.0, 1187022.5)	(61.0, 1033967.5)	(62.0, 880761.0)	(63.0, 722189.5)	(64.0, 578422.5)	(65.0, 459780.0)	(66.0, 364723.5)	(67.0, 290927.0)	(68.0, 228580.5)	(69.0, 178857.0)	(70.0, 141780.5)	(71.0, 111774.5)	(72.0, 89469.0)	(73.0, 69715.5)	(74.0, 52767.0)	(75.0, 40154.0)	(76.0, 30192.0)	(77.0, 22764.0)	(78.0, 15941.5)	(79.0, 10455.0)	(80.0, 6845.0)	(81.0, 4998.5)	(82.0, 3775.5)	(83.0, 2538.5)	(84.0, 1746.0)	(85.0, 1330.5)	(86.0, 1104.0)	(87.0, 926.5)	(88.0, 832.0)	(89.0, 740.5)	(90.0, 658.0)	(91.0, 635.5)	(92.0, 613.0)	(93.0, 578.0)	(94.0, 579.5)	(95.0, 573.0)	(96.0, 570.5)	(97.0, 629.0)	(98.0, 747.0)	(99.0, 1036.5)	(100.0, 3162.5)
qc_bundle_trimmed | SRR30333764_1	(0.0, 22.0)	(1.0, 20.0)	(2.0, 16.5)	(3.0, 24.5)	(4.0, 38.5)	(5.0, 38.0)	(6.0, 34.5)	(7.0, 40.0)	(8.0, 50.0)	(9.0, 56.5)	(10.0, 64.5)	(11.0, 93.0)	(12.0, 147.0)	(13.0, 212.5)	(14.0, 332.5)	(15.0, 539.0)	(16.0, 859.0)	(17.0, 1311.5)	(18.0, 1984.5)	(19.0, 2976.5)	(20.0, 4817.0)	(21.0, 7801.0)	(22.0, 11588.0)	(23.0, 17330.5)	(24.0, 25699.0)	(25.0, 37231.5)	(26.0, 51985.0)	(27.0, 72218.0)	(28.0, 99568.5)	(29.0, 137368.0)	(30.0, 183386.5)	(31.0, 233456.5)	(32.0, 297054.5)	(33.0, 375649.5)	(34.0, 459817.0)	(35.0, 539038.0)	(36.0, 635311.5)	(37.0, 739118.0)	(38.0, 819179.0)	(39.0, 890138.0)	(40.0, 952642.0)	(41.0, 1011903.5)	(42.0, 1076165.0)	(43.0, 1143913.5)	(44.0, 1219645.5)	(45.0, 1307149.5)	(46.0, 1383520.0)	(47.0, 1448427.5)	(48.0, 1527610.0)	(49.0, 1597504.0)	(50.0, 1643722.5)	(51.0, 1693669.0)	(52.0, 1738601.0)	(53.0, 1758804.0)	(54.0, 1750789.5)	(55.0, 1722934.5)	(56.0, 1666596.0)	(57.0, 1567057.0)	(58.0, 1447990.5)	(59.0, 1314656.0)	(60.0, 1158914.5)	(61.0, 990816.0)	(62.0, 824705.5)	(63.0, 675166.5)	(64.0, 539161.5)	(65.0, 412654.0)	(66.0, 312168.5)	(67.0, 241733.5)	(68.0, 184783.5)	(69.0, 137424.0)	(70.0, 104298.0)	(71.0, 77943.5)	(72.0, 62959.0)	(73.0, 52020.5)	(74.0, 35859.0)	(75.0, 23735.0)	(76.0, 18994.5)	(77.0, 14803.5)	(78.0, 8843.0)	(79.0, 4699.0)	(80.0, 3107.5)	(81.0, 2747.5)	(82.0, 2329.5)	(83.0, 1296.5)	(84.0, 566.5)	(85.0, 304.0)	(86.0, 174.5)	(87.0, 112.5)	(88.0, 78.0)	(89.0, 64.5)	(90.0, 47.5)	(91.0, 35.0)	(92.0, 27.5)	(93.0, 18.5)	(94.0, 16.0)	(95.0, 13.5)	(96.0, 13.0)	(97.0, 11.5)	(98.0, 14.0)	(99.0, 10.5)	(100.0, 1.5)
qc_bundle_trimmed | SRR30333764_2	(0.0, 78.0)	(1.0, 105.5)	(2.0, 178.5)	(3.0, 290.5)	(4.0, 424.5)	(5.0, 557.0)	(6.0, 667.0)	(7.0, 769.0)	(8.0, 893.5)	(9.0, 985.5)	(10.0, 1078.0)	(11.0, 1184.5)	(12.0, 1314.0)	(13.0, 1467.5)	(14.0, 1628.0)	(15.0, 1835.0)	(16.0, 2148.5)	(17.0, 2628.5)	(18.0, 3339.5)	(19.0, 4359.0)	(20.0, 6234.5)	(21.0, 9033.5)	(22.0, 12847.0)	(23.0, 18162.0)	(24.0, 25351.0)	(25.0, 35447.5)	(26.0, 50881.5)	(27.0, 73243.5)	(28.0, 100732.0)	(29.0, 138231.0)	(30.0, 187071.5)	(31.0, 249882.5)	(32.0, 323119.5)	(33.0, 399767.5)	(34.0, 476962.0)	(35.0, 554903.0)	(36.0, 645781.0)	(37.0, 740079.5)	(38.0, 815926.0)	(39.0, 882587.0)	(40.0, 941451.5)	(41.0, 997656.5)	(42.0, 1064799.5)	(43.0, 1125860.0)	(44.0, 1193344.5)	(45.0, 1289500.5)	(46.0, 1368680.5)	(47.0, 1425250.5)	(48.0, 1496730.0)	(49.0, 1558840.5)	(50.0, 1606056.5)	(51.0, 1655016.0)	(52.0, 1695268.0)	(53.0, 1720593.5)	(54.0, 1716324.0)	(55.0, 1686298.5)	(56.0, 1628473.0)	(57.0, 1536635.0)	(58.0, 1428479.5)	(59.0, 1294938.0)	(60.0, 1142465.0)	(61.0, 995305.5)	(62.0, 848570.5)	(63.0, 694990.5)	(64.0, 556765.0)	(65.0, 443725.5)	(66.0, 351310.5)	(67.0, 280530.5)	(68.0, 220678.5)	(69.0, 172839.0)	(70.0, 138183.0)	(71.0, 108008.0)	(72.0, 86069.5)	(73.0, 66737.0)	(74.0, 50168.5)	(75.0, 38594.0)	(76.0, 29337.5)	(77.0, 22428.0)	(78.0, 15714.5)	(79.0, 10104.5)	(80.0, 6596.5)	(81.0, 5241.0)	(82.0, 4240.5)	(83.0, 2822.5)	(84.0, 1957.5)	(85.0, 1542.5)	(86.0, 1283.5)	(87.0, 1141.0)	(88.0, 1024.5)	(89.0, 870.0)	(90.0, 803.0)	(91.0, 757.5)	(92.0, 664.0)	(93.0, 603.0)	(94.0, 572.5)	(95.0, 539.0)	(96.0, 540.5)	(97.0, 577.0)	(98.0, 624.0)	(99.0, 860.0)	(100.0, 2694.0)
qc_bundle_trimmed | SRR30333765_1	(0.0, 37.0)	(1.0, 30.5)	(2.0, 24.5)	(3.0, 31.0)	(4.0, 47.5)	(5.0, 52.5)	(6.0, 45.5)	(7.0, 43.0)	(8.0, 47.5)	(9.0, 57.5)	(10.0, 74.0)	(11.0, 101.0)	(12.0, 132.5)	(13.0, 182.5)	(14.0, 300.0)	(15.0, 499.5)	(16.0, 831.5)	(17.0, 1290.0)	(18.0, 1950.0)	(19.0, 3102.0)	(20.0, 5095.5)	(21.0, 8318.0)	(22.0, 12525.5)	(23.0, 18658.0)	(24.0, 27773.0)	(25.0, 40707.5)	(26.0, 58064.0)	(27.0, 80785.0)	(28.0, 110670.5)	(29.0, 150616.0)	(30.0, 197779.0)	(31.0, 248787.0)	(32.0, 311658.5)	(33.0, 386843.5)	(34.0, 467094.0)	(35.0, 543680.0)	(36.0, 636033.0)	(37.0, 736590.5)	(38.0, 813173.5)	(39.0, 882100.5)	(40.0, 946035.0)	(41.0, 1009216.5)	(42.0, 1076406.0)	(43.0, 1143404.0)	(44.0, 1216236.5)	(45.0, 1300585.5)	(46.0, 1376129.0)	(47.0, 1438768.5)	(48.0, 1513707.0)	(49.0, 1583150.5)	(50.0, 1630711.5)	(51.0, 1675879.5)	(52.0, 1718911.0)	(53.0, 1739888.0)	(54.0, 1730181.0)	(55.0, 1700614.5)	(56.0, 1645213.0)	(57.0, 1549602.5)	(58.0, 1433678.0)	(59.0, 1299788.0)	(60.0, 1145562.5)	(61.0, 981937.0)	(62.0, 817997.0)	(63.0, 670255.0)	(64.0, 535315.0)	(65.0, 410941.0)	(66.0, 312278.5)	(67.0, 242307.5)	(68.0, 187418.5)	(69.0, 142325.5)	(70.0, 108960.5)	(71.0, 82536.0)	(72.0, 66308.0)	(73.0, 53665.5)	(74.0, 38251.5)	(75.0, 26786.0)	(76.0, 21099.5)	(77.0, 16302.5)	(78.0, 10356.0)	(79.0, 6095.5)	(80.0, 4140.5)	(81.0, 3299.5)	(82.0, 2688.0)	(83.0, 1573.0)	(84.0, 760.0)	(85.0, 451.0)	(86.0, 264.0)	(87.0, 166.0)	(88.0, 117.5)	(89.0, 85.0)	(90.0, 68.0)	(91.0, 55.5)	(92.0, 45.5)	(93.0, 38.5)	(94.0, 27.5)	(95.0, 17.5)	(96.0, 17.5)	(97.0, 21.0)	(98.0, 18.5)	(99.0, 11.0)	(100.0, 3.5)
qc_bundle_trimmed | SRR30333765_2	(0.0, 74.0)	(1.0, 91.0)	(2.0, 159.0)	(3.0, 285.0)	(4.0, 438.5)	(5.0, 559.0)	(6.0, 683.0)	(7.0, 798.5)	(8.0, 878.5)	(9.0, 980.0)	(10.0, 1112.5)	(11.0, 1244.5)	(12.0, 1381.5)	(13.0, 1522.0)	(14.0, 1686.5)	(15.0, 1916.0)	(16.0, 2301.5)	(17.0, 2820.0)	(18.0, 3479.5)	(19.0, 4564.0)	(20.0, 6612.0)	(21.0, 9601.5)	(22.0, 14010.5)	(23.0, 20332.5)	(24.0, 28976.5)	(25.0, 41042.0)	(26.0, 58578.0)	(27.0, 83395.0)	(28.0, 114064.0)	(29.0, 153866.0)	(30.0, 203907.5)	(31.0, 265642.5)	(32.0, 336382.5)	(33.0, 409148.5)	(34.0, 481090.5)	(35.0, 556235.5)	(36.0, 645487.0)	(37.0, 736111.5)	(38.0, 809575.0)	(39.0, 876811.0)	(40.0, 935609.5)	(41.0, 991882.5)	(42.0, 1061257.5)	(43.0, 1124904.5)	(44.0, 1192935.5)	(45.0, 1283671.0)	(46.0, 1359645.5)	(47.0, 1415475.5)	(48.0, 1482945.5)	(49.0, 1544430.5)	(50.0, 1593135.5)	(51.0, 1641923.0)	(52.0, 1679184.5)	(53.0, 1697913.5)	(54.0, 1689015.0)	(55.0, 1660547.5)	(56.0, 1607110.0)	(57.0, 1520139.0)	(58.0, 1412120.0)	(59.0, 1275427.5)	(60.0, 1123744.5)	(61.0, 980998.5)	(62.0, 838105.0)	(63.0, 687429.0)	(64.0, 551927.0)	(65.0, 440757.0)	(66.0, 350718.5)	(67.0, 282133.0)	(68.0, 224118.5)	(69.0, 177249.5)	(70.0, 142567.0)	(71.0, 114012.5)	(72.0, 92781.0)	(73.0, 73477.5)	(74.0, 56427.5)	(75.0, 43687.0)	(76.0, 33716.0)	(77.0, 26178.0)	(78.0, 18944.0)	(79.0, 12633.0)	(80.0, 8347.5)	(81.0, 6288.0)	(82.0, 4917.0)	(83.0, 3324.5)	(84.0, 2294.0)	(85.0, 1759.5)	(86.0, 1481.0)	(87.0, 1262.0)	(88.0, 1128.5)	(89.0, 1049.0)	(90.0, 947.0)	(91.0, 843.0)	(92.0, 782.5)	(93.0, 749.5)	(94.0, 737.0)	(95.0, 724.0)	(96.0, 714.0)	(97.0, 763.0)	(98.0, 883.0)	(99.0, 1272.0)	(100.0, 3553.5)
qc_bundle_trimmed | SRR30333766_1	(0.0, 38.0)	(1.0, 32.5)	(2.0, 37.0)	(3.0, 48.0)	(4.0, 48.5)	(5.0, 52.5)	(6.0, 58.0)	(7.0, 69.0)	(8.0, 75.5)	(9.0, 81.0)	(10.0, 101.0)	(11.0, 128.5)	(12.0, 178.5)	(13.0, 271.5)	(14.0, 408.0)	(15.0, 622.0)	(16.0, 957.0)	(17.0, 1520.0)	(18.0, 2311.5)	(19.0, 3466.0)	(20.0, 5668.0)	(21.0, 9129.5)	(22.0, 13409.0)	(23.0, 19888.0)	(24.0, 29222.0)	(25.0, 42481.0)	(26.0, 60001.5)	(27.0, 83246.0)	(28.0, 115543.0)	(29.0, 160274.5)	(30.0, 214227.5)	(31.0, 272086.5)	(32.0, 346480.0)	(33.0, 437521.5)	(34.0, 534470.0)	(35.0, 626077.5)	(36.0, 737318.0)	(37.0, 857992.5)	(38.0, 942934.0)	(39.0, 1015251.5)	(40.0, 1079434.0)	(41.0, 1144227.0)	(42.0, 1212889.0)	(43.0, 1281270.0)	(44.0, 1364578.0)	(45.0, 1459443.0)	(46.0, 1538732.5)	(47.0, 1605160.5)	(48.0, 1690202.5)	(49.0, 1764282.0)	(50.0, 1812099.5)	(51.0, 1861414.5)	(52.0, 1906273.0)	(53.0, 1928084.5)	(54.0, 1917400.0)	(55.0, 1884991.0)	(56.0, 1822723.0)	(57.0, 1714146.0)	(58.0, 1585758.0)	(59.0, 1440327.5)	(60.0, 1268682.0)	(61.0, 1083960.0)	(62.0, 903133.0)	(63.0, 741446.5)	(64.0, 592715.0)	(65.0, 454044.0)	(66.0, 343637.5)	(67.0, 264095.0)	(68.0, 200779.5)	(69.0, 151164.0)	(70.0, 115912.0)	(71.0, 87400.5)	(72.0, 69467.5)	(73.0, 56531.0)	(74.0, 40151.5)	(75.0, 27639.5)	(76.0, 21784.5)	(77.0, 16615.0)	(78.0, 10246.0)	(79.0, 5756.5)	(80.0, 3810.0)	(81.0, 3105.5)	(82.0, 2464.5)	(83.0, 1392.5)	(84.0, 641.5)	(85.0, 370.5)	(86.0, 184.0)	(87.0, 104.5)	(88.0, 83.5)	(89.0, 63.5)	(90.0, 42.5)	(91.0, 28.0)	(92.0, 27.0)	(93.0, 25.5)	(94.0, 15.5)	(95.0, 11.0)	(96.0, 9.0)	(97.0, 11.5)	(98.0, 16.0)	(99.0, 11.5)	(100.0, 4.5)
qc_bundle_trimmed | SRR30333766_2	(0.0, 175.0)	(1.0, 201.5)	(2.0, 321.0)	(3.0, 599.5)	(4.0, 864.0)	(5.0, 1107.0)	(6.0, 1351.5)	(7.0, 1526.0)	(8.0, 1740.0)	(9.0, 1999.0)	(10.0, 2202.5)	(11.0, 2319.0)	(12.0, 2523.0)	(13.0, 2705.5)	(14.0, 2921.5)	(15.0, 3211.0)	(16.0, 3602.5)	(17.0, 4221.0)	(18.0, 5017.5)	(19.0, 6196.0)	(20.0, 8361.5)	(21.0, 11481.0)	(22.0, 15889.0)	(23.0, 22235.0)	(24.0, 30656.5)	(25.0, 42436.0)	(26.0, 60253.5)	(27.0, 85968.0)	(28.0, 117601.5)	(29.0, 161436.5)	(30.0, 218900.0)	(31.0, 293725.5)	(32.0, 381728.5)	(33.0, 469114.0)	(34.0, 554431.5)	(35.0, 645201.5)	(36.0, 752411.0)	(37.0, 857271.0)	(38.0, 936396.5)	(39.0, 1006003.5)	(40.0, 1068362.0)	(41.0, 1127067.0)	(42.0, 1197176.5)	(43.0, 1261268.5)	(44.0, 1333442.5)	(45.0, 1436022.0)	(46.0, 1519209.5)	(47.0, 1576687.0)	(48.0, 1650283.0)	(49.0, 1716835.5)	(50.0, 1767318.0)	(51.0, 1818963.5)	(52.0, 1860323.5)	(53.0, 1884691.0)	(54.0, 1876412.5)	(55.0, 1839720.5)	(56.0, 1777997.0)	(57.0, 1680003.0)	(58.0, 1562334.5)	(59.0, 1417333.5)	(60.0, 1249881.0)	(61.0, 1085756.5)	(62.0, 924742.5)	(63.0, 760967.5)	(64.0, 612136.0)	(65.0, 487278.0)	(66.0, 385224.5)	(67.0, 307395.0)	(68.0, 242555.5)	(69.0, 191282.0)	(70.0, 153092.0)	(71.0, 121151.5)	(72.0, 97427.5)	(73.0, 75745.0)	(74.0, 57336.5)	(75.0, 44237.0)	(76.0, 33532.0)	(77.0, 25610.5)	(78.0, 18081.0)	(79.0, 11623.5)	(80.0, 7593.5)	(81.0, 5801.0)	(82.0, 4476.0)	(83.0, 2971.5)	(84.0, 1947.0)	(85.0, 1426.5)	(86.0, 1244.0)	(87.0, 1098.0)	(88.0, 942.0)	(89.0, 846.5)	(90.0, 784.5)	(91.0, 714.5)	(92.0, 667.5)	(93.0, 635.0)	(94.0, 599.5)	(95.0, 593.5)	(96.0, 633.5)	(97.0, 701.0)	(98.0, 814.0)	(99.0, 1175.5)	(100.0, 3720.5)
qc_bundle_trimmed | SRR30333767_1	(0.0, 29.0)	(1.0, 27.0)	(2.0, 28.5)	(3.0, 38.0)	(4.0, 41.0)	(5.0, 40.5)	(6.0, 46.5)	(7.0, 50.0)	(8.0, 48.0)	(9.0, 59.5)	(10.0, 76.5)	(11.0, 114.5)	(12.0, 188.0)	(13.0, 267.5)	(14.0, 356.0)	(15.0, 551.5)	(16.0, 888.5)	(17.0, 1349.0)	(18.0, 2023.5)	(19.0, 3060.0)	(20.0, 5010.5)	(21.0, 8068.0)	(22.0, 11771.5)	(23.0, 17442.0)	(24.0, 25630.5)	(25.0, 37186.0)	(26.0, 52243.5)	(27.0, 71639.0)	(28.0, 98311.5)	(29.0, 135274.5)	(30.0, 180922.5)	(31.0, 230788.0)	(32.0, 295105.5)	(33.0, 374774.0)	(34.0, 461436.0)	(35.0, 544754.5)	(36.0, 645420.5)	(37.0, 757710.5)	(38.0, 843441.5)	(39.0, 919270.5)	(40.0, 985933.0)	(41.0, 1050517.5)	(42.0, 1121330.5)	(43.0, 1193019.0)	(44.0, 1269783.5)	(45.0, 1359255.5)	(46.0, 1441325.5)	(47.0, 1508342.0)	(48.0, 1589854.5)	(49.0, 1663848.5)	(50.0, 1714859.5)	(51.0, 1766568.0)	(52.0, 1813595.0)	(53.0, 1835817.5)	(54.0, 1825795.5)	(55.0, 1796375.5)	(56.0, 1737072.5)	(57.0, 1632742.0)	(58.0, 1512345.0)	(59.0, 1374957.0)	(60.0, 1209909.0)	(61.0, 1032151.5)	(62.0, 861439.5)	(63.0, 710440.5)	(64.0, 566611.0)	(65.0, 431555.5)	(66.0, 325991.5)	(67.0, 249354.0)	(68.0, 189972.5)	(69.0, 144046.5)	(70.0, 110453.0)	(71.0, 83405.0)	(72.0, 65120.0)	(73.0, 51459.0)	(74.0, 36843.0)	(75.0, 25996.5)	(76.0, 19511.5)	(77.0, 14212.5)	(78.0, 9186.0)	(79.0, 5503.0)	(80.0, 3486.5)	(81.0, 2496.5)	(82.0, 1790.5)	(83.0, 1022.5)	(84.0, 498.5)	(85.0, 280.5)	(86.0, 199.5)	(87.0, 135.5)	(88.0, 98.5)	(89.0, 77.0)	(90.0, 53.0)	(91.0, 36.5)	(92.0, 33.5)	(93.0, 32.0)	(94.0, 24.0)	(95.0, 15.0)	(96.0, 17.0)	(97.0, 22.5)	(98.0, 24.0)	(99.0, 16.5)	(100.0, 5.0)
qc_bundle_trimmed | SRR30333767_2	(0.0, 103.0)	(1.0, 129.5)	(2.0, 239.0)	(3.0, 373.0)	(4.0, 519.5)	(5.0, 669.5)	(6.0, 795.5)	(7.0, 918.0)	(8.0, 1013.0)	(9.0, 1131.0)	(10.0, 1284.0)	(11.0, 1446.5)	(12.0, 1618.5)	(13.0, 1796.5)	(14.0, 1982.0)	(15.0, 2200.5)	(16.0, 2559.0)	(17.0, 3050.0)	(18.0, 3731.0)	(19.0, 4863.0)	(20.0, 6785.0)	(21.0, 9529.5)	(22.0, 13511.5)	(23.0, 18902.5)	(24.0, 26104.0)	(25.0, 35977.0)	(26.0, 50854.0)	(27.0, 72906.0)	(28.0, 99410.5)	(29.0, 135752.5)	(30.0, 184505.5)	(31.0, 246859.5)	(32.0, 321001.0)	(33.0, 399763.0)	(34.0, 479048.5)	(35.0, 562830.0)	(36.0, 663669.0)	(37.0, 764493.5)	(38.0, 844094.5)	(39.0, 915958.0)	(40.0, 978405.5)	(41.0, 1038920.5)	(42.0, 1111278.5)	(43.0, 1179059.5)	(44.0, 1250525.0)	(45.0, 1344961.5)	(46.0, 1426952.5)	(47.0, 1487538.5)	(48.0, 1557466.5)	(49.0, 1623542.0)	(50.0, 1678589.5)	(51.0, 1729802.0)	(52.0, 1768720.5)	(53.0, 1792159.0)	(54.0, 1787090.0)	(55.0, 1753723.0)	(56.0, 1693368.0)	(57.0, 1600286.5)	(58.0, 1487627.5)	(59.0, 1345776.0)	(60.0, 1185595.5)	(61.0, 1030706.0)	(62.0, 877973.5)	(63.0, 721661.5)	(64.0, 578589.0)	(65.0, 460199.0)	(66.0, 364338.0)	(67.0, 289919.0)	(68.0, 228155.0)	(69.0, 179451.0)	(70.0, 142229.5)	(71.0, 112637.5)	(72.0, 90738.0)	(73.0, 70877.5)	(74.0, 53851.0)	(75.0, 41100.5)	(76.0, 31082.0)	(77.0, 23228.0)	(78.0, 16473.5)	(79.0, 11290.0)	(80.0, 7547.0)	(81.0, 5374.5)	(82.0, 4040.0)	(83.0, 2844.0)	(84.0, 2052.5)	(85.0, 1675.0)	(86.0, 1503.0)	(87.0, 1331.5)	(88.0, 1238.5)	(89.0, 1096.0)	(90.0, 981.0)	(91.0, 907.0)	(92.0, 860.0)	(93.0, 817.0)	(94.0, 786.0)	(95.0, 767.5)	(96.0, 762.0)	(97.0, 801.0)	(98.0, 902.5)	(99.0, 1296.5)	(100.0, 3934.5)
qc_bundle_trimmed | SRR30333768_1	(0.0, 52.0)	(1.0, 37.0)	(2.0, 26.0)	(3.0, 29.0)	(4.0, 42.0)	(5.0, 48.0)	(6.0, 42.5)	(7.0, 47.0)	(8.0, 51.5)	(9.0, 54.0)	(10.0, 71.5)	(11.0, 116.0)	(12.0, 154.0)	(13.0, 203.5)	(14.0, 316.5)	(15.0, 483.0)	(16.0, 778.5)	(17.0, 1216.0)	(18.0, 1794.5)	(19.0, 2685.5)	(20.0, 4250.0)	(21.0, 6812.5)	(22.0, 9981.0)	(23.0, 14385.5)	(24.0, 21005.5)	(25.0, 30095.5)	(26.0, 41236.0)	(27.0, 57021.0)	(28.0, 78592.0)	(29.0, 110598.0)	(30.0, 153280.0)	(31.0, 200097.5)	(32.0, 262831.0)	(33.0, 344237.0)	(34.0, 437670.5)	(35.0, 529542.5)	(36.0, 640847.0)	(37.0, 763270.5)	(38.0, 852382.5)	(39.0, 925502.5)	(40.0, 989566.0)	(41.0, 1053973.0)	(42.0, 1123524.5)	(43.0, 1195982.5)	(44.0, 1280141.0)	(45.0, 1371332.0)	(46.0, 1444108.0)	(47.0, 1508212.0)	(48.0, 1589718.5)	(49.0, 1661054.0)	(50.0, 1708349.0)	(51.0, 1756473.0)	(52.0, 1801230.5)	(53.0, 1817882.0)	(54.0, 1801616.5)	(55.0, 1768035.5)	(56.0, 1703915.0)	(57.0, 1597897.0)	(58.0, 1476932.0)	(59.0, 1339918.0)	(60.0, 1177753.5)	(61.0, 1002714.5)	(62.0, 833356.0)	(63.0, 684816.0)	(64.0, 547201.0)	(65.0, 416729.0)	(66.0, 315472.0)	(67.0, 244695.5)	(68.0, 188091.0)	(69.0, 142257.5)	(70.0, 109488.5)	(71.0, 83771.5)	(72.0, 68863.5)	(73.0, 56941.5)	(74.0, 40587.5)	(75.0, 28729.5)	(76.0, 23402.5)	(77.0, 17974.5)	(78.0, 10827.5)	(79.0, 5951.5)	(80.0, 4090.0)	(81.0, 3426.0)	(82.0, 2685.0)	(83.0, 1520.5)	(84.0, 707.0)	(85.0, 393.0)	(86.0, 258.5)	(87.0, 187.5)	(88.0, 147.5)	(89.0, 112.5)	(90.0, 92.5)	(91.0, 74.0)	(92.0, 54.5)	(93.0, 46.0)	(94.0, 40.5)	(95.0, 27.5)	(96.0, 24.0)	(97.0, 23.5)	(98.0, 25.5)	(99.0, 20.0)	(100.0, 4.5)
qc_bundle_trimmed | SRR30333768_2	(0.0, 45.0)	(1.0, 87.5)	(2.0, 215.5)	(3.0, 374.0)	(4.0, 518.5)	(5.0, 680.5)	(6.0, 845.0)	(7.0, 953.5)	(8.0, 1048.5)	(9.0, 1177.0)	(10.0, 1291.0)	(11.0, 1420.5)	(12.0, 1579.5)	(13.0, 1689.0)	(14.0, 1843.0)	(15.0, 2074.0)	(16.0, 2401.0)	(17.0, 2836.5)	(18.0, 3394.5)	(19.0, 4249.0)	(20.0, 5877.5)	(21.0, 8111.0)	(22.0, 10972.0)	(23.0, 15060.5)	(24.0, 20635.0)	(25.0, 28356.5)	(26.0, 39982.0)	(27.0, 57015.0)	(28.0, 79070.0)	(29.0, 111731.5)	(30.0, 158348.0)	(31.0, 220018.0)	(32.0, 297021.0)	(33.0, 382336.0)	(34.0, 465440.0)	(35.0, 555095.0)	(36.0, 666988.0)	(37.0, 775766.5)	(38.0, 857918.0)	(39.0, 929483.0)	(40.0, 990959.0)	(41.0, 1047624.5)	(42.0, 1114558.5)	(43.0, 1178290.0)	(44.0, 1252035.0)	(45.0, 1350848.5)	(46.0, 1426196.5)	(47.0, 1479652.0)	(48.0, 1549228.0)	(49.0, 1611490.0)	(50.0, 1659349.0)	(51.0, 1709171.5)	(52.0, 1747356.0)	(53.0, 1768918.5)	(54.0, 1763088.0)	(55.0, 1724683.0)	(56.0, 1655800.0)	(57.0, 1559130.5)	(58.0, 1449107.5)	(59.0, 1314158.0)	(60.0, 1156942.5)	(61.0, 1002754.5)	(62.0, 853023.5)	(63.0, 700310.0)	(64.0, 561432.0)	(65.0, 445852.5)	(66.0, 353895.0)	(67.0, 283273.0)	(68.0, 224197.5)	(69.0, 178508.0)	(70.0, 144793.0)	(71.0, 115739.0)	(72.0, 94241.5)	(73.0, 74079.5)	(74.0, 56827.0)	(75.0, 44681.0)	(76.0, 34364.5)	(77.0, 26203.0)	(78.0, 18656.0)	(79.0, 12363.5)	(80.0, 8156.0)	(81.0, 6270.0)	(82.0, 5011.5)	(83.0, 3583.5)	(84.0, 2528.0)	(85.0, 1962.0)	(86.0, 1712.0)	(87.0, 1545.5)	(88.0, 1399.0)	(89.0, 1262.5)	(90.0, 1155.5)	(91.0, 1043.5)	(92.0, 949.0)	(93.0, 904.0)	(94.0, 852.5)	(95.0, 823.0)	(96.0, 836.5)	(97.0, 850.0)	(98.0, 968.5)	(99.0, 1301.0)	(100.0, 3143.0)
