Sample	0	1	2	3	4	5	6	7	8	9	10	11	12	13	14	15	16	17	18	19	20	21	22	23	24	25	26	27	28	29	30	31	32	33	34	35	36	37	38	39	40	41	42	43	44	45	46	47	48	49	50	51	52	53	54	55	56	57	58	59	60	61	62	63	64	65	66	67	68	69	70	71	72	73	74	75	76	77	78	79	80	81	82	83	84	85	86	87	88	89	90	91	92	93	94	95	96	97	98	99	100	101	102	103	104	105	106	107	108	109	110	111	112	113	114	115	116	117	118	119	120	121	122	123	124	125	126	127	128	129	130	131	132	133	134	135	136	137	138	139	140	141	142	143	144	145	146	147	148	149	150
reports | SRR30333743	(1, 0.00222582)	(2, 0.0688149)	(3, 0.269768)	(4, 0.0869144)	(5, 0.00321393)	(6, 0.00193702)	(7, 0.0773799)	(8, 0.0390767)	(9, 0.0)	(10, 0.14530400000000002)	(11, 0.100639)	(12, 0.145491)	(13, 0.100983)	(14, 0.07392460000000001)	(15, 0.0)	(16, 0.0)	(17, 0.0)	(18, 0.0)	(19, 2.06286e-06)	(20, 0.0928142)	(21, 0.0936187)	(22, 0.0778007)	(23, 2.06286e-06)	(24, 0.0)	(25, 0.0401701)	(26, 6.188580000000001e-06)	(27, 0.0)	(28, 0.0)	(29, 0.0)	(30, 1.03143e-05)	(31, 0.0)	(32, 0.0016462)	(33, 0.0226015)	(34, 0.0210361)	(35, 0.0614821)	(36, 0.241542)	(37, 0.00025376500000000003)	(38, 0.16021)	(39, 7.42789e-05)	(40, 0.00028062400000000004)	(41, 0.247115)	(42, 0.0)	(43, 0.139342)	(44, 0.13650400000000001)	(45, 8.2569e-06)	(46, 0.000156895)	(47, 0.0)	(48, 0.000557511)	(49, 0.0233794)	(50, 0.00032428000000000003)	(51, 0.00044002900000000004)	(52, 0.0689174)	(53, 0.0235117)	(54, 0.000177785)	(55, 0.00113108)	(56, 0.000550167)	(57, 0.0454611)	(58, 0.113018)	(59, 0.0447506)	(60, 0.0447676)	(61, 0.0663829)	(62, 4.14557e-05)	(63, 0.045709599999999996)	(64, 0.000649467)	(65, 0.0)	(66, 0.0008475990000000001)	(67, 0.126925)	(68, 0.0008945180000000001)	(69, 0.00022276000000000002)	(70, 0.00028962)	(71, 0.000698644)	(72, 2.08757e-06)	(73, 0.14632499999999998)	(74, 4.184710000000001e-06)	(75, 1.25703e-05)	(76, 0.0336118)	(77, 2.1011799999999998e-06)	(78, 0.0)	(79, 0.0650359)	(80, 0.000883036)	(81, 0.00529449)	(82, 0.0)	(83, 0.020745299999999998)	(84, 2.1327600000000002e-05)	(85, 0.000136896)	(86, 7.939709999999999e-05)	(87, 0.0)	(88, 0.092309)	(89, 0.0226049)	(90, 0.000265889)	(91, 0.04685)	(92, 0.0)	(93, 0.06544520000000001)	(94, 2.22475e-05)	(95, 0.021753500000000002)	(96, 0.0550962)	(97, 0.06267350000000001)	(98, 0.0708289)	(99, 0.00046542)	(100, 0.15721000000000002)	(101, 0.000255452)	(102, 0.22449700000000003)	(103, 0.0455282)	(104, 0.0849326)	(105, 1.4628399999999999e-05)	(106, 0.0462623)	(107, 5.9861099999999995e-05)	(108, 0.0)	(109, 0.00017893500000000002)	(110, 0.0)	(111, 0.0234859)	(112, 0.022106)	(113, 0.0659638)	(114, 0.0)	(115, 0.00380431)	(116, 0.06770390000000001)	(117, 0.0005996879999999999)	(118, 0.0923024)	(119, 0.045315)	(120, 8.74433e-05)	(121, 0.0668497)	(122, 0.048156199999999996)	(123, 0.180985)	(124, 0.134124)	(125, 0.0)	(126, 0.0)	(127, 0.0)	(128, 6.61228e-05)	(129, 0.06710690000000001)	(130, 0.000209634)	(131, 0.0235251)	(132, 0.177985)	(133, 0.0792987)	(134, 0.0624283)	(135, 0.0419954)	(136, 0.112827)	(137, 0.0815382)	(138, 0.0)	(139, 0.14557299999999998)	(140, 0.0690036)	(141, 0.0922708)	(142, 0.000398963)	(143, 0.0)	(144, 0.00043987799999999994)	(145, 0.00046873199999999997)	(146, 0.000653555)	(147, 0.00366951)	(148, 0.0)	(149, 0.000479364)	(150, 0.00294451)	(151, 0.0)
reports | SRR30333744	(1, 0.00137491)	(2, 0.0908406)	(3, 0.34084800000000004)	(4, 0.10827600000000001)	(5, 0.0023665)	(6, 0.0014690200000000001)	(7, 0.101188)	(8, 0.0498458)	(9, 0.0)	(10, 0.18046)	(11, 0.128057)	(12, 0.185253)	(13, 0.12754100000000002)	(14, 0.09447649999999999)	(15, 0.0)	(16, 0.0)	(17, 0.0)	(18, 0.0)	(19, 0.0)	(20, 0.12153599999999999)	(21, 0.11875200000000001)	(22, 0.0971712)	(23, 0.0)	(24, 0.0)	(25, 0.052457899999999995)	(26, 0.0)	(27, 0.0)	(28, 0.0)	(29, 0.0)	(30, 1.60674e-05)	(31, 0.0)	(32, 0.00124409)	(33, 0.0293811)	(34, 0.0264708)	(35, 0.07775599999999999)	(36, 0.302643)	(37, 0.000174459)	(38, 0.201571)	(39, 6.88687e-05)	(40, 0.000220386)	(41, 0.309013)	(42, 0.0)	(43, 0.174203)	(44, 0.172792)	(45, 0.0)	(46, 0.00022044399999999998)	(47, 2.29642e-06)	(48, 0.000427162)	(49, 0.029017099999999997)	(50, 0.00020442900000000003)	(51, 0.000369848)	(52, 0.0809073)	(53, 0.0292549)	(54, 7.123910000000001e-05)	(55, 0.00119973)	(56, 0.000721774)	(57, 0.0571273)	(58, 0.141791)	(59, 0.0578759)	(60, 0.0578717)	(61, 0.0845644)	(62, 4.60272e-05)	(63, 0.0551555)	(64, 0.000594082)	(65, 0.0)	(66, 0.000474648)	(67, 0.164381)	(68, 0.00113446)	(69, 0.000140714)	(70, 0.000175396)	(71, 0.0007342690000000001)	(72, 2.31031e-06)	(73, 0.18360500000000002)	(74, 0.0)	(75, 4.62986e-06)	(76, 0.0466988)	(77, 0.0)	(78, 0.0)	(79, 0.083093)	(80, 0.000595437)	(81, 0.00762659)	(82, 0.0)	(83, 0.0258252)	(84, 2.1050399999999998e-05)	(85, 6.79471e-05)	(86, 3.28651e-05)	(87, 0.0)	(88, 0.11318800000000001)	(89, 0.0274061)	(90, 0.000151655)	(91, 0.059968)	(92, 0.0)	(93, 0.0810474)	(94, 1.44004e-05)	(95, 0.028290299999999997)	(96, 0.0694162)	(97, 0.0780008)	(98, 0.0887059)	(99, 0.000257697)	(100, 0.194879)	(101, 0.00021590999999999998)	(102, 0.275731)	(103, 0.0578267)	(104, 0.107324)	(105, 1.78358e-05)	(106, 0.059514500000000005)	(107, 2.84628e-05)	(108, 0.0)	(109, 9.21018e-05)	(110, 0.0)	(111, 0.0283471)	(112, 0.0269555)	(113, 0.0841734)	(114, 0.0)	(115, 0.0025046699999999996)	(116, 0.0867393)	(117, 0.000454136)	(118, 0.112615)	(119, 0.055592300000000004)	(120, 7.70144e-05)	(121, 0.08331519999999999)	(122, 0.0607785)	(123, 0.225822)	(124, 0.169423)	(125, 0.0)	(126, 0.0)	(127, 0.0)	(128, 5.9472299999999996e-05)	(129, 0.08710709999999999)	(130, 9.52946e-05)	(131, 0.0296933)	(132, 0.22305799999999998)	(133, 0.098426)	(134, 0.0797453)	(135, 0.0520838)	(136, 0.143037)	(137, 0.10307300000000001)	(138, 0.0)	(139, 0.185184)	(140, 0.0838093)	(141, 0.12065999999999999)	(142, 0.00024404)	(143, 0.0)	(144, 0.000304316)	(145, 0.000724451)	(146, 0.0005335940000000001)	(147, 0.00247673)	(148, 0.0)	(149, 0.00036732700000000003)	(150, 0.00167749)	(151, 0.0)
reports | SRR30333745	(1, 0.0020471599999999997)	(2, 0.0723329)	(3, 0.28168899999999997)	(4, 0.0899098)	(5, 0.00305987)	(6, 0.0019406699999999998)	(7, 0.0820081)	(8, 0.0407563)	(9, 0.0)	(10, 0.151218)	(11, 0.105794)	(12, 0.151575)	(13, 0.10466600000000001)	(14, 0.0771553)	(15, 0.0)	(16, 0.0)	(17, 0.0)	(18, 0.0)	(19, 0.0)	(20, 0.0968663)	(21, 0.09748340000000001)	(22, 0.0811866)	(23, 0.0)	(24, 0.0)	(25, 0.0415821)	(26, 2.1732e-06)	(27, 0.0)	(28, 0.0)	(29, 0.0)	(30, 6.51961e-06)	(31, 0.0)	(32, 0.0017711799999999998)	(33, 0.0239905)	(34, 0.0223673)	(35, 0.0630712)	(36, 0.250197)	(37, 0.000262976)	(38, 0.16648)	(39, 8.47647e-05)	(40, 0.00032602799999999996)	(41, 0.257343)	(42, 0.0)	(43, 0.145007)	(44, 0.143401)	(45, 8.69602e-06)	(46, 0.000117402)	(47, 2.1742399999999997e-06)	(48, 0.000628401)	(49, 0.0244161)	(50, 0.00030664399999999996)	(51, 0.00048285499999999997)	(52, 0.0709279)	(53, 0.0241122)	(54, 0.000139259)	(55, 0.00120346)	(56, 0.000550672)	(57, 0.0471068)	(58, 0.11705800000000001)	(59, 0.048086)	(60, 0.0480957)	(61, 0.0693754)	(62, 3.05145e-05)	(63, 0.0472346)	(64, 0.000593257)	(65, 0.0)	(66, 0.000827288)	(67, 0.13073099999999999)	(68, 0.0009088739999999999)	(69, 0.000131155)	(70, 0.000301829)	(71, 0.000687199)	(72, 4.38008e-06)	(73, 0.15171600000000002)	(74, 0.0)	(75, 1.53688e-05)	(76, 0.034216500000000004)	(77, 0.0)	(78, 0.0)	(79, 0.0674866)	(80, 0.0008194459999999999)	(81, 0.00611652)	(82, 0.0)	(83, 0.0214307)	(84, 2.89164e-05)	(85, 0.000129293)	(86, 4.6925499999999997e-05)	(87, 0.0)	(88, 0.0957686)	(89, 0.0230742)	(90, 0.00024419299999999997)	(91, 0.048367400000000005)	(92, 0.0)	(93, 0.0676935)	(94, 3.44639e-05)	(95, 0.0228725)	(96, 0.0581825)	(97, 0.0654044)	(98, 0.0731266)	(99, 0.00043942000000000004)	(100, 0.161979)	(101, 0.000227563)	(102, 0.23323200000000002)	(103, 0.0479999)	(104, 0.0892785)	(105, 1.97969e-05)	(106, 0.0487536)	(107, 6.80901e-05)	(108, 0.0)	(109, 0.000211108)	(110, 0.0)	(111, 0.024309900000000002)	(112, 0.0229817)	(113, 0.06980130000000001)	(114, 0.0)	(115, 0.00365928)	(116, 0.07029300000000001)	(117, 0.000642949)	(118, 0.0954193)	(119, 0.0471746)	(120, 0.00011000300000000001)	(121, 0.06865489999999999)	(122, 0.0504542)	(123, 0.185638)	(124, 0.138456)	(125, 0.0)	(126, 0.0)	(127, 0.0)	(128, 0.000111911)	(129, 0.0717436)	(130, 0.000161655)	(131, 0.0245782)	(132, 0.184664)	(133, 0.0814473)	(134, 0.0657604)	(135, 0.0431906)	(136, 0.11766000000000001)	(137, 0.0848073)	(138, 0.0)	(139, 0.153612)	(140, 0.07116)	(141, 0.09687810000000001)	(142, 0.000425407)	(143, 0.0)	(144, 0.000346602)	(145, 0.000538145)	(146, 0.000733391)	(147, 0.00373293)	(148, 0.0)	(149, 0.00048490999999999996)	(150, 0.00252189)	(151, 0.0)
reports | SRR30333746	(1, 0.00147223)	(2, 0.08462059999999999)	(3, 0.332138)	(4, 0.10492800000000001)	(5, 0.00260379)	(6, 0.0016523100000000002)	(7, 0.0982114)	(8, 0.0470239)	(9, 0.0)	(10, 0.177819)	(11, 0.12450199999999999)	(12, 0.178464)	(13, 0.12224399999999999)	(14, 0.0896846)	(15, 0.0)	(16, 0.0)	(17, 0.0)	(18, 0.0)	(19, 2.43344e-06)	(20, 0.113287)	(21, 0.11535000000000001)	(22, 0.0941013)	(23, 0.0)	(24, 0.0)	(25, 0.04907279999999999)	(26, 0.0)	(27, 0.0)	(28, 0.0)	(29, 0.0)	(30, 1.94676e-05)	(31, 0.0)	(32, 0.0011778)	(33, 0.028345300000000004)	(34, 0.026123800000000003)	(35, 0.0747655)	(36, 0.295391)	(37, 0.000204422)	(38, 0.19405799999999998)	(39, 5.11074e-05)	(40, 0.000250676)	(41, 0.30107100000000003)	(42, 0.0)	(43, 0.16919)	(44, 0.167744)	(45, 2.43422e-06)	(46, 0.000148494)	(47, 0.0)	(48, 0.00043092399999999996)	(49, 0.027659)	(50, 0.00020940799999999998)	(51, 0.000360412)	(52, 0.08155219999999999)	(53, 0.0284013)	(54, 0.000138858)	(55, 0.00120603)	(56, 0.000616502)	(57, 0.0545866)	(58, 0.136743)	(59, 0.056893000000000006)	(60, 0.0569126)	(61, 0.0812445)	(62, 2.4397900000000002e-05)	(63, 0.055231699999999995)	(64, 0.00062498)	(65, 0.0)	(66, 0.0006303109999999999)	(67, 0.154592)	(68, 0.00103671)	(69, 0.000136987)	(70, 0.00018600500000000002)	(71, 0.0006979099999999999)	(72, 7.35097e-06)	(73, 0.180088)	(74, 2.4538e-06)	(75, 7.36743e-06)	(76, 0.039556299999999996)	(77, 0.0)	(78, 0.0)	(79, 0.0795474)	(80, 0.000587546)	(81, 0.00752958)	(82, 0.0)	(83, 0.0245467)	(84, 1.98699e-05)	(85, 8.46068e-05)	(86, 7.48074e-05)	(87, 0.0)	(88, 0.111747)	(89, 0.026692399999999998)	(90, 0.000181356)	(91, 0.057532099999999996)	(92, 0.0)	(93, 0.07928489999999999)	(94, 1.53187e-05)	(95, 0.0274014)	(96, 0.0679111)	(97, 0.07694899999999999)	(98, 0.0861621)	(99, 0.000378975)	(100, 0.188478)	(101, 0.00025383700000000003)	(102, 0.271972)	(103, 0.0560641)	(104, 0.104806)	(105, 1.0868399999999999e-05)	(106, 0.056735900000000006)	(107, 3.86455e-05)	(108, 0.0)	(109, 0.00014604899999999998)	(110, 0.0)	(111, 0.027104499999999997)	(112, 0.027200899999999997)	(113, 0.0811979)	(114, 0.0)	(115, 0.00279072)	(116, 0.0830537)	(117, 0.00046122)	(118, 0.11018)	(119, 0.0542761)	(120, 6.65799e-05)	(121, 0.0797509)	(122, 0.059439)	(123, 0.224268)	(124, 0.163534)	(125, 0.0)	(126, 0.0)	(127, 0.0)	(128, 4.96355e-05)	(129, 0.08365729999999999)	(130, 0.000157156)	(131, 0.028875500000000002)	(132, 0.21864599999999998)	(133, 0.0965492)	(134, 0.0778917)	(135, 0.051064899999999996)	(136, 0.13798)	(137, 0.098697)	(138, 0.0)	(139, 0.185487)	(140, 0.0830417)	(141, 0.11252300000000001)	(142, 0.000308187)	(143, 0.0)	(144, 0.000268757)	(145, 0.000656211)	(146, 0.000413891)	(147, 0.00294773)	(148, 0.0)	(149, 0.000388142)	(150, 0.00214248)	(151, 0.0)
reports | SRR30333747	(1, 0.00136575)	(2, 0.10270900000000001)	(3, 0.410717)	(4, 0.129817)	(5, 0.00163384)	(6, 0.0015908399999999998)	(7, 0.11677599999999999)	(8, 0.0589597)	(9, 0.0)	(10, 0.22003399999999998)	(11, 0.154175)	(12, 0.22074500000000002)	(13, 0.15133)	(14, 0.113225)	(15, 0.0)	(16, 0.0)	(17, 0.0188574)	(18, 0.0)	(19, 0.014519899999999999)	(20, 0.140318)	(21, 0.142842)	(22, 0.11795499999999999)	(23, 0.00633301)	(24, 0.0)	(25, 0.0617873)	(26, 0.0)	(27, 0.0)	(28, 0.0)	(29, 0.000128987)	(30, 7.587470000000001e-06)	(31, 0.0)	(32, 2.52919e-06)	(33, 0.0343416)	(34, 0.032255400000000004)	(35, 0.09084120000000001)	(36, 0.362856)	(37, 0.016633)	(38, 0.24046900000000002)	(39, 0.0)	(40, 0.0)	(41, 0.37461)	(42, 0.0001619)	(43, 0.20890599999999998)	(44, 0.207865)	(45, 7.58997e-06)	(46, 0.000177107)	(47, 0.0)	(48, 6.326e-05)	(49, 0.0345979)	(50, 0.0164247)	(51, 4.55581e-05)	(52, 0.112623)	(53, 0.057440200000000004)	(54, 2.2786100000000002e-05)	(55, 0.0186867)	(56, 0.0246628)	(57, 0.0777916)	(58, 0.17038699999999998)	(59, 0.0693174)	(60, 0.0790114)	(61, 0.09978089999999999)	(62, 4.05587e-05)	(63, 0.0701069)	(64, 0.000542734)	(65, 0.0244778)	(66, 0.000492279)	(67, 0.209168)	(68, 0.00129495)	(69, 0.0172086)	(70, 0.0158457)	(71, 0.0007550020000000001)	(72, 0.000213635)	(73, 0.221162)	(74, 0.0)	(75, 5.09513e-06)	(76, 0.0548095)	(77, 0.0)	(78, 0.0)	(79, 0.09914139999999999)	(80, 3.83667e-05)	(81, 0.0086592)	(82, 0.00887905)	(83, 0.0309071)	(84, 5.13963e-06)	(85, 0.0228738)	(86, 0.0095117)	(87, 0.00011878000000000001)	(88, 0.14679999999999999)	(89, 0.0423211)	(90, 2.5981599999999997e-06)	(91, 0.0701028)	(92, 0.0)	(93, 0.122602)	(94, 9.97928e-05)	(95, 0.0331549)	(96, 0.08335089999999999)	(97, 0.0954936)	(98, 0.10600799999999999)	(99, 3.47866e-05)	(100, 0.238074)	(101, 0.0100859)	(102, 0.336784)	(103, 0.08602520000000001)	(104, 0.143065)	(105, 5.52297e-06)	(106, 0.0715017)	(107, 7.55344e-05)	(108, 2.8171499999999998e-06)	(109, 0.0)	(110, 0.026448)	(111, 0.032655899999999995)	(112, 0.0422118)	(113, 0.10175200000000001)	(114, 0.0)	(115, 0.0387133)	(116, 0.104389)	(117, 8.81833e-05)	(118, 0.141589)	(119, 0.0873077)	(120, 0.000244591)	(121, 0.109095)	(122, 0.0787902)	(123, 0.277333)	(124, 0.21407700000000002)	(125, 1.32635e-05)	(126, 0.00862275)	(127, 0.000264829)	(128, 2.40603e-05)	(129, 0.106867)	(130, 3.87606e-05)	(131, 0.0365913)	(132, 0.284924)	(133, 0.122506)	(134, 0.0977788)	(135, 0.06635569999999999)	(136, 0.176453)	(137, 0.125342)	(138, 0.0)	(139, 0.22843999999999998)	(140, 0.107388)	(141, 0.14504)	(142, 0.0249879)	(143, 0.0)	(144, 0.0222907)	(145, 0.000746322)	(146, 0.00562499)	(147, 0.0012915099999999998)	(148, 0.012461199999999999)	(149, 6.48056e-05)	(150, 0.0011410799999999998)	(151, 0.0)
reports | SRR30333748	(1, 0.00199917)	(2, 0.0729721)	(3, 0.287121)	(4, 0.09131500000000001)	(5, 0.00299004)	(6, 0.00180893)	(7, 0.0819882)	(8, 0.040742799999999996)	(9, 0.0)	(10, 0.153755)	(11, 0.10721800000000001)	(12, 0.154225)	(13, 0.106995)	(14, 0.0790775)	(15, 0.0)	(16, 0.0)	(17, 0.0)	(18, 0.0)	(19, 3.17077e-06)	(20, 0.09815920000000002)	(21, 0.100712)	(22, 0.08235920000000001)	(23, 0.0)	(24, 0.0)	(25, 0.0432255)	(26, 3.17077e-06)	(27, 0.0)	(28, 0.0)	(29, 0.0)	(30, 6.34154e-06)	(31, 0.0)	(32, 0.0014332)	(33, 0.0240475)	(34, 0.022880900000000003)	(35, 0.0638869)	(36, 0.25343499999999997)	(37, 0.000212453)	(38, 0.168192)	(39, 5.3907600000000005e-05)	(40, 0.000248931)	(41, 0.262299)	(42, 0.0)	(43, 0.14746)	(44, 0.14487599999999998)	(45, 3.17147e-06)	(46, 0.000174437)	(47, 0.0)	(48, 0.0004916320000000001)	(49, 0.0252044)	(50, 0.00027121599999999996)	(51, 0.000401296)	(52, 0.0731261)	(53, 0.0249645)	(54, 0.00010470699999999999)	(55, 0.00118359)	(56, 0.0005680409999999999)	(57, 0.0473576)	(58, 0.119609)	(59, 0.0480796)	(60, 0.0480963)	(61, 0.0705998)	(62, 2.3816599999999998e-05)	(63, 0.0487668)	(64, 0.0006543780000000001)	(65, 1.58858e-06)	(66, 0.0006927589999999999)	(67, 0.133234)	(68, 0.000944232)	(69, 0.00012561299999999998)	(70, 0.000200401)	(71, 0.000634807)	(72, 4.77468e-06)	(73, 0.16078699999999999)	(74, 0.0)	(75, 1.59363e-06)	(76, 0.0338727)	(77, 0.0)	(78, 0.0)	(79, 0.069594)	(80, 0.000743391)	(81, 0.00589443)	(82, 0.0)	(83, 0.0218228)	(84, 1.4443700000000002e-05)	(85, 9.640669999999999e-05)	(86, 3.53964e-05)	(87, 0.0)	(88, 0.0975036)	(89, 0.0235221)	(90, 0.000210556)	(91, 0.04952379999999999)	(92, 0.0)	(93, 0.0688753)	(94, 1.4711300000000001e-05)	(95, 0.0233486)	(96, 0.05838)	(97, 0.06690399999999999)	(98, 0.0748106)	(99, 0.000372148)	(100, 0.165795)	(101, 0.000162471)	(102, 0.238513)	(103, 0.048071)	(104, 0.0896242)	(105, 1.1954800000000001e-05)	(106, 0.0494325)	(107, 3.28208e-05)	(108, 0.0)	(109, 0.000157426)	(110, 0.0)	(111, 0.0244414)	(112, 0.0228977)	(113, 0.0703588)	(114, 0.0)	(115, 0.00336352)	(116, 0.07226729999999999)	(117, 0.000609738)	(118, 0.0980711)	(119, 0.0489274)	(120, 9.74098e-05)	(121, 0.0700652)	(122, 0.050560100000000004)	(123, 0.191477)	(124, 0.14167400000000002)	(125, 0.0)	(126, 0.0)	(127, 2.04875e-06)	(128, 5.3847199999999995e-05)	(129, 0.0726049)	(130, 0.000169354)	(131, 0.0248194)	(132, 0.19054000000000001)	(133, 0.0840975)	(134, 0.0669897)	(135, 0.044668)	(136, 0.120363)	(137, 0.08647629999999999)	(138, 0.0)	(139, 0.156136)	(140, 0.0728057)	(141, 0.0976519)	(142, 0.000427905)	(143, 0.0)	(144, 0.000341489)	(145, 0.000511554)	(146, 0.000686578)	(147, 0.00352496)	(148, 0.0)	(149, 0.000487849)	(150, 0.00258778)	(151, 0.0)
reports | SRR30333749	(1, 0.00575157)	(2, 0.0648826)	(3, 0.22123099999999998)	(4, 0.0773008)	(5, 0.00181079)	(6, 0.00109111)	(7, 0.063749)	(8, 0.0313889)	(9, 0.0)	(10, 0.119425)	(11, 0.101011)	(12, 0.11749799999999999)	(13, 0.0817756)	(14, 0.0609167)	(15, 0.0)	(16, 0.00423291)	(17, 0.0)	(18, 0.0)	(19, 0.0)	(20, 0.0753024)	(21, 0.07688299999999999)	(22, 0.0632711)	(23, 0.0)	(24, 0.0)	(25, 0.0332635)	(26, 0.0)	(27, 1.9346e-06)	(28, 0.0)	(29, 0.0)	(30, 7.7384e-06)	(31, 0.0294292)	(32, 0.00112981)	(33, 0.0193868)	(34, 0.017164099999999998)	(35, 0.0498925)	(36, 0.19564600000000001)	(37, 0.000135427)	(38, 0.130589)	(39, 4.25634e-05)	(40, 0.000147039)	(41, 0.200335)	(42, 0.0)	(43, 0.111286)	(44, 0.112067)	(45, 0.0)	(46, 9.674540000000001e-05)	(47, 0.0)	(48, 0.00030573)	(49, 0.0190545)	(50, 0.00136232)	(51, 0.00120755)	(52, 0.055336899999999994)	(53, 0.019014800000000002)	(54, 7.35465e-05)	(55, 0.000770337)	(56, 0.000379381)	(57, 0.0387879)	(58, 0.12074099999999999)	(59, 0.037210900000000005)	(60, 0.0370975)	(61, 0.054172599999999994)	(62, 1.74279e-05)	(63, 0.0375995)	(64, 0.000424166)	(65, 0.0)	(66, 0.000370027)	(67, 0.10251500000000001)	(68, 0.000676314)	(69, 6.97748e-05)	(70, 9.6927e-05)	(71, 0.000457588)	(72, 0.0)	(73, 0.117932)	(74, 0.0)	(75, 1.941e-06)	(76, 0.0267424)	(77, 0.0)	(78, 0.0)	(79, 0.053814900000000006)	(80, 0.000429849)	(81, 0.00462774)	(82, 0.0)	(83, 0.0161494)	(84, 1.75499e-05)	(85, 4.87895e-05)	(86, 1.36737e-05)	(87, 0.0)	(88, 0.0755725)	(89, 0.0181364)	(90, 0.000131481)	(91, 0.0914676)	(92, 0.0)	(93, 0.0531564)	(94, 1.77774e-05)	(95, 0.0178589)	(96, 0.0443974)	(97, 0.05118949999999999)	(98, 0.0563234)	(99, 0.00021187999999999998)	(100, 0.12762800000000002)	(101, 0.000110606)	(102, 0.182675)	(103, 0.0370607)	(104, 0.0689834)	(105, 1.22442e-05)	(106, 0.0378512)	(107, 3.08802e-05)	(108, 0.0)	(109, 9.77018e-05)	(110, 0.0)	(111, 0.0184857)	(112, 0.0174314)	(113, 0.0539844)	(114, 0.0)	(115, 0.0019176899999999999)	(116, 0.0553163)	(117, 0.00038173099999999995)	(118, 0.0745459)	(119, 0.0374934)	(120, 0.000227424)	(121, 0.054336499999999996)	(122, 0.0383444)	(123, 0.14679999999999999)	(124, 0.10734099999999999)	(125, 0.0)	(126, 0.0)	(127, 0.0)	(128, 0.0011401599999999999)	(129, 0.0555561)	(130, 7.29179e-05)	(131, 0.0184728)	(132, 0.146332)	(133, 0.0641062)	(134, 0.0501038)	(135, 0.034696)	(136, 0.0915372)	(137, 0.0660093)	(138, 0.0)	(139, 0.12010799999999999)	(140, 0.0553114)	(141, 0.0748142)	(142, 0.000204524)	(143, 0.0)	(144, 0.000300246)	(145, 0.00039586100000000006)	(146, 0.000409826)	(147, 0.0020849899999999997)	(148, 0.0)	(149, 0.000287763)	(150, 0.00150878)	(151, 0.0)
reports | SRR30333750	(1, 0.00185808)	(2, 0.0733663)	(3, 0.290706)	(4, 0.0915565)	(5, 0.00279969)	(6, 0.0016686)	(7, 0.0825852)	(8, 0.0419567)	(9, 0.0)	(10, 0.156054)	(11, 0.10810900000000001)	(12, 0.15507400000000002)	(13, 0.107488)	(14, 0.0802321)	(15, 0.0)	(16, 0.0)	(17, 0.0)	(18, 0.0)	(19, 0.0)	(20, 0.100222)	(21, 0.10172300000000001)	(22, 0.0829641)	(23, 0.0)	(24, 0.0)	(25, 0.0443794)	(26, 5.80047e-06)	(27, 0.0)	(28, 0.0)	(29, 0.0)	(30, 9.66745e-06)	(31, 0.0)	(32, 0.0015158699999999999)	(33, 0.0247743)	(34, 0.0227521)	(35, 0.0649371)	(36, 0.255923)	(37, 0.000181761)	(38, 0.1714)	(39, 6.38121e-05)	(40, 0.000241719)	(41, 0.263822)	(42, 0.0)	(43, 0.14838900000000002)	(44, 0.147534)	(45, 0.0)	(46, 0.000141198)	(47, 0.0)	(48, 0.000564856)	(49, 0.0248012)	(50, 0.00027086199999999997)	(51, 0.000427614)	(52, 0.07314720000000001)	(53, 0.025097599999999998)	(54, 9.67797e-05)	(55, 0.00115569)	(56, 0.000567274)	(57, 0.0483197)	(58, 0.12063399999999999)	(59, 0.047990700000000004)	(60, 0.0479982)	(61, 0.0714869)	(62, 2.7135800000000002e-05)	(63, 0.048431100000000005)	(64, 0.00060702)	(65, 0.0)	(66, 0.000609344)	(67, 0.136325)	(68, 0.000951568)	(69, 0.000170963)	(70, 0.000192419)	(71, 0.000635878)	(72, 5.83687e-06)	(73, 0.156507)	(74, 0.0)	(75, 1.55951e-05)	(76, 0.035080400000000005)	(77, 0.0)	(78, 0.0)	(79, 0.0701093)	(80, 0.000695125)	(81, 0.0061593)	(82, 0.0)	(83, 0.0216576)	(84, 9.84076e-06)	(85, 8.87063e-05)	(86, 2.5670699999999998e-05)	(87, 0.0)	(88, 0.0986649)	(89, 0.0240339)	(90, 0.000195142)	(91, 0.0495675)	(92, 0.0)	(93, 0.0700893)	(94, 1.6109199999999998e-05)	(95, 0.023331599999999997)	(96, 0.0590391)	(97, 0.0672654)	(98, 0.07495260000000001)	(99, 0.00039412)	(100, 0.167555)	(101, 0.00018443099999999998)	(102, 0.240084)	(103, 0.0487173)	(104, 0.0907804)	(105, 8.4757e-06)	(106, 0.049911699999999996)	(107, 6.22491e-05)	(108, 0.0)	(109, 0.000165456)	(110, 0.0)	(111, 0.0246105)	(112, 0.023313)	(113, 0.0708589)	(114, 0.0)	(115, 0.00328067)	(116, 0.0732507)	(117, 0.0005385079999999999)	(118, 0.0987373)	(119, 0.0486885)	(120, 9.611659999999999e-05)	(121, 0.0713561)	(122, 0.05172589999999999)	(123, 0.199622)	(124, 0.14226899999999998)	(125, 0.0)	(126, 0.0)	(127, 0.0)	(128, 8.94612e-05)	(129, 0.0726013)	(130, 0.000180677)	(131, 0.025464900000000002)	(132, 0.191023)	(133, 0.0839433)	(134, 0.0671401)	(135, 0.045505)	(136, 0.122222)	(137, 0.08749749999999999)	(138, 0.0)	(139, 0.16170500000000002)	(140, 0.0723095)	(141, 0.09964030000000001)	(142, 0.00034854)	(143, 0.0)	(144, 0.000401404)	(145, 0.000496866)	(146, 0.0006627)	(147, 0.00343423)	(148, 0.0)	(149, 0.000490344)	(150, 0.00252256)	(151, 0.0)
reports | SRR30333751	(1, 0.0019865599999999996)	(2, 0.0775635)	(3, 0.302332)	(4, 0.09652079999999999)	(5, 0.00299759)	(6, 0.00185574)	(7, 0.0863806)	(8, 0.043797699999999995)	(9, 0.0)	(10, 0.163053)	(11, 0.11266)	(12, 0.162057)	(13, 0.110987)	(14, 0.0828411)	(15, 0.0)	(16, 0.0)	(17, 0.0)	(18, 0.0)	(19, 0.0)	(20, 0.108816)	(21, 0.10456599999999999)	(22, 0.0866778)	(23, 3.73764e-06)	(24, 0.0)	(25, 0.046072)	(26, 0.0)	(27, 0.0)	(28, 0.0)	(29, 0.0)	(30, 1.30817e-05)	(31, 0.0)	(32, 0.0015810400000000001)	(33, 0.025765899999999998)	(34, 0.0236133)	(35, 0.0678876)	(36, 0.266439)	(37, 0.000276604)	(38, 0.178332)	(39, 7.662990000000001e-05)	(40, 0.000289706)	(41, 0.272881)	(42, 0.0)	(43, 0.153419)	(44, 0.151722)	(45, 1.8694100000000001e-06)	(46, 0.000157038)	(47, 0.0)	(48, 0.0005253860000000001)	(49, 0.026037400000000002)	(50, 0.000308547)	(51, 0.000439486)	(52, 0.07591880000000001)	(53, 0.0259331)	(54, 0.00010476200000000001)	(55, 0.00123483)	(56, 0.000621233)	(57, 0.0499839)	(58, 0.124778)	(59, 0.0502011)	(60, 0.05021)	(61, 0.07354469999999999)	(62, 5.05743e-05)	(63, 0.05034860000000001)	(64, 0.0005734640000000001)	(65, 0.0)	(66, 0.000721932)	(67, 0.145633)	(68, 0.000981359)	(69, 0.000152046)	(70, 0.00021971300000000002)	(71, 0.000736466)	(72, 3.7593700000000004e-06)	(73, 0.162256)	(74, 1.8818700000000002e-06)	(75, 1.12987e-05)	(76, 0.0423288)	(77, 0.0)	(78, 0.0)	(79, 0.0727994)	(80, 0.000748937)	(81, 0.00669292)	(82, 0.0)	(83, 0.0225176)	(84, 2.09098e-05)	(85, 0.00011232999999999999)	(86, 4.38668e-05)	(87, 0.0)	(88, 0.101542)	(89, 0.0247327)	(90, 0.00025392300000000003)	(91, 0.051546)	(92, 0.0)	(93, 0.0723699)	(94, 2.5300000000000002e-05)	(95, 0.0240828)	(96, 0.0614436)	(97, 0.0698108)	(98, 0.0774836)	(99, 0.00038528900000000003)	(100, 0.17400300000000002)	(101, 0.00023070499999999997)	(102, 0.249014)	(103, 0.04989010000000001)	(104, 0.0940528)	(105, 1.0273e-05)	(106, 0.0516767)	(107, 5.0001300000000005e-05)	(108, 0.0)	(109, 0.00016923399999999999)	(110, 0.0)	(111, 0.0253973)	(112, 0.0247176)	(113, 0.0734967)	(114, 0.0)	(115, 0.00336783)	(116, 0.0756623)	(117, 0.000642295)	(118, 0.10129200000000001)	(119, 0.0500281)	(120, 0.00011531499999999999)	(121, 0.073727)	(122, 0.0532745)	(123, 0.19903500000000002)	(124, 0.147423)	(125, 0.0)	(126, 0.0)	(127, 0.0)	(128, 6.48868e-05)	(129, 0.07514359999999999)	(130, 0.000143934)	(131, 0.025885300000000003)	(132, 0.197058)	(133, 0.0876224)	(134, 0.0701512)	(135, 0.0470666)	(136, 0.12606799999999999)	(137, 0.0895371)	(138, 0.0)	(139, 0.16261699999999998)	(140, 0.0759489)	(141, 0.103104)	(142, 0.00036794299999999997)	(143, 0.0)	(144, 0.00043551)	(145, 0.000575736)	(146, 0.000703886)	(147, 0.0036832999999999996)	(148, 0.0)	(149, 0.000545114)	(150, 0.0024890999999999997)	(151, 0.0)
reports | SRR30333752	(1, 0.0019219500000000002)	(2, 0.0735116)	(3, 0.294585)	(4, 0.0930558)	(5, 0.00285775)	(6, 0.00155215)	(7, 0.0841579)	(8, 0.041776)	(9, 0.0)	(10, 0.159756)	(11, 0.10981700000000001)	(12, 0.157692)	(13, 0.109931)	(14, 0.0813731)	(15, 0.0)	(16, 0.0)	(17, 0.0)	(18, 0.0)	(19, 0.0)	(20, 0.105332)	(21, 0.103641)	(22, 0.08527950000000001)	(23, 0.0)	(24, 0.0)	(25, 0.0444184)	(26, 3.4723599999999997e-06)	(27, 0.0)	(28, 0.0)	(29, 0.0)	(30, 6.9447199999999995e-06)	(31, 0.0)	(32, 0.00148619)	(33, 0.025281)	(34, 0.0228453)	(35, 0.0663265)	(36, 0.262221)	(37, 0.000192729)	(38, 0.174103)	(39, 6.42455e-05)	(40, 0.00024657)	(41, 0.271214)	(42, 0.0)	(43, 0.15118600000000001)	(44, 0.150096)	(45, 3.47343e-06)	(46, 0.000151101)	(47, 0.0)	(48, 0.0005384669999999999)	(49, 0.0256118)	(50, 0.000284906)	(51, 0.000403071)	(52, 0.0736731)	(53, 0.025432999999999997)	(54, 9.732080000000001e-05)	(55, 0.00112626)	(56, 0.000564928)	(57, 0.048852)	(58, 0.122494)	(59, 0.0496042)	(60, 0.04962080000000001)	(61, 0.0721544)	(62, 3.3057e-05)	(63, 0.0494166)	(64, 0.000603986)	(65, 0.0)	(66, 0.000673938)	(67, 0.142873)	(68, 0.0009200030000000001)	(69, 0.000106322)	(70, 0.000219693)	(71, 0.000615724)	(72, 0.0)	(73, 0.159494)	(74, 3.4934099999999997e-06)	(75, 8.738349999999999e-06)	(76, 0.0402938)	(77, 0.0)	(78, 0.0)	(79, 0.0709695)	(80, 0.00060687)	(81, 0.00585661)	(82, 0.0)	(83, 0.0220628)	(84, 2.28978e-05)	(85, 8.642139999999999e-05)	(86, 4.41561e-05)	(87, 0.0)	(88, 0.10046000000000001)	(89, 0.024062399999999998)	(90, 0.00023302499999999999)	(91, 0.0514071)	(92, 0.0)	(93, 0.0706177)	(94, 3.05331e-05)	(95, 0.0241992)	(96, 0.060032800000000004)	(97, 0.06832)	(98, 0.07765889999999999)	(99, 0.00032148699999999997)	(100, 0.169249)	(101, 0.000193421)	(102, 0.242167)	(103, 0.049364000000000005)	(104, 0.0926413)	(105, 5.63793e-06)	(106, 0.051232700000000006)	(107, 4.94388e-05)	(108, 0.0)	(109, 0.000196467)	(110, 0.0)	(111, 0.025132099999999997)	(112, 0.0240225)	(113, 0.07225419999999999)	(114, 0.0)	(115, 0.00340244)	(116, 0.0739644)	(117, 0.000529107)	(118, 0.10048399999999999)	(119, 0.0493542)	(120, 7.80285e-05)	(121, 0.07107)	(122, 0.052457899999999995)	(123, 0.203922)	(124, 0.146424)	(125, 0.0)	(126, 0.0)	(127, 0.0)	(128, 5.96077e-05)	(129, 0.0746593)	(130, 0.00013836500000000002)	(131, 0.025921899999999998)	(132, 0.195592)	(133, 0.0856863)	(134, 0.0676134)	(135, 0.0456881)	(136, 0.12307)	(137, 0.0875864)	(138, 0.0)	(139, 0.16642300000000002)	(140, 0.0741527)	(141, 0.101439)	(142, 0.000389154)	(143, 0.0)	(144, 0.000324426)	(145, 0.0005473)	(146, 0.0006386230000000001)	(147, 0.0035849600000000003)	(148, 0.0)	(149, 0.000460027)	(150, 0.00248885)	(151, 0.0)
reports | SRR30333753	(1, 0.0013551400000000001)	(2, 0.10213900000000001)	(3, 0.411856)	(4, 0.13150799999999999)	(5, 0.0016611400000000002)	(6, 0.00152485)	(7, 0.117709)	(8, 0.0597829)	(9, 0.0)	(10, 0.221579)	(11, 0.155548)	(12, 0.22199799999999997)	(13, 0.153151)	(14, 0.113014)	(15, 0.0)	(16, 0.0)	(17, 0.0181259)	(18, 0.0)	(19, 0.0130911)	(20, 0.141155)	(21, 0.143506)	(22, 0.11869400000000001)	(23, 0.00611741)	(24, 0.0)	(25, 0.0614338)	(26, 0.0)	(27, 2.5714199999999998e-06)	(28, 0.0)	(29, 0.000100285)	(30, 1.28571e-05)	(31, 0.0)	(32, 2.57146e-06)	(33, 0.0351136)	(34, 0.0325939)	(35, 0.09364030000000001)	(36, 0.367848)	(37, 0.015926100000000002)	(38, 0.244897)	(39, 0.0)	(40, 2.5718499999999998e-06)	(41, 0.377954)	(42, 0.000144036)	(43, 0.21093)	(44, 0.209427)	(45, 5.14494e-06)	(46, 0.000203237)	(47, 2.57278e-06)	(48, 8.748069999999999e-05)	(49, 0.035020800000000005)	(50, 0.0157468)	(51, 5.4048e-05)	(52, 0.112515)	(53, 0.0565244)	(54, 2.31737e-05)	(55, 0.0178234)	(56, 0.0246082)	(57, 0.0768442)	(58, 0.17205600000000001)	(59, 0.0692606)	(60, 0.0788068)	(61, 0.100921)	(62, 7.73853e-05)	(63, 0.0699742)	(64, 0.000653118)	(65, 0.0233283)	(66, 0.000488324)	(67, 0.211236)	(68, 0.0012388199999999999)	(69, 0.0167581)	(70, 0.0158183)	(71, 0.000681465)	(72, 0.000197073)	(73, 0.220448)	(74, 2.5976099999999998e-06)	(75, 5.2005000000000004e-06)	(76, 0.0510694)	(77, 0.0)	(78, 0.0)	(79, 0.100464)	(80, 5.7580499999999995e-05)	(81, 0.008530840000000001)	(82, 0.00838343)	(83, 0.031061400000000003)	(84, 0.0)	(85, 0.022321)	(86, 0.009659019999999999)	(87, 0.000106327)	(88, 0.148358)	(89, 0.0424999)	(90, 0.0)	(91, 0.07179089999999999)	(92, 0.0)	(93, 0.124117)	(94, 8.19535e-05)	(95, 0.0334527)	(96, 0.08436249999999999)	(97, 0.0957032)	(98, 0.10741500000000001)	(99, 6.75497e-05)	(100, 0.240793)	(101, 0.00967716)	(102, 0.341151)	(103, 0.086465)	(104, 0.145621)	(105, 2.9567699999999998e-05)	(106, 0.0733825)	(107, 7.54133e-05)	(108, 0.0)	(109, 0.0)	(110, 0.0253352)	(111, 0.0331863)	(112, 0.0420126)	(113, 0.103042)	(114, 0.0)	(115, 0.0368055)	(116, 0.10495000000000002)	(117, 0.00010617900000000001)	(118, 0.143359)	(119, 0.0869205)	(120, 0.000200907)	(121, 0.10899099999999999)	(122, 0.0799811)	(123, 0.282278)	(124, 0.21668600000000002)	(125, 3.90104e-06)	(126, 0.00804762)	(127, 0.000246527)	(128, 2.4695900000000002e-05)	(129, 0.106943)	(130, 2.98996e-05)	(131, 0.036764700000000004)	(132, 0.28720999999999997)	(133, 0.124453)	(134, 0.10027199999999999)	(135, 0.0663258)	(136, 0.17960700000000002)	(137, 0.128249)	(138, 0.0)	(139, 0.232524)	(140, 0.109756)	(141, 0.147011)	(142, 0.0236572)	(143, 0.0)	(144, 0.020773)	(145, 0.00071892)	(146, 0.00559202)	(147, 0.00117216)	(148, 0.0118149)	(149, 1.2706800000000002e-05)	(150, 0.0010121800000000001)	(151, 0.0)
reports | SRR30333754	(1, 0.00151746)	(2, 0.090669)	(3, 0.352425)	(4, 0.11218199999999999)	(5, 0.00254549)	(6, 0.0016055199999999998)	(7, 0.101367)	(8, 0.0509201)	(9, 0.0)	(10, 0.18667499999999998)	(11, 0.13097899999999998)	(12, 0.189274)	(13, 0.129466)	(14, 0.09631909999999999)	(15, 0.0)	(16, 0.0)	(17, 0.0)	(18, 0.0)	(19, 2.04786e-06)	(20, 0.126521)	(21, 0.122657)	(22, 0.0988666)	(23, 0.0)	(24, 0.0)	(25, 0.0526382)	(26, 2.04786e-06)	(27, 0.0)	(28, 2.04786e-06)	(29, 0.0)	(30, 1.02393e-05)	(31, 0.0)	(32, 0.00130246)	(33, 0.029428499999999996)	(34, 0.0276308)	(35, 0.0803501)	(36, 0.30970899999999996)	(37, 0.000204805)	(38, 0.20728000000000002)	(39, 6.55411e-05)	(40, 0.000227354)	(41, 0.31547)	(42, 0.0)	(43, 0.179173)	(44, 0.175612)	(45, 6.1463e-06)	(46, 0.0001844)	(47, 2.04903e-06)	(48, 0.00039549299999999996)	(49, 0.029617499999999998)	(50, 0.000207009)	(51, 0.00038537)	(52, 0.08628569999999999)	(53, 0.0301066)	(54, 8.61319e-05)	(55, 0.00124295)	(56, 0.000699532)	(57, 0.0583115)	(58, 0.144648)	(59, 0.0582747)	(60, 0.0582773)	(61, 0.0846946)	(62, 3.0816e-05)	(63, 0.0577141)	(64, 0.000631167)	(65, 0.0)	(66, 0.0006234589999999999)	(67, 0.169818)	(68, 0.00114721)	(69, 0.000127767)	(70, 0.00020619800000000002)	(71, 0.000711855)	(72, 0.0)	(73, 0.19540400000000002)	(74, 4.13677e-06)	(75, 1.44925e-05)	(76, 0.0488784)	(77, 0.0)	(78, 0.0)	(79, 0.0835399)	(80, 0.000560483)	(81, 0.00811417)	(82, 0.0)	(83, 0.026685800000000003)	(84, 2.51913e-05)	(85, 0.000107312)	(86, 4.00821e-05)	(87, 0.0)	(88, 0.117425)	(89, 0.0283637)	(90, 0.00015809899999999998)	(91, 0.060545800000000004)	(92, 0.0)	(93, 0.0836755)	(94, 2.60811e-05)	(95, 0.0285549)	(96, 0.0715748)	(97, 0.079839)	(98, 0.090179)	(99, 0.000311218)	(100, 0.200722)	(101, 0.000277194)	(102, 0.284559)	(103, 0.0584843)	(104, 0.10981700000000001)	(105, 1.88123e-05)	(106, 0.0602663)	(107, 4.79736e-05)	(108, 0.0)	(109, 0.000127462)	(110, 0.0)	(111, 0.0282581)	(112, 0.028030600000000003)	(113, 0.0844376)	(114, 0.0)	(115, 0.00261339)	(116, 0.0886993)	(117, 0.0004892890000000001)	(118, 0.118951)	(119, 0.0580792)	(120, 7.108800000000001e-05)	(121, 0.0853522)	(122, 0.061031400000000006)	(123, 0.232037)	(124, 0.172491)	(125, 0.0)	(126, 0.0)	(127, 0.0)	(128, 4.21751e-05)	(129, 0.08829419999999999)	(130, 0.000137775)	(131, 0.0301688)	(132, 0.228022)	(133, 0.10158999999999999)	(134, 0.08153200000000001)	(135, 0.0531765)	(136, 0.146557)	(137, 0.105093)	(138, 0.0)	(139, 0.188632)	(140, 0.0880152)	(141, 0.119361)	(142, 0.000315393)	(143, 0.0)	(144, 0.000262528)	(145, 0.000647215)	(146, 0.0005103110000000001)	(147, 0.0025986299999999998)	(148, 0.0)	(149, 0.00041234899999999995)	(150, 0.00176493)	(151, 0.0)
reports | SRR30333755	(1, 0.0019714000000000003)	(2, 0.0906482)	(3, 0.364266)	(4, 0.115655)	(5, 0.0018392800000000002)	(6, 0.00198695)	(7, 0.105868)	(8, 0.0531502)	(9, 0.0)	(10, 0.19581400000000002)	(11, 0.136418)	(12, 0.19692999999999997)	(13, 0.135501)	(14, 0.09787330000000001)	(15, 2.5905400000000003e-06)	(16, 0.0)	(17, 0.0268147)	(18, 0.0)	(19, 0.0197063)	(20, 0.12420400000000001)	(21, 0.126807)	(22, 0.104142)	(23, 0.00892442)	(24, 0.0)	(25, 0.0542252)	(26, 0.0)	(27, 0.0)	(28, 0.0)	(29, 0.000176157)	(30, 1.81338e-05)	(31, 0.0)	(32, 5.18121e-06)	(33, 0.031080000000000003)	(34, 0.0287698)	(35, 0.084713)	(36, 0.326739)	(37, 0.023284799999999998)	(38, 0.21449500000000002)	(39, 0.0)	(40, 0.0)	(41, 0.333967)	(42, 0.000228073)	(43, 0.188065)	(44, 0.186975)	(45, 5.18486e-06)	(46, 0.000186673)	(47, 0.0)	(48, 0.000101137)	(49, 0.0314504)	(50, 0.0233388)	(51, 5.1890899999999995e-05)	(52, 0.10410199999999999)	(53, 0.062358300000000005)	(54, 3.8943800000000005e-05)	(55, 0.025674999999999996)	(56, 0.035557200000000004)	(57, 0.0717277)	(58, 0.151864)	(59, 0.0617927)	(60, 0.0757353)	(61, 0.0897593)	(62, 4.16441e-05)	(63, 0.061228599999999994)	(64, 0.000565326)	(65, 0.0338979)	(66, 0.000743264)	(67, 0.196293)	(68, 0.00109405)	(69, 0.0236307)	(70, 0.0230702)	(71, 0.0006018820000000001)	(72, 0.00026454)	(73, 0.198489)	(74, 0.0)	(75, 5.2547e-06)	(76, 0.0444169)	(77, 0.0)	(78, 0.0)	(79, 0.0894494)	(80, 0.000127033)	(81, 0.00780027)	(82, 0.0125313)	(83, 0.0276173)	(84, 2.66872e-06)	(85, 0.0334291)	(86, 0.0136445)	(87, 0.000148033)	(88, 0.134787)	(89, 0.042315099999999994)	(90, 5.44159e-06)	(91, 0.0635101)	(92, 0.0)	(93, 0.122081)	(94, 0.000113652)	(95, 0.0309543)	(96, 0.0764157)	(97, 0.0846536)	(98, 0.09514740000000001)	(99, 9.44832e-05)	(100, 0.211619)	(101, 0.0147975)	(102, 0.30210800000000004)	(103, 0.0877059)	(104, 0.135505)	(105, 5.4367500000000004e-05)	(106, 0.0629633)	(107, 6.1738e-05)	(108, 0.0)	(109, 0.0)	(110, 0.0369021)	(111, 0.029471999999999998)	(112, 0.0429272)	(113, 0.0916525)	(114, 0.0)	(115, 0.0537649)	(116, 0.0945387)	(117, 0.000184193)	(118, 0.127443)	(119, 0.0856577)	(120, 0.00034249)	(121, 0.0989432)	(122, 0.0763179)	(123, 0.24836200000000003)	(124, 0.199309)	(125, 2.44236e-05)	(126, 0.0115395)	(127, 0.00025783)	(128, 7.32583e-05)	(129, 0.0957078)	(130, 5.3768800000000006e-05)	(131, 0.033446399999999994)	(132, 0.263955)	(133, 0.110778)	(134, 0.0893312)	(135, 0.059099200000000005)	(136, 0.162568)	(137, 0.115303)	(138, 0.0)	(139, 0.208631)	(140, 0.0970727)	(141, 0.131284)	(142, 0.0349575)	(143, 0.0)	(144, 0.029814)	(145, 0.000681917)	(146, 0.007613429999999999)	(147, 0.00176516)	(148, 0.0173821)	(149, 5.39607e-05)	(150, 0.00151522)	(151, 0.0)
reports | SRR30333756	(1, 0.0010906499999999999)	(2, 0.0986783)	(3, 0.383628)	(4, 0.119795)	(5, 0.00217081)	(6, 0.00125005)	(7, 0.108234)	(8, 0.054989500000000004)	(9, 0.0)	(10, 0.20478800000000003)	(11, 0.141516)	(12, 0.20446)	(13, 0.140253)	(14, 0.10693199999999999)	(15, 0.0)	(16, 0.0)	(17, 0.0)	(18, 0.0)	(19, 0.0)	(20, 0.127908)	(21, 0.133717)	(22, 0.10858000000000001)	(23, 0.0)	(24, 0.0)	(25, 0.05916129999999999)	(26, 0.0)	(27, 0.0)	(28, 0.0)	(29, 0.0)	(30, 8.38958e-06)	(31, 0.0)	(32, 0.0008389630000000001)	(33, 0.032554)	(34, 0.0293766)	(35, 0.0845142)	(36, 0.336024)	(37, 0.00013423799999999998)	(38, 0.223176)	(39, 4.40473e-05)	(40, 0.000161508)	(41, 0.348384)	(42, 0.0)	(43, 0.193053)	(44, 0.190866)	(45, 0.0)	(46, 0.00020767)	(47, 0.0)	(48, 0.000258025)	(49, 0.032805600000000004)	(50, 0.000180417)	(51, 0.000272731)	(52, 0.0933509)	(53, 0.0327449)	(54, 7.1338e-05)	(55, 0.00122119)	(56, 0.0007721919999999999)	(57, 0.0632429)	(58, 0.157163)	(59, 0.0641312)	(60, 0.0641418)	(61, 0.0922307)	(62, 5.667709999999999e-05)	(63, 0.06450460000000001)	(64, 0.000613072)	(65, 0.0)	(66, 0.00038220699999999997)	(67, 0.176239)	(68, 0.00122466)	(69, 0.000105047)	(70, 9.03567e-05)	(71, 0.000655742)	(72, 0.0)	(73, 0.201506)	(74, 2.10328e-06)	(75, 0.0)	(76, 0.0442226)	(77, 0.0)	(78, 0.0)	(79, 0.0902803)	(80, 0.00038161699999999995)	(81, 0.00824001)	(82, 0.0)	(83, 0.0288363)	(84, 1.47981e-05)	(85, 5.71283e-05)	(86, 3.81231e-05)	(87, 0.0)	(88, 0.129721)	(89, 0.0303782)	(90, 0.000134104)	(91, 0.0653454)	(92, 0.0)	(93, 0.0903138)	(94, 1.2867200000000001e-05)	(95, 0.030971)	(96, 0.0766122)	(97, 0.0867223)	(98, 0.0994029)	(99, 0.0002675)	(100, 0.217742)	(101, 0.000162127)	(102, 0.310239)	(103, 0.0637813)	(104, 0.11786100000000001)	(105, 6.69404e-06)	(106, 0.0665479)	(107, 7.22026e-05)	(108, 0.0)	(109, 0.000109662)	(110, 0.0)	(111, 0.029998600000000004)	(112, 0.0299261)	(113, 0.0924172)	(114, 0.0)	(115, 0.00192311)	(116, 0.0956446)	(117, 0.000331274)	(118, 0.129904)	(119, 0.06458)	(120, 6.02307e-05)	(121, 0.0932023)	(122, 0.0657948)	(123, 0.258246)	(124, 0.188083)	(125, 0.0)	(126, 0.0)	(127, 0.0)	(128, 3.57915e-05)	(129, 0.09566140000000001)	(130, 8.4753e-05)	(131, 0.032911699999999995)	(132, 0.25122)	(133, 0.10928500000000001)	(134, 0.0874027)	(135, 0.058767)	(136, 0.157826)	(137, 0.113117)	(138, 0.0)	(139, 0.205529)	(140, 0.0970615)	(141, 0.131862)	(142, 0.000194925)	(143, 0.0)	(144, 0.00015620100000000002)	(145, 0.0006951139999999999)	(146, 0.000401957)	(147, 0.00215269)	(148, 0.0)	(149, 0.000276062)	(150, 0.0014407699999999999)	(151, 0.0)
reports | SRR30333757	(1, 0.0011676)	(2, 0.0050040200000000005)	(3, 0.0024086)	(4, 0.00011564799999999999)	(5, 8.89604e-06)	(6, 0.000211281)	(7, 1.3344100000000002e-05)	(8, 8.89604e-06)	(9, 0.0022240100000000002)	(10, 3.33601e-05)	(11, 0.000146785)	(12, 0.00019571299999999997)	(13, 4.22562e-05)	(14, 0.000155681)	(15, 8.00643e-05)	(16, 0.00010675200000000001)	(17, 0.0)	(18, 2.22401e-06)	(19, 0.000140113)	(20, 6.672029999999999e-06)	(21, 4.44802e-05)	(22, 2.22401e-06)	(23, 0.000140113)	(24, 6.00483e-05)	(25, 0.0)	(26, 4.44802e-06)	(27, 1.77921e-05)	(28, 0.0)	(29, 0.000142337)	(30, 4.44802e-06)	(31, 0.0)	(32, 3.33604e-05)	(33, 2.2240299999999998e-06)	(34, 0.000640525)	(35, 0.00257768)	(36, 0.00144565)	(37, 0.00130554)	(38, 0.0)	(39, 2.22412e-05)	(40, 0.00018905200000000002)	(41, 0.000544921)	(42, 2.44661e-05)	(43, 8.00721e-05)	(44, 0.00018016499999999998)	(45, 0.000358112)	(46, 0.000278043)	(47, 0.000122341)	(48, 2.22445e-06)	(49, 0.000215777)	(50, 0.00019131400000000002)	(51, 0.001119)	(52, 0.000556184)	(53, 0.0)	(54, 0.000229167)	(55, 9.12261e-05)	(56, 2.22514e-06)	(57, 0.0012439299999999999)	(58, 0.0010259099999999999)	(59, 9.34731e-05)	(60, 1.3354399999999999e-05)	(61, 8.90367e-06)	(62, 0.000213708)	(63, 0.000467534)	(64, 0.000171448)	(65, 0.0)	(66, 0.0)	(67, 0.000218295)	(68, 2.22786e-06)	(69, 0.00022282499999999998)	(70, 3.34304e-05)	(71, 0.0)	(72, 0.0)	(73, 0.0)	(74, 0.0)	(75, 0.0)	(76, 0.0)	(77, 0.0)	(78, 0.0)	(79, 0.000462739)	(80, 2.23665e-06)	(81, 2.23793e-06)	(82, 0.0)	(83, 0.0)	(84, 1.12135e-05)	(85, 0.000303022)	(86, 4.26877e-05)	(87, 1.1245199999999999e-05)	(88, 0.0)	(89, 0.0)	(90, 0.0)	(91, 4.74724e-05)	(92, 1.1321e-05)	(93, 9.07247e-06)	(94, 0.0)	(95, 0.0)	(96, 2.28208e-06)	(97, 0.0)	(98, 0.0)	(99, 0.00020238699999999997)	(100, 2.30666e-06)	(101, 0.000208267)	(102, 7.43027e-05)	(103, 2.33045e-05)	(104, 0.0)	(105, 0.0)	(106, 0.0019348299999999998)	(107, 7.111979999999999e-06)	(108, 0.0)	(109, 7.90291e-05)	(110, 2.16729e-05)	(111, 0.00015501)	(112, 9.74678e-06)	(113, 9.80948e-06)	(114, 2.46873e-06)	(115, 9.197610000000001e-05)	(116, 4.00635e-05)	(117, 0.0)	(118, 0.0)	(119, 4.8701199999999994e-05)	(120, 0.0)	(121, 0.0)	(122, 7.89157e-06)	(123, 0.0)	(124, 0.0)	(125, 0.0015587399999999999)	(126, 5.46622e-06)	(127, 0.0)	(128, 0.000172988)	(129, 8.459739999999999e-06)	(130, 0.0)	(131, 2.30619e-05)	(132, 8.45508e-05)	(133, 0.0)	(134, 0.0)	(135, 0.000157036)	(136, 2.4451e-05)	(137, 0.0)	(138, 1.56657e-05)	(139, 0.0)	(140, 0.0)	(141, 3.2556200000000003e-06)	(142, 0.0)	(143, 0.000257439)	(144, 0.000166097)	(145, 0.0)	(146, 0.0012415)	(147, 8.1525e-05)	(148, 0.0)	(149, 6.580090000000001e-05)	(150, 0.0)	(151, 0.0)
reports | SRR30333758	(1, 0.00187675)	(2, 0.00531871)	(3, 2.24313e-05)	(4, 0.000473549)	(5, 1.99389e-05)	(6, 0.000191912)	(7, 4.98473e-06)	(8, 9.96946e-06)	(9, 0.00211602)	(10, 0.000216836)	(11, 0.000114649)	(12, 0.000166988)	(13, 0.00013209500000000002)	(14, 0.0)	(15, 0.00018942)	(16, 6.729389999999999e-05)	(17, 0.0)	(18, 2.49237e-06)	(19, 0.0)	(20, 7.4771e-06)	(21, 3.48931e-05)	(22, 4.98473e-06)	(23, 5.73244e-05)	(24, 2.49237e-06)	(25, 0.0)	(26, 0.0)	(27, 0.0)	(28, 0.0)	(29, 2.49237e-05)	(30, 9.96946e-06)	(31, 0.0)	(32, 4.2370400000000003e-05)	(33, 0.0)	(34, 0.0030158000000000003)	(35, 0.00202882)	(36, 0.00604659)	(37, 0.0060865)	(38, 0.0)	(39, 2.2432099999999998e-05)	(40, 4.73569e-05)	(41, 0.000476065)	(42, 4.48651e-05)	(43, 0.0)	(44, 0.0)	(45, 0.000176974)	(46, 0.000224337)	(47, 0.0)	(48, 0.0)	(49, 5.4841e-05)	(50, 0.0)	(51, 0.000912403)	(52, 0.000573386)	(53, 0.0)	(54, 0.00024682299999999996)	(55, 9.973e-05)	(56, 9.97343e-06)	(57, 0.00107219)	(58, 0.00101738)	(59, 0.000244385)	(60, 1.99511e-05)	(61, 2.49407e-06)	(62, 0.000197047)	(63, 0.000456491)	(64, 0.000276915)	(65, 0.0)	(66, 0.0)	(67, 9.23366e-05)	(68, 0.0)	(69, 0.000978559)	(70, 6.74122e-05)	(71, 0.0)	(72, 0.0)	(73, 2.49839e-06)	(74, 0.0)	(75, 0.0)	(76, 0.0)	(77, 0.0)	(78, 0.0)	(79, 0.0)	(80, 1.00197e-05)	(81, 0.0)	(82, 0.0)	(83, 0.0)	(84, 2.51136e-06)	(85, 0.00024380000000000002)	(86, 1.2578500000000002e-05)	(87, 1.0073e-05)	(88, 0.0)	(89, 0.0)	(90, 0.0)	(91, 0.00010882700000000001)	(92, 1.2674000000000001e-05)	(93, 1.0156200000000001e-05)	(94, 0.0)	(95, 0.0)	(96, 2.55436e-06)	(97, 0.0)	(98, 0.0)	(99, 0.000205903)	(100, 2.58119e-06)	(101, 0.0)	(102, 5.19533e-05)	(103, 2.08533e-05)	(104, 0.0)	(105, 2.6265500000000003e-06)	(106, 0.00222596)	(107, 1.32455e-05)	(108, 0.0)	(109, 6.95306e-05)	(110, 1.88158e-05)	(111, 0.0)	(112, 1.6302299999999998e-05)	(113, 0.0)	(114, 0.0)	(115, 9.12667e-05)	(116, 2.78334e-06)	(117, 0.0)	(118, 0.0)	(119, 2.27238e-05)	(120, 5.72193e-06)	(121, 0.0)	(122, 0.0)	(123, 0.0)	(124, 0.0)	(125, 0.004245769999999999)	(126, 1.19902e-05)	(127, 0.0)	(128, 0.000259132)	(129, 0.0)	(130, 0.0)	(131, 1.25215e-05)	(132, 9.16092e-05)	(133, 0.0)	(134, 0.0)	(135, 8.44509e-05)	(136, 0.0)	(137, 3.31058e-06)	(138, 0.0)	(139, 0.0)	(140, 0.0)	(141, 0.0)	(142, 0.0)	(143, 0.000217936)	(144, 0.000149212)	(145, 0.0)	(146, 0.00144528)	(147, 0.000125079)	(148, 0.0)	(149, 7.91556e-05)	(150, 0.0)	(151, 0.0)
reports | SRR30333759	(1, 0.00114095)	(2, 0.00464363)	(3, 0.0020307100000000002)	(4, 0.00030284500000000005)	(5, 2.11287e-05)	(6, 0.00011503400000000001)	(7, 2.34764e-05)	(8, 7.042909999999999e-06)	(9, 0.00202132)	(10, 9.86008e-05)	(11, 0.000140858)	(12, 0.000192506)	(13, 7.98197e-05)	(14, 0.00012912)	(15, 0.000140858)	(16, 0.000100948)	(17, 0.0)	(18, 2.34764e-06)	(19, 0.000112687)	(20, 1.17382e-05)	(21, 3.75622e-05)	(22, 0.0)	(23, 8.92102e-05)	(24, 3.99098e-05)	(25, 0.0)	(26, 7.042909999999999e-06)	(27, 9.39055e-06)	(28, 0.0)	(29, 9.39055e-05)	(30, 2.34764e-06)	(31, 0.0)	(32, 5.86913e-05)	(33, 2.34766e-06)	(34, 0.00152129)	(35, 0.00195327)	(36, 0.00304731)	(37, 0.00303559)	(38, 0.0)	(39, 1.4086500000000001e-05)	(40, 0.000166691)	(41, 0.000408516)	(42, 2.11304e-05)	(43, 8.921829999999999e-05)	(44, 0.000140873)	(45, 0.000244184)	(46, 0.000321672)	(47, 9.62689e-05)	(48, 0.0)	(49, 0.000190199)	(50, 0.000147937)	(51, 0.000850081)	(52, 0.00042975300000000006)	(53, 0.0)	(54, 0.00019493199999999998)	(55, 8.45526e-05)	(56, 1.40928e-05)	(57, 0.0009301769999999999)	(58, 0.000751702)	(59, 0.000169145)	(60, 7.04823e-06)	(61, 4.69921e-06)	(62, 0.00017153699999999998)	(63, 0.00037365900000000004)	(64, 0.000133968)	(65, 0.0)	(66, 0.0)	(67, 0.00014107600000000002)	(68, 0.0)	(69, 0.0004915820000000001)	(70, 3.5287800000000005e-05)	(71, 0.0)	(72, 0.0)	(73, 0.0)	(74, 0.0)	(75, 0.0)	(76, 4.71309e-06)	(77, 0.0)	(78, 0.0)	(79, 0.000377542)	(80, 4.72175e-06)	(81, 4.724499999999999e-06)	(82, 0.0)	(83, 0.0)	(84, 4.73439e-06)	(85, 0.000232182)	(86, 2.37141e-05)	(87, 2.37383e-06)	(88, 0.0)	(89, 0.0)	(90, 0.0)	(91, 7.15791e-05)	(92, 1.4338400000000001e-05)	(93, 7.18146e-06)	(94, 0.0)	(95, 0.0)	(96, 2.40842e-06)	(97, 0.0)	(98, 0.0)	(99, 0.000189308)	(100, 0.0)	(101, 0.00015384)	(102, 4.41028e-05)	(103, 1.4754000000000001e-05)	(104, 0.0)	(105, 0.0)	(106, 0.0016307000000000001)	(107, 1.25064e-05)	(108, 0.0)	(109, 4.8006899999999996e-05)	(110, 1.0162199999999999e-05)	(111, 9.96487e-05)	(112, 1.2851999999999998e-05)	(113, 7.760419999999999e-06)	(114, 2.60395e-06)	(115, 9.96253e-05)	(116, 2.64058e-06)	(117, 0.0)	(118, 0.0)	(119, 2.4322799999999997e-05)	(120, 1.36251e-05)	(121, 5.49637e-06)	(122, 2.77268e-06)	(123, 0.0)	(124, 0.0)	(125, 0.0024950799999999998)	(126, 1.7277600000000002e-05)	(127, 0.0)	(128, 0.000182222)	(129, 2.9700699999999998e-06)	(130, 0.0)	(131, 4.24955e-05)	(132, 9.822619999999999e-05)	(133, 0.0)	(134, 0.0)	(135, 0.00010169899999999999)	(136, 6.4318200000000005e-06)	(137, 3.25525e-06)	(138, 1.64772e-05)	(139, 0.0)	(140, 0.0)	(141, 0.0)	(142, 0.0)	(143, 0.000193231)	(144, 0.000142438)	(145, 0.0)	(146, 0.00102524)	(147, 7.441010000000001e-05)	(148, 0.0)	(149, 6.518769999999999e-05)	(150, 0.0)	(151, 0.0)
reports | SRR30333760	(1, 0.000356701)	(2, 0.00484622)	(3, 0.00192127)	(4, 9.10203e-05)	(5, 0.0)	(6, 6.88802e-05)	(7, 0.0)	(8, 0.0)	(9, 0.00185239)	(10, 8.61003e-05)	(11, 0.000344401)	(12, 9.34803e-05)	(13, 5.1660200000000004e-05)	(14, 0.00041082099999999996)	(15, 7.134019999999999e-05)	(16, 0.00048708199999999996)	(17, 6.15002e-05)	(18, 0.0)	(19, 0.0006568219999999999)	(20, 5.9040200000000004e-05)	(21, 0.0)	(22, 0.0)	(23, 8.61003e-05)	(24, 2.46001e-06)	(25, 0.0)	(26, 2.70601e-05)	(27, 4.92002e-06)	(28, 0.0)	(29, 0.000177121)	(30, 2.2140100000000002e-05)	(31, 0.0)	(32, 9.84009e-06)	(33, 0.0)	(34, 0.000804435)	(35, 0.00151048)	(36, 0.00162857)	(37, 0.0015646199999999999)	(38, 0.0)	(39, 1.9681e-05)	(40, 0.000405925)	(41, 0.000381328)	(42, 4.67441e-05)	(43, 0.00019682)	(44, 0.000359201)	(45, 0.000275556)	(46, 2.4603700000000002e-06)	(47, 5.65898e-05)	(48, 0.0)	(49, 0.000386306)	(50, 0.000602852)	(51, 0.0007628180000000001)	(52, 0.00045278500000000004)	(53, 0.0)	(54, 0.00017473100000000002)	(55, 8.12165e-05)	(56, 2.46123e-06)	(57, 0.0009648520000000001)	(58, 0.00088368)	(59, 0.00012062199999999998)	(60, 0.0)	(61, 2.46205e-06)	(62, 0.000123113)	(63, 0.000359526)	(64, 5.17181e-05)	(65, 0.0)	(66, 0.0)	(67, 0.00017738700000000001)	(68, 7.39227e-06)	(69, 0.000243986)	(70, 2.9579599999999997e-05)	(71, 0.0)	(72, 0.0)	(73, 0.0)	(74, 0.0)	(75, 0.0)	(76, 0.0)	(77, 0.0)	(78, 0.0)	(79, 0.000657537)	(80, 4.94631e-06)	(81, 0.0)	(82, 0.0)	(83, 0.0)	(84, 0.0)	(85, 4.71446e-05)	(86, 4.96694e-06)	(87, 4.97166e-06)	(88, 0.0)	(89, 0.0)	(90, 0.0)	(91, 3.74657e-05)	(92, 2.25128e-05)	(93, 1.2527200000000001e-05)	(94, 0.0)	(95, 0.0)	(96, 0.0)	(97, 0.0)	(98, 0.0)	(99, 0.00019798)	(100, 0.0)	(101, 0.000566744)	(102, 5.89053e-05)	(103, 0.0)	(104, 0.0)	(105, 0.0)	(106, 0.0)	(107, 0.0)	(108, 0.0)	(109, 5.8017500000000005e-05)	(110, 2.91625e-05)	(111, 0.000325219)	(112, 1.60869e-05)	(113, 0.0)	(114, 0.0)	(115, 7.65198e-05)	(116, 5.50395e-06)	(117, 0.0)	(118, 0.0)	(119, 2.81481e-05)	(120, 2.83771e-06)	(121, 1.71685e-05)	(122, 1.1546000000000001e-05)	(123, 0.0)	(124, 0.0)	(125, 0.00164382)	(126, 2.99604e-06)	(127, 0.0)	(128, 0.00015897)	(129, 0.0)	(130, 0.0)	(131, 6.313130000000001e-05)	(132, 1.2767500000000001e-05)	(133, 0.0)	(134, 0.0)	(135, 7.59995e-05)	(136, 3.34369e-06)	(137, 0.0)	(138, 0.0)	(139, 6.93845e-06)	(140, 0.0)	(141, 2.84718e-05)	(142, 0.0)	(143, 0.000219226)	(144, 0.000148161)	(145, 0.0)	(146, 0.0)	(147, 7.74128e-06)	(148, 0.0)	(149, 3.19127e-05)	(150, 0.0)	(151, 0.0)
reports | SRR30333761	(1, 0.000490496)	(2, 0.0052391700000000005)	(3, 0.00258472)	(4, 0.000242844)	(5, 0.0)	(6, 8.17493e-05)	(7, 0.0)	(8, 0.0)	(9, 0.00203652)	(10, 9.85801e-05)	(11, 9.617569999999999e-05)	(12, 0.000177925)	(13, 9.617569999999999e-05)	(14, 0.000141859)	(15, 0.000113006)	(16, 5.770539999999999e-05)	(17, 0.0)	(18, 0.0)	(19, 0.000163499)	(20, 4.80878e-06)	(21, 0.0)	(22, 0.0)	(23, 8.41537e-05)	(24, 5.5301e-05)	(25, 7.21318e-06)	(26, 7.21318e-06)	(27, 4.80878e-06)	(28, 0.0)	(29, 0.000139455)	(30, 0.0)	(31, 0.0)	(32, 5.28971e-05)	(33, 4.80885e-06)	(34, 0.00127436)	(35, 0.0016133999999999999)	(36, 0.00263051)	(37, 0.0025632100000000002)	(38, 0.0)	(39, 4.08778e-05)	(40, 0.000132254)	(41, 0.00048814499999999994)	(42, 3.3665900000000006e-05)	(43, 0.000103405)	(44, 0.000189981)	(45, 0.000218845)	(46, 5.0504200000000003e-05)	(47, 0.000187593)	(48, 0.0)	(49, 0.000242928)	(50, 0.00028864)	(51, 0.0009525629999999999)	(52, 0.00057975)	(53, 0.0)	(54, 0.000245404)	(55, 0.000108274)	(56, 7.218819999999999e-06)	(57, 0.00117917)	(58, 0.00105172)	(59, 0.000190147)	(60, 0.0)	(61, 2.40748e-06)	(62, 0.00023596499999999998)	(63, 0.00044791799999999995)	(64, 8.189019999999999e-05)	(65, 0.0)	(66, 0.0)	(67, 0.00010603400000000001)	(68, 0.0)	(69, 0.000436386)	(70, 5.54667e-05)	(71, 0.0)	(72, 0.0)	(73, 2.41389e-06)	(74, 0.0)	(75, 0.0)	(76, 0.0)	(77, 0.0)	(78, 0.0)	(79, 0.0005761859999999999)	(80, 9.69011e-06)	(81, 4.84851e-06)	(82, 0.0)	(83, 0.0)	(84, 7.29169e-06)	(85, 9.00235e-05)	(86, 1.46149e-05)	(87, 0.0)	(88, 0.0)	(89, 0.0)	(90, 0.0)	(91, 9.324870000000001e-05)	(92, 2.9503000000000002e-05)	(93, 4.92724e-06)	(94, 0.0)	(95, 0.0)	(96, 2.4815e-06)	(97, 0.0)	(98, 0.0)	(99, 0.000250411)	(100, 0.0)	(101, 0.000244642)	(102, 7.84943e-05)	(103, 5.08539e-06)	(104, 0.0)	(105, 2.56626e-06)	(106, 7.73749e-05)	(107, 0.0)	(108, 0.0)	(109, 7.34498e-05)	(110, 0.0)	(111, 0.000143478)	(112, 1.87262e-05)	(113, 8.083300000000001e-06)	(114, 2.7147e-06)	(115, 0.00010395800000000001)	(116, 3.86127e-05)	(117, 0.0)	(118, 0.0)	(119, 5.379379999999999e-05)	(120, 1.1430799999999999e-05)	(121, 8.654980000000001e-06)	(122, 0.0)	(123, 0.0)	(124, 0.0)	(125, 0.0024798900000000002)	(126, 6.0776800000000006e-06)	(127, 0.0)	(128, 0.00022069399999999998)	(129, 0.0)	(130, 0.0)	(131, 4.5096600000000005e-05)	(132, 0.0)	(133, 0.0)	(134, 0.0)	(135, 0.00016601500000000002)	(136, 1.02974e-05)	(137, 6.957660000000001e-06)	(138, 1.7629800000000002e-05)	(139, 0.0)	(140, 0.0)	(141, 1.1025e-05)	(142, 0.0)	(143, 0.000294924)	(144, 0.000222557)	(145, 0.0)	(146, 0.0)	(147, 2.81779e-05)	(148, 0.0)	(149, 7.49044e-05)	(150, 0.0)	(151, 0.0)
reports | SRR30333762	(1, 0.000271293)	(2, 0.00535119)	(3, 0.00186918)	(4, 0.000112002)	(5, 0.0)	(6, 7.217890000000001e-05)	(7, 0.0)	(8, 0.0)	(9, 0.00219274)	(10, 6.968999999999999e-05)	(11, 0.000316094)	(12, 0.00011449100000000001)	(13, 5.72453e-05)	(14, 0.000383295)	(15, 7.71567e-05)	(16, 0.00040818399999999997)	(17, 5.72453e-05)	(18, 0.0)	(19, 0.0006346759999999999)	(20, 3.73339e-05)	(21, 0.0)	(22, 0.0)	(23, 0.000136891)	(24, 0.0)	(25, 0.0)	(26, 4.97785e-06)	(27, 1.24446e-05)	(28, 0.0)	(29, 0.000169247)	(30, 9.955710000000001e-06)	(31, 0.0)	(32, 2.24005e-05)	(33, 0.0)	(34, 0.0005849060000000001)	(35, 0.0020932299999999997)	(36, 0.00140379)	(37, 0.0012445)	(38, 0.0)	(39, 1.99124e-05)	(40, 0.000336025)	(41, 0.000497821)	(42, 3.98262e-05)	(43, 0.00019664400000000002)	(44, 0.000323597)	(45, 0.000288753)	(46, 2.4893e-06)	(47, 7.46809e-05)	(48, 0.0)	(49, 0.000395829)	(50, 0.000520321)	(51, 0.00114773)	(52, 0.000448158)	(53, 0.0)	(54, 0.00023405899999999998)	(55, 0.00010209499999999999)	(56, 2.49025e-06)	(57, 0.0011505600000000001)	(58, 0.000879164)	(59, 9.46479e-05)	(60, 0.0)	(61, 4.98231e-06)	(62, 0.000149484)	(63, 0.00047092499999999997)	(64, 4.9839e-05)	(65, 0.0)	(66, 0.0)	(67, 0.00024181900000000002)	(68, 1.2467e-05)	(69, 0.000204496)	(70, 1.24719e-05)	(71, 0.0)	(72, 0.0)	(73, 0.0)	(74, 0.0)	(75, 0.0)	(76, 0.0)	(77, 0.0)	(78, 0.0)	(79, 0.000703114)	(80, 2.2532e-05)	(81, 0.0)	(82, 0.0)	(83, 0.0)	(84, 2.5104500000000002e-06)	(85, 4.0202e-05)	(86, 1.25754e-05)	(87, 5.03542e-06)	(88, 0.0)	(89, 0.0)	(90, 0.0)	(91, 3.29027e-05)	(92, 3.04214e-05)	(93, 1.26979e-05)	(94, 0.0)	(95, 0.0)	(96, 0.0)	(97, 0.0)	(98, 0.0)	(99, 0.00022924599999999998)	(100, 0.0)	(101, 0.000526174)	(102, 8.06299e-05)	(103, 0.0)	(104, 0.0)	(105, 0.0)	(106, 0.0)	(107, 0.0)	(108, 0.0)	(109, 8.05102e-05)	(110, 2.69867e-05)	(111, 0.000344728)	(112, 1.63855e-05)	(113, 0.0)	(114, 0.0)	(115, 0.000122587)	(116, 8.41915e-06)	(117, 0.0)	(118, 0.0)	(119, 3.44712e-05)	(120, 8.68982e-06)	(121, 5.84269e-06)	(122, 1.4737e-05)	(123, 0.0)	(124, 0.0)	(125, 0.0015398100000000002)	(126, 6.12162e-06)	(127, 0.0)	(128, 0.000162433)	(129, 0.0)	(130, 0.0)	(131, 8.063510000000001e-05)	(132, 1.6306699999999998e-05)	(133, 0.0)	(134, 0.0)	(135, 0.00014177299999999999)	(136, 3.41553e-06)	(137, 3.45687e-06)	(138, 0.0)	(139, 2.8335e-05)	(140, 0.0)	(141, 3.99486e-05)	(142, 0.0)	(143, 0.00029064600000000004)	(144, 0.000169927)	(145, 0.0)	(146, 0.0)	(147, 1.18271e-05)	(148, 0.0)	(149, 5.2789599999999993e-05)	(150, 0.0)	(151, 0.0)
reports | SRR30333763	(1, 0.0)	(2, 0.00464465)	(3, 0.00276283)	(4, 0.0)	(5, 0.0)	(6, 5.87336e-05)	(7, 1.64454e-05)	(8, 0.0)	(9, 0.0017056200000000001)	(10, 4.46375e-05)	(11, 0.00038529199999999997)	(12, 9.867240000000001e-05)	(13, 0.0)	(14, 0.000613178)	(15, 1.87947e-05)	(16, 0.00060848)	(17, 7.75283e-05)	(18, 2.34934e-06)	(19, 0.0009820249999999999)	(20, 6.34323e-05)	(21, 0.0)	(22, 0.0)	(23, 0.000101022)	(24, 2.34934e-06)	(25, 0.0)	(26, 2.5842800000000003e-05)	(27, 4.69869e-06)	(28, 0.0)	(29, 0.00026077699999999996)	(30, 1.4096099999999999e-05)	(31, 0.0)	(32, 0.0)	(33, 0.0)	(34, 0.0)	(35, 0.0017878899999999999)	(36, 0.000133917)	(37, 9.39773e-06)	(38, 0.0)	(39, 1.17474e-05)	(40, 0.000509843)	(41, 0.000371227)	(42, 5.638979999999999e-05)	(43, 0.00026785599999999996)	(44, 0.000514574)	(45, 0.000296063)	(46, 4.6995099999999995e-06)	(47, 7.28443e-05)	(48, 0.0)	(49, 0.0005686889999999999)	(50, 0.0008295650000000001)	(51, 0.000869553)	(52, 0.000364289)	(53, 0.0)	(54, 0.000178637)	(55, 6.34669e-05)	(56, 0.0)	(57, 0.00106732)	(58, 0.000759404)	(59, 0.0)	(60, 0.0)	(61, 1.41105e-05)	(62, 0.000108194)	(63, 0.00038343)	(64, 1.1763200000000001e-05)	(65, 0.0)	(66, 0.0)	(67, 0.00024244200000000002)	(68, 7.062809999999999e-06)	(69, 0.0)	(70, 0.0)	(71, 0.0)	(72, 0.0)	(73, 0.0)	(74, 0.0)	(75, 0.0)	(76, 0.0)	(77, 0.0)	(78, 0.0)	(79, 0.000924356)	(80, 7.096809999999999e-06)	(81, 0.0)	(82, 0.0)	(83, 0.0)	(84, 0.0)	(85, 4.98925e-05)	(86, 7.1356299999999995e-06)	(87, 1.19075e-05)	(88, 0.0)	(89, 0.0)	(90, 0.0)	(91, 0.0)	(92, 2.16072e-05)	(93, 4.81147e-06)	(94, 0.0)	(95, 0.0)	(96, 0.0)	(97, 0.0)	(98, 0.0)	(99, 0.00019563900000000003)	(100, 0.0)	(101, 0.000788207)	(102, 6.18223e-05)	(103, 0.0)	(104, 0.0)	(105, 0.0)	(106, 0.0)	(107, 0.0)	(108, 0.0)	(109, 5.89203e-05)	(110, 3.09334e-05)	(111, 0.00040213799999999996)	(112, 1.82843e-05)	(113, 0.0)	(114, 0.0)	(115, 7.7432e-05)	(116, 2.6913199999999997e-06)	(117, 0.0)	(118, 0.0)	(119, 2.20834e-05)	(120, 0.0)	(121, 2.53006e-05)	(122, 8.51463e-06)	(123, 0.0)	(124, 0.0)	(125, 8.48205e-05)	(126, 0.0)	(127, 0.0)	(128, 0.000114763)	(129, 0.0)	(130, 0.0)	(131, 5.93626e-05)	(132, 6.322290000000001e-06)	(133, 0.0)	(134, 0.0)	(135, 0.00010489000000000001)	(136, 3.31851e-06)	(137, 0.0)	(138, 0.0)	(139, 3.10264e-05)	(140, 0.0)	(141, 3.53897e-05)	(142, 0.0)	(143, 0.00018904)	(144, 9.583499999999999e-05)	(145, 0.0)	(146, 0.0)	(147, 7.705009999999999e-06)	(148, 0.0)	(149, 3.57319e-05)	(150, 0.0)	(151, 0.0)
reports | SRR30333764	(1, 0.00032026)	(2, 0.00502983)	(3, 0.00208045)	(4, 0.00014151)	(5, 0.0)	(6, 8.68923e-05)	(7, 4.96528e-06)	(8, 0.0)	(9, 0.0021077599999999998)	(10, 5.95833e-05)	(11, 0.000340121)	(12, 0.00010923600000000001)	(13, 3.72396e-05)	(14, 0.000402187)	(15, 7.69618e-05)	(16, 0.00049901)	(17, 7.69618e-05)	(18, 4.96528e-06)	(19, 0.0007621700000000001)	(20, 2.9791699999999998e-05)	(21, 0.0)	(22, 0.0)	(23, 8.68923e-05)	(24, 7.447909999999999e-06)	(25, 0.0)	(26, 1.9861100000000002e-05)	(27, 1.2413199999999998e-05)	(28, 0.0)	(29, 0.000208542)	(30, 7.447909999999999e-06)	(31, 0.0)	(32, 1.2413299999999999e-05)	(33, 2.48267e-06)	(34, 0.000660393)	(35, 0.00175527)	(36, 0.0015715599999999998)	(37, 0.00143006)	(38, 0.0)	(39, 2.23451e-05)	(40, 0.000427045)	(41, 0.00041215299999999996)	(42, 5.4623599999999997e-05)	(43, 0.000248294)	(44, 0.000362515)	(45, 0.000240855)	(46, 2.4831e-06)	(47, 5.711279999999999e-05)	(48, 0.0)	(49, 0.00046438100000000004)	(50, 0.0005513180000000001)	(51, 0.000948704)	(52, 0.000536466)	(53, 0.0)	(54, 0.00022106699999999998)	(55, 8.94255e-05)	(56, 0.0)	(57, 0.0011477800000000002)	(58, 0.000991335)	(59, 7.951200000000001e-05)	(60, 0.0)	(61, 2.48524e-06)	(62, 0.000159073)	(63, 0.00045242099999999994)	(64, 4.97232e-05)	(65, 0.0)	(66, 0.0)	(67, 0.000186549)	(68, 7.46333e-06)	(69, 0.00021150500000000002)	(70, 3.48437e-05)	(71, 0.0)	(72, 0.0)	(73, 0.0)	(74, 0.0)	(75, 0.0)	(76, 0.0)	(77, 0.0)	(78, 0.0)	(79, 0.000751638)	(80, 1.74898e-05)	(81, 0.0)	(82, 0.0)	(83, 0.0)	(84, 0.0)	(85, 6.52054e-05)	(86, 2.51037e-06)	(87, 1.00523e-05)	(88, 0.0)	(89, 0.0)	(90, 0.0)	(91, 4.29499e-05)	(92, 2.02448e-05)	(93, 0.0)	(94, 0.0)	(95, 0.0)	(96, 0.0)	(97, 0.0)	(98, 0.0)	(99, 0.00022114000000000001)	(100, 0.0)	(101, 0.00056669)	(102, 5.7126699999999996e-05)	(103, 0.0)	(104, 0.0)	(105, 5.25548e-06)	(106, 0.0)	(107, 0.0)	(108, 0.0)	(109, 7.50379e-05)	(110, 2.9646600000000002e-05)	(111, 0.000295515)	(112, 8.18394e-06)	(113, 0.0)	(114, 0.0)	(115, 0.00010859199999999999)	(116, 5.61027e-06)	(117, 0.0)	(118, 0.0)	(119, 3.7361000000000004e-05)	(120, 2.89892e-06)	(121, 1.7549099999999998e-05)	(122, 1.47603e-05)	(123, 0.0)	(124, 0.0)	(125, 0.00151099)	(126, 0.0)	(127, 0.0)	(128, 0.000169491)	(129, 0.0)	(130, 0.0)	(131, 4.22206e-05)	(132, 9.8598e-06)	(133, 0.0)	(134, 0.0)	(135, 0.000143228)	(136, 3.4536300000000003e-06)	(137, 0.0)	(138, 0.0)	(139, 1.79616e-05)	(140, 0.0)	(141, 1.4766099999999999e-05)	(142, 0.0)	(143, 0.00023537999999999999)	(144, 0.000173332)	(145, 0.0)	(146, 0.0)	(147, 1.21054e-05)	(148, 0.0)	(149, 2.49945e-05)	(150, 0.0)	(151, 0.0)
reports | SRR30333765	(1, 0.0004139)	(2, 0.00539565)	(3, 0.00238117)	(4, 0.000204456)	(5, 0.0)	(6, 0.000104722)	(7, 0.0)	(8, 0.0)	(9, 0.00236621)	(10, 7.72945e-05)	(11, 8.47746e-05)	(12, 0.000261804)	(13, 6.48276e-05)	(14, 0.000149602)	(15, 0.00011469500000000001)	(16, 6.7321e-05)	(17, 2.49337e-06)	(18, 2.49337e-06)	(19, 0.000149602)	(20, 2.49337e-06)	(21, 0.0)	(22, 0.0)	(23, 0.00010970799999999999)	(24, 6.233430000000001e-05)	(25, 0.0)	(26, 7.4801100000000005e-06)	(27, 2.49337e-06)	(28, 0.0)	(29, 0.000159576)	(30, 0.0)	(31, 0.0)	(32, 3.24141e-05)	(33, 9.9736e-06)	(34, 0.0012442100000000002)	(35, 0.0021244)	(36, 0.00257323)	(37, 0.00238624)	(38, 0.0)	(39, 3.74026e-05)	(40, 0.00020945699999999997)	(41, 0.00053113)	(42, 5.98465e-05)	(43, 0.00010223900000000001)	(44, 0.00019949499999999997)	(45, 0.000396505)	(46, 6.483879999999999e-05)	(47, 0.000122199)	(48, 0.0)	(49, 0.000202015)	(50, 0.000221975)	(51, 0.0011922299999999999)	(52, 0.000648518)	(53, 0.0)	(54, 0.000284378)	(55, 0.000134712)	(56, 1.4968900000000002e-05)	(57, 0.00132483)	(58, 0.00111783)	(59, 0.00017217800000000002)	(60, 0.0)	(61, 2.49579e-06)	(62, 0.000272069)	(63, 0.00043436)	(64, 7.48987e-05)	(65, 0.0)	(66, 0.0)	(67, 0.000167346)	(68, 0.0)	(69, 0.000357302)	(70, 4.99827e-05)	(71, 0.0)	(72, 2.5003400000000003e-06)	(73, 7.50311e-06)	(74, 0.0)	(75, 0.0)	(76, 0.0)	(77, 0.0)	(78, 0.0)	(79, 0.000456263)	(80, 5.0166e-06)	(81, 2.50979e-06)	(82, 0.0)	(83, 0.0)	(84, 2.51517e-06)	(85, 8.81067e-05)	(86, 2.5197299999999997e-05)	(87, 2.52233e-06)	(88, 0.0)	(89, 0.0)	(90, 0.0)	(91, 6.33815e-05)	(92, 3.55498e-05)	(93, 2.28927e-05)	(94, 0.0)	(95, 0.0)	(96, 2.55909e-06)	(97, 0.0)	(98, 0.0)	(99, 0.00023466499999999998)	(100, 0.0)	(101, 0.00020755899999999998)	(102, 8.330329999999999e-05)	(103, 2.61255e-06)	(104, 0.0)	(105, 2.63337e-06)	(106, 5.2896900000000005e-05)	(107, 0.0)	(108, 0.0)	(109, 8.051549999999999e-05)	(110, 0.0)	(111, 0.000168269)	(112, 8.19073e-06)	(113, 1.64851e-05)	(114, 2.76572e-06)	(115, 9.74599e-05)	(116, 2.24365e-05)	(117, 0.0)	(118, 0.0)	(119, 2.00933e-05)	(120, 0.0)	(121, 1.16774e-05)	(122, 2.94553e-06)	(123, 0.0)	(124, 0.0)	(125, 0.00219373)	(126, 3.06013e-06)	(127, 0.0)	(128, 0.00027178)	(129, 0.0)	(130, 0.0)	(131, 4.51844e-05)	(132, 0.0)	(133, 0.0)	(134, 0.0)	(135, 0.000145395)	(136, 1.3689400000000001e-05)	(137, 0.0)	(138, 7.01702e-06)	(139, 0.0)	(140, 0.0)	(141, 0.0)	(142, 0.0)	(143, 0.000314563)	(144, 0.00020883399999999997)	(145, 0.0)	(146, 0.0)	(147, 1.58869e-05)	(148, 0.0)	(149, 7.786490000000001e-05)	(150, 0.0)	(151, 0.0)
reports | SRR30333766	(1, 0.00108026)	(2, 0.00460509)	(3, 0.0017892499999999998)	(4, 0.000118538)	(5, 2.9075300000000003e-05)	(6, 0.000169979)	(7, 2.23656e-05)	(8, 0.0)	(9, 0.0015678299999999999)	(10, 4.6967899999999995e-05)	(11, 0.00038468899999999996)	(12, 0.000105119)	(13, 6.26238e-05)	(14, 0.000409291)	(15, 0.000109592)	(16, 0.000447313)	(17, 7.15701e-05)	(18, 0.0)	(19, 0.0007134639999999999)	(20, 2.9075300000000003e-05)	(21, 4.02582e-05)	(22, 0.0)	(23, 6.48604e-05)	(24, 0.0)	(25, 0.0)	(26, 1.78925e-05)	(27, 2.23656e-06)	(28, 0.0)	(29, 0.00019234500000000002)	(30, 2.6838799999999998e-05)	(31, 0.0)	(32, 1.5656e-05)	(33, 0.0)	(34, 0.000601644)	(35, 0.001711)	(36, 0.00142696)	(37, 0.00130172)	(38, 0.0)	(39, 2.0130000000000002e-05)	(40, 0.000319847)	(41, 0.000375768)	(42, 4.9208299999999994e-05)	(43, 0.000163285)	(44, 0.000286312)	(45, 0.000138685)	(46, 0.000281848)	(47, 5.59235e-05)	(48, 0.0)	(49, 0.000391485)	(50, 0.0005301990000000001)	(51, 0.0007382770000000001)	(52, 0.00040718700000000004)	(53, 0.0)	(54, 0.000199137)	(55, 7.16031e-05)	(56, 8.95086e-06)	(57, 0.000975698)	(58, 0.0007967179999999999)	(59, 0.00010966800000000001)	(60, 1.79064e-05)	(61, 0.0)	(62, 0.000165665)	(63, 0.000373905)	(64, 0.000165701)	(65, 0.0)	(66, 0.0)	(67, 0.000107526)	(68, 1.34429e-05)	(69, 0.00021512599999999997)	(70, 2.9137300000000003e-05)	(71, 0.0)	(72, 0.0)	(73, 0.0)	(74, 0.0)	(75, 0.0)	(76, 0.0)	(77, 0.0)	(78, 0.0)	(79, 0.000642964)	(80, 6.74791e-06)	(81, 0.0)	(82, 0.0)	(83, 0.0)	(84, 6.76605e-06)	(85, 0.000212182)	(86, 2.71127e-05)	(87, 1.3570300000000001e-05)	(88, 0.0)	(89, 0.0)	(90, 0.0)	(91, 4.54665e-05)	(92, 1.8215400000000002e-05)	(93, 2.28084e-06)	(94, 0.0)	(95, 0.0)	(96, 0.0)	(97, 0.0)	(98, 0.0)	(99, 0.00014338599999999999)	(100, 2.31956e-06)	(101, 0.000546852)	(102, 6.30445e-05)	(103, 1.6404700000000002e-05)	(104, 0.0)	(105, 4.72503e-06)	(106, 0.00197432)	(107, 1.43056e-05)	(108, 0.0)	(109, 5.05858e-05)	(110, 3.14896e-05)	(111, 0.000299682)	(112, 4.9027699999999995e-06)	(113, 0.0)	(114, 0.0)	(115, 6.00352e-05)	(116, 0.0)	(117, 0.0)	(118, 0.0)	(119, 4.64515e-05)	(120, 7.80849e-06)	(121, 2.36324e-05)	(122, 1.06001e-05)	(123, 0.0)	(124, 0.0)	(125, 0.00155507)	(126, 8.26856e-06)	(127, 0.0)	(128, 0.000154843)	(129, 8.53914e-06)	(130, 0.0)	(131, 4.0765999999999996e-05)	(132, 0.000135525)	(133, 0.0)	(134, 0.0)	(135, 7.63866e-05)	(136, 1.23755e-05)	(137, 3.13374e-06)	(138, 0.0)	(139, 1.60806e-05)	(140, 0.0)	(141, 2.9730100000000002e-05)	(142, 0.0)	(143, 0.000220733)	(144, 0.00012056299999999999)	(145, 0.0)	(146, 0.00114921)	(147, 8.29316e-05)	(148, 0.0)	(149, 3.3483e-05)	(150, 0.0)	(151, 0.0)
reports | SRR30333767	(1, 0.000342262)	(2, 0.00527275)	(3, 0.0019434799999999998)	(4, 0.00011488500000000001)	(5, 0.0)	(6, 7.89836e-05)	(7, 1.19672e-05)	(8, 0.0)	(9, 0.00212298)	(10, 8.616389999999999e-05)	(11, 0.000292)	(12, 0.00012924600000000002)	(13, 5.983610000000001e-05)	(14, 0.000385344)	(15, 6.94098e-05)	(16, 0.00047390200000000006)	(17, 6.22295e-05)	(18, 0.0)	(19, 0.000641443)	(20, 4.0688499999999995e-05)	(21, 0.0)	(22, 0.0)	(23, 0.00012924600000000002)	(24, 0.0)	(25, 0.0)	(26, 1.43607e-05)	(27, 1.19672e-05)	(28, 0.0)	(29, 0.000213016)	(30, 1.43607e-05)	(31, 0.0)	(32, 1.43608e-05)	(33, 0.0)	(34, 0.000713258)	(35, 0.0019315500000000002)	(36, 0.00159408)	(37, 0.00148399)	(38, 0.0)	(39, 1.6755099999999998e-05)	(40, 0.00039016)	(41, 0.000418889)	(42, 8.61731e-05)	(43, 0.00021783099999999998)	(44, 0.000361462)	(45, 0.000296837)	(46, 1.19695e-05)	(47, 3.83035e-05)	(48, 0.0)	(49, 0.00043812599999999995)	(50, 0.000593765)	(51, 0.000974487)	(52, 0.000483676)	(53, 0.0)	(54, 0.000220312)	(55, 7.42399e-05)	(56, 7.18496e-06)	(57, 0.00117602)	(58, 0.0008790870000000001)	(59, 0.00011498500000000001)	(60, 0.0)	(61, 2.3959899999999997e-06)	(62, 0.000146172)	(63, 0.000400223)	(64, 5.27311e-05)	(65, 0.0)	(66, 0.0)	(67, 0.00020143100000000002)	(68, 1.19922e-05)	(69, 0.00024708900000000003)	(70, 3.5991699999999996e-05)	(71, 0.0)	(72, 0.0)	(73, 4.80279e-06)	(74, 0.0)	(75, 0.0)	(76, 0.0)	(77, 0.0)	(78, 0.0)	(79, 0.0007053599999999999)	(80, 4.81748e-06)	(81, 0.0)	(82, 0.0)	(83, 0.0)	(84, 0.0)	(85, 4.59384e-05)	(86, 0.0)	(87, 7.268400000000001e-06)	(88, 0.0)	(89, 0.0)	(90, 0.0)	(91, 5.60251e-05)	(92, 1.9519399999999998e-05)	(93, 1.2221699999999999e-05)	(94, 0.0)	(95, 0.0)	(96, 0.0)	(97, 0.0)	(98, 0.0)	(99, 0.00021079)	(100, 0.0)	(101, 0.000526611)	(102, 6.01119e-05)	(103, 0.0)	(104, 0.0)	(105, 0.0)	(106, 0.0)	(107, 0.0)	(108, 0.0)	(109, 6.46621e-05)	(110, 2.60144e-05)	(111, 0.00033498999999999996)	(112, 5.2671899999999995e-06)	(113, 0.0)	(114, 0.0)	(115, 9.14221e-05)	(116, 2.70929e-06)	(117, 0.0)	(118, 0.0)	(119, 3.33178e-05)	(120, 1.12033e-05)	(121, 2.82615e-05)	(122, 2.8527800000000003e-06)	(123, 0.0)	(124, 0.0)	(125, 0.0017572100000000002)	(126, 5.93823e-06)	(127, 0.0)	(128, 0.00019114000000000002)	(129, 0.0)	(130, 0.0)	(131, 4.70906e-05)	(132, 1.58846e-05)	(133, 0.0)	(134, 0.0)	(135, 0.000121959)	(136, 3.3381300000000003e-06)	(137, 3.3816100000000002e-06)	(138, 0.0)	(139, 2.4301499999999998e-05)	(140, 0.0)	(141, 1.4268700000000001e-05)	(142, 0.0)	(143, 0.00023475200000000002)	(144, 0.000167448)	(145, 0.0)	(146, 0.0)	(147, 2.3389100000000003e-05)	(148, 0.0)	(149, 6.03673e-05)	(150, 0.0)	(151, 0.0)
reports | SRR30333768	(1, 0.0005419839999999999)	(2, 0.00891479)	(3, 1.70129e-05)	(4, 0.00010936899999999999)	(5, 0.0)	(6, 0.00016040799999999999)	(7, 0.0)	(8, 0.0)	(9, 0.0041706)	(10, 5.5899699999999996e-05)	(11, 5.10388e-05)	(12, 0.000257625)	(13, 8.992559999999999e-05)	(14, 0.0)	(15, 0.00017499)	(16, 0.0)	(17, 0.0)	(18, 0.0)	(19, 0.0)	(20, 2.43042e-06)	(21, 0.0)	(22, 0.0)	(23, 0.000206586)	(24, 4.86084e-06)	(25, 0.0)	(26, 0.0)	(27, 0.0)	(28, 0.0)	(29, 9.2356e-05)	(30, 0.0)	(31, 0.0)	(32, 3.64566e-05)	(33, 0.0)	(34, 0.000819066)	(35, 0.0036311399999999997)	(36, 0.00210238)	(37, 0.00172324)	(38, 0.0)	(39, 4.61808e-05)	(40, 0.000119099)	(41, 0.0008385710000000001)	(42, 6.80592e-05)	(43, 0.0)	(44, 2.43079e-06)	(45, 0.000683069)	(46, 1.70164e-05)	(47, 0.0)	(48, 0.0)	(49, 3.16053e-05)	(50, 0.0)	(51, 0.00200108)	(52, 0.00107963)	(53, 0.0)	(54, 0.000376952)	(55, 0.00019457100000000002)	(56, 1.45941e-05)	(57, 0.0020020000000000003)	(58, 0.00190002)	(59, 0.000167883)	(60, 0.0)	(61, 7.301279999999999e-06)	(62, 0.000384597)	(63, 0.000810721)	(64, 9.98383e-05)	(65, 0.0)	(66, 0.0)	(67, 0.000399637)	(68, 1.21875e-05)	(69, 0.000260893)	(70, 5.3659800000000004e-05)	(71, 0.0)	(72, 0.0)	(73, 2.44218e-06)	(74, 0.0)	(75, 0.0)	(76, 0.0)	(77, 0.0)	(78, 0.0)	(79, 0.0)	(80, 1.2271099999999998e-05)	(81, 0.0)	(82, 0.0)	(83, 0.0)	(84, 4.93101e-06)	(85, 1.48145e-05)	(86, 0.0)	(87, 0.0)	(88, 0.0)	(89, 0.0)	(90, 0.0)	(91, 7.24581e-05)	(92, 3.7576e-05)	(93, 1.50725e-05)	(94, 0.0)	(95, 0.0)	(96, 0.0)	(97, 0.0)	(98, 0.0)	(99, 0.000436588)	(100, 0.0)	(101, 0.0)	(102, 8.078850000000001e-05)	(103, 0.0)	(104, 0.0)	(105, 0.0)	(106, 0.0)	(107, 0.0)	(108, 0.0)	(109, 0.00012813600000000002)	(110, 0.0)	(111, 0.0)	(112, 1.95503e-05)	(113, 0.0)	(114, 0.0)	(115, 0.000175)	(116, 1.15857e-05)	(117, 0.0)	(118, 0.0)	(119, 4.47874e-05)	(120, 0.0)	(121, 0.0)	(122, 0.0)	(123, 0.0)	(124, 0.0)	(125, 0.0029519800000000003)	(126, 3.2331799999999997e-06)	(127, 0.0)	(128, 0.000328086)	(129, 0.0)	(130, 0.0)	(131, 3.44403e-06)	(132, 0.0)	(133, 0.0)	(134, 0.0)	(135, 0.000283427)	(136, 0.0)	(137, 3.73502e-06)	(138, 0.0)	(139, 0.0)	(140, 0.0)	(141, 0.0)	(142, 0.0)	(143, 0.000431441)	(144, 0.000285097)	(145, 0.0)	(146, 0.0)	(147, 3.03654e-05)	(148, 0.0)	(149, 0.000107654)	(150, 0.0)	(151, 0.0)
