Sample	0	1	2	3	4	5	6	7	8	9	10	11	12	13	14	15	16	17	18	19	20	21	22	23	24	25	26	27	28	29	30	31	32	33	34	35	36	37
fastp | SRR30333743_1	(1, 0.0022258248449952287)	(2, 0.06881491288618706)	(3, 0.2697683209262336)	(4, 0.08691443762204261)	(5, 0.0032139342988902375)	(6, 0.0019370245870718441)	(7, 0.07737990339260058)	(8, 0.03907673775601911)	(9, 0.0)	(10, 0.11326828630114552)	(15, 4.125717970334066e-07)	(20, 0.052847146625603116)	(25, 0.008035248319022626)	(30, 0.0090586463182416)	(35, 0.09271404117555468)	(40, 0.1046458382030229)	(45, 0.004819302600624269)	(50, 0.018673503415715834)	(55, 0.040971086076103266)	(60, 0.031520911333755924)	(65, 0.025779365321522262)	(70, 0.029435085983634125)	(75, 0.01970060170892906)	(80, 0.0053827128349781634)	(85, 0.02292919217422092)	(90, 0.022501715098738877)	(95, 0.042210900005463965)	(100, 0.10267132211574964)	(105, 0.009414278021278933)	(110, 0.02219470834196041)	(115, 0.041602538817184884)	(120, 0.0847066320589544)	(125, 0.012937046396560955)	(130, 0.06798091324599663)	(135, 0.07601588148052293)	(140, 0.03336908658108812)	(145, 0.0010566573554346885)	(150, 0.001486881195092557)
fastp | SRR30333743_2	(1, 0.0683115752938063)	(2, 0.04192142029656445)	(3, 0.00015884014185786155)	(4, 0.0010046123257763451)	(5, 0.04627198989628172)	(6, 4.125717970334066e-06)	(7, 0.06894487300225258)	(8, 0.08154894140162315)	(9, 3.5068602747839565e-05)	(10, 0.07626430925342224)	(15, 0.03962133252810321)	(20, 0.07836677513110449)	(25, 0.023134550946851243)	(30, 0.025813459717818857)	(35, 0.021333684562150387)	(40, 0.03461973385833498)	(45, 0.03563307967941551)	(50, 0.11980080394950376)	(55, 0.021985014554608457)	(60, 0.012459471374807084)	(65, 0.0117919098957712)	(70, 0.016681381656011268)	(75, 0.055846619887250634)	(80, 0.07596950432102367)	(85, 0.05307926368691466)	(90, 0.008509185879657098)	(95, 0.004129241791091603)	(100, 0.06821864788405978)	(105, 0.008447078613573047)	(110, 0.027306501814183495)	(115, 0.012699021863990054)	(120, 0.028794058842894932)	(125, 0.009275195591871756)	(130, 0.06821201709935454)	(135, 0.038825603200697806)	(140, 0.06461485497191544)	(145, 0.046187027049051116)	(150, 1.0991063358726628e-05)
fastp | SRR30333744_1	(1, 0.0013749127452598162)	(2, 0.09084064575359346)	(3, 0.3408475260556868)	(4, 0.10827610019932563)	(5, 0.0023665025715573795)	(6, 0.0014690219648852794)	(7, 0.10118806921875416)	(8, 0.04984575154601364)	(9, 0.0)	(10, 0.14315756768616256)	(15, 0.0)	(20, 0.06749191882983403)	(25, 0.010491571245465054)	(30, 0.011422263360712948)	(35, 0.1164437208378222)	(40, 0.1312441754706254)	(45, 0.005932623338662804)	(50, 0.022161011898205886)	(55, 0.051735576226918545)	(60, 0.03965397241834054)	(65, 0.03322703426853924)	(70, 0.036883464439139535)	(75, 0.025936842277108567)	(80, 0.006809304660384845)	(85, 0.028067551040153144)	(90, 0.028226381367370598)	(95, 0.052975739644199445)	(100, 0.12734211495115683)	(105, 0.012028659174726102)	(110, 0.027788650204490513)	(115, 0.051275959568655056)	(120, 0.10662004941562839)	(125, 0.01693100719426475)	(130, 0.08549372762807975)	(135, 0.09627330375156153)	(140, 0.04200822477692747)	(145, 0.0008250797029259729)	(150, 0.0008461768268286793)
fastp | SRR30333744_2	(1, 0.0589284389132809)	(2, 0.04200714215525859)	(3, 0.00020887656063212564)	(4, 0.0007873039593057044)	(5, 0.05628649472330753)	(6, 2.295346820133249e-06)	(7, 0.08687199110158307)	(8, 0.10139465043256615)	(9, 2.295346820133249e-05)	(10, 0.09479461018595499)	(15, 0.04155633603978442)	(20, 0.09713356859567078)	(25, 0.029191302719726607)	(30, 0.03262920686875379)	(35, 0.02598353100668617)	(40, 0.04380714928782572)	(45, 0.04436839856334242)	(50, 0.14951627529336062)	(55, 0.02754993029429897)	(60, 0.015465246740465306)	(65, 0.015360006904119797)	(70, 0.015465049952892294)	(75, 0.06955031143123577)	(80, 0.09605647530233791)	(85, 0.06663952867955159)	(90, 0.010679895183387777)	(95, 0.005377916373507347)	(100, 0.08548950571140743)	(105, 0.010723729827510048)	(110, 0.03349178033179029)	(115, 0.01631276729245273)	(120, 0.035803947889163544)	(125, 0.011505681862547744)	(130, 0.08600661385041199)	(135, 0.04930935388973426)	(140, 0.08314140572274005)	(145, 0.05807557968476434)	(150, 7.281176438122754e-06)
fastp | SRR30333745_1	(1, 0.0020471589356607723)	(2, 0.07233294906001393)	(3, 0.28168863490595925)	(4, 0.08990982960313955)	(5, 0.0030598723794165255)	(6, 0.001940671899729373)	(7, 0.08200805689606676)	(8, 0.040756283099131756)	(9, 0.0)	(10, 0.11808151825999488)	(15, 0.0)	(20, 0.05510725841498046)	(25, 0.008316854826723752)	(30, 0.00962699461970572)	(35, 0.09602017620790321)	(40, 0.10921394288744248)	(45, 0.0050338635602939314)	(50, 0.0191933368057628)	(55, 0.04279370016056944)	(60, 0.03307334782121039)	(65, 0.02652057255452772)	(70, 0.030521190871100726)	(75, 0.020319593545110325)	(80, 0.0056747147400948075)	(85, 0.023728543703228296)	(90, 0.023256114296439815)	(95, 0.04404744796716333)	(100, 0.10669387249038322)	(105, 0.00990856161983565)	(110, 0.02331191360124048)	(115, 0.043123496740575355)	(120, 0.08741435906646781)	(125, 0.013873880309509366)	(130, 0.0706203337383392)	(135, 0.07945533519232535)	(140, 0.03474696869252926)	(145, 0.0011013264114771001)	(150, 0.0012739298683256514)
fastp | SRR30333745_2	(1, 0.06820168670683865)	(2, 0.041942852928081635)	(3, 0.00015212433704485566)	(4, 0.001049657925609504)	(5, 0.048047385253210194)	(6, 4.346409629853019e-06)	(7, 0.07175922298887334)	(8, 0.08546127934698498)	(9, 4.998371074330972e-05)	(10, 0.07937630586519076)	(15, 0.04012170729317322)	(20, 0.08128003328306638)	(25, 0.02405259625064362)	(30, 0.0268750317889222)	(35, 0.02190233079216077)	(40, 0.03614829592666452)	(45, 0.037057183464807034)	(50, 0.12467684324082003)	(55, 0.02291699018907775)	(60, 0.012917854074676854)	(65, 0.012434267644850604)	(70, 0.016744133251971143)	(75, 0.0579577854845733)	(80, 0.07885320502005286)	(85, 0.05532728436450746)	(90, 0.008814132962303085)	(95, 0.00437297679795709)	(100, 0.07146139940051635)	(105, 0.008999904387364116)	(110, 0.028065785138967222)	(115, 0.013190844314454398)	(120, 0.03005963435882075)	(125, 0.009614131450173933)	(130, 0.07083519419995311)	(135, 0.04062251653752972)	(140, 0.06800392371733158)	(145, 0.04795676522284042)	(150, 7.999565250293865e-06)
fastp | SRR30333746_1	(1, 0.0014722339237104927)	(2, 0.08462059911257633)	(3, 0.3321384066335892)	(4, 0.10492769348177312)	(5, 0.0026037856171408713)	(6, 0.0016523088168585531)	(7, 0.09821138665625087)	(8, 0.04702388155666374)	(9, 0.0)	(10, 0.138542809143512)	(15, 4.866889004001629e-07)	(20, 0.06454760210447201)	(25, 0.009814568365469685)	(30, 0.011133145789996905)	(35, 0.11289486017712388)	(40, 0.12764973874740299)	(45, 0.005647490095262042)	(50, 0.022132009134251732)	(55, 0.05000140600165344)	(60, 0.038815685018911555)	(65, 0.03128013733520565)	(70, 0.0361742714678356)	(75, 0.0237973368832266)	(80, 0.006532304672948916)	(85, 0.027644350634888473)	(90, 0.027391271155370916)	(95, 0.05180290579209386)	(100, 0.12445975103706167)	(105, 0.011482281277686983)	(110, 0.026994957178211043)	(115, 0.04984497995544656)	(120, 0.10414706182067296)	(125, 0.01624654838565609)	(130, 0.08371151954110284)	(135, 0.09420785736231589)	(140, 0.040231518871018376)	(145, 0.000884793190050258)	(150, 0.0010809743735084455)
fastp | SRR30333746_2	(1, 0.06103565499918443)	(2, 0.04198421799302005)	(3, 0.00020927622717207008)	(4, 0.0008468386866962834)	(5, 0.05667978934060298)	(6, 4.866889004001629e-06)	(7, 0.08488341111879241)	(8, 0.09970795502498137)	(9, 3.650166753001222e-05)	(10, 0.09296196017653471)	(15, 0.042014879393745264)	(20, 0.09608066265029896)	(25, 0.02842311847226991)	(30, 0.031486187470845195)	(35, 0.025763609351764312)	(40, 0.042763649932747616)	(45, 0.043198599134898416)	(50, 0.14641180955601252)	(55, 0.026823948169405434)	(60, 0.015130891433782476)	(65, 0.014827840138275462)	(70, 0.01634518321541317)	(75, 0.06845381865029403)	(80, 0.09335230176625003)	(85, 0.0647194231009101)	(90, 0.010384106891914352)	(95, 0.005057917947250781)	(100, 0.08422456668961208)	(105, 0.010432446754616544)	(110, 0.032946466302292754)	(115, 0.015984580641458197)	(120, 0.03500796525051067)	(125, 0.011349178345868212)	(130, 0.08339743643155674)	(135, 0.04776779690815646)	(140, 0.08066723383662697)	(145, 0.05612841812659257)	(150, 5.2570005636556e-06)
fastp | SRR30333747_1	(1, 0.0013657450602139291)	(2, 0.10270908684312531)	(3, 0.41071747696911226)	(4, 0.12981659713085292)	(5, 0.0016338357572188856)	(6, 0.0015908400793973362)	(7, 0.11677626096332878)	(8, 0.05895972008093911)	(9, 0.0)	(10, 0.17190177824559322)	(15, 0.006675458355423417)	(20, 0.08148945525943112)	(25, 0.012383261044110076)	(30, 0.01332125377789189)	(35, 0.14216100480077878)	(40, 0.15830676230857743)	(45, 0.00696833981110607)	(50, 0.03731091667809113)	(55, 0.07216287355225898)	(60, 0.04990485614561322)	(65, 0.0505303124152542)	(70, 0.047577710472387576)	(75, 0.030768460190804967)	(80, 0.00969316204788982)	(85, 0.04426150055882255)	(90, 0.03853687487323104)	(95, 0.06365027581503044)	(100, 0.1629268864083335)	(105, 0.014417319991412625)	(110, 0.04058991867732882)	(115, 0.07415370816838747)	(120, 0.13459101771012302)	(125, 0.022661555555919272)	(130, 0.10763489462835933)	(135, 0.11891739400110911)	(140, 0.06086417572843388)	(145, 0.004017053571259684)	(150, 0.0005746898094016415)
fastp | SRR30333747_2	(1, 0.04833978765901635)	(2, 0.06104627503404372)	(3, 0.031063112647310147)	(4, 0.00920107505381162)	(5, 0.06933685338104606)	(6, 0.00026809069700495653)	(7, 0.10400401549280963)	(8, 0.12392113095426277)	(9, 4.046652030263494e-05)	(10, 0.12510022418958078)	(15, 0.04669634110322559)	(20, 0.1324256760273653)	(25, 0.03798086429304559)	(30, 0.04294513300084776)	(35, 0.0353760507429689)	(40, 0.06003741641681349)	(45, 0.05777857165777918)	(50, 0.1896024452136567)	(55, 0.03887755022956289)	(60, 0.023506807546419366)	(65, 0.024927816276536435)	(70, 0.01703271133152309)	(75, 0.08659698918154315)	(80, 0.12251789112169749)	(85, 0.08571436304604806)	(90, 0.01475609015038739)	(95, 0.011560390642460483)	(100, 0.10634992625190116)	(105, 0.016499452499854503)	(110, 0.05279608714447792)	(115, 0.024705166169738273)	(120, 0.04636628738052939)	(125, 0.024158227781234547)	(130, 0.10862907344126749)	(135, 0.06365388792490757)	(140, 0.10941516599454462)	(145, 0.07550928244734965)	(150, 4.5024570500550705e-05)
fastp | SRR30333748_1	(1, 0.001999171445693142)	(2, 0.07297213584644245)	(3, 0.28712128839988615)	(4, 0.09131504911104962)	(5, 0.002990037546849536)	(6, 0.0018089251542711142)	(7, 0.08198822467408472)	(8, 0.0407428286937891)	(9, 0.0)	(10, 0.12025404665355902)	(15, 6.341543047400925e-07)	(20, 0.05624599898177014)	(25, 0.008645742713674052)	(30, 0.009673494388200057)	(35, 0.09715671105171256)	(40, 0.11097604584585812)	(45, 0.005174310578778704)	(50, 0.019773320345869753)	(55, 0.04335598546311035)	(60, 0.03363175771807113)	(65, 0.02700016272568494)	(70, 0.032314289478506314)	(75, 0.020680373568915198)	(80, 0.0056924576876794825)	(85, 0.024188330281558902)	(90, 0.02371827095607238)	(95, 0.0447879565203065)	(100, 0.10852939657082675)	(105, 0.009987426389294828)	(110, 0.02347496850173747)	(115, 0.044446450533524744)	(120, 0.08998671591107066)	(125, 0.014221615561512711)	(130, 0.07287999895914797)	(135, 0.0812813910371705)	(140, 0.03487513880103248)	(145, 0.0010441685496977706)	(150, 0.001302177822354017)
fastp | SRR30333748_2	(1, 0.06582521683202161)	(2, 0.041421373799860994)	(3, 0.00014744087585207152)	(4, 0.0010162322733459983)	(5, 0.04875695371994202)	(6, 0.0)	(7, 0.07305933206334422)	(8, 0.08595961600751956)	(9, 4.756157285550694e-05)	(10, 0.08073957484805148)	(15, 0.04037089719405903)	(20, 0.08416147147642901)	(25, 0.02439876979772269)	(30, 0.02740654647949761)	(35, 0.023201636314514076)	(40, 0.03662666836764057)	(45, 0.037610473590112894)	(50, 0.1263646627875294)	(55, 0.023565302789671016)	(60, 0.01324069811423611)	(65, 0.012316978602967911)	(70, 0.01633195533256057)	(75, 0.06008118054721999)	(80, 0.08026108469467906)	(85, 0.05632053388230458)	(90, 0.009008594613135036)	(95, 0.004454558940310187)	(100, 0.0727722020641309)	(105, 0.009047119342125435)	(110, 0.02889318049495052)	(115, 0.013587607005053766)	(120, 0.03041676632876811)	(125, 0.009900313337913946)	(130, 0.07228703316202434)	(135, 0.04110197198781871)	(140, 0.068593068072202)	(145, 0.048752859718882165)	(150, 6.891750692958641e-06)
fastp | SRR30333749_1	(1, 0.0057515680132493845)	(2, 0.06488263976735884)	(3, 0.22123126813156183)	(4, 0.07730084194598238)	(5, 0.0018107862968050532)	(6, 0.0010911148198697116)	(7, 0.06374896373111123)	(8, 0.031388897078698706)	(9, 0.0)	(10, 0.09612528102977713)	(15, 0.0008465812857712514)	(20, 0.04309129698187581)	(25, 0.0066530919601630115)	(30, 0.013423513279450306)	(35, 0.0752613876122504)	(40, 0.08476666711566301)	(45, 0.0038911967067233023)	(50, 0.015398924157656882)	(55, 0.03957591513985354)	(60, 0.025863975565618872)	(65, 0.020726518232476936)	(70, 0.023691981985141317)	(75, 0.016105227678973568)	(80, 0.004243687028704788)	(85, 0.018731200429496064)	(90, 0.028969352365385358)	(95, 0.03401079602544123)	(100, 0.08334721767466514)	(105, 0.007634316518787578)	(110, 0.017940980274567885)	(115, 0.0338066497011474)	(120, 0.0689187275220518)	(125, 0.011134785235010982)	(130, 0.055527944652710944)	(135, 0.062297856559313226)	(140, 0.026568208726234117)	(145, 0.0006373490543270025)	(150, 0.0007591177330041293)
fastp | SRR30333749_2	(1, 0.14268841250764264)	(2, 0.03949100499645465)	(3, 0.00013735665285593887)	(4, 0.05551336836198826)	(5, 0.03714433429343699)	(6, 1.9346007444498433e-06)	(7, 0.05588674630566707)	(8, 0.06641290895621867)	(9, 0.0074772318772986434)	(10, 0.06529780508711779)	(15, 0.057717265530065516)	(20, 0.06339338411428136)	(25, 0.020414680895732527)	(30, 0.02855724585015599)	(35, 0.017664389788526275)	(40, 0.033813138186125545)	(45, 0.02910517935660433)	(50, 0.09790521711652558)	(55, 0.018282919420630452)	(60, 0.01010813445914122)	(65, 0.009567006145345296)	(70, 0.011149368296140721)	(75, 0.04497300405677017)	(80, 0.06162954768355285)	(85, 0.04319258745689341)	(90, 0.007008572975759176)	(95, 0.003654758433035904)	(100, 0.05603422591215627)	(105, 0.0067410974247191936)	(110, 0.022261560915940927)	(115, 0.010596924809409658)	(120, 0.02318287188697919)	(125, 0.01965579835917549)	(130, 0.055406144783636674)	(135, 0.03707360319576026)	(140, 0.053747196715867585)	(145, 0.04234965882918448)	(150, 2.3196190035065215e-05)
fastp | SRR30333750_1	(1, 0.0018580837043313573)	(2, 0.07336627071889007)	(3, 0.2907059929212618)	(4, 0.09155654282123077)	(5, 0.002799693240241213)	(6, 0.0016686017032653084)	(7, 0.08258515011769539)	(8, 0.04195672880748227)	(9, 0.0)	(10, 0.12139145063398357)	(15, 0.0)	(20, 0.05698187809609723)	(25, 0.008877038400963714)	(30, 0.00981027658278395)	(35, 0.09850184245977904)	(40, 0.11199603197349368)	(45, 0.005100843186207401)	(50, 0.019807679235094994)	(55, 0.04372735912965585)	(60, 0.03371622993818319)	(65, 0.02761200953948202)	(70, 0.0314517915109411)	(75, 0.02102245164798045)	(80, 0.005701051965002294)	(85, 0.024506992169752845)	(90, 0.02396468934436106)	(95, 0.045025895152553716)	(100, 0.10957597262504531)	(105, 0.010098368466161403)	(110, 0.02368282553837795)	(115, 0.044675911411675706)	(120, 0.09211369301042506)	(125, 0.014189821776181655)	(130, 0.0730548873468477)	(135, 0.08308915210966118)	(140, 0.035242691671350496)	(145, 0.001018794188702222)	(150, 0.0012703105768815475)
fastp | SRR30333750_2	(1, 0.06493625516125769)	(2, 0.04068062553499663)	(3, 0.0001624131437708991)	(4, 0.000976412352432191)	(5, 0.0499285072809039)	(6, 0.0)	(7, 0.073832241762328)	(8, 0.08664741220177466)	(9, 5.4137714590299694e-05)	(10, 0.0817065723494871)	(15, 0.04028232663479657)	(20, 0.0836667443156173)	(25, 0.024663209277533748)	(30, 0.02769332331623954)	(35, 0.022483889420581906)	(40, 0.036967168863124206)	(45, 0.03816239665050497)	(50, 0.127871874835971)	(55, 0.023870549586678856)	(60, 0.013160290292735804)	(65, 0.012483721502057897)	(70, 0.01636596742391446)	(75, 0.05958630451571609)	(80, 0.08072696757246492)	(85, 0.056956740432006235)	(90, 0.009108744523672161)	(95, 0.004542410176373407)	(100, 0.07318631929937028)	(105, 0.00906887904438925)	(110, 0.029322607643119693)	(115, 0.013602155671085081)	(120, 0.03077240115723662)	(125, 0.010037813027243027)	(130, 0.07324388016941444)	(135, 0.04149813432620959)	(140, 0.06938970685864018)	(145, 0.049359287722302476)	(150, 9.037551224162522e-06)
fastp | SRR30333751_1	(1, 0.0019865560427175704)	(2, 0.07756352022290691)	(3, 0.3023321513854378)	(4, 0.09652083395510544)	(5, 0.0029975878574966916)	(6, 0.0018557386175150966)	(7, 0.08638061468155367)	(8, 0.043797673957788316)	(9, 0.0)	(10, 0.126319548359941)	(15, 0.0)	(20, 0.06001268069367098)	(25, 0.009214405667190267)	(30, 0.010194546902288342)	(35, 0.10260325357431199)	(40, 0.1156613129252508)	(45, 0.0053437104193704375)	(50, 0.020540559858730507)	(55, 0.045357916457697635)	(60, 0.03495123006245303)	(65, 0.02949844860309789)	(70, 0.032627665789810835)	(75, 0.023010187005864487)	(80, 0.005992738249660273)	(85, 0.025227531205648832)	(90, 0.02482987527312079)	(95, 0.04667381672162302)	(100, 0.11356282089067299)	(105, 0.010458180768529241)	(110, 0.024639606202478355)	(115, 0.045951471936050654)	(120, 0.09372510645892257)	(125, 0.014652789531468344)	(130, 0.07561013030768765)	(135, 0.08475300409802082)	(140, 0.03676439590492465)	(145, 0.0011040636920362343)	(150, 0.0012542125042142816)
fastp | SRR30333751_2	(1, 0.0670831756438287)	(2, 0.04248763088540354)	(3, 0.00017753793420335765)	(4, 0.001039064120179651)	(5, 0.05042824859519372)	(6, 3.7376407200706878e-06)	(7, 0.0756012588448698)	(8, 0.09135167683924768)	(9, 5.793343116109565e-05)	(10, 0.0840509432207336)	(15, 0.04116151595792246)	(20, 0.08702124630097378)	(25, 0.025463798697697583)	(30, 0.028792505996143188)	(35, 0.023393727638683894)	(40, 0.038224164825251504)	(45, 0.0397767058619806)	(50, 0.13238378465981018)	(55, 0.0246860910478943)	(60, 0.013750870617168962)	(65, 0.013425952924510652)	(70, 0.01621488911890895)	(75, 0.061613585372695664)	(80, 0.0839871875079617)	(85, 0.05852745698017855)	(90, 0.009484335619987797)	(95, 0.004717713778813331)	(100, 0.07608952515491044)	(105, 0.009476112896406224)	(110, 0.03015037653273907)	(115, 0.014338255706356384)	(120, 0.031560554752649364)	(125, 0.010391252308525714)	(130, 0.0759907665111638)	(135, 0.04275327090593502)	(140, 0.07217338565129464)	(145, 0.050860291306073134)	(150, 1.0958854669641948e-05)
fastp | SRR30333752_1	(1, 0.0019219521116550353)	(2, 0.07351162995445877)	(3, 0.29458473585632927)	(4, 0.09305581687487496)	(5, 0.00285775354632718)	(6, 0.0015521456077864514)	(7, 0.08415789043202757)	(8, 0.04177598167176465)	(9, 0.0)	(10, 0.12371399137211911)	(15, 0.0)	(20, 0.05885062506587721)	(25, 0.008884384232846565)	(30, 0.00992379357137076)	(35, 0.10058225577949749)	(40, 0.11454740355774505)	(45, 0.005260371945500921)	(50, 0.01997790118652553)	(55, 0.0445230341709463)	(60, 0.03437068491734006)	(65, 0.028915396362454496)	(70, 0.0320532014108225)	(75, 0.022239915503440757)	(80, 0.005706933304976291)	(85, 0.024882964858499366)	(90, 0.024450869079174337)	(95, 0.04613279124205618)	(100, 0.1108221726085806)	(105, 0.010361104855149525)	(110, 0.02421325752150592)	(115, 0.04533739995077762)	(120, 0.09393608442580444)	(125, 0.014613682898408555)	(130, 0.07452750877551152)	(135, 0.08425943233962072)	(140, 0.03592641681948549)	(145, 0.0010484234797726664)	(150, 0.0012526721820529795)
fastp | SRR30333752_2	(1, 0.06270216848457236)	(2, 0.04094782344479134)	(3, 0.0001545200884709107)	(4, 0.001038236100062973)	(5, 0.0495801142299303)	(6, 5.208542308008226e-06)	(7, 0.07511759716609463)	(8, 0.088220553432274)	(9, 3.993215769472973e-05)	(10, 0.08286026892502579)	(15, 0.04034397977321624)	(20, 0.08543571947825893)	(25, 0.025396157821540376)	(30, 0.028045906142538886)	(35, 0.022968201745133282)	(40, 0.03774519551467743)	(45, 0.03854353782731911)	(50, 0.1301395107941082)	(55, 0.024337544933500047)	(60, 0.013506222445747252)	(65, 0.012543509023079828)	(70, 0.01620433227763937)	(75, 0.06118894314516341)	(80, 0.08250312603074862)	(85, 0.0580022637061426)	(90, 0.00911615810805846)	(95, 0.004574649087909889)	(100, 0.07445983138973167)	(105, 0.009064862363112894)	(110, 0.029694645026710834)	(115, 0.013898094580624434)	(120, 0.031167299005515438)	(125, 0.010330139811075325)	(130, 0.07419498028881508)	(135, 0.0422380589992136)	(140, 0.07095124092805175)	(145, 0.05008523261541125)	(150, 1.0770358508615534e-05)
fastp | SRR30333753_1	(1, 0.00135513780054295)	(2, 0.10213933316008826)	(3, 0.4118564631870259)	(4, 0.13150750928912247)	(5, 0.0016611366587300678)	(6, 0.0015248514529828641)	(7, 0.1177092750619622)	(8, 0.0597829197814479)	(9, 0.0)	(10, 0.1730580399605709)	(15, 0.006243405274607747)	(20, 0.08189455155918761)	(25, 0.012307325504665404)	(30, 0.013544396754137981)	(35, 0.14446370760938115)	(40, 0.15968923820319597)	(45, 0.007062850342667619)	(50, 0.03697228626592671)	(55, 0.07210937079958715)	(60, 0.05009954102480784)	(65, 0.05061261217282878)	(70, 0.047401363756627755)	(75, 0.030268742172918483)	(80, 0.009599062938961034)	(85, 0.044483743303968)	(90, 0.03915860275906602)	(95, 0.06426612956888707)	(100, 0.1649269766236084)	(105, 0.014854918700823599)	(110, 0.04067072434009927)	(115, 0.07401757190545137)	(120, 0.13561662182929762)	(125, 0.022310856703270668)	(130, 0.10862750020403926)	(135, 0.12073125827342147)	(140, 0.06162332169681256)	(145, 0.0038366632094621123)	(150, 0.000511425088960919)
fastp | SRR30333753_2	(1, 0.04708268145719433)	(2, 0.05982149106609334)	(3, 0.0300521735767466)	(4, 0.008768538709395559)	(5, 0.069811453789261)	(6, 0.0002648561545653204)	(7, 0.10473132348826149)	(8, 0.1241532510167262)	(9, 5.657121747997135e-05)	(10, 0.12557781712963093)	(15, 0.047110452782139045)	(20, 0.1321796782095436)	(25, 0.038397456722632915)	(30, 0.042854312273866)	(35, 0.03499700591058201)	(40, 0.06001505885885357)	(45, 0.0582263589441048)	(50, 0.1913529449019807)	(55, 0.038912976414422644)	(60, 0.02361308151921102)	(65, 0.0247104245507276)	(70, 0.016078640026718344)	(75, 0.08730335430578447)	(80, 0.12384142667441851)	(85, 0.0859876680392331)	(90, 0.014730453997562638)	(95, 0.011369486046550966)	(100, 0.10711548575216845)	(105, 0.016553178161645418)	(110, 0.0530576624195905)	(115, 0.024798100477823735)	(120, 0.04632187014662989)	(125, 0.0237253404702144)	(130, 0.11007644442007727)	(135, 0.06433820772040708)	(140, 0.11015783154607921)	(145, 0.07660114236181133)	(150, 3.611091131563966e-05)
fastp | SRR30333754_1	(1, 0.0015174648842550076)	(2, 0.09066903879944732)	(3, 0.35242456382048754)	(4, 0.11218181694937829)	(5, 0.002545491027164608)	(6, 0.0016055229004803319)	(7, 0.10136706384040299)	(8, 0.050920059847504404)	(9, 0.0)	(10, 0.14654246445266833)	(15, 4.095721684898806e-07)	(20, 0.06960883789569766)	(25, 0.01052846216320087)	(30, 0.011674233661390235)	(35, 0.11952328821957309)	(40, 0.13409440034386114)	(45, 0.00604018247063806)	(50, 0.023413549458220217)	(55, 0.05262587575432973)	(60, 0.040279198435240166)	(65, 0.03434464615880176)	(70, 0.03923666106954786)	(75, 0.026456640249399137)	(80, 0.007071074439682278)	(85, 0.02908777259714808)	(90, 0.028865578748412907)	(95, 0.05414782289328001)	(100, 0.13097330838770344)	(105, 0.012219553086462208)	(110, 0.028008065041898678)	(115, 0.0533593896972499)	(120, 0.10862769405466019)	(125, 0.01706014842105951)	(130, 0.08743475496508656)	(135, 0.09822795236777063)	(140, 0.04274536231109533)	(145, 0.000837621482221284)	(150, 0.0008908281605204472)
fastp | SRR30333754_2	(1, 0.06080917985569257)	(2, 0.042867871014993356)	(3, 0.00024574330109392836)	(4, 0.0008314315020344576)	(5, 0.05845618774771821)	(6, 2.047860842449403e-06)	(7, 0.08840410470769827)	(8, 0.10497949036648374)	(9, 3.276577347919045e-05)	(10, 0.09741919770832903)	(15, 0.04310501330054899)	(20, 0.10183766226199786)	(25, 0.029658759009026214)	(30, 0.033177457905444956)	(35, 0.028494592443992682)	(40, 0.044489220218473194)	(45, 0.045838735923121446)	(50, 0.15361422237005345)	(55, 0.028455508138098454)	(60, 0.015948411316878932)	(65, 0.01591594686963362)	(70, 0.016084583963360027)	(75, 0.07298032534085822)	(80, 0.09824820684413073)	(85, 0.06801659139477188)	(90, 0.010990936520721872)	(95, 0.005452581073620243)	(100, 0.08795275085008372)	(105, 0.011080858760125495)	(110, 0.03470934841109013)	(115, 0.016797858818731366)	(120, 0.036992833079679495)	(125, 0.01183191159265954)	(130, 0.08839913046766038)	(135, 0.050368454477921744)	(140, 0.08454844950528723)	(145, 0.05942968735011024)	(150, 7.503949140834092e-06)
fastp | SRR30333755_1	(1, 0.001971402488371057)	(2, 0.09064824687658346)	(3, 0.3642664776607198)	(4, 0.11565474913709044)	(5, 0.0018392848446037455)	(6, 0.0019869457405789757)	(7, 0.1058676813301708)	(8, 0.053150150924978934)	(9, 0.0)	(10, 0.15250728201365943)	(15, 0.00930470888006723)	(20, 0.07281547361843803)	(25, 0.010880276545543284)	(30, 0.011974336547611887)	(35, 0.1298488349093173)	(40, 0.141843490778447)	(45, 0.006347130966116413)	(50, 0.03797756873128445)	(55, 0.06931340722273702)	(60, 0.045481750409907075)	(65, 0.051135701930710036)	(70, 0.04445876210010839)	(75, 0.02673552754508284)	(80, 0.009608623304979542)	(85, 0.04477672155798525)	(90, 0.03709303432325967)	(95, 0.05752182552703115)	(100, 0.150489040943522)	(105, 0.012762642396256671)	(110, 0.0402252527320284)	(115, 0.07200827660491275)	(120, 0.12271525727679472)	(125, 0.020834801386446264)	(130, 0.09846961511217461)	(135, 0.10855872208549776)	(140, 0.05978661879263068)	(145, 0.005453554109923129)	(150, 0.0007656112483604609)
fastp | SRR30333755_2	(1, 0.05161655004046427)	(2, 0.06796027973709107)	(3, 0.042886423383683106)	(4, 0.013012292640062836)	(5, 0.0611886028585077)	(6, 0.00037562859502470857)	(7, 0.09428536789323651)	(8, 0.10917062242435359)	(9, 5.1810840693063254e-05)	(10, 0.1170308450658982)	(15, 0.045754153416044156)	(20, 0.12457709401284286)	(25, 0.03618831789888389)	(30, 0.04032473125938826)	(35, 0.033385878384906156)	(40, 0.05820649357472714)	(45, 0.05386841948932895)	(50, 0.17423414678899102)	(55, 0.03695748905581286)	(60, 0.02362562566210212)	(65, 0.026269458864700713)	(70, 0.016611891622801543)	(75, 0.08007246063738468)	(80, 0.11455315887487232)	(85, 0.0791690259322831)	(90, 0.01388033370228419)	(95, 0.012777504094219143)	(100, 0.09597809582390307)	(105, 0.016801836785192103)	(110, 0.05345734085073697)	(115, 0.02485792479162567)	(120, 0.042292023741869245)	(125, 0.0266245139134762)	(130, 0.09943010513006757)	(135, 0.05969499654023269)	(140, 0.10356909332718815)	(145, 0.07097910844856292)	(150, 4.5227945540404544e-05)
fastp | SRR30333756_1	(1, 0.0010906460011621672)	(2, 0.09867829435130317)	(3, 0.38362843872032404)	(4, 0.11979487885072759)	(5, 0.002170805021543929)	(6, 0.00125004810902433)	(7, 0.1082340312384086)	(8, 0.05498953242013404)	(9, 0.0)	(10, 0.15958961507851654)	(15, 0.0)	(20, 0.07404102066428102)	(25, 0.011832250674915865)	(30, 0.012555511976515828)	(35, 0.12877884326204816)	(40, 0.1464924454912638)	(45, 0.006653983486088404)	(50, 0.025323897333868854)	(55, 0.05730334625109969)	(60, 0.044312180243948444)	(65, 0.035590639892745336)	(70, 0.04044218561094719)	(75, 0.02688916219461447)	(80, 0.007492122979493812)	(85, 0.03199671232169354)	(90, 0.031154619791427123)	(95, 0.05882480499825076)	(100, 0.14207395592491937)	(105, 0.013428129511844519)	(110, 0.03037772538483017)	(115, 0.058178533909814076)	(120, 0.11988873954055937)	(125, 0.01866174787455466)	(130, 0.09549844138487512)	(135, 0.10665241270441242)	(140, 0.04688362189016707)	(145, 0.0007094124100661778)	(150, 0.0007261294246115585)
fastp | SRR30333756_2	(1, 0.05441274847721173)	(2, 0.04171301475214073)	(3, 0.00019296044635946035)	(4, 0.0007236016738479763)	(5, 0.06273941121685367)	(6, 0.0)	(7, 0.09519242193989638)	(8, 0.11374389094043363)	(9, 2.097396156081091e-05)	(10, 0.10555523686786183)	(15, 0.04361367514878142)	(20, 0.10931502921725281)	(25, 0.03205702232877461)	(30, 0.03572395583114297)	(35, 0.028757226536822316)	(40, 0.04816634883339785)	(45, 0.049731017682214204)	(50, 0.16695414803752862)	(55, 0.03169336236679352)	(60, 0.01717764831335806)	(65, 0.016467329087943874)	(70, 0.01547375648419501)	(75, 0.07685994408737964)	(80, 0.10571941672935264)	(85, 0.07393141156506937)	(90, 0.011975489231079337)	(95, 0.006190244153596931)	(100, 0.09507919817470051)	(105, 0.011700081727244233)	(110, 0.03767722448688927)	(115, 0.017769938009773178)	(120, 0.03992155401818695)	(125, 0.012820299379509358)	(130, 0.09561454083081121)	(135, 0.05422250249298271)	(140, 0.09063768864593123)	(145, 0.06537869191148078)	(150, 9.723279358761394e-06)
fastp | SRR30333757_1	(1, 0.0011676049799753522)	(2, 0.0050040213427515095)	(3, 0.0024086022729777265)	(4, 0.00011564849325470154)	(5, 8.89603794266935e-06)	(6, 0.00021128090113839708)	(7, 1.3344056914004025e-05)	(8, 8.89603794266935e-06)	(9, 0.0022240094856673374)	(10, 0.00011475888946043461)	(15, 6.583068077575319e-05)	(20, 5.07074162732153e-05)	(25, 3.2915340387876596e-05)	(30, 0.00013611034011572047)	(35, 0.0010702299434404827)	(40, 0.00020373644635505932)	(45, 0.00019530205054785427)	(50, 0.0004191413060072898)	(55, 0.0004913412913621413)	(60, 0.00017497492348887548)	(65, 8.865579829146822e-05)	(70, 6.6893103389271534e-06)	(75, 9.246623695864234e-05)	(80, 3.1353229107137525e-06)	(85, 7.152596016055301e-05)	(90, 1.3587053809474966e-05)	(95, 4.0725707768528966e-05)	(100, 6.177781473298785e-05)	(105, 0.0004059549532086172)	(110, 3.997329218606131e-05)	(115, 3.633633181248121e-05)	(120, 1.578579127452174e-06)	(125, 0.00035512518825639113)	(130, 2.1576052871872643e-05)	(135, 4.022657338970087e-05)	(140, 8.379632839195182e-05)	(145, 0.0002814148241574509)	(150, 0.0)
fastp | SRR30333757_2	(1, 0.0019993845276149364)	(2, 0.004390194724707325)	(3, 6.6720284570020126e-06)	(4, 0.0006516347793005299)	(5, 1.1120047428336688e-05)	(6, 0.00048038604890414486)	(7, 3.55841517706774e-05)	(8, 0.0)	(9, 0.0)	(10, 2.1795292959539908e-05)	(15, 0.00021973213718393293)	(20, 7.11683035413548e-06)	(25, 1.423366070827096e-05)	(30, 1.556820759569646e-05)	(35, 1.4679084127992966e-05)	(40, 0.0010240362573248841)	(45, 1.64609256353082e-05)	(50, 1.6018663950518274e-05)	(55, 1.157193199942872e-05)	(60, 0.0004007274307094074)	(65, 0.00025083661250225014)	(70, 0.0001306750064734302)	(75, 0.00013000127061722986)	(80, 1.3438591188407142e-05)	(85, 0.00034597809641015735)	(90, 1.3589039128147905e-06)	(95, 9.153323314258189e-06)	(100, 5.3890521934304215e-05)	(105, 2.608790030566766e-05)	(110, 0.00011262453732462732)	(115, 3.785476730825955e-05)	(120, 4.73605547137597e-06)	(125, 1.8778093028208247e-05)	(130, 0.0008326727492011546)	(135, 3.712866393313479e-06)	(140, 6.5981593418399395e-06)	(145, 2.129390300618663e-06)	(150, 1.1223715531338269e-05)
fastp | SRR30333758_1	(1, 0.0018767509488184844)	(2, 0.005318707204221309)	(3, 2.243128624085838e-05)	(4, 0.00047354937619589906)	(5, 1.9938921102985224e-05)	(6, 0.0001919121156162328)	(7, 4.984730275746306e-06)	(8, 9.969460551492612e-06)	(9, 0.002116018002054307)	(10, 0.00012611367597638155)	(15, 5.184119486776159e-05)	(20, 2.1434340185709116e-05)	(25, 4.984730275746306e-06)	(30, 0.0006136233709851006)	(35, 0.002836878485148961)	(40, 0.00011365834472064491)	(45, 9.123197368993515e-05)	(50, 0.00034652554245257996)	(55, 0.0004887213363751814)	(60, 0.00019056352567824552)	(65, 0.0002141244685071322)	(70, 1.3987917097332153e-05)	(75, 0.0)	(80, 2.507971059338184e-06)	(85, 5.339153238704666e-05)	(90, 2.636538120797111e-05)	(95, 4.148483271238648e-05)	(100, 1.5069223335347067e-05)	(105, 0.0004642151043067493)	(110, 7.065772131218519e-06)	(115, 2.3537464346625883e-05)	(120, 1.1616655840330645e-06)	(125, 0.0009171731186389668)	(130, 2.0849040005005286e-05)	(135, 1.787714894751861e-05)	(140, 7.23671938134288e-05)	(145, 0.0003333064112989196)	(150, 0.0)
fastp | SRR30333758_2	(1, 0.006186050272201166)	(2, 0.003489311193022414)	(3, 0.0)	(4, 7.477095413619459e-06)	(5, 0.0)	(6, 0.0002940990862690321)	(7, 0.0)	(8, 0.0)	(9, 0.0)	(10, 2.0437394130559855e-05)	(15, 0.0006878927780529903)	(20, 1.9938921102985224e-06)	(25, 9.969460551492612e-07)	(30, 1.5452783171117575e-05)	(35, 1.844411414968531e-05)	(40, 0.0017103870203529672)	(45, 1.4956434821868689e-05)	(50, 8.975076974124399e-06)	(55, 1.4462827928913664e-05)	(60, 0.0004699507855264797)	(65, 0.0004672135324526195)	(70, 4.146771841790462e-05)	(75, 0.00012959906293172376)	(80, 1.304296162436121e-05)	(85, 0.0009536166599460117)	(90, 1.5212995321943085e-06)	(95, 0.0)	(100, 1.5071571175591021e-05)	(105, 0.0)	(110, 0.00011034782247896795)	(115, 4.203448216356703e-05)	(120, 0.0)	(125, 1.209159613814975e-06)	(130, 0.0014896415237056707)	(135, 5.296402752765608e-06)	(140, 9.04572248101957e-06)	(145, 7.363930055242068e-07)	(150, 0.0)
fastp | SRR30333759_1	(1, 0.0011409520681575655)	(2, 0.004643627964641285)	(3, 0.0020307068702804403)	(4, 0.00030284530204182297)	(5, 2.112874200291788e-05)	(6, 0.00011503426201588624)	(7, 2.347638000324209e-05)	(8, 7.042914000972626e-06)	(9, 0.002021316318279144)	(10, 0.0001281810348177018)	(15, 7.136819520985596e-05)	(20, 3.568409760492798e-05)	(25, 2.2067797203047564e-05)	(30, 0.0003169332089039469)	(35, 0.00161006229490194)	(40, 0.0001652867026988548)	(45, 0.00017046671810378572)	(50, 0.00032454654331136323)	(55, 0.00038992459464366974)	(60, 0.0001381707547460926)	(65, 0.00012650016260678894)	(70, 7.06096713935103e-06)	(75, 7.63853869096665e-05)	(80, 2.8366602251786273e-06)	(85, 5.175448757464018e-05)	(90, 1.8642450805034085e-05)	(95, 3.8150356737225025e-05)	(100, 4.2642024974287106e-05)	(105, 0.0003397550252182542)	(110, 2.67401543702941e-05)	(115, 2.5544620352978545e-05)	(120, 4.437066441065503e-06)	(125, 0.0005492508143254248)	(130, 2.824126364183496e-05)	(135, 2.604212596431795e-05)	(140, 6.587905368553431e-05)	(145, 0.00023584973743897777)	(150, 0.0)
fastp | SRR30333759_2	(1, 0.003204525870442545)	(2, 0.0037961306465242456)	(3, 4.695276000648417e-06)	(4, 0.0005094374460703532)	(5, 4.695276000648417e-06)	(6, 0.00037796971805219764)	(7, 3.0519294004214715e-05)	(8, 0.0)	(9, 0.0)	(10, 1.9720159202723352e-05)	(15, 0.0003704572764511602)	(20, 4.695276000648417e-06)	(25, 8.451496801167153e-06)	(30, 1.4555475747203822e-05)	(35, 1.7842739791761233e-05)	(40, 0.0011396476632038845)	(45, 8.453062232857699e-06)	(50, 9.39379819376612e-06)	(55, 5.167872124518432e-06)	(60, 0.0003360436388619382)	(65, 0.0002755891056917658)	(70, 9.179928332440739e-05)	(75, 0.0001070432446125913)	(80, 1.3711937646958872e-05)	(85, 0.0005309033497622277)	(90, 4.780770639000385e-07)	(95, 4.346902884582054e-06)	(100, 5.7845540963974265e-05)	(105, 1.9017307937213276e-05)	(110, 0.00011006193514247657)	(115, 2.6612180816696745e-05)	(120, 2.773380782846298e-06)	(125, 1.9200917287167098e-05)	(130, 0.0009196560763767372)	(135, 2.604080118300756e-06)	(140, 1.1789431543015225e-05)	(145, 7.449372148664348e-07)	(150, 3.92260111759613e-06)
fastp | SRR30333760_1	(1, 0.0003567012329021414)	(2, 0.004846216750463576)	(3, 0.001921266640666017)	(4, 9.10203146026154e-05)	(5, 0.0)	(6, 6.88802380776549e-05)	(7, 0.0)	(8, 0.0)	(9, 0.0018523864025883619)	(10, 0.00019729268192242582)	(15, 0.0002553488825878778)	(20, 2.952010203328067e-05)	(25, 4.182014454714762e-05)	(30, 0.0001672816489487438)	(35, 0.0009446745169709448)	(40, 0.0002780045017933234)	(45, 0.000144181218529312)	(50, 0.00039864950148190813)	(55, 0.0004105568299089686)	(60, 0.0001073556723514138)	(65, 8.573840903926447e-05)	(70, 5.918629001675697e-06)	(75, 0.00013140063548410042)	(80, 9.9043591991765e-07)	(85, 1.1435832116515219e-05)	(90, 1.4510039786729234e-05)	(95, 3.94044209699174e-05)	(100, 0.00012551957804682868)	(105, 1.1494672903564721e-05)	(110, 7.45571919637431e-05)	(115, 2.2180583721431164e-05)	(120, 6.351322503550909e-06)	(125, 0.00036741124259880465)	(130, 1.5321755623194438e-05)	(135, 1.7600245872727113e-05)	(140, 7.788816285341727e-05)	(145, 7.73994041685508e-06)	(150, 0.0)
fastp | SRR30333760_2	(1, 0.0021402073974128486)	(2, 0.0036924727626628565)	(3, 0.0)	(4, 0.00039606136894651566)	(5, 0.0)	(6, 0.00038376132643264864)	(7, 9.840034011093555e-06)	(8, 0.0)	(9, 0.0)	(10, 8.364028909429522e-06)	(15, 0.000251904870683995)	(20, 2.460008502773389e-06)	(25, 4.083614114603826e-05)	(30, 1.9680231563115038e-06)	(35, 0.0)	(40, 0.0003562441735748759)	(45, 1.4762882275609727e-06)	(50, 1.9686973092007594e-05)	(55, 0.0)	(60, 0.0)	(65, 0.00010052693063251505)	(70, 4.5379541413098206e-05)	(75, 6.718832007729187e-05)	(80, 8.419603563065289e-06)	(85, 0.00034759275680544473)	(90, 6.0049784574150125e-06)	(95, 3.5368223705389245e-06)	(100, 0.00011682801366879561)	(105, 1.4109176093930409e-05)	(110, 3.272330477053748e-05)	(115, 1.1091167036164276e-06)	(120, 4.619182311654314e-06)	(125, 4.236695741919234e-06)	(130, 0.0003108511603920626)	(135, 0.0)	(140, 3.6055408509581186e-06)	(145, 2.3266512761786947e-06)	(150, 2.0440394847924894e-06)
fastp | SRR30333761_1	(1, 0.0004904960499559648)	(2, 0.005239171043402192)	(3, 0.0025847218318757947)	(4, 0.00024284363257623745)	(5, 0.0)	(6, 8.174934165932746e-05)	(7, 0.0)	(8, 0.0)	(9, 0.002036520364277952)	(10, 0.0001221431340086422)	(15, 6.684210876850892e-05)	(20, 2.8852708820939102e-05)	(25, 3.173797970303301e-05)	(30, 0.0002664091954836621)	(35, 0.0013696120218079936)	(40, 0.00018949130654765664)	(45, 0.00013997389366630637)	(50, 0.00041328459301499)	(55, 0.0005072883059067077)	(60, 0.00015362004677080306)	(65, 0.0001084460559796131)	(70, 1.1583015607997702e-05)	(75, 0.00011510989950794533)	(80, 4.367422415955689e-06)	(85, 2.0976417501657358e-05)	(90, 2.5573123952921963e-05)	(95, 5.0277487927230215e-05)	(100, 6.584905474872256e-05)	(105, 3.060596427036906e-05)	(110, 3.47872615791474e-05)	(115, 3.9504055185852e-05)	(120, 4.079836002715632e-06)	(125, 0.0005519731087060942)	(130, 9.131383712033884e-06)	(135, 4.104791828926246e-05)	(140, 0.00010361995801498213)	(145, 2.012633769099673e-05)	(150, 0.0)
fastp | SRR30333761_2	(1, 0.0031281145146701476)	(2, 0.004467361082442071)	(3, 0.0)	(4, 0.0006900606193007935)	(5, 4.808784803489851e-06)	(6, 0.00048809165755421985)	(7, 4.808784803489851e-05)	(8, 0.0)	(9, 0.0)	(10, 1.5388111371167523e-05)	(15, 0.00036835291594732256)	(20, 7.2131772052347755e-06)	(25, 1.3464597449771581e-05)	(30, 7.694149886338892e-06)	(35, 0.0)	(40, 0.0005232754658642596)	(45, 9.620475188075359e-07)	(50, 6.735992701648136e-06)	(55, 4.813235210848678e-07)	(60, 0.0)	(65, 0.00016195925816528444)	(70, 9.84654160088288e-05)	(75, 3.6278404013169295e-05)	(80, 4.853359079950272e-07)	(85, 0.0005454726598661807)	(90, 9.8375405920289e-07)	(95, 1.0953613800581505e-05)	(100, 8.207431669280952e-05)	(105, 2.749880171377306e-05)	(110, 3.961063919287006e-05)	(115, 0.0)	(120, 4.080103458833683e-06)	(125, 1.7825215306165715e-05)	(130, 0.0004389201148629809)	(135, 0.0)	(140, 4.472392758078027e-06)	(145, 2.416871912128918e-06)	(150, 1.278256934756914e-05)
fastp | SRR30333762_1	(1, 0.0002712930646317397)	(2, 0.005351193476681104)	(3, 0.001869184326040702)	(4, 0.00011200172393053474)	(5, 0.0)	(6, 7.21788887552335e-05)	(7, 0.0)	(8, 0.0)	(9, 0.0021927448618400246)	(10, 0.00018816289620329836)	(15, 0.0002354525129739686)	(20, 3.4844980778388585e-05)	(25, 3.733390797684491e-05)	(30, 0.0001234515725614743)	(35, 0.0009522952545788377)	(40, 0.00027878347117292533)	(45, 0.00015234931986359557)	(50, 0.0004700692001617197)	(55, 0.00044578311092657733)	(60, 0.0001350350183921432)	(65, 9.174305751240146e-05)	(70, 2.4956262278637015e-06)	(75, 0.0001404956741381933)	(80, 5.013669594671436e-06)	(85, 1.158261561194068e-05)	(90, 1.5212681116540004e-05)	(95, 4.560785680092266e-05)	(100, 0.0001217516820333072)	(105, 1.594147565457692e-05)	(110, 7.812587370882583e-05)	(115, 3.337121305383212e-05)	(120, 5.895779434363402e-06)	(125, 0.0003475500430628108)	(130, 1.956886502774552e-05)	(135, 3.595047042849808e-05)	(140, 9.858373865350829e-05)	(145, 1.2613745434908146e-05)	(150, 0.0)
fastp | SRR30333762_2	(1, 0.002118077045886335)	(2, 0.00413410807663596)	(3, 0.0)	(4, 0.00043058440533294464)	(5, 0.0)	(6, 0.000433073332531401)	(7, 1.2444635992281639e-05)	(8, 0.0)	(9, 0.0)	(10, 1.344020687166417e-05)	(15, 0.0002439148654487201)	(20, 2.4889271984563273e-06)	(25, 4.4800689572213896e-05)	(30, 2.48894760415845e-06)	(35, 0.0)	(40, 0.0003504751282786264)	(45, 2.9873003885880343e-06)	(50, 1.842485716801739e-05)	(55, 0.0)	(60, 4.983090803231034e-07)	(65, 0.00010870236748271395)	(70, 4.6921402428006866e-05)	(75, 6.000375473495254e-05)	(80, 1.0529869660069934e-05)	(85, 0.00034450047401049137)	(90, 5.578782393415511e-06)	(95, 3.5877090643279875e-06)	(100, 0.0001243741670150748)	(105, 2.816795653231494e-05)	(110, 4.4259670459323365e-05)	(115, 3.95976570315234e-06)	(120, 8.254683203124156e-06)	(125, 7.421104659381377e-06)	(130, 0.0003300466965851171)	(135, 0.0)	(140, 3.6786592823124085e-06)	(145, 2.3689584009720313e-06)	(150, 6.233477648037407e-06)
fastp | SRR30333763_1	(1, 0.0)	(2, 0.004644650631118041)	(3, 0.002762827082546695)	(4, 0.0)	(5, 0.0)	(6, 5.873356893168994e-05)	(7, 1.6445399300873185e-05)	(8, 0.0)	(9, 0.001705622841776276)	(10, 0.00022835611600641049)	(15, 0.0003378354884950806)	(20, 3.3360667153199885e-05)	(25, 5.8263700380236427e-05)	(30, 2.8192350203118835e-06)	(35, 0.00038859665511975435)	(40, 0.00034397820245844605)	(45, 0.00018845587545828147)	(50, 0.0004484294414535386)	(55, 0.00037803107395680035)	(60, 0.00010349045454851649)	(65, 4.9901590532696604e-05)	(70, 0.0)	(75, 0.00018467392948455074)	(80, 1.4215848602311744e-06)	(85, 1.381422465861109e-05)	(90, 5.282601051331735e-06)	(95, 3.8890530933528305e-05)	(100, 0.00017066953932358517)	(105, 1.1652509855122876e-05)	(110, 9.09221572876612e-05)	(115, 2.062576217619073e-05)	(120, 6.812706376391706e-06)	(125, 4.003355935603761e-05)	(130, 1.327731872818157e-05)	(135, 2.8228413406297244e-05)	(140, 6.312350918679826e-05)	(145, 8.473700046209398e-06)	(150, 0.0)
fastp | SRR30333763_2	(1, 0.0)	(2, 0.0037965378957444383)	(3, 0.0)	(4, 0.0005967330603459699)	(5, 0.0)	(6, 0.00040643629700729445)	(7, 1.4096056543605586e-05)	(8, 0.0)	(9, 0.0)	(10, 1.2216582337791508e-05)	(15, 2.3493427572675977e-06)	(20, 2.3493427572675977e-06)	(25, 5.8263700380236427e-05)	(30, 1.8794930338188272e-06)	(35, 4.6989043804300273e-07)	(40, 2.2086325842516263e-05)	(45, 1.8798979006771266e-06)	(50, 2.1152973566567337e-05)	(55, 0.0)	(60, 0.0)	(65, 1.1770008478878709e-05)	(70, 6.505191718087694e-05)	(75, 8.219016225419727e-05)	(80, 9.95221099930871e-06)	(85, 5.240554855083937e-06)	(90, 6.7242572402263095e-06)	(95, 4.3758370459677065e-06)	(100, 0.00016426255633989224)	(105, 2.5841486588367264e-05)	(110, 2.8742236441047232e-05)	(115, 3.256771643797354e-06)	(120, 9.082971657444148e-06)	(125, 4.779273809298145e-06)	(130, 3.7924147936993986e-05)	(135, 0.0)	(140, 4.302891274005426e-06)	(145, 1.5435574032520794e-06)	(150, 8.136873109105114e-06)
fastp | SRR30333764_1	(1, 0.0003202603393816195)	(2, 0.005029825175094272)	(3, 0.002080450886835637)	(4, 0.00014151038251745976)	(5, 0.0)	(6, 8.689234014229986e-05)	(7, 4.965276579559992e-06)	(8, 0.0)	(9, 0.002107759908023217)	(10, 0.00018967356533919168)	(15, 0.00028401382035083154)	(20, 2.482638289779996e-05)	(25, 4.816318282173192e-05)	(30, 0.0001365461880092844)	(35, 0.0009558546404587777)	(40, 0.00030092699368614945)	(45, 0.0001529633163623017)	(50, 0.0004515271677041939)	(55, 0.0004615976562684582)	(60, 0.00013272813479583035)	(65, 8.108796206221592e-05)	(70, 6.972543587586239e-06)	(75, 0.0001501847247166386)	(80, 3.5026917836087853e-06)	(85, 1.558248800388444e-05)	(90, 1.2654790038228247e-05)	(95, 4.399453855890845e-05)	(100, 0.00012518622099679398)	(105, 1.5917475909815466e-05)	(110, 6.712771143152507e-05)	(115, 3.0538963331476504e-05)	(120, 7.08625852116682e-06)	(125, 0.00034218031533897106)	(130, 1.0517485391771533e-05)	(135, 3.358839426930491e-05)	(140, 8.310254969178725e-05)	(145, 7.261939287815321e-06)	(150, 0.0)
fastp | SRR30333764_2	(1, 0.001906666206551037)	(2, 0.003962290710488874)	(3, 2.482638289779996e-06)	(4, 0.00041708323268303934)	(5, 0.0)	(6, 0.0004394269772910593)	(7, 1.9861106318239967e-05)	(8, 0.0)	(9, 0.0)	(10, 1.7378468028459974e-05)	(15, 0.0002333679992393196)	(20, 3.972221263647993e-06)	(25, 4.9156238137643924e-05)	(30, 2.4826621303993854e-06)	(35, 9.931029299446226e-07)	(40, 0.0003217880850165114)	(45, 1.4899371581258486e-06)	(50, 1.788287468164261e-05)	(55, 4.968987678326719e-07)	(60, 0.0)	(65, 9.701402135690546e-05)	(70, 4.9808342727062254e-05)	(75, 7.285496652531356e-05)	(80, 1.2010735074902597e-05)	(85, 0.0003187325264255784)	(90, 7.0878117503120255e-06)	(95, 2.5582684263965043e-06)	(100, 0.0001246894842188313)	(105, 1.7512325081523987e-05)	(110, 3.766273391853252e-05)	(115, 3.959213539560094e-06)	(120, 7.0866444449182e-06)	(125, 6.83103341960142e-06)	(130, 0.0002786851989870161)	(135, 0.0)	(140, 5.989123063767047e-06)	(145, 4.040763611223328e-06)	(150, 6.407412094310699e-06)
fastp | SRR30333765_1	(1, 0.0004138995445858324)	(2, 0.005395654304118923)	(3, 0.0023811690667437948)	(4, 0.00020445640154239915)	(5, 0.0)	(6, 0.00010472157152171663)	(7, 0.0)	(8, 0.0)	(9, 0.002366208842240693)	(10, 0.0001276605824264736)	(15, 6.732101026396069e-05)	(20, 3.490719050723888e-05)	(25, 3.390984220703205e-05)	(30, 0.00025731791710441467)	(35, 0.0014242675857288527)	(40, 0.00022043507560130126)	(45, 0.0001571138589122435)	(50, 0.000469429096097364)	(55, 0.0005528896841717978)	(60, 0.0001567529823802459)	(65, 0.0001049053444322455)	(70, 1.2001961000407858e-05)	(75, 9.117137666013559e-05)	(80, 2.009260339329713e-06)	(85, 2.3207570248873695e-05)	(90, 2.4380331835718965e-05)	(95, 4.7206868373576376e-05)	(100, 5.884533710772533e-05)	(105, 2.7108979180665443e-05)	(110, 3.932655825219404e-05)	(115, 2.8261689977502053e-05)	(120, 2.9460637130115366e-06)	(125, 0.0005021225934043254)	(130, 9.14043445764638e-06)	(135, 3.395681652045416e-05)	(140, 0.00010272092886678396)	(145, 1.826996462299372e-05)	(150, 0.0)
fastp | SRR30333765_2	(1, 0.0027576680500718716)	(2, 0.004712470718477248)	(3, 9.973483002068252e-06)	(4, 0.0006682233611385728)	(5, 4.986741501034126e-06)	(6, 0.00047623381334875895)	(7, 5.485415651137538e-05)	(8, 0.0)	(9, 0.0)	(10, 1.2466853752585315e-05)	(15, 0.000325135545867425)	(20, 4.986741501034126e-06)	(25, 1.0472157152171665e-05)	(30, 7.480190547980358e-06)	(35, 0.0)	(40, 0.00047080143371006094)	(45, 9.975745819552734e-07)	(50, 4.988806017282301e-06)	(55, 0.0)	(60, 0.0)	(65, 0.00015187497120807753)	(70, 8.652246815453037e-05)	(75, 2.7554973688031177e-05)	(80, 3.014292645364577e-06)	(85, 0.0004763324604591454)	(90, 0.0)	(95, 9.237855992777063e-06)	(100, 6.823229113699832e-05)	(105, 2.286104852677555e-05)	(110, 3.7148272237136037e-05)	(115, 0.0)	(120, 4.124863021401469e-06)	(125, 1.9170302031014962e-05)	(130, 0.00040869802363298276)	(135, 0.0)	(140, 2.9561011296385736e-06)	(145, 7.952870083051584e-07)	(150, 2.0968080333244863e-06)
fastp | SRR30333766_1	(1, 0.0010802607333409257)	(2, 0.004605086645857072)	(3, 0.0017892517322416989)	(4, 0.00011853792726101255)	(5, 2.907534064892761e-05)	(6, 0.00016997891456296138)	(7, 2.2365646653021237e-05)	(8, 0.0)	(9, 0.0015678318303767886)	(10, 0.00020173813281025156)	(15, 0.0002683877598362548)	(20, 2.6838775983625483e-05)	(25, 4.2494728640740345e-05)	(30, 0.00012882688250239063)	(35, 0.0008919704245331446)	(40, 0.0002388845316320496)	(45, 0.00017358708024289613)	(50, 0.0003749714537319748)	(55, 0.0003925190330106985)	(60, 0.00014462240741611526)	(65, 6.72047476014368e-05)	(70, 5.830286164168534e-06)	(75, 0.0001284800258146021)	(80, 2.702611982592368e-06)	(85, 5.066690700875912e-05)	(90, 1.3207926530334813e-05)	(95, 2.8529121593223704e-05)	(100, 0.00012611697601759586)	(105, 0.00041067346733025074)	(110, 6.767814697939777e-05)	(115, 2.1334612814087598e-05)	(120, 8.481683364786418e-06)	(125, 0.00035154385274179)	(130, 3.535583250054143e-05)	(135, 2.193602616188252e-05)	(140, 7.30107253291367e-05)	(145, 0.0002566788207693341)	(150, 0.0)
fastp | SRR30333766_2	(1, 0.001918972482829222)	(2, 0.003368266385944998)	(3, 0.0)	(4, 0.0004450763683951226)	(5, 0.0)	(6, 0.00029969966515048456)	(7, 1.1182823326510619e-05)	(8, 0.0)	(9, 0.0)	(10, 9.39357159426892e-06)	(15, 0.00024915330371465656)	(20, 1.789251732241699e-06)	(25, 4.8309796770525874e-05)	(30, 1.2972181769020095e-05)	(35, 2.2366558695235883e-05)	(40, 0.0010647092860280075)	(45, 1.5659037714729703e-05)	(50, 1.789907231300838e-05)	(55, 7.609070520525414e-06)	(60, 0.0004173267661145604)	(65, 0.0002441960797558914)	(70, 7.714645143703768e-05)	(75, 0.00015320480528444258)	(80, 1.9371225080377406e-05)	(85, 0.0003542687300701217)	(90, 5.4662544946790044e-06)	(95, 4.142064948609308e-06)	(100, 0.00010605124973829401)	(105, 1.71740125189678e-05)	(110, 0.00010349404275782312)	(115, 4.1149294094274136e-05)	(120, 5.831290049300059e-06)	(125, 8.913377303617797e-06)	(130, 0.0008324986400312822)	(135, 4.3862402615362175e-06)	(140, 4.688300736649923e-06)	(145, 5.05557357305804e-06)	(150, 5.721039701326639e-06)
fastp | SRR30333767_1	(1, 0.000342262261641261)	(2, 0.005272753583186699)	(3, 0.0019434752199489786)	(4, 0.00011488523467678691)	(5, 0.0)	(6, 7.8983598840291e-05)	(7, 1.1967211945498636e-05)	(8, 0.0)	(9, 0.002122983399131458)	(10, 0.0001905180141723383)	(15, 0.0002493966969441916)	(20, 3.398688192521613e-05)	(25, 4.7868847781994546e-05)	(30, 0.0001483946037499077)	(35, 0.0010052866926136268)	(40, 0.0002949039101089221)	(45, 0.0001570449720924621)	(50, 0.00045446585009992267)	(55, 0.0004502915731347597)	(60, 0.00012029345103330228)	(65, 9.208436072741869e-05)	(70, 8.162538418847647e-06)	(75, 0.00014093976015304538)	(80, 9.648108029170939e-07)	(85, 1.0661335533677913e-05)	(90, 1.756993799227245e-05)	(95, 4.1931524055160794e-05)	(100, 0.00011774551175528851)	(105, 1.279967547395611e-05)	(110, 7.376294898031785e-05)	(115, 2.567418049053767e-05)	(120, 8.559757708639601e-06)	(125, 0.00039797997609671037)	(130, 1.270814075999282e-05)	(135, 3.11106650112276e-05)	(140, 8.174281290604431e-05)	(145, 1.6369732707209245e-05)	(150, 0.0)
fastp | SRR30333767_2	(1, 0.0021253768415205577)	(2, 0.004047311079967639)	(3, 4.7868847781994546e-06)	(4, 0.0003877376670341558)	(5, 0.0)	(6, 0.00041885241809245225)	(7, 9.573769556398909e-06)	(8, 0.0)	(9, 0.0)	(10, 1.1488523467678691e-05)	(15, 0.0002498753854220115)	(20, 2.3934423890997273e-06)	(25, 3.68590127921358e-05)	(30, 3.829547217170717e-06)	(35, 1.9148497527024206e-06)	(40, 0.0003537947486144926)	(45, 9.57615185785007e-07)	(50, 1.9635141430223606e-05)	(55, 0.0)	(60, 9.585672946472668e-07)	(65, 0.00011319490839901088)	(70, 4.321708976597706e-05)	(75, 7.119857494705244e-05)	(80, 1.0614163584273357e-05)	(85, 0.000354295177629692)	(90, 7.321937365882853e-06)	(95, 4.9339439148135245e-06)	(100, 0.00011325549363436724)	(105, 1.5874186970229735e-05)	(110, 3.6359594556374296e-05)	(115, 4.3704807590021634e-06)	(120, 6.847954701966625e-06)	(125, 3.001149067950541e-06)	(130, 0.00032336884005786456)	(135, 0.0)	(140, 4.339782865474001e-06)	(145, 2.342230807140075e-06)	(150, 6.18893276888066e-06)
fastp | SRR30333768_1	(1, 0.0005419839348670442)	(2, 0.008914785081131471)	(3, 1.7012948628113493e-05)	(4, 0.00010936895546644389)	(5, 0.0)	(6, 0.00016040780135078437)	(7, 0.0)	(8, 0.0)	(9, 0.004170602835120394)	(10, 9.089775409877781e-05)	(15, 3.4998065749262045e-05)	(20, 4.27754136935425e-05)	(25, 1.847120136766608e-05)	(30, 0.00017110297552108962)	(35, 0.0015006031214149069)	(40, 0.0002056363724054092)	(45, 0.00014634643997625803)	(50, 0.0006915497147649219)	(55, 0.0008557848246941571)	(60, 0.00026045947436795187)	(65, 0.0001345152656866817)	(70, 1.1229317251505865e-05)	(75, 0.0)	(80, 3.443415083057287e-06)	(85, 2.973228043796125e-06)	(90, 2.5055591216064952e-05)	(95, 8.660602780908345e-05)	(100, 1.6161817707750835e-05)	(105, 2.5263898893661615e-05)	(110, 3.911099960378881e-06)	(115, 4.680877518257251e-05)	(120, 0.0)	(125, 0.0006703419253776809)	(130, 6.979152983891843e-07)	(135, 5.9007888861763516e-05)	(140, 0.00014036672772753004)	(145, 2.6892034173494844e-05)	(150, 0.0)
fastp | SRR30333768_2	(1, 0.003584871318066772)	(2, 0.006788166502617284)	(3, 0.0)	(4, 2.430421232587642e-06)	(5, 0.0)	(6, 0.0007121134211481792)	(7, 0.0)	(8, 0.0)	(9, 0.0)	(10, 3.159547602363935e-05)	(15, 0.0004515722650147839)	(20, 4.860842465175284e-06)	(25, 1.458252739552585e-06)	(30, 9.72178289215283e-06)	(35, 0.0)	(40, 0.0006057383470137507)	(45, 0.0)	(50, 4.863395866942236e-06)	(55, 0.0)	(60, 0.0)	(65, 0.00018034172807830537)	(70, 5.3710204229828975e-06)	(75, 1.5670452883140028e-05)	(80, 1.9679036876448807e-06)	(85, 0.0006323915470303448)	(90, 1.5035532119860979e-06)	(95, 0.0)	(100, 1.147128375548431e-05)	(105, 0.0)	(110, 7.878531153472278e-05)	(115, 0.0)	(120, 0.0)	(125, 0.0)	(130, 0.0004771975244248216)	(135, 0.0)	(140, 5.612302931298605e-06)	(145, 1.7364323812480376e-06)	(150, 0.0)
