Sample	0	1	2	3	4	5	6	7	8	9	10	11	12	13	14	15	16	17	18	19	20	21
fastp | SRR30333743_1	(20.0, 839.0)	(21.0, 17752.0)	(22.0, 44907.0)	(23.0, 60096.0)	(24.0, 74595.0)	(25.0, 87612.0)	(26.0, 102572.0)	(27.0, 117664.0)	(28.0, 141514.0)	(29.0, 165375.0)	(30.0, 200488.0)	(31.0, 240768.0)	(32.0, 305753.0)	(33.0, 387839.0)	(34.0, 531496.0)	(35.0, 777200.0)	(36.0, 1324558.0)	(37.0, 2275603.0)	(38.0, 5466218.0)	(39.0, 28146453.0)	(40.0, 8007109.0)	
fastp | SRR30333743_2	(19.0, 10.0)	(20.0, 5174.0)	(21.0, 50664.0)	(22.0, 79057.0)	(23.0, 80971.0)	(24.0, 91174.0)	(25.0, 98623.0)	(26.0, 109439.0)	(27.0, 116416.0)	(28.0, 132883.0)	(29.0, 149422.0)	(30.0, 174092.0)	(31.0, 202259.0)	(32.0, 250869.0)	(33.0, 314747.0)	(34.0, 426429.0)	(35.0, 618573.0)	(36.0, 1060800.0)	(37.0, 1858682.0)	(38.0, 4605866.0)	(39.0, 27428645.0)	(40.0, 10621616.0)
fastp | SRR30333744_1	(20.0, 765.0)	(21.0, 14630.0)	(22.0, 35127.0)	(23.0, 46394.0)	(24.0, 58060.0)	(25.0, 69056.0)	(26.0, 81854.0)	(27.0, 94464.0)	(28.0, 113722.0)	(29.0, 134181.0)	(30.0, 165161.0)	(31.0, 198826.0)	(32.0, 255106.0)	(33.0, 326504.0)	(34.0, 444668.0)	(35.0, 653251.0)	(36.0, 1114256.0)	(37.0, 1890337.0)	(38.0, 4437035.0)	(39.0, 24934446.0)	(40.0, 8498558.0)	
fastp | SRR30333744_2	(19.0, 11.0)	(20.0, 6731.0)	(21.0, 63968.0)	(22.0, 92635.0)	(23.0, 91907.0)	(24.0, 98772.0)	(25.0, 105283.0)	(26.0, 114105.0)	(27.0, 120832.0)	(28.0, 135933.0)	(29.0, 152687.0)	(30.0, 177698.0)	(31.0, 204130.0)	(32.0, 250256.0)	(33.0, 310191.0)	(34.0, 415515.0)	(35.0, 595091.0)	(36.0, 997819.0)	(37.0, 1711563.0)	(38.0, 4159549.0)	(39.0, 24859727.0)	(40.0, 8901998.0)
fastp | SRR30333745_1	(20.0, 840.0)	(21.0, 17231.0)	(22.0, 42519.0)	(23.0, 55719.0)	(24.0, 69772.0)	(25.0, 82089.0)	(26.0, 97090.0)	(27.0, 110351.0)	(28.0, 132365.0)	(29.0, 154775.0)	(30.0, 188084.0)	(31.0, 225368.0)	(32.0, 287421.0)	(33.0, 364116.0)	(34.0, 497821.0)	(35.0, 728798.0)	(36.0, 1231309.0)	(37.0, 2096295.0)	(38.0, 4957272.0)	(39.0, 26629026.0)	(40.0, 8046730.0)	
fastp | SRR30333745_2	(19.0, 10.0)	(20.0, 5680.0)	(21.0, 56634.0)	(22.0, 85033.0)	(23.0, 85585.0)	(24.0, 95670.0)	(25.0, 102844.0)	(26.0, 112560.0)	(27.0, 119882.0)	(28.0, 134853.0)	(29.0, 151018.0)	(30.0, 175802.0)	(31.0, 201362.0)	(32.0, 250032.0)	(33.0, 311168.0)	(34.0, 417269.0)	(35.0, 602998.0)	(36.0, 1021799.0)	(37.0, 1778010.0)	(38.0, 4336157.0)	(39.0, 25931976.0)	(40.0, 10038649.0)
fastp | SRR30333746_1	(20.0, 793.0)	(21.0, 15121.0)	(22.0, 36194.0)	(23.0, 48225.0)	(24.0, 60516.0)	(25.0, 70749.0)	(26.0, 84277.0)	(27.0, 96594.0)	(28.0, 115693.0)	(29.0, 136191.0)	(30.0, 166206.0)	(31.0, 200333.0)	(32.0, 256336.0)	(33.0, 324837.0)	(34.0, 443387.0)	(35.0, 647728.0)	(36.0, 1098293.0)	(37.0, 1872451.0)	(38.0, 4439143.0)	(39.0, 23917234.0)	(40.0, 7063712.0)	
fastp | SRR30333746_2	(19.0, 11.0)	(20.0, 4749.0)	(21.0, 44303.0)	(22.0, 65522.0)	(23.0, 67565.0)	(24.0, 75508.0)	(25.0, 83010.0)	(26.0, 91888.0)	(27.0, 98370.0)	(28.0, 112357.0)	(29.0, 126909.0)	(30.0, 148903.0)	(31.0, 171597.0)	(32.0, 212903.0)	(33.0, 265704.0)	(34.0, 358549.0)	(35.0, 517453.0)	(36.0, 882079.0)	(37.0, 1553438.0)	(38.0, 3814885.0)	(39.0, 23461844.0)	(40.0, 8936466.0)
fastp | SRR30333747_1	(19.0, 2.0)	(20.0, 1024.0)	(21.0, 19831.0)	(22.0, 46202.0)	(23.0, 58772.0)	(24.0, 71551.0)	(25.0, 82536.0)	(26.0, 96028.0)	(27.0, 108629.0)	(28.0, 130301.0)	(29.0, 153338.0)	(30.0, 186453.0)	(31.0, 222972.0)	(32.0, 284072.0)	(33.0, 357820.0)	(34.0, 482990.0)	(35.0, 689098.0)	(36.0, 1151418.0)	(37.0, 1932083.0)	(38.0, 4402780.0)	(39.0, 22804058.0)	(40.0, 6256900.0)
fastp | SRR30333747_2	(19.0, 11.0)	(20.0, 6522.0)	(21.0, 63127.0)	(22.0, 90376.0)	(23.0, 89722.0)	(24.0, 97780.0)	(25.0, 103655.0)	(26.0, 111983.0)	(27.0, 118405.0)	(28.0, 133568.0)	(29.0, 150193.0)	(30.0, 174358.0)	(31.0, 199439.0)	(32.0, 246242.0)	(33.0, 304157.0)	(34.0, 404871.0)	(35.0, 574357.0)	(36.0, 962671.0)	(37.0, 1640620.0)	(38.0, 3897532.0)	(39.0, 22417028.0)	(40.0, 7752241.0)
fastp | SRR30333748_1	(20.0, 1262.0)	(21.0, 23062.0)	(22.0, 54959.0)	(23.0, 70936.0)	(24.0, 88988.0)	(25.0, 105454.0)	(26.0, 124600.0)	(27.0, 142080.0)	(28.0, 170448.0)	(29.0, 200982.0)	(30.0, 244685.0)	(31.0, 294118.0)	(32.0, 376279.0)	(33.0, 479127.0)	(34.0, 656523.0)	(35.0, 960651.0)	(36.0, 1638926.0)	(37.0, 2842791.0)	(38.0, 6788049.0)	(39.0, 36906599.0)	(40.0, 10905612.0)	
fastp | SRR30333748_2	(19.0, 22.0)	(20.0, 9882.0)	(21.0, 89046.0)	(22.0, 125678.0)	(23.0, 125386.0)	(24.0, 138536.0)	(25.0, 149130.0)	(26.0, 162454.0)	(27.0, 173305.0)	(28.0, 196445.0)	(29.0, 219709.0)	(30.0, 255257.0)	(31.0, 293386.0)	(32.0, 361335.0)	(33.0, 450604.0)	(34.0, 605443.0)	(35.0, 874387.0)	(36.0, 1482796.0)	(37.0, 2611871.0)	(38.0, 6418620.0)	(39.0, 36486148.0)	(40.0, 11846691.0)
fastp | SRR30333749_1	(20.0, 1544.0)	(21.0, 21182.0)	(22.0, 43883.0)	(23.0, 55642.0)	(24.0, 67655.0)	(25.0, 79521.0)	(26.0, 92557.0)	(27.0, 105643.0)	(28.0, 126963.0)	(29.0, 149182.0)	(30.0, 179118.0)	(31.0, 213043.0)	(32.0, 271426.0)	(33.0, 345187.0)	(34.0, 468419.0)	(35.0, 684189.0)	(36.0, 1151140.0)	(37.0, 1965306.0)	(38.0, 4680495.0)	(39.0, 28026327.0)	(40.0, 12961830.0)	
fastp | SRR30333749_2	(19.0, 46.0)	(20.0, 8223.0)	(21.0, 67418.0)	(22.0, 95514.0)	(23.0, 98159.0)	(24.0, 107586.0)	(25.0, 115408.0)	(26.0, 124869.0)	(27.0, 131492.0)	(28.0, 148108.0)	(29.0, 163826.0)	(30.0, 188142.0)	(31.0, 213683.0)	(32.0, 260989.0)	(33.0, 321481.0)	(34.0, 427416.0)	(35.0, 609335.0)	(36.0, 1014013.0)	(37.0, 1747627.0)	(38.0, 4298463.0)	(39.0, 28129972.0)	(40.0, 13418482.0)
fastp | SRR30333750_1	(20.0, 864.0)	(21.0, 17117.0)	(22.0, 41330.0)	(23.0, 54522.0)	(24.0, 68452.0)	(25.0, 81940.0)	(26.0, 96543.0)	(27.0, 111214.0)	(28.0, 133908.0)	(29.0, 158353.0)	(30.0, 194114.0)	(31.0, 233071.0)	(32.0, 298856.0)	(33.0, 383001.0)	(34.0, 527128.0)	(35.0, 777836.0)	(36.0, 1339091.0)	(37.0, 2344563.0)	(38.0, 5714097.0)	(39.0, 30587305.0)	(40.0, 8556647.0)	
fastp | SRR30333750_2	(19.0, 14.0)	(20.0, 6485.0)	(21.0, 59664.0)	(22.0, 88324.0)	(23.0, 91430.0)	(24.0, 102586.0)	(25.0, 111672.0)	(26.0, 123759.0)	(27.0, 132263.0)	(28.0, 152403.0)	(29.0, 172111.0)	(30.0, 200639.0)	(31.0, 232349.0)	(32.0, 287184.0)	(33.0, 359797.0)	(34.0, 485754.0)	(35.0, 704359.0)	(36.0, 1201284.0)	(37.0, 2125988.0)	(38.0, 5322844.0)	(39.0, 30163916.0)	(40.0, 9595127.0)
fastp | SRR30333751_1	(20.0, 1147.0)	(21.0, 21635.0)	(22.0, 49209.0)	(23.0, 63936.0)	(24.0, 79806.0)	(25.0, 93719.0)	(26.0, 110100.0)	(27.0, 125178.0)	(28.0, 150300.0)	(29.0, 175065.0)	(30.0, 212905.0)	(31.0, 252555.0)	(32.0, 322314.0)	(33.0, 409159.0)	(34.0, 556143.0)	(35.0, 808569.0)	(36.0, 1369013.0)	(37.0, 2336030.0)	(38.0, 5510540.0)	(39.0, 31005903.0)	(40.0, 9856465.0)	
fastp | SRR30333751_2	(19.0, 13.0)	(20.0, 6908.0)	(21.0, 62779.0)	(22.0, 90248.0)	(23.0, 91354.0)	(24.0, 101310.0)	(25.0, 110156.0)	(26.0, 121322.0)	(27.0, 129621.0)	(28.0, 147859.0)	(29.0, 166002.0)	(30.0, 193943.0)	(31.0, 224629.0)	(32.0, 276833.0)	(33.0, 345986.0)	(34.0, 465626.0)	(35.0, 674014.0)	(36.0, 1146732.0)	(37.0, 2007293.0)	(38.0, 4920466.0)	(39.0, 30529183.0)	(40.0, 11697414.0)
fastp | SRR30333752_1	(20.0, 845.0)	(21.0, 18280.0)	(22.0, 44368.0)	(23.0, 58740.0)	(24.0, 74463.0)	(25.0, 90403.0)	(26.0, 107432.0)	(27.0, 123296.0)	(28.0, 148715.0)	(29.0, 176247.0)	(30.0, 215634.0)	(31.0, 259994.0)	(32.0, 335749.0)	(33.0, 429724.0)	(34.0, 595964.0)	(35.0, 882618.0)	(36.0, 1527190.0)	(37.0, 2695574.0)	(38.0, 6688748.0)	(39.0, 34501858.0)	(40.0, 8621847.0)	
fastp | SRR30333752_2	(19.0, 18.0)	(20.0, 8456.0)	(21.0, 77222.0)	(22.0, 110308.0)	(23.0, 111268.0)	(24.0, 121569.0)	(25.0, 131746.0)	(26.0, 144046.0)	(27.0, 153647.0)	(28.0, 175170.0)	(29.0, 197470.0)	(30.0, 230657.0)	(31.0, 266319.0)	(32.0, 329419.0)	(33.0, 410534.0)	(34.0, 554102.0)	(35.0, 800767.0)	(36.0, 1368332.0)	(37.0, 2434593.0)	(38.0, 6114582.0)	(39.0, 33843576.0)	(40.0, 10013888.0)
fastp | SRR30333753_1	(20.0, 957.0)	(21.0, 19216.0)	(22.0, 46988.0)	(23.0, 61146.0)	(24.0, 74047.0)	(25.0, 84387.0)	(26.0, 97906.0)	(27.0, 111373.0)	(28.0, 133373.0)	(29.0, 156576.0)	(30.0, 190006.0)	(31.0, 227493.0)	(32.0, 288889.0)	(33.0, 362380.0)	(34.0, 488497.0)	(35.0, 699638.0)	(36.0, 1166214.0)	(37.0, 1949853.0)	(38.0, 4433259.0)	(39.0, 22146966.0)	(40.0, 6149870.0)	
fastp | SRR30333753_2	(19.0, 10.0)	(20.0, 5546.0)	(21.0, 57070.0)	(22.0, 86423.0)	(23.0, 87791.0)	(24.0, 93938.0)	(25.0, 100405.0)	(26.0, 108304.0)	(27.0, 114905.0)	(28.0, 130292.0)	(29.0, 145572.0)	(30.0, 169808.0)	(31.0, 195861.0)	(32.0, 239287.0)	(33.0, 294349.0)	(34.0, 394019.0)	(35.0, 559441.0)	(36.0, 932491.0)	(37.0, 1566496.0)	(38.0, 3694964.0)	(39.0, 21627503.0)	(40.0, 8284559.0)
fastp | SRR30333754_1	(20.0, 969.0)	(21.0, 18685.0)	(22.0, 45009.0)	(23.0, 59596.0)	(24.0, 73842.0)	(25.0, 86412.0)	(26.0, 101566.0)	(27.0, 116344.0)	(28.0, 139872.0)	(29.0, 163194.0)	(30.0, 197166.0)	(31.0, 235886.0)	(32.0, 300076.0)	(33.0, 378285.0)	(34.0, 513705.0)	(35.0, 745071.0)	(36.0, 1252934.0)	(37.0, 2107428.0)	(38.0, 4886568.0)	(39.0, 27487765.0)	(40.0, 9921070.0)	
fastp | SRR30333754_2	(19.0, 9.0)	(20.0, 6948.0)	(21.0, 66908.0)	(22.0, 96914.0)	(23.0, 96447.0)	(24.0, 103727.0)	(25.0, 110311.0)	(26.0, 119480.0)	(27.0, 126215.0)	(28.0, 142350.0)	(29.0, 158536.0)	(30.0, 184454.0)	(31.0, 212593.0)	(32.0, 261303.0)	(33.0, 323097.0)	(34.0, 432997.0)	(35.0, 620869.0)	(36.0, 1045805.0)	(37.0, 1792640.0)	(38.0, 4330299.0)	(39.0, 27222710.0)	(40.0, 11376831.0)
fastp | SRR30333755_1	(20.0, 1000.0)	(21.0, 21584.0)	(22.0, 54101.0)	(23.0, 69904.0)	(24.0, 83229.0)	(25.0, 95387.0)	(26.0, 110386.0)	(27.0, 126100.0)	(28.0, 150065.0)	(29.0, 175022.0)	(30.0, 211947.0)	(31.0, 252663.0)	(32.0, 320508.0)	(33.0, 401228.0)	(34.0, 540625.0)	(35.0, 770868.0)	(36.0, 1273828.0)	(37.0, 2110202.0)	(38.0, 4697916.0)	(39.0, 21659129.0)	(40.0, 5476268.0)	
fastp | SRR30333755_2	(19.0, 11.0)	(20.0, 5344.0)	(21.0, 55731.0)	(22.0, 86764.0)	(23.0, 88142.0)	(24.0, 95789.0)	(25.0, 101691.0)	(26.0, 109819.0)	(27.0, 116301.0)	(28.0, 132769.0)	(29.0, 148413.0)	(30.0, 173683.0)	(31.0, 199790.0)	(32.0, 248095.0)	(33.0, 305705.0)	(34.0, 407351.0)	(35.0, 585329.0)	(36.0, 974524.0)	(37.0, 1636847.0)	(38.0, 3773750.0)	(39.0, 21159824.0)	(40.0, 8196288.0)
fastp | SRR30333756_1	(19.0, 1.0)	(20.0, 857.0)	(21.0, 17033.0)	(22.0, 39209.0)	(23.0, 51860.0)	(24.0, 64879.0)	(25.0, 77146.0)	(26.0, 91611.0)	(27.0, 106734.0)	(28.0, 128040.0)	(29.0, 150382.0)	(30.0, 182771.0)	(31.0, 218754.0)	(32.0, 279034.0)	(33.0, 355487.0)	(34.0, 486711.0)	(35.0, 710321.0)	(36.0, 1208117.0)	(37.0, 2061518.0)	(38.0, 4895999.0)	(39.0, 27866446.0)	(40.0, 8685255.0)
fastp | SRR30333756_2	(19.0, 14.0)	(20.0, 7260.0)	(21.0, 68834.0)	(22.0, 96929.0)	(23.0, 95696.0)	(24.0, 105592.0)	(25.0, 113309.0)	(26.0, 122860.0)	(27.0, 129339.0)	(28.0, 146204.0)	(29.0, 163349.0)	(30.0, 189356.0)	(31.0, 216228.0)	(32.0, 266384.0)	(33.0, 330655.0)	(34.0, 440222.0)	(35.0, 626596.0)	(36.0, 1052745.0)	(37.0, 1843070.0)	(38.0, 4573297.0)	(39.0, 27814456.0)	(40.0, 9275770.0)
fastp | SRR30333757_1	(21.0, 4.0)	(22.0, 14.0)	(23.0, 394.0)	(24.0, 11087.0)	(25.0, 51266.0)	(26.0, 106203.0)	(27.0, 202679.0)	(28.0, 344267.0)	(29.0, 548435.0)	(30.0, 797470.0)	(31.0, 1117826.0)	(32.0, 1481084.0)	(33.0, 2052838.0)	(34.0, 3056996.0)	(35.0, 6450047.0)	(36.0, 26475456.0)	(37.0, 2267771.0)					
fastp | SRR30333757_2	(20.0, 3.0)	(21.0, 5.0)	(22.0, 48.0)	(23.0, 1952.0)	(24.0, 30672.0)	(25.0, 94385.0)	(26.0, 142903.0)	(27.0, 212261.0)	(28.0, 304560.0)	(29.0, 441155.0)	(30.0, 626789.0)	(31.0, 911664.0)	(32.0, 1329618.0)	(33.0, 2124046.0)	(34.0, 3855549.0)	(35.0, 9669636.0)	(36.0, 23317903.0)	(37.0, 1900688.0)				
fastp | SRR30333758_1	(22.0, 9.0)	(23.0, 443.0)	(24.0, 11464.0)	(25.0, 48551.0)	(26.0, 100906.0)	(27.0, 190028.0)	(28.0, 324256.0)	(29.0, 520652.0)	(30.0, 756282.0)	(31.0, 1063875.0)	(32.0, 1412469.0)	(33.0, 1958720.0)	(34.0, 2910888.0)	(35.0, 6145490.0)	(36.0, 22961160.0)	(37.0, 1717339.0)						
fastp | SRR30333758_2	(20.0, 2.0)	(21.0, 2.0)	(22.0, 61.0)	(23.0, 2492.0)	(24.0, 30814.0)	(25.0, 84099.0)	(26.0, 124221.0)	(27.0, 180773.0)	(28.0, 258683.0)	(29.0, 375672.0)	(30.0, 534257.0)	(31.0, 784131.0)	(32.0, 1151963.0)	(33.0, 1862614.0)	(34.0, 3410453.0)	(35.0, 8538821.0)	(36.0, 21093925.0)	(37.0, 1689549.0)				
fastp | SRR30333759_1	(21.0, 1.0)	(22.0, 10.0)	(23.0, 343.0)	(24.0, 8519.0)	(25.0, 37295.0)	(26.0, 77966.0)	(27.0, 151765.0)	(28.0, 267279.0)	(29.0, 445359.0)	(30.0, 678771.0)	(31.0, 987866.0)	(32.0, 1367003.0)	(33.0, 1954419.0)	(34.0, 2995449.0)	(35.0, 6463186.0)	(36.0, 25135307.0)	(37.0, 2025467.0)					
fastp | SRR30333759_2	(20.0, 1.0)	(21.0, 8.0)	(22.0, 36.0)	(23.0, 1420.0)	(24.0, 21324.0)	(25.0, 69064.0)	(26.0, 107894.0)	(27.0, 164742.0)	(28.0, 242952.0)	(29.0, 363679.0)	(30.0, 533187.0)	(31.0, 799352.0)	(32.0, 1204535.0)	(33.0, 1998140.0)	(34.0, 3764389.0)	(35.0, 9633773.0)	(36.0, 22069490.0)	(37.0, 1622019.0)				
fastp | SRR30333760_1	(21.0, 1.0)	(22.0, 15.0)	(23.0, 344.0)	(24.0, 8038.0)	(25.0, 36677.0)	(26.0, 78199.0)	(27.0, 149270.0)	(28.0, 258009.0)	(29.0, 414925.0)	(30.0, 606232.0)	(31.0, 850722.0)	(32.0, 1125518.0)	(33.0, 1551809.0)	(34.0, 2295587.0)	(35.0, 4921301.0)	(36.0, 25897325.0)	(37.0, 2456294.0)					
fastp | SRR30333760_2	(20.0, 2.0)	(21.0, 2.0)	(22.0, 42.0)	(23.0, 1841.0)	(24.0, 32167.0)	(25.0, 107985.0)	(26.0, 166147.0)	(27.0, 245317.0)	(28.0, 343182.0)	(29.0, 482456.0)	(30.0, 655691.0)	(31.0, 911701.0)	(32.0, 1265060.0)	(33.0, 1938803.0)	(34.0, 3482198.0)	(35.0, 9064523.0)	(36.0, 20531188.0)	(37.0, 1421961.0)				
fastp | SRR30333761_1	(21.0, 2.0)	(22.0, 15.0)	(23.0, 513.0)	(24.0, 12424.0)	(25.0, 54191.0)	(26.0, 111902.0)	(27.0, 211198.0)	(28.0, 355049.0)	(29.0, 564703.0)	(30.0, 815709.0)	(31.0, 1132316.0)	(32.0, 1495128.0)	(33.0, 2048390.0)	(34.0, 3006965.0)	(35.0, 6190345.0)	(36.0, 23612480.0)	(37.0, 1979219.0)					
fastp | SRR30333761_2	(20.0, 1.0)	(21.0, 5.0)	(22.0, 53.0)	(23.0, 1935.0)	(24.0, 26624.0)	(25.0, 83981.0)	(26.0, 125703.0)	(27.0, 182359.0)	(28.0, 257301.0)	(29.0, 370576.0)	(30.0, 525310.0)	(31.0, 762479.0)	(32.0, 1115972.0)	(33.0, 1786448.0)	(34.0, 3252606.0)	(35.0, 8393918.0)	(36.0, 22594695.0)	(37.0, 2110583.0)				
fastp | SRR30333762_1	(22.0, 11.0)	(23.0, 312.0)	(24.0, 8478.0)	(25.0, 38546.0)	(26.0, 81665.0)	(27.0, 155816.0)	(28.0, 268980.0)	(29.0, 430364.0)	(30.0, 630173.0)	(31.0, 881590.0)	(32.0, 1164717.0)	(33.0, 1606458.0)	(34.0, 2383368.0)	(35.0, 5193797.0)	(36.0, 25185345.0)	(37.0, 2148333.0)						
fastp | SRR30333762_2	(20.0, 2.0)	(21.0, 5.0)	(22.0, 34.0)	(23.0, 1767.0)	(24.0, 29775.0)	(25.0, 98718.0)	(26.0, 148797.0)	(27.0, 216812.0)	(28.0, 303666.0)	(29.0, 426537.0)	(30.0, 586340.0)	(31.0, 823993.0)	(32.0, 1157805.0)	(33.0, 1797602.0)	(34.0, 3225552.0)	(35.0, 8419281.0)	(36.0, 21279643.0)	(37.0, 1661624.0)				
fastp | SRR30333763_1	(22.0, 7.0)	(23.0, 231.0)	(24.0, 6492.0)	(25.0, 32212.0)	(26.0, 69876.0)	(27.0, 136929.0)	(28.0, 239605.0)	(29.0, 386716.0)	(30.0, 565605.0)	(31.0, 793001.0)	(32.0, 1050558.0)	(33.0, 1441442.0)	(34.0, 2128290.0)	(35.0, 4651905.0)	(36.0, 28169563.0)	(37.0, 2892664.0)						
fastp | SRR30333763_2	(20.0, 1.0)	(21.0, 7.0)	(22.0, 58.0)	(23.0, 2212.0)	(24.0, 33787.0)	(25.0, 107617.0)	(26.0, 161303.0)	(27.0, 236294.0)	(28.0, 328450.0)	(29.0, 459756.0)	(30.0, 622536.0)	(31.0, 859491.0)	(32.0, 1180515.0)	(33.0, 1793710.0)	(34.0, 3210565.0)	(35.0, 8858025.0)	(36.0, 22972859.0)	(37.0, 1737910.0)				
fastp | SRR30333764_1	(21.0, 2.0)	(22.0, 7.0)	(23.0, 298.0)	(24.0, 7415.0)	(25.0, 34495.0)	(26.0, 72786.0)	(27.0, 139783.0)	(28.0, 241923.0)	(29.0, 392294.0)	(30.0, 577644.0)	(31.0, 817145.0)	(32.0, 1092566.0)	(33.0, 1515855.0)	(34.0, 2252576.0)	(35.0, 4823704.0)	(36.0, 25763483.0)	(37.0, 2547754.0)					
fastp | SRR30333764_2	(21.0, 3.0)	(22.0, 51.0)	(23.0, 1714.0)	(24.0, 26788.0)	(25.0, 85168.0)	(26.0, 130469.0)	(27.0, 193490.0)	(28.0, 276637.0)	(29.0, 398158.0)	(30.0, 555097.0)	(31.0, 789905.0)	(32.0, 1120529.0)	(33.0, 1754605.0)	(34.0, 3192849.0)	(35.0, 8598906.0)	(36.0, 21533439.0)	(37.0, 1621922.0)					
fastp | SRR30333765_1	(21.0, 2.0)	(22.0, 13.0)	(23.0, 405.0)	(24.0, 10574.0)	(25.0, 48016.0)	(26.0, 98804.0)	(27.0, 188331.0)	(28.0, 325037.0)	(29.0, 524820.0)	(30.0, 769412.0)	(31.0, 1090542.0)	(32.0, 1456746.0)	(33.0, 2014600.0)	(34.0, 2974445.0)	(35.0, 6155560.0)	(36.0, 22756173.0)	(37.0, 1692870.0)					
fastp | SRR30333765_2	(20.0, 2.0)	(21.0, 4.0)	(22.0, 45.0)	(23.0, 1831.0)	(24.0, 27511.0)	(25.0, 83631.0)	(26.0, 126767.0)	(27.0, 189579.0)	(28.0, 273061.0)	(29.0, 397791.0)	(30.0, 569664.0)	(31.0, 834550.0)	(32.0, 1221722.0)	(33.0, 1958828.0)	(34.0, 3534307.0)	(35.0, 8713629.0)	(36.0, 20466804.0)	(37.0, 1706624.0)				
fastp | SRR30333766_1	(21.0, 3.0)	(22.0, 13.0)	(23.0, 279.0)	(24.0, 8204.0)	(25.0, 38386.0)	(26.0, 81741.0)	(27.0, 155914.0)	(28.0, 267993.0)	(29.0, 431521.0)	(30.0, 629385.0)	(31.0, 883809.0)	(32.0, 1172067.0)	(33.0, 1611635.0)	(34.0, 2377601.0)	(35.0, 5066374.0)	(36.0, 28864951.0)	(37.0, 3121552.0)					
fastp | SRR30333766_2	(20.0, 2.0)	(21.0, 5.0)	(22.0, 69.0)	(23.0, 2348.0)	(24.0, 33172.0)	(25.0, 102637.0)	(26.0, 152952.0)	(27.0, 221353.0)	(28.0, 311721.0)	(29.0, 440509.0)	(30.0, 604528.0)	(31.0, 849678.0)	(32.0, 1195339.0)	(33.0, 1847750.0)	(34.0, 3353551.0)	(35.0, 9251772.0)	(36.0, 24540648.0)	(37.0, 1803394.0)				
fastp | SRR30333767_1	(20.0, 1.0)	(21.0, 3.0)	(22.0, 15.0)	(23.0, 404.0)	(24.0, 9856.0)	(25.0, 43894.0)	(26.0, 91803.0)	(27.0, 172601.0)	(28.0, 292189.0)	(29.0, 463906.0)	(30.0, 668871.0)	(31.0, 929071.0)	(32.0, 1224029.0)	(33.0, 1674479.0)	(34.0, 2463426.0)	(35.0, 5273352.0)	(36.0, 26133733.0)	(37.0, 2339193.0)				
fastp | SRR30333767_2	(20.0, 1.0)	(21.0, 6.0)	(22.0, 51.0)	(23.0, 2121.0)	(24.0, 34186.0)	(25.0, 107125.0)	(26.0, 159521.0)	(27.0, 232076.0)	(28.0, 324077.0)	(29.0, 455660.0)	(30.0, 625109.0)	(31.0, 876831.0)	(32.0, 1231081.0)	(33.0, 1905357.0)	(34.0, 3415059.0)	(35.0, 8954210.0)	(36.0, 21817205.0)	(37.0, 1641150.0)				
fastp | SRR30333768_1	(21.0, 1.0)	(22.0, 15.0)	(23.0, 628.0)	(24.0, 14985.0)	(25.0, 64074.0)	(26.0, 126302.0)	(27.0, 228827.0)	(28.0, 375311.0)	(29.0, 581835.0)	(30.0, 826747.0)	(31.0, 1133239.0)	(32.0, 1484005.0)	(33.0, 2027091.0)	(34.0, 2989500.0)	(35.0, 6234551.0)	(36.0, 23231413.0)	(37.0, 1826607.0)					
fastp | SRR30333768_2	(20.0, 2.0)	(21.0, 10.0)	(22.0, 57.0)	(23.0, 2781.0)	(24.0, 41958.0)	(25.0, 127163.0)	(26.0, 185088.0)	(27.0, 263364.0)	(28.0, 361744.0)	(29.0, 500971.0)	(30.0, 684032.0)	(31.0, 960250.0)	(32.0, 1360575.0)	(33.0, 2118093.0)	(34.0, 3729044.0)	(35.0, 8844545.0)	(36.0, 20080928.0)	(37.0, 1884526.0)				
