Sample	0	1	2	3	4	5	6	7	8	9	10	11	12	13	14	15	16	17	18	19	20	21	22	23	24	25	26	27	28	29	30	31	32	33	34	35	36	37	38	39	40	41	42	43	44	45	46	47	48	49	50	51	52	53	54	55	56	57	58	59	60	61	62	63	64	65	66	67	68	69	70	71	72	73	74	75	76	77	78	79	80	81	82	83	84	85	86	87	88	89	90	91	92	93	94	95	96	97	98	99	100
fastp | SRR30333743_1	(0.0, 64.0)	(1.0, 41.5)	(2.0, 17.5)	(3.0, 12.5)	(4.0, 9.0)	(5.0, 14.0)	(6.0, 16.0)	(7.0, 12.5)	(8.0, 8.5)	(9.0, 4.5)	(10.0, 12.0)	(11.0, 20.0)	(12.0, 24.0)	(13.0, 38.0)	(14.0, 68.0)	(15.0, 116.0)	(16.0, 223.0)	(17.0, 443.0)	(18.0, 760.0)	(19.0, 1258.5)	(20.0, 2067.5)	(21.0, 3459.5)	(22.0, 5413.0)	(23.0, 8116.0)	(24.0, 11903.5)	(25.0, 16779.0)	(26.0, 22789.5)	(27.0, 30795.0)	(28.0, 40318.5)	(29.0, 51670.5)	(30.0, 66678.5)	(31.0, 84370.5)	(32.0, 105302.5)	(33.0, 131043.0)	(34.0, 167110.0)	(35.0, 209305.5)	(36.0, 259112.5)	(37.0, 317267.0)	(38.0, 379675.5)	(39.0, 454866.0)	(40.0, 542357.0)	(41.0, 641445.5)	(42.0, 766364.0)	(43.0, 923138.0)	(44.0, 1097717.0)	(45.0, 1287457.0)	(46.0, 1466876.5)	(47.0, 1631860.0)	(48.0, 1803857.5)	(49.0, 1961817.0)	(50.0, 2095517.0)	(51.0, 2239335.0)	(52.0, 2385713.5)	(53.0, 2483853.5)	(54.0, 2533249.5)	(55.0, 2557493.0)	(56.0, 2526863.0)	(57.0, 2432413.5)	(58.0, 2305926.5)	(59.0, 2138142.0)	(60.0, 1924278.5)	(61.0, 1685444.0)	(62.0, 1445949.5)	(63.0, 1217899.0)	(64.0, 992927.0)	(65.0, 781267.5)	(66.0, 611226.0)	(67.0, 490515.0)	(68.0, 396482.0)	(69.0, 318458.5)	(70.0, 259855.0)	(71.0, 213343.0)	(72.0, 182798.0)	(73.0, 156945.5)	(74.0, 128262.0)	(75.0, 107178.5)	(76.0, 93055.5)	(77.0, 73705.5)	(78.0, 50920.5)	(79.0, 35882.0)	(80.0, 27850.5)	(81.0, 22133.5)	(82.0, 16210.5)	(83.0, 9404.0)	(84.0, 4696.0)	(85.0, 2732.5)	(86.0, 1476.0)	(87.0, 730.5)	(88.0, 417.0)	(89.0, 262.5)	(90.0, 171.5)	(91.0, 122.0)	(92.0, 102.5)	(93.0, 88.5)	(94.0, 74.5)	(95.0, 70.0)	(96.0, 64.0)	(97.0, 59.5)	(98.0, 48.5)	(99.0, 26.5)	(100.0, 10.0)
fastp | SRR30333743_2	(0.0, 534.0)	(1.0, 299.0)	(2.0, 46.0)	(3.0, 29.5)	(4.0, 22.0)	(5.0, 17.5)	(6.0, 21.0)	(7.0, 15.0)	(8.0, 13.0)	(9.0, 18.0)	(10.0, 18.5)	(11.0, 19.0)	(12.0, 25.5)	(13.0, 41.5)	(14.0, 64.0)	(15.0, 92.5)	(16.0, 181.0)	(17.0, 292.5)	(18.0, 474.0)	(19.0, 848.5)	(20.0, 1515.0)	(21.0, 2476.5)	(22.0, 3985.0)	(23.0, 5819.0)	(24.0, 7925.5)	(25.0, 10648.0)	(26.0, 14720.5)	(27.0, 20382.0)	(28.0, 26382.5)	(29.0, 34170.0)	(30.0, 45448.0)	(31.0, 60475.0)	(32.0, 79461.5)	(33.0, 101254.5)	(34.0, 127004.5)	(35.0, 160866.5)	(36.0, 206423.5)	(37.0, 265234.5)	(38.0, 341994.5)	(39.0, 441013.5)	(40.0, 551048.0)	(41.0, 676416.0)	(42.0, 829285.0)	(43.0, 989495.5)	(44.0, 1159847.0)	(45.0, 1353466.5)	(46.0, 1525217.0)	(47.0, 1670808.0)	(48.0, 1823122.5)	(49.0, 1966380.5)	(50.0, 2094270.5)	(51.0, 2229042.0)	(52.0, 2355294.0)	(53.0, 2455517.0)	(54.0, 2512579.5)	(55.0, 2516721.5)	(56.0, 2472887.0)	(57.0, 2383636.0)	(58.0, 2256842.0)	(59.0, 2081134.0)	(60.0, 1869952.0)	(61.0, 1655393.0)	(62.0, 1435101.5)	(63.0, 1199449.5)	(64.0, 976939.0)	(65.0, 790648.0)	(66.0, 644534.5)	(67.0, 527751.0)	(68.0, 428799.0)	(69.0, 353405.0)	(70.0, 293707.0)	(71.0, 244052.5)	(72.0, 210163.0)	(73.0, 179726.5)	(74.0, 152657.5)	(75.0, 131330.5)	(76.0, 110643.5)	(77.0, 92549.0)	(78.0, 71602.5)	(79.0, 49643.5)	(80.0, 34593.0)	(81.0, 27186.0)	(82.0, 20809.0)	(83.0, 12221.0)	(84.0, 6113.5)	(85.0, 3540.5)	(86.0, 2821.5)	(87.0, 2459.0)	(88.0, 2387.5)	(89.0, 2511.0)	(90.0, 2698.5)	(91.0, 2947.5)	(92.0, 3229.0)	(93.0, 3517.0)	(94.0, 3779.5)	(95.0, 4052.0)	(96.0, 4371.0)	(97.0, 4934.0)	(98.0, 5486.5)	(99.0, 5292.5)	(100.0, 6137.0)
fastp | SRR30333744_1	(0.0, 21.0)	(1.0, 17.0)	(2.0, 9.5)	(3.0, 8.0)	(4.0, 9.0)	(5.0, 7.5)	(6.0, 8.5)	(7.0, 6.5)	(8.0, 4.5)	(9.0, 7.0)	(10.0, 7.0)	(11.0, 12.0)	(12.0, 21.0)	(13.0, 28.5)	(14.0, 50.5)	(15.0, 82.0)	(16.0, 149.5)	(17.0, 296.0)	(18.0, 516.5)	(19.0, 817.5)	(20.0, 1315.0)	(21.0, 2214.5)	(22.0, 3464.0)	(23.0, 5310.0)	(24.0, 7766.5)	(25.0, 10947.5)	(26.0, 14957.5)	(27.0, 20033.5)	(28.0, 26183.5)	(29.0, 33457.0)	(30.0, 43249.0)	(31.0, 55394.5)	(32.0, 69699.5)	(33.0, 87726.5)	(34.0, 112537.5)	(35.0, 143550.5)	(36.0, 183783.0)	(37.0, 234705.0)	(38.0, 298290.5)	(39.0, 379742.0)	(40.0, 473841.5)	(41.0, 583808.0)	(42.0, 714454.0)	(43.0, 863754.5)	(44.0, 1023778.0)	(45.0, 1191740.0)	(46.0, 1349657.0)	(47.0, 1496452.0)	(48.0, 1647681.0)	(49.0, 1788588.5)	(50.0, 1913644.0)	(51.0, 2042897.5)	(52.0, 2173740.5)	(53.0, 2263917.5)	(54.0, 2305958.0)	(55.0, 2324050.5)	(56.0, 2294930.0)	(57.0, 2207188.0)	(58.0, 2083854.5)	(59.0, 1924560.0)	(60.0, 1723645.0)	(61.0, 1500372.5)	(62.0, 1279096.5)	(63.0, 1070203.0)	(64.0, 867673.5)	(65.0, 675507.0)	(66.0, 521966.0)	(67.0, 412150.5)	(68.0, 327267.5)	(69.0, 259329.0)	(70.0, 207854.0)	(71.0, 167573.0)	(72.0, 142618.0)	(73.0, 120571.5)	(74.0, 94813.5)	(75.0, 75856.5)	(76.0, 63829.0)	(77.0, 50045.0)	(78.0, 33871.5)	(79.0, 22940.0)	(80.0, 16950.5)	(81.0, 13226.0)	(82.0, 9554.5)	(83.0, 5162.0)	(84.0, 2468.5)	(85.0, 1410.5)	(86.0, 706.5)	(87.0, 365.0)	(88.0, 226.0)	(89.0, 151.0)	(90.0, 125.5)	(91.0, 107.5)	(92.0, 110.5)	(93.0, 110.0)	(94.0, 93.5)	(95.0, 85.5)	(96.0, 85.0)	(97.0, 82.5)	(98.0, 67.0)	(99.0, 34.5)	(100.0, 12.0)
fastp | SRR30333744_2	(0.0, 203.0)	(1.0, 112.0)	(2.0, 16.5)	(3.0, 10.0)	(4.0, 9.5)	(5.0, 9.0)	(6.0, 9.5)	(7.0, 12.0)	(8.0, 10.0)	(9.0, 7.0)	(10.0, 11.0)	(11.0, 16.5)	(12.0, 19.0)	(13.0, 24.0)	(14.0, 42.0)	(15.0, 75.0)	(16.0, 122.0)	(17.0, 194.0)	(18.0, 300.5)	(19.0, 491.0)	(20.0, 949.5)	(21.0, 1624.0)	(22.0, 2612.0)	(23.0, 3746.5)	(24.0, 5073.0)	(25.0, 6998.0)	(26.0, 9652.5)	(27.0, 13287.5)	(28.0, 17444.0)	(29.0, 22799.0)	(30.0, 30537.5)	(31.0, 40535.0)	(32.0, 53206.5)	(33.0, 69361.0)	(34.0, 90672.5)	(35.0, 119614.0)	(36.0, 160294.5)	(37.0, 216306.5)	(38.0, 294074.0)	(39.0, 395014.0)	(40.0, 505864.5)	(41.0, 629497.5)	(42.0, 773941.0)	(43.0, 919603.0)	(44.0, 1064900.0)	(45.0, 1225909.5)	(46.0, 1375301.5)	(47.0, 1503703.5)	(48.0, 1640154.0)	(49.0, 1772523.0)	(50.0, 1892339.5)	(51.0, 2016526.0)	(52.0, 2126611.5)	(53.0, 2213473.0)	(54.0, 2261567.0)	(55.0, 2266274.0)	(56.0, 2232247.0)	(57.0, 2148108.0)	(58.0, 2026777.5)	(59.0, 1861789.5)	(60.0, 1666148.0)	(61.0, 1473099.0)	(62.0, 1275343.5)	(63.0, 1061276.0)	(64.0, 860528.5)	(65.0, 693295.0)	(66.0, 560567.5)	(67.0, 455243.0)	(68.0, 365236.0)	(69.0, 296322.0)	(70.0, 244344.5)	(71.0, 202912.0)	(72.0, 173079.0)	(73.0, 145491.5)	(74.0, 120300.5)	(75.0, 100434.0)	(76.0, 82529.5)	(77.0, 66985.5)	(78.0, 50444.0)	(79.0, 34644.5)	(80.0, 23452.5)	(81.0, 17631.0)	(82.0, 13261.5)	(83.0, 7750.5)	(84.0, 4031.5)	(85.0, 2500.5)	(86.0, 2186.5)	(87.0, 2242.5)	(88.0, 2416.5)	(89.0, 2668.0)	(90.0, 2987.5)	(91.0, 3288.5)	(92.0, 3594.0)	(93.0, 3928.0)	(94.0, 4109.5)	(95.0, 4300.0)	(96.0, 4742.0)	(97.0, 5476.5)	(98.0, 6258.0)	(99.0, 6270.5)	(100.0, 6652.5)
fastp | SRR30333745_1	(0.0, 58.0)	(1.0, 36.0)	(2.0, 16.0)	(3.0, 15.0)	(4.0, 14.5)	(5.0, 16.5)	(6.0, 14.0)	(7.0, 14.5)	(8.0, 14.0)	(9.0, 14.0)	(10.0, 15.0)	(11.0, 15.5)	(12.0, 25.0)	(13.0, 36.0)	(14.0, 53.0)	(15.0, 86.5)	(16.0, 159.5)	(17.0, 329.0)	(18.0, 561.0)	(19.0, 925.0)	(20.0, 1551.0)	(21.0, 2546.0)	(22.0, 3936.5)	(23.0, 6044.0)	(24.0, 8950.0)	(25.0, 12625.5)	(26.0, 17019.0)	(27.0, 23179.0)	(28.0, 30798.0)	(29.0, 39586.0)	(30.0, 51307.5)	(31.0, 65038.5)	(32.0, 81809.5)	(33.0, 102869.5)	(34.0, 130959.5)	(35.0, 165501.0)	(36.0, 208363.5)	(37.0, 259679.0)	(38.0, 318308.0)	(39.0, 392465.0)	(40.0, 479963.0)	(41.0, 581878.5)	(42.0, 708096.0)	(43.0, 861533.5)	(44.0, 1032744.0)	(45.0, 1213105.5)	(46.0, 1382582.5)	(47.0, 1543696.5)	(48.0, 1711312.5)	(49.0, 1864405.0)	(50.0, 1994654.0)	(51.0, 2134086.0)	(52.0, 2279555.5)	(53.0, 2382136.0)	(54.0, 2434788.5)	(55.0, 2459711.5)	(56.0, 2433173.0)	(57.0, 2343932.0)	(58.0, 2216064.0)	(59.0, 2051496.5)	(60.0, 1843939.5)	(61.0, 1611656.0)	(62.0, 1380632.0)	(63.0, 1160467.5)	(64.0, 942598.5)	(65.0, 736578.0)	(66.0, 572938.5)	(67.0, 456282.5)	(68.0, 365924.5)	(69.0, 291971.0)	(70.0, 237147.5)	(71.0, 194960.5)	(72.0, 168549.0)	(73.0, 145239.0)	(74.0, 117398.0)	(75.0, 96374.0)	(76.0, 84456.5)	(77.0, 68075.0)	(78.0, 46274.5)	(79.0, 31933.0)	(80.0, 24986.0)	(81.0, 20255.0)	(82.0, 15265.5)	(83.0, 8860.5)	(84.0, 4351.5)	(85.0, 2556.5)	(86.0, 1312.0)	(87.0, 606.5)	(88.0, 320.5)	(89.0, 198.0)	(90.0, 152.5)	(91.0, 120.5)	(92.0, 96.5)	(93.0, 89.5)	(94.0, 84.0)	(95.0, 87.0)	(96.0, 93.0)	(97.0, 78.5)	(98.0, 67.5)	(99.0, 40.5)	(100.0, 17.0)
fastp | SRR30333745_2	(0.0, 389.0)	(1.0, 223.5)	(2.0, 39.0)	(3.0, 18.5)	(4.0, 17.5)	(5.0, 18.5)	(6.0, 19.0)	(7.0, 13.5)	(8.0, 10.5)	(9.0, 14.5)	(10.0, 18.0)	(11.0, 17.5)	(12.0, 23.0)	(13.0, 35.0)	(14.0, 41.5)	(15.0, 69.0)	(16.0, 126.5)	(17.0, 204.0)	(18.0, 336.5)	(19.0, 604.5)	(20.0, 1146.0)	(21.0, 1927.5)	(22.0, 3043.0)	(23.0, 4413.0)	(24.0, 6026.5)	(25.0, 8190.0)	(26.0, 11430.0)	(27.0, 15888.0)	(28.0, 20636.0)	(29.0, 26736.5)	(30.0, 35625.5)	(31.0, 47427.5)	(32.0, 62135.5)	(33.0, 80075.5)	(34.0, 102801.5)	(35.0, 131894.5)	(36.0, 171941.0)	(37.0, 226153.5)	(38.0, 298911.5)	(39.0, 393957.5)	(40.0, 501037.0)	(41.0, 623733.0)	(42.0, 771180.5)	(43.0, 925215.5)	(44.0, 1085473.0)	(45.0, 1264346.5)	(46.0, 1429640.0)	(47.0, 1571360.5)	(48.0, 1717271.5)	(49.0, 1858031.0)	(50.0, 1985119.5)	(51.0, 2117398.5)	(52.0, 2241129.0)	(53.0, 2344278.0)	(54.0, 2401407.0)	(55.0, 2405420.5)	(56.0, 2369815.5)	(57.0, 2282490.5)	(58.0, 2156540.0)	(59.0, 1987139.5)	(60.0, 1781663.0)	(61.0, 1576599.5)	(62.0, 1366500.0)	(63.0, 1139396.0)	(64.0, 925960.5)	(65.0, 748640.5)	(66.0, 608390.5)	(67.0, 495466.0)	(68.0, 399649.5)	(69.0, 326831.5)	(70.0, 273628.5)	(71.0, 229517.0)	(72.0, 196847.0)	(73.0, 167484.0)	(74.0, 141710.5)	(75.0, 122185.0)	(76.0, 103270.5)	(77.0, 86822.0)	(78.0, 67536.5)	(79.0, 47057.5)	(80.0, 32891.5)	(81.0, 26225.0)	(82.0, 20331.0)	(83.0, 12128.0)	(84.0, 6166.0)	(85.0, 3654.5)	(86.0, 3032.5)	(87.0, 2767.5)	(88.0, 2768.0)	(89.0, 2961.5)	(90.0, 3321.5)	(91.0, 3747.5)	(92.0, 4055.0)	(93.0, 4251.5)	(94.0, 4464.5)	(95.0, 4711.5)	(96.0, 5083.0)	(97.0, 5679.5)	(98.0, 6370.5)	(99.0, 6255.5)	(100.0, 7137.5)
fastp | SRR30333746_1	(0.0, 34.0)	(1.0, 25.5)	(2.0, 12.5)	(3.0, 7.0)	(4.0, 6.0)	(5.0, 4.5)	(6.0, 8.0)	(7.0, 8.5)	(8.0, 5.0)	(9.0, 7.5)	(10.0, 9.5)	(11.0, 10.0)	(12.0, 8.5)	(13.0, 24.5)	(14.0, 42.0)	(15.0, 60.5)	(16.0, 123.5)	(17.0, 256.0)	(18.0, 445.5)	(19.0, 705.5)	(20.0, 1145.0)	(21.0, 1938.5)	(22.0, 3002.5)	(23.0, 4590.5)	(24.0, 6871.0)	(25.0, 9630.5)	(26.0, 12983.0)	(27.0, 17727.0)	(28.0, 23459.5)	(29.0, 29976.0)	(30.0, 38627.5)	(31.0, 49184.5)	(32.0, 61995.5)	(33.0, 78559.5)	(34.0, 101160.0)	(35.0, 129630.5)	(36.0, 167822.0)	(37.0, 217193.0)	(38.0, 278531.5)	(39.0, 357100.0)	(40.0, 449352.5)	(41.0, 557379.5)	(42.0, 686802.5)	(43.0, 833499.5)	(44.0, 985083.0)	(45.0, 1141239.5)	(46.0, 1292292.0)	(47.0, 1433649.5)	(48.0, 1576347.5)	(49.0, 1708800.5)	(50.0, 1821174.5)	(51.0, 1938932.5)	(52.0, 2058144.0)	(53.0, 2138084.5)	(54.0, 2175900.0)	(55.0, 2191054.0)	(56.0, 2158661.0)	(57.0, 2069344.5)	(58.0, 1951135.5)	(59.0, 1800140.0)	(60.0, 1609503.5)	(61.0, 1398576.0)	(62.0, 1187948.0)	(63.0, 992908.5)	(64.0, 805608.0)	(65.0, 626326.0)	(66.0, 485100.5)	(67.0, 386233.5)	(68.0, 308127.0)	(69.0, 243486.0)	(70.0, 196416.0)	(71.0, 159381.5)	(72.0, 137297.0)	(73.0, 118602.0)	(74.0, 92960.5)	(75.0, 73238.0)	(76.0, 62757.5)	(77.0, 49770.0)	(78.0, 32779.5)	(79.0, 21721.5)	(80.0, 16971.5)	(81.0, 13942.5)	(82.0, 10481.5)	(83.0, 5927.0)	(84.0, 2750.0)	(85.0, 1533.0)	(86.0, 805.5)	(87.0, 429.5)	(88.0, 251.5)	(89.0, 154.0)	(90.0, 119.5)	(91.0, 83.5)	(92.0, 64.0)	(93.0, 64.5)	(94.0, 56.0)	(95.0, 45.0)	(96.0, 55.0)	(97.0, 55.0)	(98.0, 39.5)	(99.0, 26.5)	(100.0, 13.0)
fastp | SRR30333746_2	(0.0, 256.0)	(1.0, 147.5)	(2.0, 27.0)	(3.0, 14.0)	(4.0, 9.0)	(5.0, 4.5)	(6.0, 8.0)	(7.0, 10.0)	(8.0, 9.5)	(9.0, 10.0)	(10.0, 9.0)	(11.0, 12.0)	(12.0, 17.5)	(13.0, 20.5)	(14.0, 38.0)	(15.0, 60.5)	(16.0, 96.5)	(17.0, 157.0)	(18.0, 265.5)	(19.0, 448.0)	(20.0, 830.5)	(21.0, 1421.0)	(22.0, 2295.5)	(23.0, 3333.0)	(24.0, 4632.0)	(25.0, 6348.5)	(26.0, 8931.0)	(27.0, 12432.0)	(28.0, 16234.5)	(29.0, 21208.5)	(30.0, 28208.5)	(31.0, 37128.0)	(32.0, 48988.5)	(33.0, 64321.0)	(34.0, 84807.5)	(35.0, 112594.0)	(36.0, 151670.0)	(37.0, 206202.5)	(38.0, 281456.0)	(39.0, 378017.5)	(40.0, 484459.5)	(41.0, 603311.0)	(42.0, 742632.0)	(43.0, 883856.0)	(44.0, 1023280.0)	(45.0, 1175105.5)	(46.0, 1316375.0)	(47.0, 1439294.0)	(48.0, 1566197.0)	(49.0, 1688100.5)	(50.0, 1797976.0)	(51.0, 1912010.5)	(52.0, 2012794.5)	(53.0, 2090026.0)	(54.0, 2131787.0)	(55.0, 2128691.0)	(56.0, 2089614.0)	(57.0, 2008555.5)	(58.0, 1892937.0)	(59.0, 1736580.5)	(60.0, 1552157.0)	(61.0, 1371803.5)	(62.0, 1185470.0)	(63.0, 984161.5)	(64.0, 798840.5)	(65.0, 645812.5)	(66.0, 523971.0)	(67.0, 427626.5)	(68.0, 344475.5)	(69.0, 281866.0)	(70.0, 235810.0)	(71.0, 195456.0)	(72.0, 165834.0)	(73.0, 138909.0)	(74.0, 114602.0)	(75.0, 96566.0)	(76.0, 80204.5)	(77.0, 65711.0)	(78.0, 49301.0)	(79.0, 33297.0)	(80.0, 22828.5)	(81.0, 18252.5)	(82.0, 14129.0)	(83.0, 8087.5)	(84.0, 3863.0)	(85.0, 2236.5)	(86.0, 1893.5)	(87.0, 1715.5)	(88.0, 1667.5)	(89.0, 1732.0)	(90.0, 1886.5)	(91.0, 2060.0)	(92.0, 2246.0)	(93.0, 2465.5)	(94.0, 2659.0)	(95.0, 2803.0)	(96.0, 3135.0)	(97.0, 3782.5)	(98.0, 4439.5)	(99.0, 4497.0)	(100.0, 5477.0)
fastp | SRR30333747_1	(0.0, 9.0)	(1.0, 8.0)	(2.0, 5.5)	(3.0, 2.0)	(4.0, 1.0)	(5.0, 3.0)	(6.0, 5.0)	(7.0, 4.5)	(8.0, 2.5)	(9.0, 2.5)	(10.0, 6.5)	(11.0, 10.5)	(12.0, 15.5)	(13.0, 24.5)	(14.0, 48.0)	(15.0, 79.0)	(16.0, 134.5)	(17.0, 274.5)	(18.0, 510.5)	(19.0, 855.5)	(20.0, 1378.5)	(21.0, 2255.5)	(22.0, 3433.0)	(23.0, 5210.0)	(24.0, 7735.5)	(25.0, 11101.0)	(26.0, 14998.5)	(27.0, 20003.5)	(28.0, 26472.0)	(29.0, 34173.5)	(30.0, 44399.5)	(31.0, 58398.0)	(32.0, 76261.0)	(33.0, 100473.5)	(34.0, 135245.0)	(35.0, 181513.5)	(36.0, 246433.0)	(37.0, 329257.5)	(38.0, 426527.0)	(39.0, 537418.0)	(40.0, 655131.5)	(41.0, 777198.5)	(42.0, 906747.0)	(43.0, 1042771.0)	(44.0, 1170127.5)	(45.0, 1302401.0)	(46.0, 1432586.5)	(47.0, 1546754.5)	(48.0, 1659741.5)	(49.0, 1759855.0)	(50.0, 1836269.0)	(51.0, 1905502.5)	(52.0, 1968328.5)	(53.0, 1999778.5)	(54.0, 1987927.5)	(55.0, 1949756.0)	(56.0, 1880573.5)	(57.0, 1771484.5)	(58.0, 1645583.5)	(59.0, 1497238.5)	(60.0, 1320776.5)	(61.0, 1134529.0)	(62.0, 949970.0)	(63.0, 775637.0)	(64.0, 616021.5)	(65.0, 473770.5)	(66.0, 363986.5)	(67.0, 287540.5)	(68.0, 225580.0)	(69.0, 174799.5)	(70.0, 137010.0)	(71.0, 107481.5)	(72.0, 89763.0)	(73.0, 75108.0)	(74.0, 58116.0)	(75.0, 45872.5)	(76.0, 38220.0)	(77.0, 29811.0)	(78.0, 20244.5)	(79.0, 13788.0)	(80.0, 10333.0)	(81.0, 7960.5)	(82.0, 5565.0)	(83.0, 3228.0)	(84.0, 1774.0)	(85.0, 1053.5)	(86.0, 596.5)	(87.0, 318.0)	(88.0, 199.5)	(89.0, 127.5)	(90.0, 83.0)	(91.0, 81.5)	(92.0, 75.5)	(93.0, 68.5)	(94.0, 71.5)	(95.0, 64.0)	(96.0, 62.5)	(97.0, 63.5)	(98.0, 49.5)	(99.0, 25.5)	(100.0, 7.5)
fastp | SRR30333747_2	(0.0, 105.0)	(1.0, 58.0)	(2.0, 8.0)	(3.0, 4.5)	(4.0, 3.5)	(5.0, 3.5)	(6.0, 7.0)	(7.0, 8.5)	(8.0, 9.0)	(9.0, 12.0)	(10.0, 9.0)	(11.0, 10.0)	(12.0, 16.0)	(13.0, 23.0)	(14.0, 39.5)	(15.0, 58.5)	(16.0, 101.5)	(17.0, 182.0)	(18.0, 300.5)	(19.0, 491.5)	(20.0, 875.5)	(21.0, 1517.0)	(22.0, 2458.5)	(23.0, 3690.0)	(24.0, 5026.5)	(25.0, 6886.0)	(26.0, 9684.5)	(27.0, 13677.0)	(28.0, 18521.5)	(29.0, 24679.0)	(30.0, 33896.5)	(31.0, 46930.5)	(32.0, 65764.0)	(33.0, 91859.0)	(34.0, 129339.0)	(35.0, 181589.0)	(36.0, 253146.5)	(37.0, 342788.0)	(38.0, 446030.0)	(39.0, 565142.0)	(40.0, 687601.5)	(41.0, 810337.0)	(42.0, 938202.0)	(43.0, 1059672.5)	(44.0, 1176559.0)	(45.0, 1304858.0)	(46.0, 1425418.0)	(47.0, 1522593.5)	(48.0, 1620376.5)	(49.0, 1712154.0)	(50.0, 1789122.0)	(51.0, 1860485.0)	(52.0, 1917075.0)	(53.0, 1949524.5)	(54.0, 1943850.0)	(55.0, 1906231.5)	(56.0, 1839556.0)	(57.0, 1737159.5)	(58.0, 1612785.0)	(59.0, 1459321.5)	(60.0, 1288209.5)	(61.0, 1125196.5)	(62.0, 959344.0)	(63.0, 787655.0)	(64.0, 631776.5)	(65.0, 501672.5)	(66.0, 401265.0)	(67.0, 324606.0)	(68.0, 259520.0)	(69.0, 209242.0)	(70.0, 170995.5)	(71.0, 139364.0)	(72.0, 115956.0)	(73.0, 96058.5)	(74.0, 78972.0)	(75.0, 65917.0)	(76.0, 53996.5)	(77.0, 42731.0)	(78.0, 31477.0)	(79.0, 21980.5)	(80.0, 15463.5)	(81.0, 11728.5)	(82.0, 8730.5)	(83.0, 5451.5)	(84.0, 3281.5)	(85.0, 2350.5)	(86.0, 2090.5)	(87.0, 2102.0)	(88.0, 2234.0)	(89.0, 2441.5)	(90.0, 2779.0)	(91.0, 3068.0)	(92.0, 3309.5)	(93.0, 3537.5)	(94.0, 3745.5)	(95.0, 3988.0)	(96.0, 4380.0)	(97.0, 5104.0)	(98.0, 5879.5)	(99.0, 5894.5)	(100.0, 6431.0)
fastp | SRR30333748_1	(0.0, 16.0)	(1.0, 10.5)	(2.0, 5.0)	(3.0, 3.5)	(4.0, 5.0)	(5.0, 5.5)	(6.0, 4.5)	(7.0, 5.5)	(8.0, 7.0)	(9.0, 8.5)	(10.0, 8.0)	(11.0, 15.5)	(12.0, 29.5)	(13.0, 44.0)	(14.0, 71.0)	(15.0, 128.5)	(16.0, 264.5)	(17.0, 544.0)	(18.0, 938.0)	(19.0, 1502.0)	(20.0, 2350.0)	(21.0, 3870.5)	(22.0, 6061.0)	(23.0, 9038.0)	(24.0, 13106.0)	(25.0, 18417.5)	(26.0, 24564.5)	(27.0, 32613.5)	(28.0, 42682.5)	(29.0, 54606.0)	(30.0, 70146.5)	(31.0, 90229.0)	(32.0, 115109.0)	(33.0, 148052.5)	(34.0, 195292.5)	(35.0, 256858.5)	(36.0, 343394.5)	(37.0, 456831.0)	(38.0, 594883.5)	(39.0, 754442.5)	(40.0, 928138.0)	(41.0, 1116281.0)	(42.0, 1318723.5)	(43.0, 1531629.0)	(44.0, 1737933.0)	(45.0, 1953471.5)	(46.0, 2162852.0)	(47.0, 2350844.5)	(48.0, 2549771.5)	(49.0, 2731384.0)	(50.0, 2869827.0)	(51.0, 3002526.5)	(52.0, 3132990.0)	(53.0, 3212415.0)	(54.0, 3223207.0)	(55.0, 3197626.0)	(56.0, 3110472.0)	(57.0, 2951737.0)	(58.0, 2772237.0)	(59.0, 2549340.5)	(60.0, 2266978.5)	(61.0, 1958434.5)	(62.0, 1646749.5)	(63.0, 1348735.5)	(64.0, 1077844.0)	(65.0, 834983.5)	(66.0, 640146.5)	(67.0, 502382.0)	(68.0, 390372.5)	(69.0, 298371.5)	(70.0, 228262.5)	(71.0, 172752.0)	(72.0, 138055.0)	(73.0, 111794.0)	(74.0, 84220.0)	(75.0, 63704.5)	(76.0, 50012.0)	(77.0, 37197.0)	(78.0, 24403.5)	(79.0, 15265.5)	(80.0, 10455.5)	(81.0, 7792.0)	(82.0, 5276.5)	(83.0, 2841.0)	(84.0, 1410.5)	(85.0, 820.5)	(86.0, 454.5)	(87.0, 288.5)	(88.0, 193.5)	(89.0, 130.5)	(90.0, 115.0)	(91.0, 113.0)	(92.0, 110.5)	(93.0, 127.0)	(94.0, 124.0)	(95.0, 116.5)	(96.0, 113.5)	(97.0, 103.5)	(98.0, 87.5)	(99.0, 43.5)	(100.0, 16.5)
fastp | SRR30333748_2	(0.0, 144.0)	(1.0, 81.5)	(2.0, 14.0)	(3.0, 7.0)	(4.0, 6.0)	(5.0, 10.0)	(6.0, 13.0)	(7.0, 12.0)	(8.0, 12.5)	(9.0, 11.0)	(10.0, 13.0)	(11.0, 20.5)	(12.0, 26.0)	(13.0, 33.0)	(14.0, 67.0)	(15.0, 117.0)	(16.0, 180.0)	(17.0, 301.5)	(18.0, 545.0)	(19.0, 873.0)	(20.0, 1510.0)	(21.0, 2520.0)	(22.0, 4006.5)	(23.0, 5890.5)	(24.0, 8248.5)	(25.0, 11490.0)	(26.0, 15620.0)	(27.0, 21571.0)	(28.0, 28853.5)	(29.0, 37936.0)	(30.0, 50740.0)	(31.0, 69148.5)	(32.0, 95715.5)	(33.0, 130404.5)	(34.0, 179627.0)	(35.0, 248722.0)	(36.0, 346050.5)	(37.0, 471403.0)	(38.0, 620913.0)	(39.0, 796397.0)	(40.0, 981310.5)	(41.0, 1174611.0)	(42.0, 1380999.0)	(43.0, 1576269.5)	(44.0, 1764192.0)	(45.0, 1972747.5)	(46.0, 2168728.5)	(47.0, 2331950.0)	(48.0, 2501768.5)	(49.0, 2664370.5)	(50.0, 2801900.5)	(51.0, 2935628.0)	(52.0, 3056097.5)	(53.0, 3138512.5)	(54.0, 3156905.5)	(55.0, 3121579.0)	(56.0, 3035476.0)	(57.0, 2887586.0)	(58.0, 2700324.5)	(59.0, 2463947.5)	(60.0, 2191617.5)	(61.0, 1930761.0)	(62.0, 1660663.0)	(63.0, 1368407.5)	(64.0, 1102559.5)	(65.0, 879895.0)	(66.0, 704664.0)	(67.0, 567607.0)	(68.0, 449045.5)	(69.0, 357524.5)	(70.0, 285837.0)	(71.0, 227211.5)	(72.0, 184366.0)	(73.0, 147710.5)	(74.0, 117333.5)	(75.0, 94951.5)	(76.0, 74089.5)	(77.0, 55057.0)	(78.0, 38234.0)	(79.0, 24898.0)	(80.0, 16285.0)	(81.0, 11398.0)	(82.0, 8100.5)	(83.0, 5089.0)	(84.0, 3276.5)	(85.0, 2612.0)	(86.0, 2621.0)	(87.0, 2791.0)	(88.0, 3060.5)	(89.0, 3438.5)	(90.0, 3932.5)	(91.0, 4351.0)	(92.0, 4761.5)	(93.0, 5239.5)	(94.0, 5529.0)	(95.0, 5898.0)	(96.0, 6499.5)	(97.0, 7599.0)	(98.0, 8795.5)	(99.0, 8924.0)	(100.0, 10423.0)
fastp | SRR30333749_1	(0.0, 135.0)	(1.0, 93.5)	(2.0, 52.5)	(3.0, 41.5)	(4.0, 37.5)	(5.0, 36.5)	(6.0, 37.5)	(7.0, 39.0)	(8.0, 30.5)	(9.0, 25.5)	(10.0, 20.5)	(11.0, 28.0)	(12.0, 47.5)	(13.0, 97.0)	(14.0, 186.5)	(15.0, 317.5)	(16.0, 572.0)	(17.0, 1071.5)	(18.0, 1735.5)	(19.0, 2794.0)	(20.0, 4543.0)	(21.0, 7426.0)	(22.0, 11525.0)	(23.0, 17349.0)	(24.0, 25047.0)	(25.0, 35082.5)	(26.0, 46615.5)	(27.0, 62437.5)	(28.0, 81547.0)	(29.0, 102438.5)	(30.0, 130388.5)	(31.0, 164366.5)	(32.0, 201667.5)	(33.0, 246244.0)	(34.0, 303581.5)	(35.0, 367139.0)	(36.0, 443594.5)	(37.0, 531851.5)	(38.0, 622544.5)	(39.0, 724986.5)	(40.0, 835154.0)	(41.0, 951662.0)	(42.0, 1084806.0)	(43.0, 1240064.5)	(44.0, 1402105.0)	(45.0, 1568502.0)	(46.0, 1739007.0)	(47.0, 1891042.5)	(48.0, 2036359.5)	(49.0, 2167166.0)	(50.0, 2256646.5)	(51.0, 2336876.0)	(52.0, 2418504.5)	(53.0, 2465001.5)	(54.0, 2464240.5)	(55.0, 2435526.0)	(56.0, 2362379.0)	(57.0, 2240191.0)	(58.0, 2103424.5)	(59.0, 1940626.0)	(60.0, 1737178.0)	(61.0, 1509730.0)	(62.0, 1277592.5)	(63.0, 1057032.5)	(64.0, 855332.5)	(65.0, 672800.0)	(66.0, 527726.0)	(67.0, 427555.5)	(68.0, 344062.5)	(69.0, 274802.0)	(70.0, 222875.0)	(71.0, 179478.0)	(72.0, 154965.0)	(73.0, 134777.0)	(74.0, 110043.5)	(75.0, 92771.5)	(76.0, 81121.0)	(77.0, 65404.0)	(78.0, 45586.0)	(79.0, 31754.5)	(80.0, 24352.5)	(81.0, 18982.5)	(82.0, 13539.0)	(83.0, 7849.0)	(84.0, 4237.0)	(85.0, 2408.0)	(86.0, 1080.5)	(87.0, 461.5)	(88.0, 311.0)	(89.0, 269.5)	(90.0, 280.0)	(91.0, 325.5)	(92.0, 398.0)	(93.0, 475.5)	(94.0, 541.5)	(95.0, 589.0)	(96.0, 621.5)	(97.0, 658.0)	(98.0, 667.5)	(99.0, 448.5)	(100.0, 188.0)
fastp | SRR30333749_2	(0.0, 1831.0)	(1.0, 995.5)	(2.0, 115.0)	(3.0, 62.0)	(4.0, 49.0)	(5.0, 32.0)	(6.0, 28.5)	(7.0, 37.5)	(8.0, 42.5)	(9.0, 41.0)	(10.0, 39.0)	(11.0, 51.5)	(12.0, 70.0)	(13.0, 99.5)	(14.0, 139.5)	(15.0, 235.5)	(16.0, 375.0)	(17.0, 601.5)	(18.0, 1032.0)	(19.0, 1815.5)	(20.0, 3140.0)	(21.0, 5108.5)	(22.0, 7939.0)	(23.0, 11390.0)	(24.0, 15942.5)	(25.0, 21824.5)	(26.0, 29730.0)	(27.0, 40783.5)	(28.0, 53416.0)	(29.0, 68116.0)	(30.0, 87290.5)	(31.0, 112370.0)	(32.0, 144168.5)	(33.0, 180191.0)	(34.0, 222618.0)	(35.0, 275466.5)	(36.0, 347737.0)	(37.0, 437453.5)	(38.0, 540942.5)	(39.0, 666837.5)	(40.0, 808746.0)	(41.0, 965481.0)	(42.0, 1142242.0)	(43.0, 1320435.5)	(44.0, 1494058.5)	(45.0, 1680254.5)	(46.0, 1843573.0)	(47.0, 1967466.5)	(48.0, 2090365.0)	(49.0, 2200619.5)	(50.0, 2282510.5)	(51.0, 2353501.5)	(52.0, 2417183.0)	(53.0, 2460835.0)	(54.0, 2453389.5)	(55.0, 2406002.0)	(56.0, 2324639.5)	(57.0, 2203034.5)	(58.0, 2062377.5)	(59.0, 1882935.0)	(60.0, 1671100.5)	(61.0, 1470309.5)	(62.0, 1270706.0)	(63.0, 1056062.5)	(64.0, 856189.0)	(65.0, 690187.5)	(66.0, 564488.0)	(67.0, 465419.5)	(68.0, 376583.0)	(69.0, 308377.5)	(70.0, 257834.5)	(71.0, 216650.0)	(72.0, 187281.5)	(73.0, 161376.5)	(74.0, 138883.5)	(75.0, 121814.0)	(76.0, 103407.5)	(77.0, 84849.5)	(78.0, 65344.0)	(79.0, 46929.5)	(80.0, 34012.0)	(81.0, 27138.5)	(82.0, 20868.5)	(83.0, 12971.5)	(84.0, 7329.5)	(85.0, 4810.0)	(86.0, 4150.5)	(87.0, 4149.5)	(88.0, 4494.0)	(89.0, 4930.5)	(90.0, 5450.5)	(91.0, 6101.5)	(92.0, 6752.5)	(93.0, 7220.5)	(94.0, 7480.0)	(95.0, 7616.0)	(96.0, 7584.0)	(97.0, 7551.0)	(98.0, 7501.0)	(99.0, 6764.0)	(100.0, 7726.5)
fastp | SRR30333750_1	(0.0, 19.0)	(1.0, 13.5)	(2.0, 7.0)	(3.0, 5.5)	(4.0, 3.0)	(5.0, 1.0)	(6.0, 3.0)	(7.0, 7.5)	(8.0, 6.5)	(9.0, 4.5)	(10.0, 5.0)	(11.0, 11.0)	(12.0, 21.5)	(13.0, 35.5)	(14.0, 56.5)	(15.0, 95.5)	(16.0, 172.5)	(17.0, 352.0)	(18.0, 657.0)	(19.0, 1115.0)	(20.0, 1745.5)	(21.0, 2852.0)	(22.0, 4367.0)	(23.0, 6574.5)	(24.0, 9643.0)	(25.0, 13631.0)	(26.0, 18461.5)	(27.0, 24811.0)	(28.0, 32593.5)	(29.0, 41904.0)	(30.0, 54570.5)	(31.0, 72242.5)	(32.0, 95121.0)	(33.0, 125761.5)	(34.0, 170800.0)	(35.0, 230955.5)	(36.0, 314515.5)	(37.0, 421724.0)	(38.0, 545423.0)	(39.0, 683461.0)	(40.0, 830924.0)	(41.0, 984735.0)	(42.0, 1144066.5)	(43.0, 1311119.5)	(44.0, 1471664.5)	(45.0, 1636272.0)	(46.0, 1799632.5)	(47.0, 1946352.5)	(48.0, 2096333.0)	(49.0, 2233371.0)	(50.0, 2337122.5)	(51.0, 2434741.5)	(52.0, 2529719.5)	(53.0, 2586687.0)	(54.0, 2591046.0)	(55.0, 2563594.5)	(56.0, 2490985.0)	(57.0, 2362930.0)	(58.0, 2214420.0)	(59.0, 2033879.0)	(60.0, 1809157.5)	(61.0, 1567403.0)	(62.0, 1322516.5)	(63.0, 1087442.5)	(64.0, 875518.5)	(65.0, 683697.0)	(66.0, 529964.5)	(67.0, 421772.0)	(68.0, 332749.0)	(69.0, 258737.5)	(70.0, 202415.0)	(71.0, 157166.5)	(72.0, 129785.0)	(73.0, 108290.0)	(74.0, 82507.5)	(75.0, 63024.0)	(76.0, 51160.5)	(77.0, 39138.0)	(78.0, 25845.5)	(79.0, 16628.5)	(80.0, 12194.0)	(81.0, 9730.0)	(82.0, 7157.5)	(83.0, 4145.5)	(84.0, 2130.0)	(85.0, 1247.0)	(86.0, 713.5)	(87.0, 408.5)	(88.0, 263.5)	(89.0, 173.0)	(90.0, 106.0)	(91.0, 74.5)	(92.0, 67.0)	(93.0, 57.5)	(94.0, 55.0)	(95.0, 53.5)	(96.0, 51.0)	(97.0, 42.0)	(98.0, 33.5)	(99.0, 21.5)	(100.0, 9.0)
fastp | SRR30333750_2	(0.0, 87.0)	(1.0, 51.0)	(2.0, 11.0)	(3.0, 7.0)	(4.0, 6.5)	(5.0, 4.0)	(6.0, 4.5)	(7.0, 7.5)	(8.0, 8.0)	(9.0, 8.5)	(10.0, 9.5)	(11.0, 13.0)	(12.0, 20.5)	(13.0, 28.5)	(14.0, 41.5)	(15.0, 72.0)	(16.0, 146.0)	(17.0, 237.5)	(18.0, 396.0)	(19.0, 701.5)	(20.0, 1215.0)	(21.0, 1985.5)	(22.0, 3184.0)	(23.0, 4639.5)	(24.0, 6397.0)	(25.0, 8854.0)	(26.0, 12211.0)	(27.0, 17219.5)	(28.0, 23410.0)	(29.0, 31446.5)	(30.0, 42937.5)	(31.0, 59890.0)	(32.0, 85675.5)	(33.0, 119823.5)	(34.0, 168454.0)	(35.0, 236358.0)	(36.0, 330547.0)	(37.0, 445145.5)	(38.0, 574432.0)	(39.0, 723811.0)	(40.0, 876498.5)	(41.0, 1029352.0)	(42.0, 1187873.5)	(43.0, 1337500.0)	(44.0, 1484332.5)	(45.0, 1647008.5)	(46.0, 1797969.5)	(47.0, 1925535.0)	(48.0, 2055933.0)	(49.0, 2176882.0)	(50.0, 2278860.5)	(51.0, 2376478.0)	(52.0, 2465700.0)	(53.0, 2524544.5)	(54.0, 2532518.5)	(55.0, 2498761.5)	(56.0, 2424524.0)	(57.0, 2305222.0)	(58.0, 2154438.5)	(59.0, 1965194.0)	(60.0, 1748820.0)	(61.0, 1542137.5)	(62.0, 1330203.0)	(63.0, 1100973.0)	(64.0, 892110.0)	(65.0, 718799.0)	(66.0, 582832.0)	(67.0, 475927.0)	(68.0, 381900.0)	(69.0, 309073.5)	(70.0, 252084.0)	(71.0, 203874.5)	(72.0, 168224.0)	(73.0, 136363.5)	(74.0, 109685.5)	(75.0, 90105.0)	(76.0, 72109.5)	(77.0, 55811.0)	(78.0, 39968.5)	(79.0, 26302.5)	(80.0, 17751.5)	(81.0, 13512.0)	(82.0, 9964.5)	(83.0, 5794.5)	(84.0, 3185.5)	(85.0, 2054.0)	(86.0, 1686.5)	(87.0, 1602.0)	(88.0, 1585.5)	(89.0, 1666.0)	(90.0, 1838.5)	(91.0, 1971.5)	(92.0, 2120.5)	(93.0, 2333.0)	(94.0, 2501.5)	(95.0, 2690.5)	(96.0, 2979.0)	(97.0, 3522.5)	(98.0, 4146.0)	(99.0, 4227.0)	(100.0, 5612.5)
fastp | SRR30333751_1	(0.0, 23.0)	(1.0, 14.5)	(2.0, 5.0)	(3.0, 5.5)	(4.0, 8.0)	(5.0, 8.0)	(6.0, 6.0)	(7.0, 5.5)	(8.0, 7.0)	(9.0, 8.0)	(10.0, 9.5)	(11.0, 13.0)	(12.0, 23.0)	(13.0, 40.5)	(14.0, 66.0)	(15.0, 108.0)	(16.0, 192.5)	(17.0, 373.0)	(18.0, 657.5)	(19.0, 1081.0)	(20.0, 1709.0)	(21.0, 2782.5)	(22.0, 4225.5)	(23.0, 6345.5)	(24.0, 9277.5)	(25.0, 13092.0)	(26.0, 17669.5)	(27.0, 23693.0)	(28.0, 31145.5)	(29.0, 39863.0)	(30.0, 51681.0)	(31.0, 67319.5)	(32.0, 86273.5)	(33.0, 110827.0)	(34.0, 145258.5)	(35.0, 191233.5)	(36.0, 258373.0)	(37.0, 348720.0)	(38.0, 461604.5)	(39.0, 596842.0)	(40.0, 749071.0)	(41.0, 916009.0)	(42.0, 1096685.0)	(43.0, 1285193.5)	(44.0, 1467664.0)	(45.0, 1659923.5)	(46.0, 1849220.0)	(47.0, 2017210.0)	(48.0, 2189255.0)	(49.0, 2348800.5)	(50.0, 2468811.5)	(51.0, 2579442.5)	(52.0, 2687584.5)	(53.0, 2752258.5)	(54.0, 2763980.0)	(55.0, 2739236.0)	(56.0, 2655902.5)	(57.0, 2520486.0)	(58.0, 2366698.5)	(59.0, 2172562.5)	(60.0, 1929970.0)	(61.0, 1667534.5)	(62.0, 1403475.5)	(63.0, 1150621.0)	(64.0, 921929.5)	(65.0, 717157.5)	(66.0, 553230.5)	(67.0, 436299.0)	(68.0, 341935.5)	(69.0, 265363.0)	(70.0, 205756.5)	(71.0, 159231.0)	(72.0, 130227.5)	(73.0, 107115.0)	(74.0, 83671.0)	(75.0, 65908.5)	(76.0, 53042.5)	(77.0, 40412.5)	(78.0, 27998.0)	(79.0, 18737.0)	(80.0, 12810.0)	(81.0, 8900.0)	(82.0, 5831.5)	(83.0, 3204.5)	(84.0, 1603.5)	(85.0, 891.5)	(86.0, 498.0)	(87.0, 299.0)	(88.0, 191.5)	(89.0, 139.5)	(90.0, 109.0)	(91.0, 88.5)	(92.0, 92.5)	(93.0, 92.0)	(94.0, 89.5)	(95.0, 90.5)	(96.0, 79.0)	(97.0, 65.0)	(98.0, 52.0)	(99.0, 29.0)	(100.0, 13.0)
fastp | SRR30333751_2	(0.0, 142.0)	(1.0, 81.0)	(2.0, 14.0)	(3.0, 7.0)	(4.0, 6.5)	(5.0, 6.0)	(6.0, 7.0)	(7.0, 8.5)	(8.0, 10.0)	(9.0, 14.0)	(10.0, 15.0)	(11.0, 16.0)	(12.0, 23.0)	(13.0, 28.5)	(14.0, 46.5)	(15.0, 81.5)	(16.0, 147.5)	(17.0, 247.5)	(18.0, 371.5)	(19.0, 633.0)	(20.0, 1152.0)	(21.0, 1911.0)	(22.0, 2982.5)	(23.0, 4264.5)	(24.0, 5821.5)	(25.0, 8102.0)	(26.0, 11319.0)	(27.0, 15875.0)	(28.0, 21153.5)	(29.0, 27894.0)	(30.0, 37306.5)	(31.0, 50649.0)	(32.0, 69805.0)	(33.0, 95153.0)	(34.0, 131221.0)	(35.0, 183465.0)	(36.0, 259896.0)	(37.0, 360514.0)	(38.0, 485082.0)	(39.0, 636367.5)	(40.0, 799685.0)	(41.0, 971103.5)	(42.0, 1153991.5)	(43.0, 1328526.0)	(44.0, 1496260.0)	(45.0, 1680855.5)	(46.0, 1853181.5)	(47.0, 1997552.5)	(48.0, 2146309.0)	(49.0, 2289214.0)	(50.0, 2412595.0)	(51.0, 2523512.5)	(52.0, 2620647.5)	(53.0, 2690422.0)	(54.0, 2706699.5)	(55.0, 2675051.5)	(56.0, 2592254.0)	(57.0, 2463775.5)	(58.0, 2304976.0)	(59.0, 2101757.5)	(60.0, 1868919.0)	(61.0, 1641550.5)	(62.0, 1410183.0)	(63.0, 1164047.5)	(64.0, 938072.0)	(65.0, 749142.0)	(66.0, 602330.0)	(67.0, 486392.0)	(68.0, 387183.0)	(69.0, 310474.0)	(70.0, 250266.0)	(71.0, 203353.5)	(72.0, 168885.5)	(73.0, 138947.0)	(74.0, 113897.5)	(75.0, 94543.5)	(76.0, 76323.0)	(77.0, 58683.5)	(78.0, 42506.0)	(79.0, 29068.5)	(80.0, 19218.5)	(81.0, 13108.0)	(82.0, 8959.5)	(83.0, 5373.5)	(84.0, 3214.5)	(85.0, 2346.0)	(86.0, 2183.5)	(87.0, 2196.5)	(88.0, 2376.5)	(89.0, 2680.5)	(90.0, 3023.5)	(91.0, 3356.5)	(92.0, 3686.0)	(93.0, 3958.0)	(94.0, 4172.5)	(95.0, 4472.5)	(96.0, 4876.0)	(97.0, 5514.5)	(98.0, 6222.5)	(99.0, 6182.5)	(100.0, 7089.0)
fastp | SRR30333752_1	(0.0, 30.0)	(1.0, 17.5)	(2.0, 6.0)	(3.0, 6.5)	(4.0, 5.0)	(5.0, 5.5)	(6.0, 8.5)	(7.0, 7.5)	(8.0, 5.0)	(9.0, 7.5)	(10.0, 12.0)	(11.0, 18.0)	(12.0, 23.5)	(13.0, 32.0)	(14.0, 58.5)	(15.0, 105.0)	(16.0, 221.0)	(17.0, 450.5)	(18.0, 755.0)	(19.0, 1254.0)	(20.0, 2082.0)	(21.0, 3381.0)	(22.0, 5165.0)	(23.0, 7757.0)	(24.0, 11380.0)	(25.0, 16147.0)	(26.0, 21955.0)	(27.0, 29485.5)	(28.0, 38655.0)	(29.0, 49515.5)	(30.0, 64211.5)	(31.0, 84437.5)	(32.0, 109342.5)	(33.0, 142486.0)	(34.0, 189923.0)	(35.0, 252782.5)	(36.0, 341185.5)	(37.0, 452796.0)	(38.0, 582990.0)	(39.0, 730874.0)	(40.0, 888502.0)	(41.0, 1053370.5)	(42.0, 1227233.5)	(43.0, 1409059.0)	(44.0, 1585863.5)	(45.0, 1772607.5)	(46.0, 1956274.0)	(47.0, 2118539.0)	(48.0, 2289353.5)	(49.0, 2448966.0)	(50.0, 2570273.5)	(51.0, 2689895.5)	(52.0, 2805825.5)	(53.0, 2877599.0)	(54.0, 2893976.0)	(55.0, 2872528.0)	(56.0, 2800483.5)	(57.0, 2667616.5)	(58.0, 2504507.0)	(59.0, 2303981.5)	(60.0, 2057420.0)	(61.0, 1786838.0)	(62.0, 1509631.0)	(63.0, 1243251.0)	(64.0, 1000687.5)	(65.0, 781934.0)	(66.0, 606129.0)	(67.0, 483197.0)	(68.0, 383415.5)	(69.0, 298988.0)	(70.0, 233955.5)	(71.0, 182109.5)	(72.0, 152029.0)	(73.0, 127909.5)	(74.0, 98354.5)	(75.0, 76158.0)	(76.0, 63080.0)	(77.0, 49228.0)	(78.0, 32878.5)	(79.0, 21349.5)	(80.0, 15828.0)	(81.0, 12976.0)	(82.0, 9766.0)	(83.0, 5602.5)	(84.0, 2849.0)	(85.0, 1634.0)	(86.0, 871.0)	(87.0, 432.0)	(88.0, 240.5)	(89.0, 176.5)	(90.0, 148.5)	(91.0, 99.0)	(92.0, 72.5)	(93.0, 72.0)	(94.0, 79.5)	(95.0, 79.0)	(96.0, 63.0)	(97.0, 49.0)	(98.0, 39.5)	(99.0, 27.5)	(100.0, 13.5)
fastp | SRR30333752_2	(0.0, 145.0)	(1.0, 78.5)	(2.0, 9.5)	(3.0, 8.5)	(4.0, 9.0)	(5.0, 6.0)	(6.0, 5.5)	(7.0, 6.0)	(8.0, 4.0)	(9.0, 9.5)	(10.0, 14.0)	(11.0, 14.5)	(12.0, 18.0)	(13.0, 27.5)	(14.0, 48.5)	(15.0, 95.5)	(16.0, 157.5)	(17.0, 269.0)	(18.0, 446.5)	(19.0, 764.0)	(20.0, 1312.5)	(21.0, 2199.5)	(22.0, 3598.0)	(23.0, 5358.5)	(24.0, 7346.5)	(25.0, 10062.5)	(26.0, 14139.0)	(27.0, 19989.5)	(28.0, 26976.5)	(29.0, 35707.5)	(30.0, 48515.0)	(31.0, 67358.0)	(32.0, 94737.0)	(33.0, 131247.0)	(34.0, 182412.5)	(35.0, 252857.5)	(36.0, 350995.5)	(37.0, 472197.5)	(38.0, 610199.0)	(39.0, 768967.0)	(40.0, 934096.0)	(41.0, 1101149.5)	(42.0, 1275985.5)	(43.0, 1443012.5)	(44.0, 1605107.0)	(45.0, 1789032.5)	(46.0, 1962659.0)	(47.0, 2106428.5)	(48.0, 2256873.0)	(49.0, 2400085.0)	(50.0, 2519774.0)	(51.0, 2638025.5)	(52.0, 2743068.5)	(53.0, 2815054.5)	(54.0, 2833619.0)	(55.0, 2804058.5)	(56.0, 2730553.5)	(57.0, 2601558.0)	(58.0, 2435142.0)	(59.0, 2223360.0)	(60.0, 1981393.0)	(61.0, 1749030.0)	(62.0, 1509340.0)	(63.0, 1250025.5)	(64.0, 1012309.5)	(65.0, 815710.5)	(66.0, 661667.0)	(67.0, 539893.0)	(68.0, 432326.0)	(69.0, 349545.5)	(70.0, 286186.5)	(71.0, 233232.5)	(72.0, 194288.0)	(73.0, 159858.5)	(74.0, 130619.0)	(75.0, 107937.5)	(76.0, 87054.5)	(77.0, 69026.5)	(78.0, 50234.5)	(79.0, 33286.5)	(80.0, 22714.5)	(81.0, 17727.0)	(82.0, 13425.0)	(83.0, 7948.0)	(84.0, 4324.0)	(85.0, 2815.5)	(86.0, 2318.5)	(87.0, 2145.0)	(88.0, 2222.5)	(89.0, 2382.5)	(90.0, 2592.5)	(91.0, 2866.0)	(92.0, 3142.5)	(93.0, 3474.0)	(94.0, 3831.5)	(95.0, 4195.0)	(96.0, 4862.5)	(97.0, 5882.5)	(98.0, 6872.0)	(99.0, 6980.0)	(100.0, 8966.5)
fastp | SRR30333753_1	(0.0, 51.0)	(1.0, 38.5)	(2.0, 21.5)	(3.0, 18.5)	(4.0, 19.0)	(5.0, 14.5)	(6.0, 10.0)	(7.0, 7.5)	(8.0, 11.5)	(9.0, 12.0)	(10.0, 11.0)	(11.0, 14.0)	(12.0, 17.0)	(13.0, 38.5)	(14.0, 56.0)	(15.0, 83.5)	(16.0, 153.5)	(17.0, 275.5)	(18.0, 497.0)	(19.0, 869.0)	(20.0, 1448.0)	(21.0, 2353.5)	(22.0, 3628.5)	(23.0, 5578.0)	(24.0, 8363.5)	(25.0, 11771.5)	(26.0, 15538.5)	(27.0, 20996.0)	(28.0, 28167.5)	(29.0, 36473.5)	(30.0, 47555.0)	(31.0, 60693.0)	(32.0, 75647.5)	(33.0, 95082.5)	(34.0, 122393.0)	(35.0, 154685.5)	(36.0, 194479.5)	(37.0, 240687.0)	(38.0, 292183.5)	(39.0, 355601.0)	(40.0, 429170.5)	(41.0, 513401.0)	(42.0, 618708.5)	(43.0, 748492.5)	(44.0, 896659.5)	(45.0, 1054236.0)	(46.0, 1195708.5)	(47.0, 1327590.0)	(48.0, 1463690.0)	(49.0, 1585955.5)	(50.0, 1691333.0)	(51.0, 1801943.5)	(52.0, 1914034.5)	(53.0, 1992906.5)	(54.0, 2033333.0)	(55.0, 2054011.5)	(56.0, 2030039.0)	(57.0, 1953290.0)	(58.0, 1848823.0)	(59.0, 1711490.0)	(60.0, 1539658.0)	(61.0, 1346368.0)	(62.0, 1147636.5)	(63.0, 960260.5)	(64.0, 780489.5)	(65.0, 612051.5)	(66.0, 477967.5)	(67.0, 381537.0)	(68.0, 307132.5)	(69.0, 245385.0)	(70.0, 197633.0)	(71.0, 161187.5)	(72.0, 139905.5)	(73.0, 121158.5)	(74.0, 97230.5)	(75.0, 79654.5)	(76.0, 68943.5)	(77.0, 54823.0)	(78.0, 37653.5)	(79.0, 26170.0)	(80.0, 20177.5)	(81.0, 15896.5)	(82.0, 11475.0)	(83.0, 6709.0)	(84.0, 3408.5)	(85.0, 1904.5)	(86.0, 989.0)	(87.0, 486.5)	(88.0, 279.0)	(89.0, 177.0)	(90.0, 121.5)	(91.0, 93.0)	(92.0, 76.5)	(93.0, 60.0)	(94.0, 60.0)	(95.0, 64.5)	(96.0, 57.0)	(97.0, 47.5)	(98.0, 43.0)	(99.0, 26.0)	(100.0, 10.0)
fastp | SRR30333753_2	(0.0, 375.0)	(1.0, 212.0)	(2.0, 35.0)	(3.0, 19.0)	(4.0, 19.5)	(5.0, 18.5)	(6.0, 15.5)	(7.0, 13.0)	(8.0, 7.5)	(9.0, 11.5)	(10.0, 20.0)	(11.0, 19.0)	(12.0, 20.0)	(13.0, 25.5)	(14.0, 49.5)	(15.0, 81.0)	(16.0, 105.5)	(17.0, 182.0)	(18.0, 334.5)	(19.0, 550.0)	(20.0, 1025.0)	(21.0, 1780.5)	(22.0, 2849.0)	(23.0, 4074.5)	(24.0, 5544.0)	(25.0, 7506.5)	(26.0, 10251.0)	(27.0, 14256.0)	(28.0, 18772.0)	(29.0, 24605.0)	(30.0, 32968.0)	(31.0, 44186.0)	(32.0, 58284.5)	(33.0, 75315.0)	(34.0, 96398.5)	(35.0, 122697.0)	(36.0, 159022.5)	(37.0, 206787.0)	(38.0, 271078.0)	(39.0, 354768.5)	(40.0, 447687.5)	(41.0, 553039.0)	(42.0, 678128.0)	(43.0, 810121.5)	(44.0, 949076.5)	(45.0, 1103396.5)	(46.0, 1237391.0)	(47.0, 1350623.0)	(48.0, 1467875.0)	(49.0, 1578647.0)	(50.0, 1679385.5)	(51.0, 1783633.0)	(52.0, 1883489.0)	(53.0, 1964337.0)	(54.0, 2011163.5)	(55.0, 2015511.0)	(56.0, 1978142.0)	(57.0, 1901558.0)	(58.0, 1796756.5)	(59.0, 1655094.5)	(60.0, 1488053.5)	(61.0, 1316521.0)	(62.0, 1137565.5)	(63.0, 947453.0)	(64.0, 768714.0)	(65.0, 622170.0)	(66.0, 506514.5)	(67.0, 412999.5)	(68.0, 333581.0)	(69.0, 272450.5)	(70.0, 227468.5)	(71.0, 190424.5)	(72.0, 162966.0)	(73.0, 138634.5)	(74.0, 117157.5)	(75.0, 100841.0)	(76.0, 85760.5)	(77.0, 71370.5)	(78.0, 54856.5)	(79.0, 38403.0)	(80.0, 26907.0)	(81.0, 20980.5)	(82.0, 15917.5)	(83.0, 9417.0)	(84.0, 4774.0)	(85.0, 2788.0)	(86.0, 2210.5)	(87.0, 1944.0)	(88.0, 1938.0)	(89.0, 2095.0)	(90.0, 2264.5)	(91.0, 2422.5)	(92.0, 2651.0)	(93.0, 2884.5)	(94.0, 3026.0)	(95.0, 3209.0)	(96.0, 3610.0)	(97.0, 4280.0)	(98.0, 4920.5)	(99.0, 4933.5)	(100.0, 5493.5)
fastp | SRR30333754_1	(0.0, 80.0)	(1.0, 51.0)	(2.0, 22.0)	(3.0, 19.5)	(4.0, 18.5)	(5.0, 16.5)	(6.0, 13.0)	(7.0, 13.0)	(8.0, 12.5)	(9.0, 15.0)	(10.0, 20.0)	(11.0, 22.0)	(12.0, 30.5)	(13.0, 49.5)	(14.0, 71.0)	(15.0, 117.5)	(16.0, 224.5)	(17.0, 421.5)	(18.0, 739.5)	(19.0, 1213.5)	(20.0, 2022.0)	(21.0, 3359.5)	(22.0, 5221.0)	(23.0, 8048.0)	(24.0, 11854.5)	(25.0, 16695.0)	(26.0, 22575.5)	(27.0, 30606.5)	(28.0, 40317.5)	(29.0, 51657.5)	(30.0, 67185.0)	(31.0, 84850.0)	(32.0, 105245.0)	(33.0, 132367.5)	(34.0, 168902.5)	(35.0, 210555.5)	(36.0, 261113.5)	(37.0, 320193.0)	(38.0, 384756.0)	(39.0, 461091.5)	(40.0, 549342.5)	(41.0, 650159.5)	(42.0, 774801.0)	(43.0, 930294.5)	(44.0, 1108223.0)	(45.0, 1298254.0)	(46.0, 1470246.0)	(47.0, 1633431.0)	(48.0, 1806459.0)	(49.0, 1963716.5)	(50.0, 2098100.5)	(51.0, 2235961.5)	(52.0, 2377477.0)	(53.0, 2477928.0)	(54.0, 2527416.5)	(55.0, 2553929.5)	(56.0, 2525381.0)	(57.0, 2435467.5)	(58.0, 2312701.5)	(59.0, 2149410.5)	(60.0, 1938804.5)	(61.0, 1695501.0)	(62.0, 1453934.0)	(63.0, 1225690.5)	(64.0, 1000604.5)	(65.0, 788275.5)	(66.0, 616887.0)	(67.0, 493051.5)	(68.0, 397816.0)	(69.0, 318745.5)	(70.0, 259308.0)	(71.0, 212927.0)	(72.0, 181705.0)	(73.0, 156073.5)	(74.0, 128241.0)	(75.0, 106515.5)	(76.0, 90722.5)	(77.0, 72320.5)	(78.0, 51053.5)	(79.0, 35571.5)	(80.0, 26352.0)	(81.0, 20158.5)	(82.0, 14157.5)	(83.0, 7810.0)	(84.0, 3858.5)	(85.0, 2174.0)	(86.0, 1088.5)	(87.0, 540.5)	(88.0, 329.5)	(89.0, 212.5)	(90.0, 162.0)	(91.0, 144.0)	(92.0, 141.0)	(93.0, 142.5)	(94.0, 145.5)	(95.0, 148.5)	(96.0, 142.5)	(97.0, 120.5)	(98.0, 98.5)	(99.0, 54.0)	(100.0, 19.5)
fastp | SRR30333754_2	(0.0, 636.0)	(1.0, 352.5)	(2.0, 54.0)	(3.0, 29.5)	(4.0, 18.0)	(5.0, 13.5)	(6.0, 12.0)	(7.0, 16.5)	(8.0, 18.0)	(9.0, 15.5)	(10.0, 17.5)	(11.0, 23.0)	(12.0, 32.0)	(13.0, 40.5)	(14.0, 63.0)	(15.0, 101.0)	(16.0, 157.0)	(17.0, 262.5)	(18.0, 475.0)	(19.0, 778.5)	(20.0, 1454.0)	(21.0, 2503.5)	(22.0, 3953.0)	(23.0, 5746.0)	(24.0, 7720.5)	(25.0, 10467.0)	(26.0, 14600.0)	(27.0, 20111.0)	(28.0, 26149.0)	(29.0, 33906.0)	(30.0, 45312.0)	(31.0, 60669.0)	(32.0, 79595.5)	(33.0, 101468.0)	(34.0, 128187.0)	(35.0, 162894.5)	(36.0, 209308.0)	(37.0, 269875.0)	(38.0, 349218.0)	(39.0, 449110.0)	(40.0, 560194.5)	(41.0, 689485.5)	(42.0, 844601.5)	(43.0, 1005214.5)	(44.0, 1176941.0)	(45.0, 1369570.5)	(46.0, 1534626.5)	(47.0, 1674964.0)	(48.0, 1824773.0)	(49.0, 1966423.0)	(50.0, 2098654.0)	(51.0, 2232469.0)	(52.0, 2347897.0)	(53.0, 2441482.5)	(54.0, 2497790.0)	(55.0, 2505662.0)	(56.0, 2469465.5)	(57.0, 2383539.0)	(58.0, 2254976.0)	(59.0, 2080094.0)	(60.0, 1871595.5)	(61.0, 1658732.5)	(62.0, 1437090.0)	(63.0, 1201163.0)	(64.0, 981232.0)	(65.0, 794100.0)	(66.0, 645750.5)	(67.0, 528592.5)	(68.0, 430026.0)	(69.0, 351688.5)	(70.0, 291716.0)	(71.0, 245166.5)	(72.0, 211228.0)	(73.0, 179994.5)	(74.0, 152993.0)	(75.0, 132274.0)	(76.0, 111456.5)	(77.0, 92510.5)	(78.0, 71680.0)	(79.0, 50099.5)	(80.0, 34448.0)	(81.0, 25890.0)	(82.0, 19309.5)	(83.0, 11622.5)	(84.0, 6139.5)	(85.0, 3860.5)	(86.0, 3330.0)	(87.0, 3221.5)	(88.0, 3389.5)	(89.0, 3712.0)	(90.0, 4199.5)	(91.0, 4684.5)	(92.0, 5105.0)	(93.0, 5545.0)	(94.0, 5809.0)	(95.0, 6106.5)	(96.0, 6576.0)	(97.0, 7323.5)	(98.0, 8207.5)	(99.0, 8070.5)	(100.0, 8782.5)
fastp | SRR30333755_1	(0.0, 83.0)	(1.0, 53.5)	(2.0, 22.0)	(3.0, 18.0)	(4.0, 18.5)	(5.0, 17.0)	(6.0, 10.0)	(7.0, 8.5)	(8.0, 13.5)	(9.0, 13.5)	(10.0, 12.0)	(11.0, 16.0)	(12.0, 19.0)	(13.0, 32.0)	(14.0, 64.5)	(15.0, 108.0)	(16.0, 192.0)	(17.0, 355.5)	(18.0, 598.0)	(19.0, 979.5)	(20.0, 1572.0)	(21.0, 2658.5)	(22.0, 4243.5)	(23.0, 6507.5)	(24.0, 9583.0)	(25.0, 13422.0)	(26.0, 17992.5)	(27.0, 24539.5)	(28.0, 32742.5)	(29.0, 42177.5)	(30.0, 55039.0)	(31.0, 69776.5)	(32.0, 87146.0)	(33.0, 109349.5)	(34.0, 140001.0)	(35.0, 175898.5)	(36.0, 217482.5)	(37.0, 266223.5)	(38.0, 320134.5)	(39.0, 383954.5)	(40.0, 456652.5)	(41.0, 537950.0)	(42.0, 637983.0)	(43.0, 762540.0)	(44.0, 908228.0)	(45.0, 1063060.5)	(46.0, 1201149.5)	(47.0, 1330419.5)	(48.0, 1463712.0)	(49.0, 1584034.0)	(50.0, 1684210.0)	(51.0, 1788514.0)	(52.0, 1895235.0)	(53.0, 1968173.0)	(54.0, 1999721.5)	(55.0, 2010048.0)	(56.0, 1979638.0)	(57.0, 1902276.5)	(58.0, 1797417.5)	(59.0, 1659194.5)	(60.0, 1490943.0)	(61.0, 1302991.5)	(62.0, 1112751.0)	(63.0, 931706.5)	(64.0, 757381.5)	(65.0, 597053.5)	(66.0, 468479.5)	(67.0, 377469.0)	(68.0, 306903.5)	(69.0, 246551.0)	(70.0, 200390.0)	(71.0, 165501.0)	(72.0, 145014.5)	(73.0, 126360.5)	(74.0, 103376.5)	(75.0, 86496.0)	(76.0, 77002.0)	(77.0, 61598.5)	(78.0, 40473.5)	(79.0, 27565.0)	(80.0, 21791.5)	(81.0, 17781.0)	(82.0, 13409.5)	(83.0, 7845.0)	(84.0, 3889.0)	(85.0, 2214.5)	(86.0, 1137.0)	(87.0, 588.0)	(88.0, 344.5)	(89.0, 204.5)	(90.0, 145.0)	(91.0, 119.0)	(92.0, 111.0)	(93.0, 90.5)	(94.0, 70.5)	(95.0, 74.5)	(96.0, 67.0)	(97.0, 49.0)	(98.0, 44.0)	(99.0, 30.0)	(100.0, 13.5)
fastp | SRR30333755_2	(0.0, 452.0)	(1.0, 254.0)	(2.0, 36.5)	(3.0, 16.0)	(4.0, 16.0)	(5.0, 17.0)	(6.0, 12.0)	(7.0, 12.5)	(8.0, 19.5)	(9.0, 13.0)	(10.0, 6.5)	(11.0, 10.5)	(12.0, 23.5)	(13.0, 40.0)	(14.0, 54.5)	(15.0, 87.0)	(16.0, 160.0)	(17.0, 247.0)	(18.0, 384.0)	(19.0, 605.5)	(20.0, 1157.5)	(21.0, 2079.0)	(22.0, 3314.5)	(23.0, 4731.5)	(24.0, 6441.5)	(25.0, 8671.0)	(26.0, 12079.0)	(27.0, 16783.5)	(28.0, 21799.0)	(29.0, 28401.0)	(30.0, 37996.5)	(31.0, 50814.0)	(32.0, 66444.0)	(33.0, 85121.0)	(34.0, 107581.5)	(35.0, 135302.0)	(36.0, 173502.0)	(37.0, 223897.0)	(38.0, 290014.5)	(39.0, 373420.5)	(40.0, 466003.5)	(41.0, 571264.5)	(42.0, 694194.0)	(43.0, 821621.5)	(44.0, 958441.5)	(45.0, 1113806.5)	(46.0, 1249206.0)	(47.0, 1360430.0)	(48.0, 1476212.0)	(49.0, 1586205.5)	(50.0, 1681552.5)	(51.0, 1779041.5)	(52.0, 1872645.0)	(53.0, 1946697.0)	(54.0, 1982802.5)	(55.0, 1978291.5)	(56.0, 1940710.5)	(57.0, 1865373.0)	(58.0, 1758212.5)	(59.0, 1614629.5)	(60.0, 1447133.5)	(61.0, 1280371.0)	(62.0, 1104753.5)	(63.0, 918119.0)	(64.0, 747132.0)	(65.0, 605567.5)	(66.0, 494107.0)	(67.0, 404667.5)	(68.0, 328429.0)	(69.0, 270004.5)	(70.0, 226775.0)	(71.0, 190407.5)	(72.0, 164893.5)	(73.0, 141485.0)	(74.0, 120369.0)	(75.0, 104201.0)	(76.0, 88050.5)	(77.0, 73799.0)	(78.0, 56623.5)	(79.0, 38501.0)	(80.0, 27060.0)	(81.0, 21943.5)	(82.0, 17217.0)	(83.0, 10310.0)	(84.0, 5108.5)	(85.0, 2906.5)	(86.0, 2372.5)	(87.0, 2141.5)	(88.0, 2059.0)	(89.0, 2101.0)	(90.0, 2311.5)	(91.0, 2612.5)	(92.0, 2846.5)	(93.0, 3088.0)	(94.0, 3238.5)	(95.0, 3327.5)	(96.0, 3583.0)	(97.0, 4012.0)	(98.0, 4537.5)	(99.0, 4416.5)	(100.0, 4373.0)
fastp | SRR30333756_1	(0.0, 114.0)	(1.0, 76.0)	(2.0, 28.5)	(3.0, 20.0)	(4.0, 28.0)	(5.0, 26.5)	(6.0, 21.5)	(7.0, 20.0)	(8.0, 12.0)	(9.0, 13.0)	(10.0, 19.0)	(11.0, 24.0)	(12.0, 34.0)	(13.0, 66.5)	(14.0, 108.5)	(15.0, 160.5)	(16.0, 284.0)	(17.0, 549.0)	(18.0, 985.0)	(19.0, 1673.0)	(20.0, 2815.5)	(21.0, 4761.5)	(22.0, 7412.5)	(23.0, 11261.5)	(24.0, 16606.0)	(25.0, 23315.5)	(26.0, 31403.0)	(27.0, 42268.5)	(28.0, 55689.0)	(29.0, 71306.0)	(30.0, 91149.0)	(31.0, 114391.5)	(32.0, 141261.0)	(33.0, 175970.0)	(34.0, 223618.0)	(35.0, 276105.0)	(36.0, 337779.5)	(37.0, 406240.5)	(38.0, 475782.5)	(39.0, 554246.0)	(40.0, 641165.5)	(41.0, 734442.0)	(42.0, 844849.0)	(43.0, 982978.5)	(44.0, 1139104.5)	(45.0, 1306695.0)	(46.0, 1456629.0)	(47.0, 1598346.0)	(48.0, 1746538.0)	(49.0, 1879554.5)	(50.0, 1994682.5)	(51.0, 2111968.0)	(52.0, 2236010.0)	(53.0, 2325456.5)	(54.0, 2368507.5)	(55.0, 2391062.5)	(56.0, 2366138.5)	(57.0, 2281337.5)	(58.0, 2163011.0)	(59.0, 2010497.5)	(60.0, 1812485.0)	(61.0, 1580819.0)	(62.0, 1350783.5)	(63.0, 1133903.5)	(64.0, 922376.5)	(65.0, 723509.5)	(66.0, 563691.0)	(67.0, 449787.5)	(68.0, 359592.0)	(69.0, 284715.5)	(70.0, 228366.5)	(71.0, 184156.5)	(72.0, 155879.5)	(73.0, 131858.0)	(74.0, 104175.0)	(75.0, 83131.0)	(76.0, 68547.5)	(77.0, 51608.5)	(78.0, 33311.0)	(79.0, 21153.5)	(80.0, 14672.0)	(81.0, 10784.5)	(82.0, 7294.0)	(83.0, 3571.0)	(84.0, 1407.0)	(85.0, 711.0)	(86.0, 326.5)	(87.0, 150.5)	(88.0, 92.0)	(89.0, 73.0)	(90.0, 77.0)	(91.0, 80.0)	(92.0, 86.0)	(93.0, 97.0)	(94.0, 107.0)	(95.0, 104.5)	(96.0, 97.5)	(97.0, 104.5)	(98.0, 96.5)	(99.0, 54.0)	(100.0, 19.5)
fastp | SRR30333756_2	(0.0, 839.0)	(1.0, 467.5)	(2.0, 72.5)	(3.0, 34.0)	(4.0, 21.5)	(5.0, 25.5)	(6.0, 21.0)	(7.0, 20.5)	(8.0, 27.5)	(9.0, 24.5)	(10.0, 22.0)	(11.0, 28.5)	(12.0, 45.0)	(13.0, 60.0)	(14.0, 72.0)	(15.0, 130.5)	(16.0, 244.0)	(17.0, 390.5)	(18.0, 636.5)	(19.0, 1060.0)	(20.0, 2066.5)	(21.0, 3683.0)	(22.0, 5701.0)	(23.0, 8107.0)	(24.0, 10983.5)	(25.0, 14715.5)	(26.0, 20396.0)	(27.0, 28379.0)	(28.0, 36752.0)	(29.0, 47389.0)	(30.0, 62687.0)	(31.0, 83226.0)	(32.0, 108141.0)	(33.0, 136427.5)	(34.0, 170470.5)	(35.0, 212255.5)	(36.0, 267309.5)	(37.0, 338756.0)	(38.0, 429139.0)	(39.0, 539707.5)	(40.0, 656543.5)	(41.0, 782351.5)	(42.0, 926763.5)	(43.0, 1072408.5)	(44.0, 1222688.0)	(45.0, 1389351.5)	(46.0, 1529302.5)	(47.0, 1643302.5)	(48.0, 1769043.5)	(49.0, 1885512.5)	(50.0, 1993744.5)	(51.0, 2109000.0)	(52.0, 2210512.5)	(53.0, 2292231.5)	(54.0, 2337594.5)	(55.0, 2343337.0)	(56.0, 2310305.0)	(57.0, 2228908.0)	(58.0, 2107095.0)	(59.0, 1940819.0)	(60.0, 1745643.0)	(61.0, 1546703.0)	(62.0, 1337547.0)	(63.0, 1114043.5)	(64.0, 906440.5)	(65.0, 732036.5)	(66.0, 597628.0)	(67.0, 489858.0)	(68.0, 395205.0)	(69.0, 322104.0)	(70.0, 265217.0)	(71.0, 220465.5)	(72.0, 187156.5)	(73.0, 157436.0)	(74.0, 131741.0)	(75.0, 110009.5)	(76.0, 88685.5)	(77.0, 70259.5)	(78.0, 51491.0)	(79.0, 33337.5)	(80.0, 20941.0)	(81.0, 14604.0)	(82.0, 10459.5)	(83.0, 6182.0)	(84.0, 3379.5)	(85.0, 2365.0)	(86.0, 2385.0)	(87.0, 2582.5)	(88.0, 2897.5)	(89.0, 3304.0)	(90.0, 3759.5)	(91.0, 4221.0)	(92.0, 4614.5)	(93.0, 4955.0)	(94.0, 5276.0)	(95.0, 5750.5)	(96.0, 6609.5)	(97.0, 7859.5)	(98.0, 9168.5)	(99.0, 9541.0)	(100.0, 11173.0)
fastp | SRR30333757_1	(0.0, 20.0)	(1.0, 19.0)	(2.0, 19.0)	(3.0, 26.5)	(4.0, 33.0)	(5.0, 41.0)	(6.0, 46.0)	(7.0, 43.5)	(8.0, 48.0)	(9.0, 50.5)	(10.0, 55.0)	(11.0, 79.5)	(12.0, 123.0)	(13.0, 185.5)	(14.0, 293.5)	(15.0, 466.5)	(16.0, 777.5)	(17.0, 1329.0)	(18.0, 2116.0)	(19.0, 3324.5)	(20.0, 5608.0)	(21.0, 9095.5)	(22.0, 13769.5)	(23.0, 20777.5)	(24.0, 31060.5)	(25.0, 46712.0)	(26.0, 67149.5)	(27.0, 93194.5)	(28.0, 127579.0)	(29.0, 172633.0)	(30.0, 225819.5)	(31.0, 282867.5)	(32.0, 351664.5)	(33.0, 435001.5)	(34.0, 523565.0)	(35.0, 606467.0)	(36.0, 706540.5)	(37.0, 819422.0)	(38.0, 908444.5)	(39.0, 986861.0)	(40.0, 1058650.0)	(41.0, 1132063.5)	(42.0, 1210336.0)	(43.0, 1287718.0)	(44.0, 1371809.0)	(45.0, 1468165.5)	(46.0, 1554182.5)	(47.0, 1624992.0)	(48.0, 1714593.0)	(49.0, 1796940.5)	(50.0, 1849158.0)	(51.0, 1900433.0)	(52.0, 1948670.5)	(53.0, 1970584.0)	(54.0, 1957533.5)	(55.0, 1919733.5)	(56.0, 1850045.0)	(57.0, 1735753.5)	(58.0, 1602268.0)	(59.0, 1451034.5)	(60.0, 1276049.0)	(61.0, 1086278.0)	(62.0, 900402.5)	(63.0, 734145.0)	(64.0, 580445.0)	(65.0, 440300.0)	(66.0, 331138.0)	(67.0, 254576.5)	(68.0, 193748.0)	(69.0, 145038.0)	(70.0, 108400.5)	(71.0, 79406.0)	(72.0, 61886.5)	(73.0, 49021.0)	(74.0, 34347.5)	(75.0, 23630.0)	(76.0, 17960.0)	(77.0, 13403.0)	(78.0, 8567.5)	(79.0, 5096.5)	(80.0, 3414.0)	(81.0, 2613.0)	(82.0, 2001.5)	(83.0, 1177.5)	(84.0, 571.0)	(85.0, 341.5)	(86.0, 227.5)	(87.0, 133.0)	(88.0, 78.5)	(89.0, 47.0)	(90.0, 31.0)	(91.0, 24.0)	(92.0, 19.5)	(93.0, 16.0)	(94.0, 11.5)	(95.0, 7.5)	(96.0, 3.5)	(97.0, 2.0)	(98.0, 2.0)	(99.0, 1.0)	(100.0, 0.0)
fastp | SRR30333757_2	(0.0, 64.0)	(1.0, 88.0)	(2.0, 148.5)	(3.0, 230.0)	(4.0, 306.0)	(5.0, 409.0)	(6.0, 501.5)	(7.0, 538.0)	(8.0, 578.0)	(9.0, 621.5)	(10.0, 647.5)	(11.0, 665.0)	(12.0, 723.5)	(13.0, 791.0)	(14.0, 831.5)	(15.0, 963.0)	(16.0, 1223.5)	(17.0, 1643.5)	(18.0, 2295.0)	(19.0, 3405.0)	(20.0, 5640.0)	(21.0, 9186.5)	(22.0, 14284.0)	(23.0, 21311.5)	(24.0, 31463.0)	(25.0, 45689.5)	(26.0, 66157.5)	(27.0, 95120.5)	(28.0, 130170.0)	(29.0, 174701.5)	(30.0, 230137.5)	(31.0, 297221.5)	(32.0, 374805.0)	(33.0, 455560.0)	(34.0, 534679.0)	(35.0, 617685.5)	(36.0, 717712.5)	(37.0, 820286.5)	(38.0, 904833.0)	(39.0, 982733.0)	(40.0, 1050265.0)	(41.0, 1117202.0)	(42.0, 1197775.0)	(43.0, 1270811.5)	(44.0, 1350523.5)	(45.0, 1455188.5)	(46.0, 1543439.0)	(47.0, 1606798.0)	(48.0, 1683432.5)	(49.0, 1753918.0)	(50.0, 1809404.5)	(51.0, 1863835.5)	(52.0, 1902750.5)	(53.0, 1924567.5)	(54.0, 1915271.5)	(55.0, 1879576.0)	(56.0, 1815927.0)	(57.0, 1713235.5)	(58.0, 1587515.5)	(59.0, 1430999.0)	(60.0, 1256088.0)	(61.0, 1091657.5)	(62.0, 929276.5)	(63.0, 759095.0)	(64.0, 604581.5)	(65.0, 476311.0)	(66.0, 374227.5)	(67.0, 297466.5)	(68.0, 233191.0)	(69.0, 181975.0)	(70.0, 142309.5)	(71.0, 110012.0)	(72.0, 87176.5)	(73.0, 66931.0)	(74.0, 49887.5)	(75.0, 37546.0)	(76.0, 27810.0)	(77.0, 20570.0)	(78.0, 14198.5)	(79.0, 9199.0)	(80.0, 5701.5)	(81.0, 3891.5)	(82.0, 2771.5)	(83.0, 1654.0)	(84.0, 942.0)	(85.0, 567.0)	(86.0, 366.5)	(87.0, 239.5)	(88.0, 167.5)	(89.0, 125.0)	(90.0, 98.5)	(91.0, 102.0)	(92.0, 121.0)	(93.0, 128.0)	(94.0, 131.5)	(95.0, 151.5)	(96.0, 170.5)	(97.0, 187.0)	(98.0, 218.0)	(99.0, 240.5)	(100.0, 388.5)
fastp | SRR30333758_1	(0.0, 55.0)	(1.0, 50.5)	(2.0, 46.0)	(3.0, 55.0)	(4.0, 63.5)	(5.0, 56.5)	(6.0, 61.0)	(7.0, 75.0)	(8.0, 79.0)	(9.0, 77.5)	(10.0, 79.0)	(11.0, 98.0)	(12.0, 121.5)	(13.0, 170.0)	(14.0, 268.5)	(15.0, 416.5)	(16.0, 717.0)	(17.0, 1192.5)	(18.0, 1837.0)	(19.0, 2890.5)	(20.0, 4761.5)	(21.0, 7663.5)	(22.0, 11467.0)	(23.0, 17008.0)	(24.0, 25110.5)	(25.0, 35740.5)	(26.0, 48621.0)	(27.0, 66170.0)	(28.0, 89595.0)	(29.0, 122618.5)	(30.0, 164747.5)	(31.0, 210885.5)	(32.0, 268355.5)	(33.0, 340588.5)	(34.0, 422713.5)	(35.0, 505407.5)	(36.0, 601668.5)	(37.0, 706819.0)	(38.0, 789412.5)	(39.0, 863090.5)	(40.0, 929845.0)	(41.0, 995667.0)	(42.0, 1069636.0)	(43.0, 1139009.5)	(44.0, 1215210.5)	(45.0, 1307663.0)	(46.0, 1386567.0)	(47.0, 1451893.0)	(48.0, 1533295.0)	(49.0, 1606610.5)	(50.0, 1658038.5)	(51.0, 1707685.0)	(52.0, 1753240.5)	(53.0, 1777159.5)	(54.0, 1769953.0)	(55.0, 1742979.5)	(56.0, 1684813.0)	(57.0, 1584723.5)	(58.0, 1466864.5)	(59.0, 1333037.0)	(60.0, 1174061.0)	(61.0, 1001355.5)	(62.0, 833180.5)	(63.0, 681565.0)	(64.0, 541833.5)	(65.0, 411330.0)	(66.0, 309601.5)	(67.0, 239143.0)	(68.0, 182305.0)	(69.0, 135521.0)	(70.0, 100947.0)	(71.0, 74162.0)	(72.0, 58694.0)	(73.0, 46628.5)	(74.0, 31691.0)	(75.0, 21304.5)	(76.0, 16652.0)	(77.0, 12710.0)	(78.0, 7499.0)	(79.0, 3967.5)	(80.0, 2637.0)	(81.0, 2175.5)	(82.0, 1766.0)	(83.0, 1020.5)	(84.0, 470.0)	(85.0, 284.5)	(86.0, 178.0)	(87.0, 100.0)	(88.0, 64.0)	(89.0, 46.0)	(90.0, 38.0)	(91.0, 31.0)	(92.0, 22.5)	(93.0, 17.5)	(94.0, 12.0)	(95.0, 11.0)	(96.0, 8.0)	(97.0, 1.5)	(98.0, 0.5)	(99.0, 0.5)	(100.0, 0.5)
fastp | SRR30333758_2	(0.0, 121.0)	(1.0, 179.0)	(2.0, 366.5)	(3.0, 625.0)	(4.0, 850.5)	(5.0, 1056.0)	(6.0, 1182.5)	(7.0, 1288.5)	(8.0, 1421.5)	(9.0, 1484.0)	(10.0, 1514.0)	(11.0, 1558.0)	(12.0, 1622.5)	(13.0, 1641.0)	(14.0, 1602.0)	(15.0, 1617.5)	(16.0, 1783.5)	(17.0, 2041.0)	(18.0, 2433.5)	(19.0, 3266.0)	(20.0, 4888.5)	(21.0, 7411.5)	(22.0, 10961.0)	(23.0, 15767.5)	(24.0, 22393.0)	(25.0, 31129.0)	(26.0, 43901.5)	(27.0, 62753.5)	(28.0, 86515.5)	(29.0, 119685.5)	(30.0, 164668.0)	(31.0, 221518.0)	(32.0, 291200.0)	(33.0, 368062.0)	(34.0, 444744.5)	(35.0, 525430.0)	(36.0, 622187.5)	(37.0, 718545.0)	(38.0, 796335.0)	(39.0, 868304.0)	(40.0, 929442.0)	(41.0, 988898.5)	(42.0, 1061687.0)	(43.0, 1126693.0)	(44.0, 1197939.0)	(45.0, 1295326.0)	(46.0, 1375999.0)	(47.0, 1432635.5)	(48.0, 1501494.5)	(49.0, 1563741.5)	(50.0, 1614583.0)	(51.0, 1668866.0)	(52.0, 1709029.5)	(53.0, 1730775.5)	(54.0, 1729393.0)	(55.0, 1702235.5)	(56.0, 1644397.0)	(57.0, 1554668.5)	(58.0, 1443797.0)	(59.0, 1303927.5)	(60.0, 1146127.0)	(61.0, 998857.5)	(62.0, 854733.5)	(63.0, 702382.5)	(64.0, 563697.5)	(65.0, 446552.0)	(66.0, 353217.5)	(67.0, 282186.5)	(68.0, 221112.5)	(69.0, 173136.5)	(70.0, 136403.0)	(71.0, 106259.5)	(72.0, 83932.0)	(73.0, 63461.5)	(74.0, 46452.0)	(75.0, 34495.5)	(76.0, 25248.0)	(77.0, 18287.0)	(78.0, 12036.5)	(79.0, 7332.5)	(80.0, 4374.0)	(81.0, 2997.5)	(82.0, 2180.0)	(83.0, 1260.5)	(84.0, 676.5)	(85.0, 396.0)	(86.0, 263.0)	(87.0, 188.0)	(88.0, 143.0)	(89.0, 123.0)	(90.0, 116.5)	(91.0, 126.5)	(92.0, 153.0)	(93.0, 190.5)	(94.0, 230.0)	(95.0, 253.5)	(96.0, 265.0)	(97.0, 303.5)	(98.0, 338.0)	(99.0, 386.5)	(100.0, 619.0)
fastp | SRR30333759_1	(0.0, 36.0)	(1.0, 27.0)	(2.0, 20.5)	(3.0, 20.5)	(4.0, 19.0)	(5.0, 21.0)	(6.0, 21.0)	(7.0, 20.5)	(8.0, 27.0)	(9.0, 31.5)	(10.0, 51.5)	(11.0, 82.5)	(12.0, 115.5)	(13.0, 171.0)	(14.0, 272.0)	(15.0, 450.5)	(16.0, 788.5)	(17.0, 1292.0)	(18.0, 2022.0)	(19.0, 3212.5)	(20.0, 5398.5)	(21.0, 9010.0)	(22.0, 13800.0)	(23.0, 20512.0)	(24.0, 30565.5)	(25.0, 45419.0)	(26.0, 64554.5)	(27.0, 89402.5)	(28.0, 122595.5)	(29.0, 168521.5)	(30.0, 224508.0)	(31.0, 283515.0)	(32.0, 358739.5)	(33.0, 451258.0)	(34.0, 549357.5)	(35.0, 640840.5)	(36.0, 749325.0)	(37.0, 873603.5)	(38.0, 961789.5)	(39.0, 1031376.0)	(40.0, 1094221.5)	(41.0, 1159836.0)	(42.0, 1229210.5)	(43.0, 1294124.5)	(44.0, 1368560.0)	(45.0, 1452052.5)	(46.0, 1519400.0)	(47.0, 1573735.5)	(48.0, 1644820.5)	(49.0, 1704693.5)	(50.0, 1738551.0)	(51.0, 1771212.5)	(52.0, 1800699.0)	(53.0, 1807319.0)	(54.0, 1783766.0)	(55.0, 1737156.0)	(56.0, 1663401.0)	(57.0, 1553216.5)	(58.0, 1427097.5)	(59.0, 1285470.5)	(60.0, 1123721.0)	(61.0, 952776.5)	(62.0, 786564.0)	(63.0, 639754.0)	(64.0, 504967.5)	(65.0, 380264.0)	(66.0, 283947.5)	(67.0, 217949.5)	(68.0, 164894.0)	(69.0, 121679.0)	(70.0, 89993.0)	(71.0, 64828.0)	(72.0, 50546.0)	(73.0, 40372.5)	(74.0, 27629.0)	(75.0, 18440.5)	(76.0, 13860.0)	(77.0, 10268.0)	(78.0, 6294.0)	(79.0, 3517.0)	(80.0, 2306.5)	(81.0, 1820.0)	(82.0, 1402.0)	(83.0, 854.5)	(84.0, 450.0)	(85.0, 260.0)	(86.0, 156.5)	(87.0, 97.5)	(88.0, 60.5)	(89.0, 43.0)	(90.0, 34.0)	(91.0, 21.5)	(92.0, 14.0)	(93.0, 10.0)	(94.0, 6.5)	(95.0, 3.5)	(96.0, 2.0)	(97.0, 1.0)	(98.0, 0.5)	(99.0, 1.0)	(100.0, 1.0)
fastp | SRR30333759_2	(0.0, 58.0)	(1.0, 67.5)	(2.0, 94.0)	(3.0, 151.5)	(4.0, 226.0)	(5.0, 281.0)	(6.0, 299.5)	(7.0, 325.0)	(8.0, 363.0)	(9.0, 365.0)	(10.0, 382.5)	(11.0, 416.0)	(12.0, 435.0)	(13.0, 475.0)	(14.0, 558.5)	(15.0, 696.5)	(16.0, 976.0)	(17.0, 1430.5)	(18.0, 2099.0)	(19.0, 3185.0)	(20.0, 5347.0)	(21.0, 8654.5)	(22.0, 13346.5)	(23.0, 20112.5)	(24.0, 29485.5)	(25.0, 42431.0)	(26.0, 61495.5)	(27.0, 89014.5)	(28.0, 122772.0)	(29.0, 167889.5)	(30.0, 225677.0)	(31.0, 298609.5)	(32.0, 386267.0)	(33.0, 477692.0)	(34.0, 565081.0)	(35.0, 655469.0)	(36.0, 764400.5)	(37.0, 872201.5)	(38.0, 954188.0)	(39.0, 1025793.5)	(40.0, 1086312.0)	(41.0, 1143264.0)	(42.0, 1212535.5)	(43.0, 1273846.5)	(44.0, 1340599.5)	(45.0, 1435723.0)	(46.0, 1508857.0)	(47.0, 1551715.0)	(48.0, 1609975.0)	(49.0, 1663619.0)	(50.0, 1700776.0)	(51.0, 1736084.0)	(52.0, 1760575.5)	(53.0, 1768381.5)	(54.0, 1748304.5)	(55.0, 1704450.0)	(56.0, 1635693.5)	(57.0, 1533881.0)	(58.0, 1415314.0)	(59.0, 1271082.0)	(60.0, 1111980.5)	(61.0, 963725.5)	(62.0, 818131.5)	(63.0, 667290.5)	(64.0, 530825.0)	(65.0, 417507.0)	(66.0, 325939.0)	(67.0, 257901.0)	(68.0, 201356.0)	(69.0, 155517.5)	(70.0, 120880.0)	(71.0, 92810.0)	(72.0, 72259.0)	(73.0, 54156.0)	(74.0, 39550.5)	(75.0, 29301.0)	(76.0, 21285.5)	(77.0, 15341.5)	(78.0, 10218.0)	(79.0, 6412.0)	(80.0, 3832.5)	(81.0, 2651.5)	(82.0, 1923.5)	(83.0, 1143.5)	(84.0, 663.5)	(85.0, 406.5)	(86.0, 271.5)	(87.0, 189.5)	(88.0, 122.5)	(89.0, 87.5)	(90.0, 74.5)	(91.0, 66.0)	(92.0, 76.0)	(93.0, 83.0)	(94.0, 83.5)	(95.0, 85.0)	(96.0, 92.5)	(97.0, 101.0)	(98.0, 110.0)	(99.0, 131.5)	(100.0, 216.5)
fastp | SRR30333760_1	(0.0, 15.0)	(1.0, 13.0)	(2.0, 13.0)	(3.0, 14.0)	(4.0, 20.5)	(5.0, 26.5)	(6.0, 25.5)	(7.0, 29.0)	(8.0, 32.5)	(9.0, 42.0)	(10.0, 61.0)	(11.0, 86.5)	(12.0, 125.5)	(13.0, 203.0)	(14.0, 301.0)	(15.0, 470.5)	(16.0, 812.5)	(17.0, 1261.0)	(18.0, 1870.0)	(19.0, 2966.5)	(20.0, 4922.5)	(21.0, 8093.5)	(22.0, 11931.5)	(23.0, 17481.0)	(24.0, 25985.5)	(25.0, 38219.5)	(26.0, 53828.0)	(27.0, 74148.0)	(28.0, 101946.5)	(29.0, 140170.5)	(30.0, 187672.5)	(31.0, 239912.0)	(32.0, 303147.5)	(33.0, 379978.5)	(34.0, 463553.5)	(35.0, 544593.0)	(36.0, 640821.5)	(37.0, 745200.0)	(38.0, 827353.0)	(39.0, 899862.0)	(40.0, 963072.0)	(41.0, 1029808.0)	(42.0, 1101311.5)	(43.0, 1170717.0)	(44.0, 1245916.5)	(45.0, 1332338.0)	(46.0, 1410890.0)	(47.0, 1476464.5)	(48.0, 1556401.5)	(49.0, 1627399.5)	(50.0, 1676376.0)	(51.0, 1722427.0)	(52.0, 1764398.5)	(53.0, 1783449.0)	(54.0, 1773355.5)	(55.0, 1742820.0)	(56.0, 1677443.5)	(57.0, 1573411.0)	(58.0, 1455080.0)	(59.0, 1318137.0)	(60.0, 1158734.0)	(61.0, 986624.0)	(62.0, 818673.5)	(63.0, 669328.0)	(64.0, 529546.0)	(65.0, 400018.5)	(66.0, 298404.0)	(67.0, 227016.0)	(68.0, 170984.0)	(69.0, 127585.5)	(70.0, 95563.0)	(71.0, 69409.0)	(72.0, 52762.0)	(73.0, 40715.0)	(74.0, 28140.5)	(75.0, 19162.5)	(76.0, 14219.0)	(77.0, 10033.0)	(78.0, 6312.0)	(79.0, 3816.5)	(80.0, 2411.5)	(81.0, 1777.5)	(82.0, 1320.5)	(83.0, 764.0)	(84.0, 386.0)	(85.0, 231.5)	(86.0, 144.0)	(87.0, 86.0)	(88.0, 50.5)	(89.0, 37.0)	(90.0, 29.0)	(91.0, 17.5)	(92.0, 13.5)	(93.0, 12.0)	(94.0, 13.0)	(95.0, 11.0)	(96.0, 4.5)	(97.0, 1.5)	(98.0, 1.0)	(99.0, 1.0)	(100.0, 1.0)
fastp | SRR30333760_2	(0.0, 65.0)	(1.0, 69.5)	(2.0, 111.0)	(3.0, 173.0)	(4.0, 228.0)	(5.0, 287.0)	(6.0, 327.0)	(7.0, 352.0)	(8.0, 379.0)	(9.0, 392.0)	(10.0, 422.5)	(11.0, 479.5)	(12.0, 529.5)	(13.0, 562.0)	(14.0, 611.0)	(15.0, 760.5)	(16.0, 1027.0)	(17.0, 1419.0)	(18.0, 2037.5)	(19.0, 3133.0)	(20.0, 5148.5)	(21.0, 7976.5)	(22.0, 11924.5)	(23.0, 17536.5)	(24.0, 25103.5)	(25.0, 35654.5)	(26.0, 51381.5)	(27.0, 74487.0)	(28.0, 102835.5)	(29.0, 140498.5)	(30.0, 190396.0)	(31.0, 251728.5)	(32.0, 324259.5)	(33.0, 401825.0)	(34.0, 478550.0)	(35.0, 559226.0)	(36.0, 654367.0)	(37.0, 749701.5)	(38.0, 827918.5)	(39.0, 899714.0)	(40.0, 960376.5)	(41.0, 1019896.0)	(42.0, 1092443.0)	(43.0, 1158687.0)	(44.0, 1231423.0)	(45.0, 1326535.0)	(46.0, 1404671.5)	(47.0, 1460219.5)	(48.0, 1529234.0)	(49.0, 1593248.5)	(50.0, 1642208.5)	(51.0, 1690584.5)	(52.0, 1726610.0)	(53.0, 1745172.5)	(54.0, 1736445.5)	(55.0, 1702981.5)	(56.0, 1641781.0)	(57.0, 1546714.5)	(58.0, 1433087.0)	(59.0, 1294457.0)	(60.0, 1138082.0)	(61.0, 986204.0)	(62.0, 838788.5)	(63.0, 687877.5)	(64.0, 548464.5)	(65.0, 432042.0)	(66.0, 337605.5)	(67.0, 265592.5)	(68.0, 206773.0)	(69.0, 160672.0)	(70.0, 125277.5)	(71.0, 95962.5)	(72.0, 74720.0)	(73.0, 56758.5)	(74.0, 41757.0)	(75.0, 30686.5)	(76.0, 22445.0)	(77.0, 16052.5)	(78.0, 10723.0)	(79.0, 6722.5)	(80.0, 4023.5)	(81.0, 2623.5)	(82.0, 1874.0)	(83.0, 1126.0)	(84.0, 597.0)	(85.0, 344.5)	(86.0, 238.5)	(87.0, 176.5)	(88.0, 110.5)	(89.0, 65.5)	(90.0, 55.0)	(91.0, 58.5)	(92.0, 64.5)	(93.0, 69.0)	(94.0, 83.0)	(95.0, 93.0)	(96.0, 104.0)	(97.0, 120.0)	(98.0, 137.0)	(99.0, 160.5)	(100.0, 257.5)
fastp | SRR30333761_1	(0.0, 32.0)	(1.0, 27.5)	(2.0, 24.5)	(3.0, 23.0)	(4.0, 21.0)	(5.0, 28.5)	(6.0, 36.5)	(7.0, 36.0)	(8.0, 32.5)	(9.0, 38.5)	(10.0, 52.5)	(11.0, 67.0)	(12.0, 102.0)	(13.0, 153.0)	(14.0, 238.5)	(15.0, 381.5)	(16.0, 658.0)	(17.0, 1102.5)	(18.0, 1691.5)	(19.0, 2622.0)	(20.0, 4301.0)	(21.0, 7054.5)	(22.0, 10529.5)	(23.0, 15724.0)	(24.0, 22993.0)	(25.0, 33038.0)	(26.0, 46264.5)	(27.0, 63819.5)	(28.0, 88203.5)	(29.0, 122738.5)	(30.0, 167294.5)	(31.0, 218140.0)	(32.0, 284221.0)	(33.0, 367848.0)	(34.0, 459789.0)	(35.0, 549193.0)	(36.0, 655934.5)	(37.0, 771967.5)	(38.0, 860225.5)	(39.0, 936201.5)	(40.0, 1002706.0)	(41.0, 1068727.0)	(42.0, 1139532.0)	(43.0, 1209856.5)	(44.0, 1286269.5)	(45.0, 1374375.5)	(46.0, 1453385.0)	(47.0, 1517499.5)	(48.0, 1594751.0)	(49.0, 1663585.5)	(50.0, 1709052.5)	(51.0, 1755670.0)	(52.0, 1796331.0)	(53.0, 1815510.0)	(54.0, 1805766.5)	(55.0, 1772132.5)	(56.0, 1707861.0)	(57.0, 1601957.5)	(58.0, 1481585.0)	(59.0, 1345069.0)	(60.0, 1184792.5)	(61.0, 1011123.5)	(62.0, 841073.5)	(63.0, 690352.5)	(64.0, 550955.0)	(65.0, 421152.0)	(66.0, 318778.5)	(67.0, 247430.0)	(68.0, 191416.0)	(69.0, 146280.0)	(70.0, 112627.0)	(71.0, 85511.5)	(72.0, 69601.5)	(73.0, 57702.5)	(74.0, 41836.0)	(75.0, 29582.5)	(76.0, 23974.0)	(77.0, 18836.5)	(78.0, 11990.0)	(79.0, 7176.0)	(80.0, 5001.5)	(81.0, 4203.5)	(82.0, 3399.0)	(83.0, 2044.5)	(84.0, 1056.5)	(85.0, 611.0)	(86.0, 358.5)	(87.0, 218.5)	(88.0, 131.5)	(89.0, 83.5)	(90.0, 56.0)	(91.0, 34.0)	(92.0, 25.5)	(93.0, 21.0)	(94.0, 21.0)	(95.0, 17.0)	(96.0, 8.5)	(97.0, 4.0)	(98.0, 0.5)	(99.0, 0.5)	(100.0, 0.5)
fastp | SRR30333761_2	(0.0, 68.0)	(1.0, 75.5)	(2.0, 136.0)	(3.0, 252.0)	(4.0, 357.5)	(5.0, 439.0)	(6.0, 490.5)	(7.0, 530.5)	(8.0, 559.5)	(9.0, 572.0)	(10.0, 589.0)	(11.0, 583.5)	(12.0, 583.0)	(13.0, 607.0)	(14.0, 657.0)	(15.0, 723.5)	(16.0, 897.0)	(17.0, 1269.5)	(18.0, 1739.0)	(19.0, 2582.5)	(20.0, 4217.5)	(21.0, 6573.0)	(22.0, 9946.5)	(23.0, 14480.0)	(24.0, 20533.5)	(25.0, 28926.0)	(26.0, 41787.0)	(27.0, 60762.5)	(28.0, 84428.5)	(29.0, 118058.5)	(30.0, 165123.0)	(31.0, 227956.0)	(32.0, 304552.5)	(33.0, 387100.5)	(34.0, 472444.0)	(35.0, 564592.5)	(36.0, 673402.0)	(37.0, 780220.5)	(38.0, 862575.5)	(39.0, 934645.0)	(40.0, 996800.0)	(41.0, 1056110.5)	(42.0, 1128418.0)	(43.0, 1193208.0)	(44.0, 1262352.0)	(45.0, 1360056.0)	(46.0, 1439666.0)	(47.0, 1494941.0)	(48.0, 1566109.0)	(49.0, 1630002.0)	(50.0, 1677192.5)	(51.0, 1724052.0)	(52.0, 1762136.0)	(53.0, 1783135.0)	(54.0, 1772275.5)	(55.0, 1736779.5)	(56.0, 1676792.0)	(57.0, 1580572.5)	(58.0, 1466750.0)	(59.0, 1326059.0)	(60.0, 1164826.0)	(61.0, 1012347.5)	(62.0, 863762.0)	(63.0, 710679.0)	(64.0, 570182.5)	(65.0, 453555.5)	(66.0, 359090.5)	(67.0, 287594.5)	(68.0, 227620.5)	(69.0, 179945.5)	(70.0, 144396.5)	(71.0, 113866.5)	(72.0, 92672.0)	(73.0, 73255.5)	(74.0, 56071.5)	(75.0, 43725.0)	(76.0, 33750.0)	(77.0, 26222.0)	(78.0, 18402.5)	(79.0, 11745.0)	(80.0, 7401.0)	(81.0, 5471.5)	(82.0, 4183.0)	(83.0, 2537.5)	(84.0, 1366.0)	(85.0, 752.0)	(86.0, 492.5)	(87.0, 332.0)	(88.0, 221.0)	(89.0, 164.0)	(90.0, 131.0)	(91.0, 104.5)	(92.0, 113.0)	(93.0, 136.5)	(94.0, 153.0)	(95.0, 169.5)	(96.0, 182.5)	(97.0, 179.5)	(98.0, 201.5)	(99.0, 237.5)	(100.0, 384.5)
fastp | SRR30333762_1	(0.0, 18.0)	(1.0, 14.5)	(2.0, 11.5)	(3.0, 12.0)	(4.0, 13.0)	(5.0, 15.0)	(6.0, 17.0)	(7.0, 21.5)	(8.0, 25.5)	(9.0, 31.0)	(10.0, 44.5)	(11.0, 78.0)	(12.0, 119.5)	(13.0, 161.5)	(14.0, 254.0)	(15.0, 424.0)	(16.0, 724.0)	(17.0, 1166.0)	(18.0, 1815.5)	(19.0, 2825.0)	(20.0, 4705.0)	(21.0, 7883.0)	(22.0, 11816.5)	(23.0, 17492.0)	(24.0, 25759.0)	(25.0, 37867.0)	(26.0, 53294.5)	(27.0, 73960.0)	(28.0, 102345.0)	(29.0, 142066.0)	(30.0, 191610.5)	(31.0, 244056.0)	(32.0, 310738.0)	(33.0, 392814.5)	(34.0, 481450.5)	(35.0, 565068.0)	(36.0, 666391.0)	(37.0, 779088.0)	(38.0, 858772.0)	(39.0, 925143.0)	(40.0, 984629.5)	(41.0, 1043969.0)	(42.0, 1110076.0)	(43.0, 1174280.0)	(44.0, 1245039.5)	(45.0, 1326655.5)	(46.0, 1394340.5)	(47.0, 1451221.5)	(48.0, 1526983.5)	(49.0, 1594568.0)	(50.0, 1638281.5)	(51.0, 1681964.0)	(52.0, 1720074.0)	(53.0, 1736293.0)	(54.0, 1724983.5)	(55.0, 1692838.0)	(56.0, 1629558.0)	(57.0, 1525845.5)	(58.0, 1409410.5)	(59.0, 1279250.5)	(60.0, 1125431.5)	(61.0, 955527.5)	(62.0, 792158.0)	(63.0, 649178.5)	(64.0, 514609.5)	(65.0, 390439.0)	(66.0, 292492.0)	(67.0, 223336.5)	(68.0, 169803.5)	(69.0, 127793.0)	(70.0, 96898.5)	(71.0, 71416.5)	(72.0, 54798.0)	(73.0, 42756.5)	(74.0, 30353.5)	(75.0, 21418.0)	(76.0, 15918.5)	(77.0, 11439.0)	(78.0, 7449.0)	(79.0, 4612.0)	(80.0, 3006.5)	(81.0, 2155.0)	(82.0, 1553.5)	(83.0, 915.5)	(84.0, 464.5)	(85.0, 283.5)	(86.0, 175.0)	(87.0, 98.5)	(88.0, 56.5)	(89.0, 38.5)	(90.0, 35.5)	(91.0, 24.5)	(92.0, 13.0)	(93.0, 11.0)	(94.0, 8.0)	(95.0, 4.0)	(96.0, 3.0)	(97.0, 1.5)	(98.0, 0.0)	(99.0, 0.0)	(100.0, 0.0)
fastp | SRR30333762_2	(0.0, 48.0)	(1.0, 58.5)	(2.0, 88.0)	(3.0, 138.0)	(4.0, 183.5)	(5.0, 227.5)	(6.0, 283.5)	(7.0, 284.5)	(8.0, 284.5)	(9.0, 312.5)	(10.0, 342.0)	(11.0, 360.5)	(12.0, 411.0)	(13.0, 488.0)	(14.0, 551.5)	(15.0, 683.0)	(16.0, 914.0)	(17.0, 1310.0)	(18.0, 1906.5)	(19.0, 2883.0)	(20.0, 4755.5)	(21.0, 7555.5)	(22.0, 11703.0)	(23.0, 17275.5)	(24.0, 24593.0)	(25.0, 34971.5)	(26.0, 50578.5)	(27.0, 73677.5)	(28.0, 101917.0)	(29.0, 140546.5)	(30.0, 191985.5)	(31.0, 257604.5)	(32.0, 336501.5)	(33.0, 417724.0)	(34.0, 496295.0)	(35.0, 580174.5)	(36.0, 681045.0)	(37.0, 779957.5)	(38.0, 855312.0)	(39.0, 920304.5)	(40.0, 975869.0)	(41.0, 1029893.0)	(42.0, 1096489.0)	(43.0, 1156330.0)	(44.0, 1223234.0)	(45.0, 1314622.5)	(46.0, 1384242.0)	(47.0, 1431421.0)	(48.0, 1496869.0)	(49.0, 1557373.0)	(50.0, 1602056.5)	(51.0, 1648389.0)	(52.0, 1682862.5)	(53.0, 1698624.0)	(54.0, 1689939.5)	(55.0, 1656735.0)	(56.0, 1595372.5)	(57.0, 1502296.5)	(58.0, 1393067.0)	(59.0, 1259711.0)	(60.0, 1107788.5)	(61.0, 960145.0)	(62.0, 816423.0)	(63.0, 671372.0)	(64.0, 538604.5)	(65.0, 425274.0)	(66.0, 332944.0)	(67.0, 263094.0)	(68.0, 206231.5)	(69.0, 162252.0)	(70.0, 127603.5)	(71.0, 98772.0)	(72.0, 78431.0)	(73.0, 60706.5)	(74.0, 45455.0)	(75.0, 34085.0)	(76.0, 25216.0)	(77.0, 18309.5)	(78.0, 12662.0)	(79.0, 8247.5)	(80.0, 5097.0)	(81.0, 3319.5)	(82.0, 2222.5)	(83.0, 1318.5)	(84.0, 746.5)	(85.0, 430.0)	(86.0, 274.5)	(87.0, 195.0)	(88.0, 118.0)	(89.0, 80.0)	(90.0, 76.5)	(91.0, 67.0)	(92.0, 58.5)	(93.0, 66.0)	(94.0, 82.5)	(95.0, 90.5)	(96.0, 93.0)	(97.0, 102.0)	(98.0, 126.5)	(99.0, 142.5)	(100.0, 208.0)
fastp | SRR30333763_1	(0.0, 18.0)	(1.0, 15.5)	(2.0, 17.5)	(3.0, 26.5)	(4.0, 29.5)	(5.0, 32.5)	(6.0, 35.0)	(7.0, 33.0)	(8.0, 38.0)	(9.0, 52.0)	(10.0, 66.0)	(11.0, 91.0)	(12.0, 138.0)	(13.0, 187.0)	(14.0, 278.0)	(15.0, 474.5)	(16.0, 771.0)	(17.0, 1226.5)	(18.0, 1929.5)	(19.0, 3063.5)	(20.0, 4967.0)	(21.0, 8183.0)	(22.0, 12276.0)	(23.0, 18247.0)	(24.0, 27107.5)	(25.0, 40227.0)	(26.0, 57435.0)	(27.0, 80159.5)	(28.0, 111294.0)	(29.0, 154088.0)	(30.0, 205983.5)	(31.0, 262460.5)	(32.0, 332561.5)	(33.0, 415973.5)	(34.0, 505631.5)	(35.0, 589744.0)	(36.0, 691764.0)	(37.0, 802695.0)	(38.0, 883356.0)	(39.0, 954085.5)	(40.0, 1017505.5)	(41.0, 1081748.5)	(42.0, 1151621.0)	(43.0, 1220624.0)	(44.0, 1297590.0)	(45.0, 1387033.5)	(46.0, 1465313.0)	(47.0, 1529457.5)	(48.0, 1608912.5)	(49.0, 1680874.5)	(50.0, 1727949.0)	(51.0, 1775458.5)	(52.0, 1821505.5)	(53.0, 1841380.5)	(54.0, 1830565.0)	(55.0, 1799938.0)	(56.0, 1738153.0)	(57.0, 1637434.5)	(58.0, 1516013.5)	(59.0, 1374067.0)	(60.0, 1209946.5)	(61.0, 1034837.0)	(62.0, 862701.5)	(63.0, 708532.0)	(64.0, 565611.0)	(65.0, 432208.5)	(66.0, 326422.0)	(67.0, 251357.0)	(68.0, 192786.0)	(69.0, 145663.5)	(70.0, 110445.5)	(71.0, 82138.0)	(72.0, 65131.5)	(73.0, 52481.0)	(74.0, 37343.0)	(75.0, 26020.5)	(76.0, 20108.5)	(77.0, 15069.0)	(78.0, 9692.0)	(79.0, 5953.0)	(80.0, 3997.0)	(81.0, 3106.0)	(82.0, 2404.5)	(83.0, 1419.0)	(84.0, 729.0)	(85.0, 444.5)	(86.0, 265.5)	(87.0, 133.5)	(88.0, 76.5)	(89.0, 56.0)	(90.0, 38.5)	(91.0, 23.0)	(92.0, 17.5)	(93.0, 14.5)	(94.0, 8.5)	(95.0, 4.0)	(96.0, 3.5)	(97.0, 3.0)	(98.0, 2.5)	(99.0, 2.0)	(100.0, 1.5)
fastp | SRR30333763_2	(0.0, 79.0)	(1.0, 104.0)	(2.0, 198.0)	(3.0, 359.5)	(4.0, 534.5)	(5.0, 660.0)	(6.0, 763.0)	(7.0, 882.5)	(8.0, 981.0)	(9.0, 1036.5)	(10.0, 1061.0)	(11.0, 1097.0)	(12.0, 1171.0)	(13.0, 1215.0)	(14.0, 1258.5)	(15.0, 1338.5)	(16.0, 1527.5)	(17.0, 1941.5)	(18.0, 2538.5)	(19.0, 3532.5)	(20.0, 5485.5)	(21.0, 8369.0)	(22.0, 12663.5)	(23.0, 18753.0)	(24.0, 27226.5)	(25.0, 39076.5)	(26.0, 56467.5)	(27.0, 81992.0)	(28.0, 113686.0)	(29.0, 155949.0)	(30.0, 210694.0)	(31.0, 280536.0)	(32.0, 360801.0)	(33.0, 442137.5)	(34.0, 522032.0)	(35.0, 605203.5)	(36.0, 703058.0)	(37.0, 801131.0)	(38.0, 878503.0)	(39.0, 946730.0)	(40.0, 1008426.0)	(41.0, 1068784.5)	(42.0, 1140252.5)	(43.0, 1203854.5)	(44.0, 1274610.5)	(45.0, 1373769.0)	(46.0, 1453315.5)	(47.0, 1509630.5)	(48.0, 1579711.0)	(49.0, 1643768.0)	(50.0, 1693044.0)	(51.0, 1743175.5)	(52.0, 1784146.5)	(53.0, 1805158.5)	(54.0, 1797555.5)	(55.0, 1763789.0)	(56.0, 1703717.0)	(57.0, 1609271.5)	(58.0, 1492382.5)	(59.0, 1348405.5)	(60.0, 1188770.5)	(61.0, 1036716.0)	(62.0, 884345.0)	(63.0, 726057.5)	(64.0, 581867.5)	(65.0, 462551.0)	(66.0, 366604.0)	(67.0, 292192.0)	(68.0, 229711.0)	(69.0, 179689.0)	(70.0, 141843.0)	(71.0, 111406.5)	(72.0, 89148.0)	(73.0, 69338.5)	(74.0, 52374.5)	(75.0, 39789.0)	(76.0, 29881.5)	(77.0, 22415.0)	(78.0, 15534.0)	(79.0, 9978.5)	(80.0, 6292.5)	(81.0, 4390.5)	(82.0, 3184.5)	(83.0, 1915.5)	(84.0, 1040.0)	(85.0, 597.5)	(86.0, 391.0)	(87.0, 241.0)	(88.0, 157.0)	(89.0, 121.5)	(90.0, 105.0)	(91.0, 96.0)	(92.0, 93.5)	(93.0, 109.5)	(94.0, 146.5)	(95.0, 182.0)	(96.0, 219.0)	(97.0, 255.0)	(98.0, 277.0)	(99.0, 321.0)	(100.0, 511.0)
fastp | SRR30333764_1	(0.0, 21.0)	(1.0, 18.5)	(2.0, 13.5)	(3.0, 22.5)	(4.0, 38.0)	(5.0, 36.0)	(6.0, 29.0)	(7.0, 34.5)	(8.0, 43.0)	(9.0, 48.0)	(10.0, 53.5)	(11.0, 70.0)	(12.0, 108.0)	(13.0, 166.5)	(14.0, 267.5)	(15.0, 454.0)	(16.0, 743.5)	(17.0, 1170.5)	(18.0, 1826.5)	(19.0, 2814.5)	(20.0, 4660.0)	(21.0, 7606.5)	(22.0, 11361.0)	(23.0, 17072.5)	(24.0, 25440.0)	(25.0, 37063.0)	(26.0, 52040.5)	(27.0, 72570.5)	(28.0, 100553.0)	(29.0, 139171.5)	(30.0, 186220.5)	(31.0, 237520.0)	(32.0, 302233.5)	(33.0, 381305.5)	(34.0, 466104.5)	(35.0, 546278.5)	(36.0, 642446.5)	(37.0, 745378.5)	(38.0, 824429.5)	(39.0, 894660.0)	(40.0, 955641.0)	(41.0, 1013775.5)	(42.0, 1077966.5)	(43.0, 1145044.5)	(44.0, 1219737.5)	(45.0, 1305814.0)	(46.0, 1380921.0)	(47.0, 1445209.0)	(48.0, 1523529.0)	(49.0, 1592163.5)	(50.0, 1637114.5)	(51.0, 1686188.5)	(52.0, 1730803.5)	(53.0, 1750842.0)	(54.0, 1742682.5)	(55.0, 1715216.5)	(56.0, 1660088.5)	(57.0, 1562040.0)	(58.0, 1444500.0)	(59.0, 1312747.5)	(60.0, 1158698.0)	(61.0, 991632.0)	(62.0, 826198.5)	(63.0, 677241.5)	(64.0, 540914.0)	(65.0, 413180.5)	(66.0, 311740.0)	(67.0, 241633.5)	(68.0, 185343.0)	(69.0, 138123.5)	(70.0, 104679.5)	(71.0, 78212.0)	(72.0, 63504.0)	(73.0, 52825.5)	(74.0, 36782.0)	(75.0, 24755.0)	(76.0, 20183.5)	(77.0, 15943.5)	(78.0, 9682.5)	(79.0, 5340.0)	(80.0, 3638.5)	(81.0, 3184.5)	(82.0, 2705.0)	(83.0, 1575.0)	(84.0, 756.0)	(85.0, 457.0)	(86.0, 279.0)	(87.0, 171.0)	(88.0, 115.5)	(89.0, 79.5)	(90.0, 51.0)	(91.0, 40.0)	(92.0, 28.5)	(93.0, 14.0)	(94.0, 9.5)	(95.0, 9.5)	(96.0, 9.5)	(97.0, 5.0)	(98.0, 2.0)	(99.0, 0.5)	(100.0, 0.0)
fastp | SRR30333764_2	(0.0, 76.0)	(1.0, 96.5)	(2.0, 156.5)	(3.0, 243.0)	(4.0, 345.5)	(5.0, 443.5)	(6.0, 509.5)	(7.0, 559.0)	(8.0, 604.0)	(9.0, 642.0)	(10.0, 659.5)	(11.0, 678.5)	(12.0, 741.5)	(13.0, 791.5)	(14.0, 820.5)	(15.0, 899.5)	(16.0, 1112.5)	(17.0, 1490.5)	(18.0, 2092.0)	(19.0, 3018.5)	(20.0, 4801.5)	(21.0, 7507.0)	(22.0, 11241.5)	(23.0, 16466.0)	(24.0, 23613.0)	(25.0, 33789.5)	(26.0, 49421.5)	(27.0, 72138.0)	(28.0, 100307.5)	(29.0, 138646.5)	(30.0, 188521.0)	(31.0, 252727.0)	(32.0, 327199.0)	(33.0, 404508.0)	(34.0, 482666.5)	(35.0, 561689.5)	(36.0, 652708.0)	(37.0, 746464.5)	(38.0, 821594.5)	(39.0, 887705.0)	(40.0, 945061.0)	(41.0, 1000072.0)	(42.0, 1067437.0)	(43.0, 1128184.0)	(44.0, 1194615.5)	(45.0, 1289717.0)	(46.0, 1368210.5)	(47.0, 1424180.5)	(48.0, 1495226.0)	(49.0, 1556691.0)	(50.0, 1603048.0)	(51.0, 1651531.5)	(52.0, 1691435.5)	(53.0, 1716664.5)	(54.0, 1712454.0)	(55.0, 1682549.0)	(56.0, 1625546.0)	(57.0, 1535172.0)	(58.0, 1428285.5)	(59.0, 1295701.5)	(60.0, 1144362.5)	(61.0, 997862.0)	(62.0, 851432.0)	(63.0, 698237.0)	(64.0, 559803.5)	(65.0, 446011.0)	(66.0, 352653.5)	(67.0, 281325.0)	(68.0, 221418.5)	(69.0, 173331.5)	(70.0, 138022.0)	(71.0, 107468.5)	(72.0, 85513.0)	(73.0, 66193.0)	(74.0, 49552.5)	(75.0, 37957.0)	(76.0, 28857.5)	(77.0, 21964.5)	(78.0, 15092.5)	(79.0, 9358.5)	(80.0, 5766.0)	(81.0, 4352.5)	(82.0, 3353.5)	(83.0, 1902.0)	(84.0, 1006.5)	(85.0, 622.0)	(86.0, 411.0)	(87.0, 278.5)	(88.0, 182.0)	(89.0, 128.0)	(90.0, 100.0)	(91.0, 93.0)	(92.0, 99.5)	(93.0, 105.5)	(94.0, 119.0)	(95.0, 135.0)	(96.0, 157.0)	(97.0, 180.0)	(98.0, 192.5)	(99.0, 223.0)	(100.0, 364.0)
fastp | SRR30333765_1	(0.0, 36.0)	(1.0, 30.0)	(2.0, 24.5)	(3.0, 31.0)	(4.0, 45.0)	(5.0, 49.0)	(6.0, 42.0)	(7.0, 37.5)	(8.0, 37.5)	(9.0, 41.5)	(10.0, 55.0)	(11.0, 76.0)	(12.0, 94.5)	(13.0, 137.5)	(14.0, 242.5)	(15.0, 424.5)	(16.0, 727.0)	(17.0, 1161.5)	(18.0, 1796.0)	(19.0, 2913.0)	(20.0, 4868.0)	(21.0, 8053.5)	(22.0, 12236.5)	(23.0, 18369.0)	(24.0, 27550.0)	(25.0, 40533.5)	(26.0, 58006.0)	(27.0, 81157.0)	(28.0, 111713.0)	(29.0, 152360.5)	(30.0, 200421.0)	(31.0, 252464.5)	(32.0, 316265.5)	(33.0, 391778.5)	(34.0, 472453.0)	(35.0, 549715.5)	(36.0, 641954.0)	(37.0, 741676.0)	(38.0, 817187.5)	(39.0, 885651.0)	(40.0, 948226.0)	(41.0, 1010066.0)	(42.0, 1076930.0)	(43.0, 1142776.5)	(44.0, 1214494.0)	(45.0, 1297749.0)	(46.0, 1372108.0)	(47.0, 1434036.5)	(48.0, 1508254.5)	(49.0, 1576669.0)	(50.0, 1622909.5)	(51.0, 1667478.0)	(52.0, 1710304.0)	(53.0, 1730983.5)	(54.0, 1721422.5)	(55.0, 1692090.0)	(56.0, 1637506.5)	(57.0, 1543415.5)	(58.0, 1429055.0)	(59.0, 1296624.5)	(60.0, 1144026.0)	(61.0, 981647.0)	(62.0, 818741.5)	(63.0, 671771.5)	(64.0, 536577.0)	(65.0, 411431.0)	(66.0, 312163.5)	(67.0, 242274.5)	(68.0, 187869.5)	(69.0, 142902.0)	(70.0, 109253.0)	(71.0, 82845.0)	(72.0, 66840.0)	(73.0, 54243.0)	(74.0, 38929.5)	(75.0, 27635.0)	(76.0, 22002.0)	(77.0, 17078.5)	(78.0, 11015.0)	(79.0, 6667.0)	(80.0, 4615.5)	(81.0, 3700.5)	(82.0, 3010.5)	(83.0, 1830.0)	(84.0, 926.5)	(85.0, 543.5)	(86.0, 310.0)	(87.0, 178.5)	(88.0, 106.5)	(89.0, 63.5)	(90.0, 50.0)	(91.0, 42.5)	(92.0, 34.0)	(93.0, 29.5)	(94.0, 22.5)	(95.0, 13.5)	(96.0, 11.0)	(97.0, 8.0)	(98.0, 5.0)	(99.0, 2.5)	(100.0, 1.0)
fastp | SRR30333765_2	(0.0, 84.0)	(1.0, 88.5)	(2.0, 140.5)	(3.0, 245.5)	(4.0, 361.0)	(5.0, 432.0)	(6.0, 504.5)	(7.0, 573.0)	(8.0, 582.0)	(9.0, 612.0)	(10.0, 654.5)	(11.0, 669.0)	(12.0, 684.0)	(13.0, 718.0)	(14.0, 784.0)	(15.0, 913.0)	(16.0, 1154.0)	(17.0, 1557.0)	(18.0, 2108.0)	(19.0, 3095.0)	(20.0, 5059.5)	(21.0, 7876.5)	(22.0, 12189.5)	(23.0, 18519.0)	(24.0, 27189.5)	(25.0, 39302.5)	(26.0, 56949.0)	(27.0, 82009.5)	(28.0, 113414.5)	(29.0, 154181.5)	(30.0, 205190.5)	(31.0, 268019.0)	(32.0, 339802.5)	(33.0, 413108.5)	(34.0, 485792.5)	(35.0, 561866.0)	(36.0, 651235.5)	(37.0, 741294.5)	(38.0, 813900.5)	(39.0, 880795.0)	(40.0, 938469.5)	(41.0, 993473.0)	(42.0, 1062548.0)	(43.0, 1125564.0)	(44.0, 1192740.5)	(45.0, 1282801.5)	(46.0, 1358041.5)	(47.0, 1413245.0)	(48.0, 1480405.0)	(49.0, 1541379.0)	(50.0, 1589275.5)	(51.0, 1637849.5)	(52.0, 1675342.0)	(53.0, 1693770.0)	(54.0, 1684647.5)	(55.0, 1656600.0)	(56.0, 1603786.0)	(57.0, 1518002.0)	(58.0, 1411330.0)	(59.0, 1275431.0)	(60.0, 1124796.5)	(61.0, 982814.5)	(62.0, 840475.0)	(63.0, 690261.0)	(64.0, 554473.0)	(65.0, 442454.5)	(66.0, 351554.0)	(67.0, 282579.0)	(68.0, 224428.0)	(69.0, 177331.0)	(70.0, 142145.5)	(71.0, 113305.0)	(72.0, 92005.0)	(73.0, 72544.0)	(74.0, 55514.5)	(75.0, 42908.0)	(76.0, 33047.0)	(77.0, 25444.5)	(78.0, 18104.0)	(79.0, 11777.0)	(80.0, 7451.0)	(81.0, 5276.0)	(82.0, 3886.5)	(83.0, 2372.0)	(84.0, 1338.5)	(85.0, 783.0)	(86.0, 490.0)	(87.0, 323.0)	(88.0, 209.0)	(89.0, 157.5)	(90.0, 145.5)	(91.0, 127.5)	(92.0, 129.5)	(93.0, 155.0)	(94.0, 178.5)	(95.0, 193.5)	(96.0, 213.5)	(97.0, 217.5)	(98.0, 231.0)	(99.0, 276.0)	(100.0, 427.0)
fastp | SRR30333766_1	(0.0, 37.0)	(1.0, 31.5)	(2.0, 36.5)	(3.0, 47.5)	(4.0, 47.5)	(5.0, 49.5)	(6.0, 51.5)	(7.0, 59.5)	(8.0, 65.0)	(9.0, 68.0)	(10.0, 83.0)	(11.0, 102.5)	(12.0, 138.5)	(13.0, 217.5)	(14.0, 341.0)	(15.0, 540.5)	(16.0, 847.0)	(17.0, 1359.5)	(18.0, 2121.5)	(19.0, 3261.0)	(20.0, 5412.0)	(21.0, 8847.0)	(22.0, 13135.5)	(23.0, 19564.5)	(24.0, 28919.0)	(25.0, 42261.0)	(26.0, 59951.0)	(27.0, 83542.5)	(28.0, 116489.0)	(29.0, 162057.0)	(30.0, 217032.5)	(31.0, 276081.0)	(32.0, 351400.0)	(33.0, 442929.5)	(34.0, 540578.0)	(35.0, 633033.5)	(36.0, 743911.0)	(37.0, 863540.5)	(38.0, 947223.5)	(39.0, 1018387.5)	(40.0, 1080922.0)	(41.0, 1144076.0)	(42.0, 1212293.0)	(43.0, 1280031.5)	(44.0, 1362252.0)	(45.0, 1455566.5)	(46.0, 1533362.5)	(47.0, 1599108.5)	(48.0, 1683120.0)	(49.0, 1755959.0)	(50.0, 1802614.5)	(51.0, 1850935.0)	(52.0, 1895310.5)	(53.0, 1916799.0)	(54.0, 1906068.0)	(55.0, 1874110.5)	(56.0, 1813021.5)	(57.0, 1705994.0)	(58.0, 1579323.5)	(59.0, 1435828.5)	(60.0, 1266171.0)	(61.0, 1082850.0)	(62.0, 903327.5)	(63.0, 742611.0)	(64.0, 593732.0)	(65.0, 453513.5)	(66.0, 342202.5)	(67.0, 263928.5)	(68.0, 201685.5)	(69.0, 152341.0)	(70.0, 116878.5)	(71.0, 88156.0)	(72.0, 70328.0)	(73.0, 57483.0)	(74.0, 41066.0)	(75.0, 28561.5)	(76.0, 22848.0)	(77.0, 17628.0)	(78.0, 11058.5)	(79.0, 6416.5)	(80.0, 4389.5)	(81.0, 3576.5)	(82.0, 2862.0)	(83.0, 1717.5)	(84.0, 857.5)	(85.0, 509.5)	(86.0, 282.0)	(87.0, 153.5)	(88.0, 96.5)	(89.0, 66.5)	(90.0, 48.0)	(91.0, 33.0)	(92.0, 27.0)	(93.0, 18.5)	(94.0, 9.0)	(95.0, 9.5)	(96.0, 6.5)	(97.0, 3.0)	(98.0, 2.0)	(99.0, 1.0)	(100.0, 1.5)
fastp | SRR30333766_2	(0.0, 174.0)	(1.0, 194.5)	(2.0, 286.5)	(3.0, 514.5)	(4.0, 727.5)	(5.0, 901.0)	(6.0, 1059.0)	(7.0, 1169.5)	(8.0, 1277.0)	(9.0, 1376.5)	(10.0, 1427.5)	(11.0, 1419.5)	(12.0, 1459.0)	(13.0, 1474.0)	(14.0, 1485.5)	(15.0, 1587.0)	(16.0, 1786.0)	(17.0, 2163.5)	(18.0, 2754.5)	(19.0, 3748.0)	(20.0, 5804.5)	(21.0, 8782.0)	(22.0, 13073.0)	(23.0, 19282.0)	(24.0, 27649.5)	(25.0, 39401.5)	(26.0, 57292.0)	(27.0, 83418.0)	(28.0, 115729.0)	(29.0, 160522.0)	(30.0, 219246.5)	(31.0, 295266.5)	(32.0, 384313.0)	(33.0, 472696.0)	(34.0, 559076.5)	(35.0, 650740.0)	(36.0, 757972.5)	(37.0, 862260.5)	(38.0, 940586.5)	(39.0, 1009450.5)	(40.0, 1070053.5)	(41.0, 1127297.5)	(42.0, 1197427.0)	(43.0, 1261398.0)	(44.0, 1332966.0)	(45.0, 1434535.0)	(46.0, 1516851.5)	(47.0, 1573893.0)	(48.0, 1647117.0)	(49.0, 1713305.0)	(50.0, 1763060.0)	(51.0, 1814128.5)	(52.0, 1855471.5)	(53.0, 1879788.0)	(54.0, 1871619.0)	(55.0, 1835200.0)	(56.0, 1774297.0)	(57.0, 1677607.0)	(58.0, 1561100.0)	(59.0, 1417277.0)	(60.0, 1251142.0)	(61.0, 1087801.0)	(62.0, 927371.5)	(63.0, 764030.5)	(64.0, 614810.5)	(65.0, 489307.5)	(66.0, 386403.0)	(67.0, 308041.0)	(68.0, 243130.5)	(69.0, 191457.0)	(70.0, 152673.0)	(71.0, 120426.0)	(72.0, 96753.0)	(73.0, 75088.0)	(74.0, 56580.5)	(75.0, 43548.0)	(76.0, 33030.0)	(77.0, 25068.0)	(78.0, 17425.0)	(79.0, 10915.5)	(80.0, 6842.0)	(81.0, 5010.0)	(82.0, 3701.5)	(83.0, 2185.0)	(84.0, 1152.0)	(85.0, 644.5)	(86.0, 412.5)	(87.0, 273.5)	(88.0, 195.5)	(89.0, 151.5)	(90.0, 120.0)	(91.0, 112.0)	(92.0, 133.0)	(93.0, 137.0)	(94.0, 158.0)	(95.0, 203.5)	(96.0, 241.5)	(97.0, 284.5)	(98.0, 324.0)	(99.0, 384.5)	(100.0, 563.0)
fastp | SRR30333767_1	(0.0, 35.0)	(1.0, 28.0)	(2.0, 23.5)	(3.0, 33.5)	(4.0, 37.0)	(5.0, 36.5)	(6.0, 42.5)	(7.0, 45.0)	(8.0, 41.0)	(9.0, 46.5)	(10.0, 57.0)	(11.0, 85.0)	(12.0, 143.5)	(13.0, 207.0)	(14.0, 287.5)	(15.0, 471.5)	(16.0, 774.0)	(17.0, 1193.5)	(18.0, 1831.0)	(19.0, 2826.5)	(20.0, 4726.0)	(21.0, 7736.5)	(22.0, 11407.0)	(23.0, 17047.5)	(24.0, 25229.0)	(25.0, 36794.0)	(26.0, 51958.0)	(27.0, 71697.5)	(28.0, 98906.0)	(29.0, 136529.0)	(30.0, 183013.0)	(31.0, 233831.5)	(32.0, 299192.0)	(33.0, 379559.5)	(34.0, 467032.0)	(35.0, 551455.5)	(36.0, 652096.5)	(37.0, 763630.0)	(38.0, 848593.5)	(39.0, 923581.5)	(40.0, 988688.5)	(41.0, 1052222.0)	(42.0, 1122817.5)	(43.0, 1192882.5)	(44.0, 1268081.5)	(45.0, 1356293.0)	(46.0, 1436680.5)	(47.0, 1502855.5)	(48.0, 1584106.5)	(49.0, 1657297.0)	(50.0, 1706643.5)	(51.0, 1756873.5)	(52.0, 1803425.5)	(53.0, 1825508.0)	(54.0, 1815409.0)	(55.0, 1786320.0)	(56.0, 1727921.0)	(57.0, 1625427.5)	(58.0, 1506848.0)	(59.0, 1371217.5)	(60.0, 1208144.5)	(61.0, 1031863.5)	(62.0, 862326.5)	(63.0, 711943.5)	(64.0, 568013.0)	(65.0, 432464.5)	(66.0, 326260.0)	(67.0, 249611.5)	(68.0, 190508.5)	(69.0, 144655.0)	(70.0, 110833.5)	(71.0, 83585.5)	(72.0, 65630.5)	(73.0, 52060.5)	(74.0, 37451.0)	(75.0, 26767.5)	(76.0, 20409.0)	(77.0, 15116.0)	(78.0, 9962.0)	(79.0, 6170.0)	(80.0, 4043.0)	(81.0, 2936.0)	(82.0, 2133.5)	(83.0, 1268.5)	(84.0, 663.0)	(85.0, 373.0)	(86.0, 218.0)	(87.0, 130.5)	(88.0, 83.0)	(89.0, 58.5)	(90.0, 47.0)	(91.0, 31.0)	(92.0, 19.5)	(93.0, 17.5)	(94.0, 16.0)	(95.0, 8.0)	(96.0, 6.0)	(97.0, 6.0)	(98.0, 3.0)	(99.0, 3.0)	(100.0, 2.5)
fastp | SRR30333767_2	(0.0, 105.0)	(1.0, 127.0)	(2.0, 217.0)	(3.0, 320.5)	(4.0, 425.0)	(5.0, 539.0)	(6.0, 609.0)	(7.0, 660.0)	(8.0, 698.5)	(9.0, 733.5)	(10.0, 759.0)	(11.0, 789.0)	(12.0, 861.5)	(13.0, 908.0)	(14.0, 913.5)	(15.0, 1001.5)	(16.0, 1232.0)	(17.0, 1588.5)	(18.0, 2150.0)	(19.0, 3142.5)	(20.0, 4930.0)	(21.0, 7590.5)	(22.0, 11452.0)	(23.0, 16707.0)	(24.0, 23856.5)	(25.0, 33741.5)	(26.0, 48690.0)	(27.0, 70920.0)	(28.0, 97997.5)	(29.0, 135054.5)	(30.0, 184694.0)	(31.0, 248114.0)	(32.0, 323443.5)	(33.0, 403054.5)	(34.0, 483356.0)	(35.0, 568417.5)	(36.0, 669641.5)	(37.0, 770286.0)	(38.0, 849258.5)	(39.0, 920709.5)	(40.0, 981890.5)	(41.0, 1041390.0)	(42.0, 1113692.0)	(43.0, 1180260.0)	(44.0, 1250516.5)	(45.0, 1344093.0)	(46.0, 1424746.5)	(47.0, 1484706.0)	(48.0, 1554927.0)	(49.0, 1620679.0)	(50.0, 1674726.0)	(51.0, 1725166.5)	(52.0, 1763990.0)	(53.0, 1787377.0)	(54.0, 1781998.0)	(55.0, 1748849.0)	(56.0, 1689186.5)	(57.0, 1597651.0)	(58.0, 1486659.0)	(59.0, 1345894.5)	(60.0, 1186777.5)	(61.0, 1032864.0)	(62.0, 880876.0)	(63.0, 724687.5)	(64.0, 581505.5)	(65.0, 462609.5)	(66.0, 365833.0)	(67.0, 290801.5)	(68.0, 228786.0)	(69.0, 179777.0)	(70.0, 141987.5)	(71.0, 111950.0)	(72.0, 90063.5)	(73.0, 70177.0)	(74.0, 53040.5)	(75.0, 40306.5)	(76.0, 30313.0)	(77.0, 22444.0)	(78.0, 15581.5)	(79.0, 10278.5)	(80.0, 6496.5)	(81.0, 4295.0)	(82.0, 2927.0)	(83.0, 1708.5)	(84.0, 935.5)	(85.0, 533.0)	(86.0, 352.0)	(87.0, 243.5)	(88.0, 177.5)	(89.0, 139.0)	(90.0, 113.5)	(91.0, 107.0)	(92.0, 132.5)	(93.0, 153.0)	(94.0, 160.5)	(95.0, 199.0)	(96.0, 248.0)	(97.0, 274.5)	(98.0, 305.5)	(99.0, 360.0)	(100.0, 543.5)
fastp | SRR30333768_1	(0.0, 56.0)	(1.0, 37.5)	(2.0, 22.0)	(3.0, 25.0)	(4.0, 39.5)	(5.0, 44.0)	(6.0, 35.0)	(7.0, 34.5)	(8.0, 36.5)	(9.0, 36.5)	(10.0, 47.0)	(11.0, 84.5)	(12.0, 110.5)	(13.0, 144.5)	(14.0, 236.0)	(15.0, 380.0)	(16.0, 629.0)	(17.0, 1013.0)	(18.0, 1560.5)	(19.0, 2437.5)	(20.0, 3954.5)	(21.0, 6399.5)	(22.0, 9484.0)	(23.0, 13859.0)	(24.0, 20447.5)	(25.0, 29572.5)	(26.0, 40836.0)	(27.0, 56866.0)	(28.0, 79175.5)	(29.0, 112349.5)	(30.0, 156565.0)	(31.0, 205326.0)	(32.0, 270079.0)	(33.0, 352924.5)	(34.0, 448364.5)	(35.0, 542677.0)	(36.0, 654658.0)	(37.0, 775931.0)	(38.0, 863185.5)	(39.0, 935029.0)	(40.0, 996426.0)	(41.0, 1058521.0)	(42.0, 1127633.5)	(43.0, 1197992.5)	(44.0, 1279428.0)	(45.0, 1368126.0)	(46.0, 1439369.5)	(47.0, 1502862.5)	(48.0, 1582188.0)	(49.0, 1651764.5)	(50.0, 1697752.5)	(51.0, 1744735.5)	(52.0, 1789059.5)	(53.0, 1805215.5)	(54.0, 1789203.0)	(55.0, 1756295.5)	(56.0, 1693726.0)	(57.0, 1590253.5)	(58.0, 1472075.0)	(59.0, 1337660.5)	(60.0, 1177691.5)	(61.0, 1004104.5)	(62.0, 836345.0)	(63.0, 688939.5)	(64.0, 550963.0)	(65.0, 418708.0)	(66.0, 315472.5)	(67.0, 244426.5)	(68.0, 188550.5)	(69.0, 143299.0)	(70.0, 110472.5)	(71.0, 84721.5)	(72.0, 69916.5)	(73.0, 57969.5)	(74.0, 41789.5)	(75.0, 30080.0)	(76.0, 24810.0)	(77.0, 19265.5)	(78.0, 11899.0)	(79.0, 6856.5)	(80.0, 4788.0)	(81.0, 3965.5)	(82.0, 3167.5)	(83.0, 1910.5)	(84.0, 935.0)	(85.0, 512.0)	(86.0, 320.5)	(87.0, 211.0)	(88.0, 146.5)	(89.0, 94.0)	(90.0, 65.5)	(91.0, 43.5)	(92.0, 40.0)	(93.0, 39.5)	(94.0, 28.5)	(95.0, 17.0)	(96.0, 10.5)	(97.0, 7.5)	(98.0, 4.5)	(99.0, 2.0)	(100.0, 0.0)
fastp | SRR30333768_2	(0.0, 49.0)	(1.0, 87.0)	(2.0, 194.5)	(3.0, 326.5)	(4.0, 442.5)	(5.0, 547.5)	(6.0, 629.0)	(7.0, 678.0)	(8.0, 708.5)	(9.0, 738.5)	(10.0, 750.5)	(11.0, 749.5)	(12.0, 769.5)	(13.0, 748.5)	(14.0, 769.5)	(15.0, 876.5)	(16.0, 1065.5)	(17.0, 1324.5)	(18.0, 1746.5)	(19.0, 2510.0)	(20.0, 3950.0)	(21.0, 5987.5)	(22.0, 8743.5)	(23.0, 12728.5)	(24.0, 18165.0)	(25.0, 25802.0)	(26.0, 37434.0)	(27.0, 54673.0)	(28.0, 77458.5)	(29.0, 111326.0)	(30.0, 159429.0)	(31.0, 223022.0)	(32.0, 302138.0)	(33.0, 388994.5)	(34.0, 474483.0)	(35.0, 566993.5)	(36.0, 680201.5)	(37.0, 788359.0)	(38.0, 868810.5)	(39.0, 939326.5)	(40.0, 998518.0)	(41.0, 1052765.0)	(42.0, 1119130.0)	(43.0, 1181784.5)	(44.0, 1253251.0)	(45.0, 1349590.5)	(46.0, 1423744.5)	(47.0, 1476874.0)	(48.0, 1545167.5)	(49.0, 1606434.5)	(50.0, 1653532.0)	(51.0, 1702710.5)	(52.0, 1740919.0)	(53.0, 1762305.5)	(54.0, 1756462.5)	(55.0, 1718590.0)	(56.0, 1650994.5)	(57.0, 1556353.5)	(58.0, 1448689.0)	(59.0, 1315598.5)	(60.0, 1159612.0)	(61.0, 1006532.5)	(62.0, 858013.0)	(63.0, 705786.5)	(64.0, 566461.5)	(65.0, 449655.5)	(66.0, 356399.5)	(67.0, 285176.0)	(68.0, 225713.5)	(69.0, 179579.0)	(70.0, 145039.0)	(71.0, 115503.0)	(72.0, 93961.0)	(73.0, 73465.5)	(74.0, 56152.0)	(75.0, 44225.5)	(76.0, 34036.0)	(77.0, 25737.5)	(78.0, 17907.5)	(79.0, 11427.5)	(80.0, 7095.0)	(81.0, 5162.5)	(82.0, 3908.0)	(83.0, 2382.5)	(84.0, 1237.0)	(85.0, 677.5)	(86.0, 436.5)	(87.0, 313.0)	(88.0, 228.0)	(89.0, 171.5)	(90.0, 147.0)	(91.0, 134.0)	(92.0, 144.5)	(93.0, 161.0)	(94.0, 184.0)	(95.0, 205.5)	(96.0, 215.0)	(97.0, 214.0)	(98.0, 220.5)	(99.0, 257.5)	(100.0, 389.5)
