Sample	0	1	2	3	4	5	6	7	8	9	10	11	12	13	14	15	16	17	18	19	20	21	22	23	24	25	26	27	28	29	30	31	32	33	34	35	36	37	38	39	40	41	42	43	44	45	46	47	48	49	50	51	52	53	54	55	56	57	58	59	60	61	62	63	64	65	66	67	68	69	70	71	72	73	74	75	76	77	78	79	80	81	82	83	84	85	86	87	88	89	90	91	92	93	94	95	96	97	98	99	100	101	102	103	104	105	106	107	108	109	110	111	112	113	114	115	116	117	118	119	120	121	122	123	124	125	126	127	128	129	130	131	132	133	134	135	136	137	138	139	140	141	142	143	144	145	146	147	148	149	150
reports | SRR30333743	(1, 72.13340000000001)	(2, 50.35190000000001)	(3, 53.7505)	(4, 52.5737)	(5, 52.4209)	(6, 49.7281)	(7, 51.4046)	(8, 55.723)	(9, 53.3552)	(10, 49.448)	(11, 59.22690000000001)	(12, 57.48910000000001)	(13, 55.78229999999999)	(14, 53.728699999999996)	(15, 53.638)	(16, 55.352000000000004)	(17, 54.93)	(18, 53.751099999999994)	(19, 54.969699999999996)	(20, 54.766099999999994)	(21, 53.7539)	(22, 54.5506)	(23, 54.3284)	(24, 53.455799999999996)	(25, 54.806999999999995)	(26, 54.616699999999994)	(27, 53.555299999999995)	(28, 54.779599999999995)	(29, 54.515100000000004)	(30, 53.60850000000001)	(31, 54.6943)	(32, 54.32209999999999)	(33, 53.36300000000001)	(34, 54.4646)	(35, 54.290000000000006)	(36, 53.5295)	(37, 54.63249999999999)	(38, 54.412099999999995)	(39, 53.495599999999996)	(40, 54.517)	(41, 54.4362)	(42, 53.474999999999994)	(43, 54.5501)	(44, 54.26180000000001)	(45, 53.4305)	(46, 54.566700000000004)	(47, 54.2505)	(48, 53.351400000000005)	(49, 54.5343)	(50, 54.294399999999996)	(51, 53.3165)	(52, 54.4883)	(53, 54.195899999999995)	(54, 53.32599999999999)	(55, 54.364599999999996)	(56, 54.102)	(57, 53.339999999999996)	(58, 54.3479)	(59, 54.286)	(60, 53.289500000000004)	(61, 54.3771)	(62, 54.117599999999996)	(63, 53.272600000000004)	(64, 54.2576)	(65, 54.1014)	(66, 53.1914)	(67, 54.118599999999994)	(68, 54.0923)	(69, 53.1019)	(70, 54.1432)	(71, 54.0232)	(72, 53.109300000000005)	(73, 54.1481)	(74, 53.966800000000006)	(75, 53.138600000000004)	(76, 54.010000000000005)	(77, 53.8666)	(78, 52.844899999999996)	(79, 53.9968)	(80, 53.792300000000004)	(81, 52.8919)	(82, 53.840500000000006)	(83, 53.7724)	(84, 52.864599999999996)	(85, 53.82599999999999)	(86, 53.65689999999999)	(87, 52.8396)	(88, 53.7281)	(89, 53.6412)	(90, 52.8386)	(91, 53.7479)	(92, 53.6215)	(93, 52.909099999999995)	(94, 53.6764)	(95, 53.5788)	(96, 52.836000000000006)	(97, 53.683899999999994)	(98, 53.524499999999996)	(99, 52.7243)	(100, 53.580799999999996)	(101, 53.4944)	(102, 52.8359)	(103, 53.5415)	(104, 53.463899999999995)	(105, 52.7543)	(106, 53.5937)	(107, 53.4584)	(108, 52.8246)	(109, 53.5646)	(110, 53.4439)	(111, 52.8045)	(112, 53.485499999999995)	(113, 53.4327)	(114, 52.778999999999996)	(115, 53.4229)	(116, 53.3524)	(117, 52.8131)	(118, 53.364)	(119, 53.227500000000006)	(120, 52.559999999999995)	(121, 53.1918)	(122, 53.0265)	(123, 52.5103)	(124, 53.0294)	(125, 52.9568)	(126, 52.35300000000001)	(127, 52.852)	(128, 52.6556)	(129, 52.175700000000006)	(130, 52.638600000000004)	(131, 52.381)	(132, 51.9131)	(133, 52.2683)	(134, 52.136)	(135, 51.65880000000001)	(136, 51.9511)	(137, 51.8458)	(138, 51.4631)	(139, 51.6895)	(140, 51.5967)	(141, 51.2718)	(142, 51.4451)	(143, 51.505500000000005)	(144, 51.00789999999999)	(145, 51.35380000000001)	(146, 51.1695)	(147, 50.9221)	(148, 51.115)	(149, 51.1412)	(150, 50.840399999999995)	(151, 52.0818)
reports | SRR30333744	(1, 72.7877)	(2, 51.0016)	(3, 54.1964)	(4, 52.779900000000005)	(5, 52.5459)	(6, 50.0864)	(7, 51.6106)	(8, 56.0282)	(9, 53.5774)	(10, 49.6659)	(11, 59.4508)	(12, 57.5693)	(13, 55.7447)	(14, 53.766099999999994)	(15, 53.7432)	(16, 55.43900000000001)	(17, 54.9507)	(18, 53.809200000000004)	(19, 55.0761)	(20, 54.785700000000006)	(21, 53.7961)	(22, 54.6068)	(23, 54.36)	(24, 53.5395)	(25, 54.8677)	(26, 54.5998)	(27, 53.534800000000004)	(28, 54.785399999999996)	(29, 54.4868)	(30, 53.579699999999995)	(31, 54.713699999999996)	(32, 54.26220000000001)	(33, 53.3276)	(34, 54.5137)	(35, 54.259100000000004)	(36, 53.5053)	(37, 54.649)	(38, 54.352999999999994)	(39, 53.4529)	(40, 54.5018)	(41, 54.33)	(42, 53.4189)	(43, 54.546499999999995)	(44, 54.1615)	(45, 53.4053)	(46, 54.555600000000005)	(47, 54.1803)	(48, 53.3134)	(49, 54.554100000000005)	(50, 54.18300000000001)	(51, 53.2407)	(52, 54.477399999999996)	(53, 54.071999999999996)	(54, 53.3057)	(55, 54.3959)	(56, 54.0497)	(57, 53.3388)	(58, 54.3691)	(59, 54.182900000000004)	(60, 53.2979)	(61, 54.365399999999994)	(62, 54.063300000000005)	(63, 53.226)	(64, 54.2952)	(65, 54.0305)	(66, 53.197399999999995)	(67, 54.172399999999996)	(68, 54.08389999999999)	(69, 53.1611)	(70, 54.2241)	(71, 54.0079)	(72, 53.1432)	(73, 54.222899999999996)	(74, 53.9516)	(75, 53.2027)	(76, 54.1278)	(77, 53.8829)	(78, 52.9108)	(79, 54.1088)	(80, 53.837199999999996)	(81, 52.964800000000004)	(82, 53.97539999999999)	(83, 53.8242)	(84, 52.9841)	(85, 53.9699)	(86, 53.7424)	(87, 52.9688)	(88, 53.918299999999995)	(89, 53.781800000000004)	(90, 53.003)	(91, 53.9972)	(92, 53.774699999999996)	(93, 53.061499999999995)	(94, 53.911500000000004)	(95, 53.762299999999996)	(96, 53.0391)	(97, 53.9813)	(98, 53.756400000000006)	(99, 52.96039999999999)	(100, 53.92360000000001)	(101, 53.764599999999994)	(102, 53.0813)	(103, 53.86840000000001)	(104, 53.735299999999995)	(105, 53.03639999999999)	(106, 54.028299999999994)	(107, 53.8331)	(108, 53.195800000000006)	(109, 54.097300000000004)	(110, 53.8733)	(111, 53.273)	(112, 54.032500000000006)	(113, 53.947599999999994)	(114, 53.315900000000006)	(115, 54.1747)	(116, 53.9863)	(117, 53.4713)	(118, 54.2183)	(119, 54.06100000000001)	(120, 53.365399999999994)	(121, 54.285700000000006)	(122, 54.08070000000001)	(123, 53.5749)	(124, 54.358700000000006)	(125, 54.239599999999996)	(126, 53.6821)	(127, 54.418299999999995)	(128, 54.2345)	(129, 53.7335)	(130, 54.4859)	(131, 54.197700000000005)	(132, 53.8302)	(133, 54.4997)	(134, 54.4147)	(135, 53.9588)	(136, 54.522499999999994)	(137, 54.515899999999995)	(138, 54.09)	(139, 54.579)	(140, 54.456199999999995)	(141, 54.19690000000001)	(142, 54.5508)	(143, 54.688700000000004)	(144, 54.2577)	(145, 54.8177)	(146, 54.6726)	(147, 54.3509)	(148, 54.8775)	(149, 54.8355)	(150, 54.53360000000001)	(151, 55.0545)
reports | SRR30333745	(1, 72.10419999999999)	(2, 51.7786)	(3, 54.02)	(4, 52.862500000000004)	(5, 52.7672)	(6, 50.2035)	(7, 51.5976)	(8, 56.0616)	(9, 53.6059)	(10, 49.8078)	(11, 59.4379)	(12, 57.556)	(13, 55.886599999999994)	(14, 54.0511)	(15, 53.8936)	(16, 55.596199999999996)	(17, 55.2071)	(18, 53.99119999999999)	(19, 55.2015)	(20, 55.0597)	(21, 54.0094)	(22, 54.7873)	(23, 54.5986)	(24, 53.7047)	(25, 55.0212)	(26, 54.874199999999995)	(27, 53.7734)	(28, 54.91239999999999)	(29, 54.736)	(30, 53.756099999999996)	(31, 54.8873)	(32, 54.52590000000001)	(33, 53.546499999999995)	(34, 54.65)	(35, 54.519)	(36, 53.6784)	(37, 54.798500000000004)	(38, 54.595099999999995)	(39, 53.624300000000005)	(40, 54.6832)	(41, 54.5961)	(42, 53.62670000000001)	(43, 54.72129999999999)	(44, 54.444)	(45, 53.5857)	(46, 54.722899999999996)	(47, 54.4338)	(48, 53.4897)	(49, 54.697700000000005)	(50, 54.476400000000005)	(51, 53.4585)	(52, 54.6508)	(53, 54.3557)	(54, 53.4996)	(55, 54.545)	(56, 54.30160000000001)	(57, 53.5107)	(58, 54.5408)	(59, 54.4539)	(60, 53.4621)	(61, 54.5226)	(62, 54.3266)	(63, 53.4296)	(64, 54.443799999999996)	(65, 54.2946)	(66, 53.3396)	(67, 54.339099999999995)	(68, 54.320100000000004)	(69, 53.2992)	(70, 54.3445)	(71, 54.24060000000001)	(72, 53.297799999999995)	(73, 54.34179999999999)	(74, 54.1938)	(75, 53.3714)	(76, 54.2461)	(77, 54.0952)	(78, 53.063700000000004)	(79, 54.2418)	(80, 54.0395)	(81, 53.1111)	(82, 54.0861)	(83, 54.011900000000004)	(84, 53.101699999999994)	(85, 54.0602)	(86, 53.8809)	(87, 53.083999999999996)	(88, 54.0103)	(89, 53.932599999999994)	(90, 53.105599999999995)	(91, 54.0404)	(92, 53.902300000000004)	(93, 53.1497)	(94, 53.977)	(95, 53.8876)	(96, 53.1308)	(97, 54.0246)	(98, 53.8679)	(99, 53.023900000000005)	(100, 53.9503)	(101, 53.8579)	(102, 53.1359)	(103, 53.8728)	(104, 53.8085)	(105, 53.0821)	(106, 54.00319999999999)	(107, 53.8902)	(108, 53.1907)	(109, 54.0247)	(110, 53.8801)	(111, 53.223699999999994)	(112, 53.952)	(113, 53.912000000000006)	(114, 53.2633)	(115, 53.9878)	(116, 53.9188)	(117, 53.347500000000004)	(118, 53.975300000000004)	(119, 53.878499999999995)	(120, 53.1505)	(121, 53.9369)	(122, 53.8052)	(123, 53.272200000000005)	(124, 53.8825)	(125, 53.8223)	(126, 53.2499)	(127, 53.8425)	(128, 53.6938)	(129, 53.1318)	(130, 53.768499999999996)	(131, 53.5393)	(132, 53.0836)	(133, 53.612)	(134, 53.532199999999996)	(135, 53.0309)	(136, 53.454100000000004)	(137, 53.454800000000006)	(138, 53.0331)	(139, 53.376999999999995)	(140, 53.27889999999999)	(141, 52.975899999999996)	(142, 53.2289)	(143, 53.3076)	(144, 52.888400000000004)	(145, 53.2989)	(146, 53.151700000000005)	(147, 52.86189999999999)	(148, 53.2177)	(149, 53.2147)	(150, 52.92400000000001)	(151, 53.9141)
reports | SRR30333746	(1, 71.076)	(2, 51.635)	(3, 53.164)	(4, 52.477700000000006)	(5, 52.4061)	(6, 49.5715)	(7, 50.8766)	(8, 55.342499999999994)	(9, 53.0736)	(10, 49.1401)	(11, 58.8236)	(12, 56.95909999999999)	(13, 55.4142)	(14, 53.75)	(15, 53.3878)	(16, 55.116200000000006)	(17, 54.8349)	(18, 53.528600000000004)	(19, 54.745999999999995)	(20, 54.7064)	(21, 53.5769)	(22, 54.319700000000005)	(23, 54.2124)	(24, 53.1837)	(25, 54.499900000000004)	(26, 54.4941)	(27, 53.252)	(28, 54.39810000000001)	(29, 54.339999999999996)	(30, 53.290800000000004)	(31, 54.320800000000006)	(32, 54.1457)	(33, 53.018100000000004)	(34, 54.1274)	(35, 54.071000000000005)	(36, 53.16180000000001)	(37, 54.2455)	(38, 54.1578)	(39, 53.1162)	(40, 54.1203)	(41, 54.1859)	(42, 53.1111)	(43, 54.1667)	(44, 54.028600000000004)	(45, 53.0718)	(46, 54.1659)	(47, 54.01240000000001)	(48, 52.9602)	(49, 54.1391)	(50, 54.0442)	(51, 52.939899999999994)	(52, 54.135200000000005)	(53, 53.915800000000004)	(54, 53.00939999999999)	(55, 53.9972)	(56, 53.9041)	(57, 52.9952)	(58, 54.020199999999996)	(59, 54.07189999999999)	(60, 52.97880000000001)	(61, 53.9995)	(62, 53.918699999999994)	(63, 52.9546)	(64, 53.944)	(65, 53.8882)	(66, 52.900000000000006)	(67, 53.8301)	(68, 53.9742)	(69, 52.82449999999999)	(70, 53.8622)	(71, 53.888999999999996)	(72, 52.8325)	(73, 53.856)	(74, 53.837900000000005)	(75, 52.910599999999995)	(76, 53.8085)	(77, 53.7731)	(78, 52.6211)	(79, 53.7632)	(80, 53.72860000000001)	(81, 52.655300000000004)	(82, 53.6218)	(83, 53.6698)	(84, 52.6733)	(85, 53.6223)	(86, 53.5788)	(87, 52.6829)	(88, 53.5723)	(89, 53.6211)	(90, 52.6913)	(91, 53.6385)	(92, 53.625699999999995)	(93, 52.763400000000004)	(94, 53.5732)	(95, 53.592099999999995)	(96, 52.745)	(97, 53.646300000000004)	(98, 53.6033)	(99, 52.6523)	(100, 53.5621)	(101, 53.570499999999996)	(102, 52.758300000000006)	(103, 53.4886)	(104, 53.5351)	(105, 52.6931)	(106, 53.6628)	(107, 53.636700000000005)	(108, 52.8432)	(109, 53.6923)	(110, 53.651700000000005)	(111, 52.881)	(112, 53.6413)	(113, 53.7072)	(114, 52.93)	(115, 53.71209999999999)	(116, 53.699)	(117, 53.038700000000006)	(118, 53.7052)	(119, 53.7041)	(120, 52.8949)	(121, 53.6942)	(122, 53.651700000000005)	(123, 52.995099999999994)	(124, 53.710899999999995)	(125, 53.68540000000001)	(126, 53.0393)	(127, 53.6876)	(128, 53.5944)	(129, 52.953300000000006)	(130, 53.6102)	(131, 53.453700000000005)	(132, 52.941700000000004)	(133, 53.4606)	(134, 53.511399999999995)	(135, 52.866899999999994)	(136, 53.36149999999999)	(137, 53.4314)	(138, 52.8544)	(139, 53.2995)	(140, 53.2235)	(141, 52.803999999999995)	(142, 53.111)	(143, 53.270700000000005)	(144, 52.713100000000004)	(145, 53.1788)	(146, 53.10589999999999)	(147, 52.6648)	(148, 53.09120000000001)	(149, 53.130900000000004)	(150, 52.6926)	(151, 52.874900000000004)
reports | SRR30333747	(1, 72.4529)	(2, 48.8804)	(3, 52.7656)	(4, 51.3613)	(5, 51.09479999999999)	(6, 48.363299999999995)	(7, 50.16969999999999)	(8, 54.2277)	(9, 52.1234)	(10, 48.216)	(11, 57.89490000000001)	(12, 56.094)	(13, 54.358799999999995)	(14, 52.4881)	(15, 52.385999999999996)	(16, 54.1134)	(17, 53.681)	(18, 52.6424)	(19, 53.8238)	(20, 53.4688)	(21, 52.5126)	(22, 53.226600000000005)	(23, 52.9803)	(24, 52.119899999999994)	(25, 53.451800000000006)	(26, 53.1084)	(27, 52.172200000000004)	(28, 53.4319)	(29, 53.137)	(30, 52.280499999999996)	(31, 53.312400000000004)	(32, 52.9084)	(33, 51.9845)	(34, 53.15689999999999)	(35, 52.8811)	(36, 52.176100000000005)	(37, 53.2548)	(38, 52.9656)	(39, 52.0962)	(40, 53.138799999999996)	(41, 52.9722)	(42, 52.0872)	(43, 53.1091)	(44, 52.754400000000004)	(45, 52.043099999999995)	(46, 53.1495)	(47, 52.77460000000001)	(48, 51.9563)	(49, 53.1439)	(50, 52.74720000000001)	(51, 51.861000000000004)	(52, 53.0207)	(53, 52.6613)	(54, 51.9157)	(55, 52.9902)	(56, 52.658899999999996)	(57, 51.9992)	(58, 52.941)	(59, 52.7868)	(60, 51.8996)	(61, 52.9335)	(62, 52.673199999999994)	(63, 51.895)	(64, 52.8759)	(65, 52.66459999999999)	(66, 51.8232)	(67, 52.827999999999996)	(68, 52.67269999999999)	(69, 51.7922)	(70, 52.8305)	(71, 52.6165)	(72, 51.7945)	(73, 52.827400000000004)	(74, 52.593599999999995)	(75, 51.816300000000005)	(76, 52.7359)	(77, 52.5595)	(78, 51.532599999999995)	(79, 52.7278)	(80, 52.435900000000004)	(81, 51.62799999999999)	(82, 52.6042)	(83, 52.497400000000006)	(84, 51.612199999999994)	(85, 52.605000000000004)	(86, 52.41440000000001)	(87, 51.67620000000001)	(88, 52.550399999999996)	(89, 52.3849)	(90, 51.6861)	(91, 52.629400000000004)	(92, 52.426700000000004)	(93, 51.7436)	(94, 52.5937)	(95, 52.403)	(96, 51.697700000000005)	(97, 52.6578)	(98, 52.388)	(99, 51.669)	(100, 52.56269999999999)	(101, 52.4108)	(102, 51.697)	(103, 52.520999999999994)	(104, 52.3486)	(105, 51.6609)	(106, 52.703900000000004)	(107, 52.467699999999994)	(108, 51.8175)	(109, 52.7243)	(110, 52.453)	(111, 51.874900000000004)	(112, 52.672399999999996)	(113, 52.522800000000004)	(114, 51.8949)	(115, 52.746700000000004)	(116, 52.5591)	(117, 51.973400000000005)	(118, 52.7441)	(119, 52.5347)	(120, 51.855)	(121, 52.7052)	(122, 52.5179)	(123, 51.9555)	(124, 52.7092)	(125, 52.5644)	(126, 51.984399999999994)	(127, 52.671)	(128, 52.4602)	(129, 51.902899999999995)	(130, 52.5887)	(131, 52.292)	(132, 51.8036)	(133, 52.4246)	(134, 52.2911)	(135, 51.7249)	(136, 52.253899999999994)	(137, 52.170700000000004)	(138, 51.638600000000004)	(139, 52.13680000000001)	(140, 51.90559999999999)	(141, 51.546499999999995)	(142, 51.900400000000005)	(143, 51.91139999999999)	(144, 51.4078)	(145, 51.920100000000005)	(146, 51.6599)	(147, 51.3003)	(148, 51.729)	(149, 51.681)	(150, 51.2336)	(151, 52.0438)
reports | SRR30333748	(1, 72.9353)	(2, 48.5892)	(3, 52.5989)	(4, 51.2372)	(5, 51.147299999999994)	(6, 48.4889)	(7, 50.597)	(8, 54.4795)	(9, 52.4483)	(10, 48.4593)	(11, 58.2368)	(12, 56.52310000000001)	(13, 54.7322)	(14, 52.73910000000001)	(15, 52.6614)	(16, 54.4254)	(17, 53.9342)	(18, 52.8833)	(19, 54.1098)	(20, 53.7619)	(21, 52.8421)	(22, 53.619099999999996)	(23, 53.303999999999995)	(24, 52.485099999999996)	(25, 53.82169999999999)	(26, 53.40859999999999)	(27, 52.5099)	(28, 53.76)	(29, 53.3837)	(30, 52.595000000000006)	(31, 53.6643)	(32, 53.1657)	(33, 52.307)	(34, 53.485099999999996)	(35, 53.1731)	(36, 52.469699999999996)	(37, 53.591699999999996)	(38, 53.2278)	(39, 52.394600000000004)	(40, 53.4724)	(41, 53.2563)	(42, 52.3861)	(43, 53.4736)	(44, 53.083999999999996)	(45, 52.35340000000001)	(46, 53.5038)	(47, 53.10979999999999)	(48, 52.3114)	(49, 53.498999999999995)	(50, 53.066100000000006)	(51, 52.2269)	(52, 53.378)	(53, 52.9925)	(54, 52.251099999999994)	(55, 53.3365)	(56, 52.95609999999999)	(57, 52.296)	(58, 53.313100000000006)	(59, 53.0928)	(60, 52.2038)	(61, 53.284299999999995)	(62, 52.963899999999995)	(63, 52.2302)	(64, 53.248)	(65, 52.979)	(66, 52.1538)	(67, 53.172)	(68, 52.9762)	(69, 52.09819999999999)	(70, 53.198100000000004)	(71, 52.91010000000001)	(72, 52.123)	(73, 53.1748)	(74, 52.89040000000001)	(75, 52.1332)	(76, 53.0914)	(77, 52.8717)	(78, 51.901399999999995)	(79, 53.103500000000004)	(80, 52.7658)	(81, 51.9594)	(82, 52.99979999999999)	(83, 52.82940000000001)	(84, 51.96150000000001)	(85, 53.01050000000001)	(86, 52.7439)	(87, 51.99979999999999)	(88, 52.9273)	(89, 52.7022)	(90, 52.012)	(91, 52.9689)	(92, 52.7461)	(93, 52.0386)	(94, 52.94839999999999)	(95, 52.70249999999999)	(96, 51.9981)	(97, 53.022000000000006)	(98, 52.6945)	(99, 52.00129999999999)	(100, 52.910900000000005)	(101, 52.7351)	(102, 52.02329999999999)	(103, 52.9294)	(104, 52.6932)	(105, 51.985499999999995)	(106, 53.0513)	(107, 52.801500000000004)	(108, 52.1552)	(109, 53.1044)	(110, 52.8204)	(111, 52.21130000000001)	(112, 53.0805)	(113, 52.8868)	(114, 52.258)	(115, 53.172)	(116, 52.931799999999996)	(117, 52.39509999999999)	(118, 53.2265)	(119, 52.9693)	(120, 52.3473)	(121, 53.2547)	(122, 53.016)	(123, 52.4578)	(124, 53.3261)	(125, 53.1398)	(126, 52.601200000000006)	(127, 53.404700000000005)	(128, 53.1648)	(129, 52.646)	(130, 53.4416)	(131, 53.1548)	(132, 52.689699999999995)	(133, 53.4213)	(134, 53.2694)	(135, 52.7542)	(136, 53.4237)	(137, 53.3215)	(138, 52.8599)	(139, 53.4919)	(140, 53.256899999999995)	(141, 52.9513)	(142, 53.4597)	(143, 53.4609)	(144, 52.972699999999996)	(145, 53.6115)	(146, 53.378)	(147, 53.0057)	(148, 53.6067)	(149, 53.524300000000004)	(150, 53.106500000000004)	(151, 54.0841)
reports | SRR30333749	(1, 70.11699999999999)	(2, 49.3784)	(3, 51.8679)	(4, 50.9145)	(5, 50.721199999999996)	(6, 48.0948)	(7, 49.524699999999996)	(8, 54.41780000000001)	(9, 51.9891)	(10, 48.2134)	(11, 57.5627)	(12, 55.881800000000005)	(13, 53.9957)	(14, 52.25880000000001)	(15, 51.9904)	(16, 53.6145)	(17, 53.38549999999999)	(18, 52.25450000000001)	(19, 53.315999999999995)	(20, 53.1945)	(21, 52.24569999999999)	(22, 53.0207)	(23, 52.9328)	(24, 52.0341)	(25, 53.25450000000001)	(26, 53.1157)	(27, 52.1893)	(28, 53.2759)	(29, 53.1653)	(30, 52.2523)	(31, 53.2148)	(32, 52.9655)	(33, 52.030100000000004)	(34, 53.05950000000001)	(35, 52.926399999999994)	(36, 52.154199999999996)	(37, 53.1726)	(38, 53.0675)	(39, 52.1856)	(40, 53.1609)	(41, 53.155699999999996)	(42, 52.2012)	(43, 53.1376)	(44, 52.934000000000005)	(45, 52.11599999999999)	(46, 53.195800000000006)	(47, 52.9952)	(48, 52.141000000000005)	(49, 53.192099999999996)	(50, 53.0035)	(51, 52.1038)	(52, 53.086800000000004)	(53, 52.9031)	(54, 52.025)	(55, 53.0217)	(56, 52.815999999999995)	(57, 52.111)	(58, 52.9988)	(59, 53.0081)	(60, 52.0712)	(61, 52.998999999999995)	(62, 52.8801)	(63, 52.04260000000001)	(64, 52.918200000000006)	(65, 52.8335)	(66, 51.955799999999996)	(67, 52.8531)	(68, 52.821799999999996)	(69, 51.9474)	(70, 52.869)	(71, 52.7806)	(72, 51.941199999999995)	(73, 52.83)	(74, 52.743300000000005)	(75, 51.931099999999994)	(76, 52.7307)	(77, 52.7085)	(78, 51.651)	(79, 52.73609999999999)	(80, 52.567)	(81, 51.7638)	(82, 52.6554)	(83, 52.599)	(84, 51.7321)	(85, 52.5946)	(86, 52.486999999999995)	(87, 51.71)	(88, 52.4911)	(89, 52.425200000000004)	(90, 51.6696)	(91, 52.5257)	(92, 52.4568)	(93, 51.6868)	(94, 52.432100000000005)	(95, 52.3899)	(96, 51.5842)	(97, 52.456199999999995)	(98, 52.2834)	(99, 51.5787)	(100, 52.32)	(101, 52.2868)	(102, 51.529199999999996)	(103, 52.2584)	(104, 52.166500000000006)	(105, 51.448499999999996)	(106, 52.32019999999999)	(107, 52.220299999999995)	(108, 51.4648)	(109, 52.316300000000005)	(110, 52.1457)	(111, 51.4841)	(112, 52.2392)	(113, 52.188199999999995)	(114, 51.5039)	(115, 52.211600000000004)	(116, 52.1374)	(117, 51.5072)	(118, 52.1988)	(119, 52.081999999999994)	(120, 51.336099999999995)	(121, 52.166900000000005)	(122, 52.0122)	(123, 51.3841)	(124, 52.1205)	(125, 51.99549999999999)	(126, 51.37350000000001)	(127, 52.078100000000006)	(128, 51.9064)	(129, 51.27460000000001)	(130, 51.9895)	(131, 51.8253)	(132, 51.2196)	(133, 51.8729)	(134, 51.766)	(135, 51.2132)	(136, 51.76070000000001)	(137, 51.695)	(138, 51.207)	(139, 51.6895)	(140, 51.5837)	(141, 51.0799)	(142, 51.5134)	(143, 51.576100000000004)	(144, 50.9922)	(145, 51.5386)	(146, 51.4151)	(147, 50.9896)	(148, 51.450399999999995)	(149, 51.4235)	(150, 50.964299999999994)	(151, 51.6748)
reports | SRR30333750	(1, 71.71419999999999)	(2, 49.0354)	(3, 51.6543)	(4, 50.8112)	(5, 51.0389)	(6, 48.021)	(7, 49.748999999999995)	(8, 53.8172)	(9, 51.9745)	(10, 47.7778)	(11, 57.5104)	(12, 55.7743)	(13, 54.2061)	(14, 52.5428)	(15, 52.2228)	(16, 53.985099999999996)	(17, 53.676500000000004)	(18, 52.4517)	(19, 53.6285)	(20, 53.4923)	(21, 52.4406)	(22, 53.164199999999994)	(23, 52.9852)	(24, 52.0241)	(25, 53.341499999999996)	(26, 53.1659)	(27, 52.0769)	(28, 53.247)	(29, 53.0702)	(30, 52.13290000000001)	(31, 53.1772)	(32, 52.8782)	(33, 51.8877)	(34, 53.027100000000004)	(35, 52.8883)	(36, 52.0266)	(37, 53.1042)	(38, 52.9173)	(39, 51.942600000000006)	(40, 52.955600000000004)	(41, 52.90820000000001)	(42, 51.96229999999999)	(43, 52.9781)	(44, 52.7575)	(45, 51.9078)	(46, 53.0198)	(47, 52.76650000000001)	(48, 51.8473)	(49, 52.993100000000005)	(50, 52.74379999999999)	(51, 51.7968)	(52, 52.9054)	(53, 52.67849999999999)	(54, 51.822100000000006)	(55, 52.8374)	(56, 52.6552)	(57, 51.8665)	(58, 52.8297)	(59, 52.7733)	(60, 51.7801)	(61, 52.7964)	(62, 52.65840000000001)	(63, 51.792300000000004)	(64, 52.768499999999996)	(65, 52.6399)	(66, 51.731300000000005)	(67, 52.7105)	(68, 52.6829)	(69, 51.6664)	(70, 52.71019999999999)	(71, 52.5977)	(72, 51.6872)	(73, 52.688100000000006)	(74, 52.59779999999999)	(75, 51.731899999999996)	(76, 52.64)	(77, 52.5783)	(78, 51.4861)	(79, 52.63139999999999)	(80, 52.4632)	(81, 51.5597)	(82, 52.5262)	(83, 52.502700000000004)	(84, 51.5532)	(85, 52.543099999999995)	(86, 52.4367)	(87, 51.575199999999995)	(88, 52.4957)	(89, 52.3953)	(90, 51.6039)	(91, 52.5331)	(92, 52.4572)	(93, 51.6806)	(94, 52.517100000000006)	(95, 52.410000000000004)	(96, 51.6244)	(97, 52.57039999999999)	(98, 52.4313)	(99, 51.6418)	(100, 52.5029)	(101, 52.4631)	(102, 51.6702)	(103, 52.5034)	(104, 52.430600000000005)	(105, 51.640699999999995)	(106, 52.65220000000001)	(107, 52.5386)	(108, 51.8169)	(109, 52.7056)	(110, 52.5799)	(111, 51.8921)	(112, 52.7148)	(113, 52.63060000000001)	(114, 51.9444)	(115, 52.7888)	(116, 52.6912)	(117, 52.0755)	(118, 52.823600000000006)	(119, 52.7212)	(120, 52.0064)	(121, 52.875099999999996)	(122, 52.722100000000005)	(123, 52.117000000000004)	(124, 52.911699999999996)	(125, 52.843799999999995)	(126, 52.232)	(127, 52.973499999999994)	(128, 52.8312)	(129, 52.2397)	(130, 52.9747)	(131, 52.7979)	(132, 52.2781)	(133, 52.9474)	(134, 52.8744)	(135, 52.3331)	(136, 52.9074)	(137, 52.935)	(138, 52.402300000000004)	(139, 52.969500000000004)	(140, 52.8374)	(141, 52.4612)	(142, 52.9046)	(143, 52.9791)	(144, 52.4706)	(145, 53.0462)	(146, 52.8996)	(147, 52.5142)	(148, 53.060700000000004)	(149, 53.0659)	(150, 52.654599999999995)	(151, 52.9108)
reports | SRR30333751	(1, 72.0564)	(2, 50.0715)	(3, 52.924899999999994)	(4, 51.8251)	(5, 51.6501)	(6, 48.8274)	(7, 50.4005)	(8, 54.8034)	(9, 52.5201)	(10, 48.531400000000005)	(11, 58.3148)	(12, 56.37950000000001)	(13, 54.6563)	(14, 52.9161)	(15, 52.6784)	(16, 54.4171)	(17, 54.047900000000006)	(18, 52.869200000000006)	(19, 54.0943)	(20, 53.885099999999994)	(21, 52.857200000000006)	(22, 53.61359999999999)	(23, 53.4111)	(24, 52.4626)	(25, 53.79089999999999)	(26, 53.56379999999999)	(27, 52.5451)	(28, 53.7556)	(29, 53.5315)	(30, 52.6203)	(31, 53.6574)	(32, 53.3281)	(33, 52.3161)	(34, 53.5108)	(35, 53.312000000000005)	(36, 52.5103)	(37, 53.5937)	(38, 53.399300000000004)	(39, 52.4381)	(40, 53.482600000000005)	(41, 53.4074)	(42, 52.425399999999996)	(43, 53.485499999999995)	(44, 53.21320000000001)	(45, 52.39939999999999)	(46, 53.517700000000005)	(47, 53.2363)	(48, 52.361599999999996)	(49, 53.495000000000005)	(50, 53.205999999999996)	(51, 52.2493)	(52, 53.412800000000004)	(53, 53.140299999999996)	(54, 52.2903)	(55, 53.3404)	(56, 53.1135)	(57, 52.333)	(58, 53.337)	(59, 53.2139)	(60, 52.237199999999994)	(61, 53.3086)	(62, 53.120999999999995)	(63, 52.257600000000004)	(64, 53.257600000000004)	(65, 53.103500000000004)	(66, 52.1965)	(67, 53.187799999999996)	(68, 53.1165)	(69, 52.15880000000001)	(70, 53.217000000000006)	(71, 53.0682)	(72, 52.1637)	(73, 53.1756)	(74, 53.017199999999995)	(75, 52.160700000000006)	(76, 53.108900000000006)	(77, 52.9988)	(78, 51.9374)	(79, 53.1018)	(80, 52.8941)	(81, 51.998999999999995)	(82, 52.9915)	(83, 52.963499999999996)	(84, 51.9886)	(85, 53.012899999999995)	(86, 52.8402)	(87, 52.0142)	(88, 52.9489)	(89, 52.8184)	(90, 52.0341)	(91, 52.980000000000004)	(92, 52.8748)	(93, 52.09439999999999)	(94, 52.9492)	(95, 52.8152)	(96, 52.0278)	(97, 52.9822)	(98, 52.8055)	(99, 52.0595)	(100, 52.90820000000001)	(101, 52.8608)	(102, 52.065)	(103, 52.9255)	(104, 52.802099999999996)	(105, 52.04879999999999)	(106, 53.057900000000004)	(107, 52.904399999999995)	(108, 52.169)	(109, 53.102199999999996)	(110, 52.9012)	(111, 52.2471)	(112, 53.06999999999999)	(113, 52.9578)	(114, 52.2743)	(115, 53.11749999999999)	(116, 52.9762)	(117, 52.3623)	(118, 53.113600000000005)	(119, 52.972300000000004)	(120, 52.2798)	(121, 53.0907)	(122, 52.932900000000004)	(123, 52.3367)	(124, 53.104)	(125, 52.96920000000001)	(126, 52.385099999999994)	(127, 53.0845)	(128, 52.928799999999995)	(129, 52.3338)	(130, 52.996900000000004)	(131, 52.786500000000004)	(132, 52.2281)	(133, 52.852)	(134, 52.7724)	(135, 52.1942)	(136, 52.73)	(137, 52.6845)	(138, 52.1714)	(139, 52.6581)	(140, 52.518)	(141, 52.1215)	(142, 52.502)	(143, 52.5163)	(144, 51.985499999999995)	(145, 52.49589999999999)	(146, 52.31360000000001)	(147, 51.930299999999995)	(148, 52.3516)	(149, 52.355799999999995)	(150, 51.8903)	(151, 52.93449999999999)
reports | SRR30333752	(1, 73.0136)	(2, 49.0634)	(3, 52.879200000000004)	(4, 51.44689999999999)	(5, 51.2743)	(6, 48.4718)	(7, 50.2695)	(8, 54.4598)	(9, 52.3254)	(10, 48.2838)	(11, 58.0633)	(12, 56.343900000000005)	(13, 54.5743)	(14, 52.607099999999996)	(15, 52.4847)	(16, 54.2624)	(17, 53.8257)	(18, 52.743300000000005)	(19, 53.9582)	(20, 53.6566)	(21, 52.68620000000001)	(22, 53.4503)	(23, 53.1788)	(24, 52.3011)	(25, 53.6552)	(26, 53.298)	(27, 52.340900000000005)	(28, 53.60359999999999)	(29, 53.306200000000004)	(30, 52.451800000000006)	(31, 53.5198)	(32, 53.0866)	(33, 52.16460000000001)	(34, 53.3527)	(35, 53.0846)	(36, 52.3296)	(37, 53.457699999999996)	(38, 53.1563)	(39, 52.2589)	(40, 53.33219999999999)	(41, 53.141099999999994)	(42, 52.2618)	(43, 53.345)	(44, 52.9805)	(45, 52.234700000000004)	(46, 53.3648)	(47, 52.9813)	(48, 52.1595)	(49, 53.378099999999996)	(50, 52.9705)	(51, 52.1007)	(52, 53.258300000000006)	(53, 52.901399999999995)	(54, 52.1284)	(55, 53.2128)	(56, 52.873599999999996)	(57, 52.1931)	(58, 53.184200000000004)	(59, 53.0159)	(60, 52.1038)	(61, 53.1716)	(62, 52.8859)	(63, 52.1009)	(64, 53.1264)	(65, 52.8699)	(66, 52.0357)	(67, 53.0578)	(68, 52.9083)	(69, 51.99080000000001)	(70, 53.075799999999994)	(71, 52.831700000000005)	(72, 51.996900000000004)	(73, 53.0639)	(74, 52.8307)	(75, 52.02759999999999)	(76, 52.9803)	(77, 52.7954)	(78, 51.7919)	(79, 52.9841)	(80, 52.70629999999999)	(81, 51.870799999999996)	(82, 52.880799999999994)	(83, 52.7398)	(84, 51.8604)	(85, 52.88420000000001)	(86, 52.6563)	(87, 51.910599999999995)	(88, 52.8282)	(89, 52.637299999999996)	(90, 51.910199999999996)	(91, 52.881299999999996)	(92, 52.6715)	(93, 51.960300000000004)	(94, 52.8585)	(95, 52.6459)	(96, 51.9216)	(97, 52.9207)	(98, 52.652699999999996)	(99, 51.924899999999994)	(100, 52.8392)	(101, 52.676500000000004)	(102, 51.9466)	(103, 52.8354)	(104, 52.6456)	(105, 51.925)	(106, 52.9772)	(107, 52.7538)	(108, 52.097899999999996)	(109, 53.013600000000004)	(110, 52.7921)	(111, 52.1672)	(112, 53.02289999999999)	(113, 52.847699999999996)	(114, 52.213100000000004)	(115, 53.10359999999999)	(116, 52.9137)	(117, 52.356100000000005)	(118, 53.164500000000004)	(119, 52.962900000000005)	(120, 52.303399999999996)	(121, 53.1975)	(122, 53.004799999999996)	(123, 52.4481)	(124, 53.269299999999994)	(125, 53.140600000000006)	(126, 52.6076)	(127, 53.389900000000004)	(128, 53.18770000000001)	(129, 52.6447)	(130, 53.4286)	(131, 53.2041)	(132, 52.715500000000006)	(133, 53.43560000000001)	(134, 53.3431)	(135, 52.845299999999995)	(136, 53.4767)	(137, 53.4752)	(138, 52.9887)	(139, 53.623)	(140, 53.453300000000006)	(141, 53.1077)	(142, 53.6433)	(143, 53.6544)	(144, 53.20120000000001)	(145, 53.8211)	(146, 53.7142)	(147, 53.33)	(148, 53.9316)	(149, 53.9052)	(150, 53.5138)	(151, 54.3658)
reports | SRR30333753	(1, 71.0827)	(2, 51.8799)	(3, 53.0226)	(4, 52.452200000000005)	(5, 52.5108)	(6, 49.797000000000004)	(7, 51.065799999999996)	(8, 55.46339999999999)	(9, 53.2648)	(10, 49.4233)	(11, 58.82190000000001)	(12, 56.9874)	(13, 55.5642)	(14, 54.043600000000005)	(15, 53.659800000000004)	(16, 55.355)	(17, 55.1135)	(18, 53.7894)	(19, 54.97689999999999)	(20, 54.90239999999999)	(21, 53.77119999999999)	(22, 54.4736)	(23, 54.476800000000004)	(24, 53.444599999999994)	(25, 54.7594)	(26, 54.7754)	(27, 53.5231)	(28, 54.703)	(29, 54.609700000000004)	(30, 53.567299999999996)	(31, 54.6039)	(32, 54.413)	(33, 53.313500000000005)	(34, 54.4017)	(35, 54.3853)	(36, 53.487300000000005)	(37, 54.519099999999995)	(38, 54.4482)	(39, 53.4339)	(40, 54.3825)	(41, 54.4718)	(42, 53.36880000000001)	(43, 54.426300000000005)	(44, 54.28039999999999)	(45, 53.37929999999999)	(46, 54.44520000000001)	(47, 54.2933)	(48, 53.2383)	(49, 54.44409999999999)	(50, 54.295300000000005)	(51, 53.2139)	(52, 54.3543)	(53, 54.188199999999995)	(54, 53.2538)	(55, 54.275099999999995)	(56, 54.195899999999995)	(57, 53.2813)	(58, 54.2863)	(59, 54.2949)	(60, 53.2517)	(61, 54.2763)	(62, 54.17809999999999)	(63, 53.2181)	(64, 54.1593)	(65, 54.151700000000005)	(66, 53.1274)	(67, 54.0394)	(68, 54.1867)	(69, 53.059599999999996)	(70, 54.07300000000001)	(71, 54.086800000000004)	(72, 53.066500000000005)	(73, 54.0655)	(74, 54.042699999999996)	(75, 53.134499999999996)	(76, 53.9647)	(77, 53.9559)	(78, 52.759299999999996)	(79, 53.96339999999999)	(80, 53.8528)	(81, 52.866800000000005)	(82, 53.7744)	(83, 53.8369)	(84, 52.82019999999999)	(85, 53.745)	(86, 53.7462)	(87, 52.846199999999996)	(88, 53.67229999999999)	(89, 53.7643)	(90, 52.844199999999994)	(91, 53.7435)	(92, 53.7358)	(93, 52.9176)	(94, 53.6811)	(95, 53.692499999999995)	(96, 52.8664)	(97, 53.708800000000004)	(98, 53.682900000000004)	(99, 52.7661)	(100, 53.6203)	(101, 53.640600000000006)	(102, 52.86110000000001)	(103, 53.535)	(104, 53.581599999999995)	(105, 52.784699999999994)	(106, 53.681)	(107, 53.679)	(108, 52.90089999999999)	(109, 53.677600000000005)	(110, 53.6351)	(111, 52.922599999999996)	(112, 53.588100000000004)	(113, 53.650200000000005)	(114, 52.9414)	(115, 53.6173)	(116, 53.6201)	(117, 52.97690000000001)	(118, 53.5598)	(119, 53.49739999999999)	(120, 52.750600000000006)	(121, 53.4785)	(122, 53.396699999999996)	(123, 52.8012)	(124, 53.396)	(125, 53.3642)	(126, 52.7522)	(127, 53.2595)	(128, 53.151)	(129, 52.5296)	(130, 53.0867)	(131, 52.87929999999999)	(132, 52.39319999999999)	(133, 52.83710000000001)	(134, 52.81249999999999)	(135, 52.2761)	(136, 52.6006)	(137, 52.6169)	(138, 52.1439)	(139, 52.3999)	(140, 52.3219)	(141, 51.9803)	(142, 52.1385)	(143, 52.253400000000006)	(144, 51.830799999999996)	(145, 52.1814)	(146, 52.0367)	(147, 51.7149)	(148, 52.013799999999996)	(149, 51.9988)	(150, 51.6952)	(151, 51.9766)
reports | SRR30333754	(1, 71.7694)	(2, 51.5741)	(3, 53.8334)	(4, 52.772600000000004)	(5, 52.746)	(6, 50.3002)	(7, 51.6157)	(8, 56.0914)	(9, 53.620599999999996)	(10, 50.0087)	(11, 59.334900000000005)	(12, 57.4183)	(13, 55.7801)	(14, 54.1307)	(15, 53.919700000000006)	(16, 55.5891)	(17, 55.2407)	(18, 54.060399999999994)	(19, 55.225199999999994)	(20, 55.0409)	(21, 54.010999999999996)	(22, 54.7735)	(23, 54.6454)	(24, 53.735299999999995)	(25, 55.05179999999999)	(26, 54.900499999999994)	(27, 53.7774)	(28, 55.0138)	(29, 54.8203)	(30, 53.8716)	(31, 54.921299999999995)	(32, 54.60549999999999)	(33, 53.634899999999995)	(34, 54.7304)	(35, 54.59270000000001)	(36, 53.7556)	(37, 54.879999999999995)	(38, 54.6705)	(39, 53.735200000000006)	(40, 54.747800000000005)	(41, 54.6764)	(42, 53.701600000000006)	(43, 54.793400000000005)	(44, 54.4801)	(45, 53.68540000000001)	(46, 54.79429999999999)	(47, 54.5075)	(48, 53.595499999999994)	(49, 54.7918)	(50, 54.49850000000001)	(51, 53.5411)	(52, 54.712700000000005)	(53, 54.42320000000001)	(54, 53.560300000000005)	(55, 54.6307)	(56, 54.3695)	(57, 53.5723)	(58, 54.5871)	(59, 54.517)	(60, 53.5391)	(61, 54.5913)	(62, 54.383)	(63, 53.4963)	(64, 54.4916)	(65, 54.3579)	(66, 53.4431)	(67, 54.37650000000001)	(68, 54.3403)	(69, 53.36880000000001)	(70, 54.4072)	(71, 54.3017)	(72, 53.373000000000005)	(73, 54.3878)	(74, 54.2394)	(75, 53.4103)	(76, 54.2695)	(77, 54.146899999999995)	(78, 53.0755)	(79, 54.2624)	(80, 54.079100000000004)	(81, 53.150600000000004)	(82, 54.125)	(83, 54.055699999999995)	(84, 53.138200000000005)	(85, 54.1061)	(86, 53.9462)	(87, 53.1551)	(88, 54.0396)	(89, 53.951899999999995)	(90, 53.1358)	(91, 54.049)	(92, 53.9679)	(93, 53.2037)	(94, 54.0107)	(95, 53.8998)	(96, 53.13909999999999)	(97, 54.017199999999995)	(98, 53.8936)	(99, 53.0813)	(100, 53.9412)	(101, 53.8762)	(102, 53.16380000000001)	(103, 53.9234)	(104, 53.8262)	(105, 53.1337)	(106, 54.0385)	(107, 53.9388)	(108, 53.2489)	(109, 54.054199999999994)	(110, 53.933699999999995)	(111, 53.303900000000006)	(112, 54.016200000000005)	(113, 53.9825)	(114, 53.3297)	(115, 54.034000000000006)	(116, 53.965700000000005)	(117, 53.46379999999999)	(118, 54.0625)	(119, 53.94910000000001)	(120, 53.3138)	(121, 54.0511)	(122, 53.9434)	(123, 53.4126)	(124, 54.088300000000004)	(125, 53.9829)	(126, 53.4628)	(127, 54.0231)	(128, 53.908500000000004)	(129, 53.4294)	(130, 54.0192)	(131, 53.821600000000004)	(132, 53.4195)	(133, 53.8647)	(134, 53.867399999999996)	(135, 53.4436)	(136, 53.799)	(137, 53.841899999999995)	(138, 53.457100000000004)	(139, 53.7946)	(140, 53.697700000000005)	(141, 53.485099999999996)	(142, 53.691100000000006)	(143, 53.8162)	(144, 53.4069)	(145, 53.801500000000004)	(146, 53.7149)	(147, 53.4455)	(148, 53.804700000000004)	(149, 53.862500000000004)	(150, 53.5663)	(151, 54.0164)
reports | SRR30333755	(1, 72.2483)	(2, 50.8493)	(3, 53.6389)	(4, 52.540299999999995)	(5, 52.248099999999994)	(6, 49.7425)	(7, 51.215900000000005)	(8, 55.684599999999996)	(9, 53.316900000000004)	(10, 49.4409)	(11, 58.9734)	(12, 57.1997)	(13, 55.5145)	(14, 53.6732)	(15, 53.508599999999994)	(16, 55.22319999999999)	(17, 54.8009)	(18, 53.6394)	(19, 54.844)	(20, 54.610099999999996)	(21, 53.559900000000006)	(22, 54.3897)	(23, 54.183099999999996)	(24, 53.308699999999995)	(25, 54.64489999999999)	(26, 54.4794)	(27, 53.4036)	(28, 54.642599999999995)	(29, 54.427099999999996)	(30, 53.479)	(31, 54.5506)	(32, 54.217999999999996)	(33, 53.244899999999994)	(34, 54.3718)	(35, 54.1944)	(36, 53.405)	(37, 54.515499999999996)	(38, 54.298)	(39, 53.3503)	(40, 54.3815)	(41, 54.2991)	(42, 53.3473)	(43, 54.4239)	(44, 54.11129999999999)	(45, 53.3069)	(46, 54.4536)	(47, 54.1156)	(48, 53.1686)	(49, 54.4051)	(50, 54.1212)	(51, 53.127100000000006)	(52, 54.3334)	(53, 54.018600000000006)	(54, 53.175799999999995)	(55, 54.2604)	(56, 53.9637)	(57, 53.207300000000004)	(58, 54.229499999999994)	(59, 54.13719999999999)	(60, 53.1447)	(61, 54.1967)	(62, 53.9806)	(63, 53.1302)	(64, 54.1107)	(65, 53.959199999999996)	(66, 53.05839999999999)	(67, 53.9918)	(68, 53.944199999999995)	(69, 52.9366)	(70, 53.994)	(71, 53.8824)	(72, 52.9574)	(73, 53.992399999999996)	(74, 53.82130000000001)	(75, 53.0011)	(76, 53.8893)	(77, 53.74870000000001)	(78, 52.666500000000006)	(79, 53.849199999999996)	(80, 53.6505)	(81, 52.727500000000006)	(82, 53.6489)	(83, 53.6226)	(84, 52.688100000000006)	(85, 53.630599999999994)	(86, 53.5098)	(87, 52.7331)	(88, 53.5598)	(89, 53.510999999999996)	(90, 52.71360000000001)	(91, 53.624)	(92, 53.5)	(93, 52.7653)	(94, 53.5573)	(95, 53.464)	(96, 52.7089)	(97, 53.577200000000005)	(98, 53.4397)	(99, 52.5914)	(100, 53.465799999999994)	(101, 53.3853)	(102, 52.705)	(103, 53.39319999999999)	(104, 53.312000000000005)	(105, 52.6104)	(106, 53.49549999999999)	(107, 53.3741)	(108, 52.711)	(109, 53.4767)	(110, 53.285199999999996)	(111, 52.711)	(112, 53.3454)	(113, 53.3331)	(114, 52.688500000000005)	(115, 53.33560000000001)	(116, 53.288500000000006)	(117, 52.72)	(118, 53.25)	(119, 53.1389)	(120, 52.4659)	(121, 53.1208)	(122, 52.9703)	(123, 52.43879999999999)	(124, 53.014700000000005)	(125, 52.880799999999994)	(126, 52.336000000000006)	(127, 52.802899999999994)	(128, 52.633300000000006)	(129, 52.1111)	(130, 52.5948)	(131, 52.3147)	(132, 51.8689)	(133, 52.2374)	(134, 52.115500000000004)	(135, 51.667300000000004)	(136, 51.9142)	(137, 51.9042)	(138, 51.44840000000001)	(139, 51.69669999999999)	(140, 51.5297)	(141, 51.2763)	(142, 51.426)	(143, 51.50130000000001)	(144, 51.0707)	(145, 51.3132)	(146, 51.220699999999994)	(147, 50.925200000000004)	(148, 51.1965)	(149, 51.1995)	(150, 50.9313)	(151, 51.8857)
reports | SRR30333756	(1, 71.4733)	(2, 50.4158)	(3, 53.2129)	(4, 52.1931)	(5, 51.99589999999999)	(6, 49.4764)	(7, 51.0328)	(8, 55.455600000000004)	(9, 52.9755)	(10, 49.3839)	(11, 58.7051)	(12, 56.8222)	(13, 55.175200000000004)	(14, 53.405899999999995)	(15, 53.1797)	(16, 54.9091)	(17, 54.5488)	(18, 53.3586)	(19, 54.571400000000004)	(20, 54.305499999999995)	(21, 53.25919999999999)	(22, 54.084900000000005)	(23, 53.918299999999995)	(24, 53.0299)	(25, 54.360600000000005)	(26, 54.202799999999996)	(27, 53.122899999999994)	(28, 54.39770000000001)	(29, 54.169500000000006)	(30, 53.217000000000006)	(31, 54.286500000000004)	(32, 53.9584)	(33, 52.9663)	(34, 54.0949)	(35, 53.953399999999995)	(36, 53.1317)	(37, 54.249700000000004)	(38, 54.0261)	(39, 53.089299999999994)	(40, 54.1361)	(41, 54.0438)	(42, 53.0732)	(43, 54.1691)	(44, 53.8532)	(45, 53.083499999999994)	(46, 54.1928)	(47, 53.8969)	(48, 52.9776)	(49, 54.2243)	(50, 53.9295)	(51, 52.9305)	(52, 54.1355)	(53, 53.8305)	(54, 52.963499999999996)	(55, 54.0641)	(56, 53.7601)	(57, 52.973000000000006)	(58, 54.016200000000005)	(59, 53.9289)	(60, 52.95140000000001)	(61, 54.012899999999995)	(62, 53.805400000000006)	(63, 52.9147)	(64, 53.9435)	(65, 53.7522)	(66, 52.8603)	(67, 53.823600000000006)	(68, 53.7567)	(69, 52.7937)	(70, 53.8744)	(71, 53.7293)	(72, 52.8205)	(73, 53.853300000000004)	(74, 53.667500000000004)	(75, 52.854800000000004)	(76, 53.7548)	(77, 53.6042)	(78, 52.519800000000004)	(79, 53.7451)	(80, 53.5176)	(81, 52.581199999999995)	(82, 53.5918)	(83, 53.5044)	(84, 52.584900000000005)	(85, 53.5822)	(86, 53.420500000000004)	(87, 52.599799999999995)	(88, 53.508199999999995)	(89, 53.4327)	(90, 52.575300000000006)	(91, 53.551300000000005)	(92, 53.4253)	(93, 52.644000000000005)	(94, 53.473000000000006)	(95, 53.356)	(96, 52.5255)	(97, 53.5002)	(98, 53.319700000000005)	(99, 52.4827)	(100, 53.3867)	(101, 53.2829)	(102, 52.564299999999996)	(103, 53.3582)	(104, 53.2504)	(105, 52.47730000000001)	(106, 53.466800000000006)	(107, 53.3123)	(108, 52.5869)	(109, 53.4882)	(110, 53.3051)	(111, 52.6023)	(112, 53.4266)	(113, 53.350500000000004)	(114, 52.6298)	(115, 53.4588)	(116, 53.3641)	(117, 52.7718)	(118, 53.5126)	(119, 53.383199999999995)	(120, 52.6524)	(121, 53.5493)	(122, 53.4002)	(123, 52.80820000000001)	(124, 53.6261)	(125, 53.50899999999999)	(126, 52.905)	(127, 53.6562)	(128, 53.5069)	(129, 52.9594)	(130, 53.7187)	(131, 53.489399999999996)	(132, 53.03790000000001)	(133, 53.729800000000004)	(134, 53.662200000000006)	(135, 53.1534)	(136, 53.723699999999994)	(137, 53.6903)	(138, 53.2505)	(139, 53.7475)	(140, 53.6494)	(141, 53.3147)	(142, 53.69969999999999)	(143, 53.8444)	(144, 53.3408)	(145, 53.905499999999996)	(146, 53.7632)	(147, 53.4429)	(148, 53.9474)	(149, 53.9436)	(150, 53.5327)	(151, 54.014700000000005)
reports | SRR30333757	(1, 70.05940000000001)	(2, 45.5407)	(3, 49.2359)	(4, 47.1766)	(5, 47.237899999999996)	(6, 44.333099999999995)	(7, 46.5071)	(8, 50.5884)	(9, 48.6923)	(10, 44.2616)	(11, 55.026799999999994)	(12, 54.26990000000001)	(13, 52.1652)	(14, 48.9071)	(15, 48.9232)	(16, 50.6667)	(17, 50.3492)	(18, 49.2861)	(19, 50.4673)	(20, 50.2387)	(21, 49.2718)	(22, 50.0148)	(23, 49.6188)	(24, 48.8527)	(25, 50.048)	(26, 49.8419)	(27, 48.9527)	(28, 50.07430000000001)	(29, 49.8305)	(30, 49.0142)	(31, 49.932)	(32, 49.6)	(33, 48.803200000000004)	(34, 49.9211)	(35, 49.6959)	(36, 48.9061)	(37, 49.8609)	(38, 49.6639)	(39, 48.8602)	(40, 49.8301)	(41, 49.6514)	(42, 48.8215)	(43, 49.8196)	(44, 49.5743)	(45, 48.8852)	(46, 49.873400000000004)	(47, 49.5897)	(48, 48.7866)	(49, 49.8837)	(50, 49.6402)	(51, 48.8896)	(52, 49.8892)	(53, 49.5956)	(54, 48.7728)	(55, 49.7658)	(56, 49.492599999999996)	(57, 48.882799999999996)	(58, 49.6913)	(59, 49.7009)	(60, 48.7921)	(61, 49.750699999999995)	(62, 49.5086)	(63, 48.7457)	(64, 49.715399999999995)	(65, 49.5094)	(66, 48.7052)	(67, 49.5902)	(68, 49.4735)	(69, 48.6632)	(70, 49.6574)	(71, 49.4629)	(72, 48.723)	(73, 49.6866)	(74, 49.5229)	(75, 48.737399999999994)	(76, 49.5448)	(77, 49.4148)	(78, 48.6195)	(79, 49.5732)	(80, 49.4101)	(81, 48.6461)	(82, 49.5439)	(83, 49.3346)	(84, 48.7129)	(85, 49.5473)	(86, 49.3758)	(87, 48.6175)	(88, 49.5771)	(89, 49.3954)	(90, 48.6708)	(91, 49.513200000000005)	(92, 49.43)	(93, 48.8196)	(94, 49.5326)	(95, 49.384299999999996)	(96, 48.739900000000006)	(97, 49.5376)	(98, 49.4218)	(99, 48.6378)	(100, 49.5017)	(101, 49.4355)	(102, 48.7873)	(103, 49.6541)	(104, 49.5068)	(105, 48.768899999999995)	(106, 49.6427)	(107, 49.483700000000006)	(108, 48.911100000000005)	(109, 49.7859)	(110, 49.613099999999996)	(111, 49.0325)	(112, 49.765)	(113, 49.6451)	(114, 49.0448)	(115, 49.808)	(116, 49.772800000000004)	(117, 49.275600000000004)	(118, 49.9151)	(119, 49.8645)	(120, 49.2307)	(121, 50.051500000000004)	(122, 49.9649)	(123, 49.4014)	(124, 50.151900000000005)	(125, 50.077799999999996)	(126, 49.5181)	(127, 50.238400000000006)	(128, 50.114000000000004)	(129, 49.5824)	(130, 50.3631)	(131, 50.2777)	(132, 49.7115)	(133, 50.3957)	(134, 50.314099999999996)	(135, 49.8215)	(136, 50.4861)	(137, 50.338300000000004)	(138, 49.918099999999995)	(139, 50.4506)	(140, 50.3909)	(141, 49.9685)	(142, 50.5317)	(143, 50.5187)	(144, 50.004400000000004)	(145, 50.6548)	(146, 50.5513)	(147, 50.0888)	(148, 50.62)	(149, 50.59289999999999)	(150, 50.153000000000006)	(151, 50.8166)
reports | SRR30333758	(1, 71.161)	(2, 45.3434)	(3, 49.0128)	(4, 47.9608)	(5, 47.986000000000004)	(6, 45.150600000000004)	(7, 46.8575)	(8, 50.9779)	(9, 49.2091)	(10, 44.792100000000005)	(11, 54.8182)	(12, 53.365399999999994)	(13, 51.493)	(14, 49.4297)	(15, 49.3718)	(16, 51.0498)	(17, 50.7725)	(18, 49.6397)	(19, 50.876)	(20, 50.6355)	(21, 49.5765)	(22, 50.33)	(23, 49.9876)	(24, 49.2361)	(25, 50.449600000000004)	(26, 50.230799999999995)	(27, 49.2572)	(28, 50.3513)	(29, 50.153000000000006)	(30, 49.315999999999995)	(31, 50.2347)	(32, 49.9305)	(33, 49.0993)	(34, 50.2533)	(35, 50.040600000000005)	(36, 49.2106)	(37, 50.137)	(38, 49.96)	(39, 49.1162)	(40, 50.0678)	(41, 49.920700000000004)	(42, 49.0789)	(43, 50.0548)	(44, 49.8431)	(45, 49.1188)	(46, 50.153400000000005)	(47, 49.851800000000004)	(48, 48.992799999999995)	(49, 50.1541)	(50, 49.9234)	(51, 49.1342)	(52, 50.177499999999995)	(53, 49.858200000000004)	(54, 48.992799999999995)	(55, 49.9753)	(56, 49.7637)	(57, 49.094500000000004)	(58, 49.926500000000004)	(59, 49.9774)	(60, 49.0039)	(61, 49.967800000000004)	(62, 49.756699999999995)	(63, 48.977399999999996)	(64, 50.0028)	(65, 49.7964)	(66, 48.960100000000004)	(67, 49.8332)	(68, 49.748599999999996)	(69, 48.891)	(70, 49.9032)	(71, 49.74)	(72, 48.96)	(73, 49.9461)	(74, 49.7943)	(75, 48.9875)	(76, 49.7724)	(77, 49.7007)	(78, 48.8414)	(79, 49.8131)	(80, 49.7088)	(81, 48.8783)	(82, 49.8014)	(83, 49.589)	(84, 48.946600000000004)	(85, 49.8101)	(86, 49.6236)	(87, 48.8403)	(88, 49.8022)	(89, 49.6668)	(90, 48.918)	(91, 49.7584)	(92, 49.668099999999995)	(93, 49.087199999999996)	(94, 49.8126)	(95, 49.6409)	(96, 48.9533)	(97, 49.7881)	(98, 49.7006)	(99, 48.89)	(100, 49.7473)	(101, 49.6896)	(102, 49.0282)	(103, 49.8758)	(104, 49.755)	(105, 48.978699999999996)	(106, 49.8981)	(107, 49.748799999999996)	(108, 49.0893)	(109, 49.9978)	(110, 49.8554)	(111, 49.242200000000004)	(112, 49.9915)	(113, 49.8679)	(114, 49.1912)	(115, 50.0146)	(116, 49.9899)	(117, 49.418)	(118, 50.0621)	(119, 50.023799999999994)	(120, 49.2719)	(121, 50.185)	(122, 50.0683)	(123, 49.4741)	(124, 50.200100000000006)	(125, 50.172700000000006)	(126, 49.5371)	(127, 50.293)	(128, 50.144200000000005)	(129, 49.5374)	(130, 50.32)	(131, 50.255399999999995)	(132, 49.6293)	(133, 50.2984)	(134, 50.2302)	(135, 49.691)	(136, 50.331)	(137, 50.2306)	(138, 49.716300000000004)	(139, 50.297599999999996)	(140, 50.2382)	(141, 49.714000000000006)	(142, 50.3335)	(143, 50.3216)	(144, 49.7527)	(145, 50.429199999999994)	(146, 50.3257)	(147, 49.857600000000005)	(148, 50.3965)	(149, 50.4123)	(150, 49.8969)	(151, 50.605500000000006)
reports | SRR30333759	(1, 69.23479999999999)	(2, 44.6231)	(3, 48.3645)	(4, 46.586800000000004)	(5, 46.6513)	(6, 43.682700000000004)	(7, 45.8482)	(8, 49.9277)	(9, 48.0028)	(10, 43.6278)	(11, 54.501)	(12, 53.7771)	(13, 51.64339999999999)	(14, 48.464200000000005)	(15, 48.4247)	(16, 50.144800000000004)	(17, 49.8855)	(18, 48.8051)	(19, 49.9701)	(20, 49.7421)	(21, 48.762699999999995)	(22, 49.4707)	(23, 49.081399999999995)	(24, 48.3105)	(25, 49.481)	(26, 49.3234)	(27, 48.4618)	(28, 49.516799999999996)	(29, 49.3188)	(30, 48.5197)	(31, 49.3656)	(32, 49.0897)	(33, 48.315599999999996)	(34, 49.4036)	(35, 49.2132)	(36, 48.409600000000005)	(37, 49.2605)	(38, 49.1636)	(39, 48.328900000000004)	(40, 49.2697)	(41, 49.1445)	(42, 48.301300000000005)	(43, 49.2375)	(44, 49.0841)	(45, 48.417)	(46, 49.3429)	(47, 49.082)	(48, 48.2935)	(49, 49.3327)	(50, 49.1775)	(51, 48.3902)	(52, 49.3384)	(53, 49.1285)	(54, 48.2651)	(55, 49.2267)	(56, 49.0222)	(57, 48.402699999999996)	(58, 49.1164)	(59, 49.210300000000004)	(60, 48.2896)	(61, 49.2185)	(62, 49.012299999999996)	(63, 48.2443)	(64, 49.1698)	(65, 49.0417)	(66, 48.2357)	(67, 49.0235)	(68, 48.9809)	(69, 48.1582)	(70, 49.1235)	(71, 48.942099999999996)	(72, 48.2605)	(73, 49.1433)	(74, 49.0464)	(75, 48.2342)	(76, 48.9869)	(77, 48.9443)	(78, 48.1256)	(79, 49.0163)	(80, 48.9521)	(81, 48.1557)	(82, 48.986200000000004)	(83, 48.837399999999995)	(84, 48.2175)	(85, 48.9967)	(86, 48.8994)	(87, 48.154799999999994)	(88, 49.0272)	(89, 48.917100000000005)	(90, 48.1985)	(91, 48.9323)	(92, 48.9237)	(93, 48.370400000000004)	(94, 48.9825)	(95, 48.8877)	(96, 48.223)	(97, 48.9808)	(98, 48.937799999999996)	(99, 48.168499999999995)	(100, 48.9592)	(101, 48.9117)	(102, 48.3495)	(103, 49.128699999999995)	(104, 49.038399999999996)	(105, 48.294)	(106, 49.1096)	(107, 48.997099999999996)	(108, 48.4172)	(109, 49.255700000000004)	(110, 49.1338)	(111, 48.559799999999996)	(112, 49.2466)	(113, 49.1834)	(114, 48.5387)	(115, 49.254599999999996)	(116, 49.3267)	(117, 48.800900000000006)	(118, 49.3901)	(119, 49.385)	(120, 48.7397)	(121, 49.5616)	(122, 49.505700000000004)	(123, 48.940400000000004)	(124, 49.641400000000004)	(125, 49.605)	(126, 49.059000000000005)	(127, 49.7156)	(128, 49.6271)	(129, 49.1096)	(130, 49.8633)	(131, 49.818400000000004)	(132, 49.2505)	(133, 49.8651)	(134, 49.845600000000005)	(135, 49.3206)	(136, 49.9572)	(137, 49.8615)	(138, 49.417899999999996)	(139, 49.93)	(140, 49.9255)	(141, 49.4979)	(142, 50.043000000000006)	(143, 50.074200000000005)	(144, 49.5539)	(145, 50.1777)	(146, 50.096799999999995)	(147, 49.6766)	(148, 50.159200000000006)	(149, 50.1725)	(150, 49.7464)	(151, 50.397800000000004)
reports | SRR30333760	(1, 69.5515)	(2, 45.391)	(3, 49.1348)	(4, 47.3161)	(5, 47.3218)	(6, 44.366)	(7, 46.571)	(8, 50.544500000000006)	(9, 48.591)	(10, 44.25)	(11, 55.061800000000005)	(12, 54.260799999999996)	(13, 52.2226)	(14, 49.0017)	(15, 48.9352)	(16, 50.706700000000005)	(17, 50.442600000000006)	(18, 49.3183)	(19, 50.5023)	(20, 50.3004)	(21, 49.3003)	(22, 50.0418)	(23, 49.670199999999994)	(24, 48.856300000000005)	(25, 50.061699999999995)	(26, 49.893100000000004)	(27, 48.9833)	(28, 50.1111)	(29, 49.9298)	(30, 49.0622)	(31, 49.988)	(32, 49.660199999999996)	(33, 48.8346)	(34, 49.966699999999996)	(35, 49.7699)	(36, 48.9442)	(37, 49.8791)	(38, 49.7461)	(39, 48.896499999999996)	(40, 49.8621)	(41, 49.7167)	(42, 48.857299999999995)	(43, 49.8358)	(44, 49.6522)	(45, 48.908699999999996)	(46, 49.9152)	(47, 49.6478)	(48, 48.8206)	(49, 49.8926)	(50, 49.708200000000005)	(51, 48.9142)	(52, 49.9208)	(53, 49.6704)	(54, 48.7889)	(55, 49.7786)	(56, 49.5506)	(57, 48.874)	(58, 49.722300000000004)	(59, 49.7382)	(60, 48.7941)	(61, 49.7619)	(62, 49.5745)	(63, 48.7542)	(64, 49.715900000000005)	(65, 49.5567)	(66, 48.6983)	(67, 49.6111)	(68, 49.525400000000005)	(69, 48.676199999999994)	(70, 49.6567)	(71, 49.5027)	(72, 48.727900000000005)	(73, 49.7155)	(74, 49.5635)	(75, 48.7337)	(76, 49.5428)	(77, 49.467800000000004)	(78, 48.6064)	(79, 49.5688)	(80, 49.4407)	(81, 48.6348)	(82, 49.519200000000005)	(83, 49.3641)	(84, 48.7012)	(85, 49.5165)	(86, 49.3884)	(87, 48.606300000000005)	(88, 49.5471)	(89, 49.4165)	(90, 48.6779)	(91, 49.493900000000004)	(92, 49.424600000000005)	(93, 48.808299999999996)	(94, 49.5259)	(95, 49.3793)	(96, 48.6953)	(97, 49.5087)	(98, 49.3947)	(99, 48.6177)	(100, 49.4743)	(101, 49.4204)	(102, 48.763400000000004)	(103, 49.5856)	(104, 49.499500000000005)	(105, 48.722500000000004)	(106, 49.6099)	(107, 49.476)	(108, 48.8529)	(109, 49.7363)	(110, 49.5798)	(111, 48.9587)	(112, 49.7095)	(113, 49.6476)	(114, 48.9745)	(115, 49.7525)	(116, 49.7397)	(117, 49.195299999999996)	(118, 49.8407)	(119, 49.8348)	(120, 49.16)	(121, 50.0014)	(122, 49.9317)	(123, 49.3616)	(124, 50.101099999999995)	(125, 50.03189999999999)	(126, 49.4691)	(127, 50.1836)	(128, 50.049)	(129, 49.5352)	(130, 50.29860000000001)	(131, 50.2392)	(132, 49.6539)	(133, 50.332699999999996)	(134, 50.28979999999999)	(135, 49.7471)	(136, 50.4179)	(137, 50.32339999999999)	(138, 49.8551)	(139, 50.4185)	(140, 50.38890000000001)	(141, 49.925999999999995)	(142, 50.4895)	(143, 50.52799999999999)	(144, 49.972100000000005)	(145, 50.622299999999996)	(146, 50.5471)	(147, 50.095)	(148, 50.5977)	(149, 50.5953)	(150, 50.171600000000005)	(151, 50.8492)
reports | SRR30333761	(1, 68.6061)	(2, 46.8273)	(3, 49.5892)	(4, 48.2656)	(5, 47.741499999999995)	(6, 44.7808)	(7, 46.8327)	(8, 51.04880000000001)	(9, 49.0803)	(10, 44.4463)	(11, 55.41930000000001)	(12, 54.636700000000005)	(13, 52.4414)	(14, 49.1495)	(15, 49.1316)	(16, 50.81830000000001)	(17, 50.5078)	(18, 49.4275)	(19, 50.58669999999999)	(20, 50.4322)	(21, 49.478100000000005)	(22, 50.23570000000001)	(23, 49.8834)	(24, 49.1107)	(25, 50.259)	(26, 50.128099999999996)	(27, 49.2139)	(28, 50.2652)	(29, 50.1173)	(30, 49.2734)	(31, 50.09439999999999)	(32, 49.8227)	(33, 49.0104)	(34, 50.07939999999999)	(35, 49.9273)	(36, 49.111900000000006)	(37, 50.0068)	(38, 49.910199999999996)	(39, 49.083)	(40, 50.013799999999996)	(41, 49.9312)	(42, 49.062)	(43, 50.0019)	(44, 49.8473)	(45, 49.1494)	(46, 50.083200000000005)	(47, 49.8226)	(48, 49.006)	(49, 50.056)	(50, 49.895)	(51, 49.0896)	(52, 50.03999999999999)	(53, 49.8433)	(54, 48.983399999999996)	(55, 49.9477)	(56, 49.770199999999996)	(57, 49.1245)	(58, 49.8602)	(59, 49.9415)	(60, 49.0007)	(61, 49.9146)	(62, 49.778299999999994)	(63, 48.9632)	(64, 49.8804)	(65, 49.7665)	(66, 48.9296)	(67, 49.7342)	(68, 49.7262)	(69, 48.8729)	(70, 49.8251)	(71, 49.6785)	(72, 48.951499999999996)	(73, 49.832100000000004)	(74, 49.7657)	(75, 48.929)	(76, 49.7125)	(77, 49.6658)	(78, 48.824)	(79, 49.7339)	(80, 49.6502)	(81, 48.8574)	(82, 49.682700000000004)	(83, 49.5508)	(84, 48.9182)	(85, 49.6917)	(86, 49.5884)	(87, 48.858200000000004)	(88, 49.7244)	(89, 49.614599999999996)	(90, 48.8806)	(91, 49.662)	(92, 49.6485)	(93, 49.0398)	(94, 49.6906)	(95, 49.5928)	(96, 48.9567)	(97, 49.6909)	(98, 49.6495)	(99, 48.870999999999995)	(100, 49.6622)	(101, 49.6476)	(102, 49.0212)	(103, 49.7913)	(104, 49.7444)	(105, 49.0049)	(106, 49.8203)	(107, 49.7086)	(108, 49.1226)	(109, 49.954)	(110, 49.8493)	(111, 49.2705)	(112, 49.9211)	(113, 49.918800000000005)	(114, 49.264)	(115, 49.9604)	(116, 50.0363)	(117, 49.497600000000006)	(118, 50.06660000000001)	(119, 50.0956)	(120, 49.444300000000005)	(121, 50.199000000000005)	(122, 50.1706)	(123, 49.617)	(124, 50.2978)	(125, 50.2791)	(126, 49.7069)	(127, 50.3584)	(128, 50.2708)	(129, 49.7715)	(130, 50.455099999999995)	(131, 50.4461)	(132, 49.8817)	(133, 50.475)	(134, 50.4602)	(135, 49.9432)	(136, 50.5529)	(137, 50.46079999999999)	(138, 50.0244)	(139, 50.502199999999995)	(140, 50.485800000000005)	(141, 50.048700000000004)	(142, 50.5625)	(143, 50.611700000000006)	(144, 50.09479999999999)	(145, 50.674699999999994)	(146, 50.632)	(147, 50.1761)	(148, 50.6284)	(149, 50.6743)	(150, 50.25039999999999)	(151, 50.7806)
reports | SRR30333762	(1, 69.10979999999999)	(2, 45.6062)	(3, 48.979)	(4, 47.4445)	(5, 47.3453)	(6, 44.4233)	(7, 46.4031)	(8, 50.5068)	(9, 48.5145)	(10, 44.1179)	(11, 54.959)	(12, 54.164500000000004)	(13, 52.092400000000005)	(14, 48.8721)	(15, 48.8548)	(16, 50.5837)	(17, 50.296)	(18, 49.2043)	(19, 50.353300000000004)	(20, 50.1506)	(21, 49.195)	(22, 49.918800000000005)	(23, 49.573299999999996)	(24, 48.761900000000004)	(25, 49.9488)	(26, 49.7879)	(27, 48.876999999999995)	(28, 49.9578)	(29, 49.782700000000006)	(30, 48.9531)	(31, 49.835)	(32, 49.509)	(33, 48.7184)	(34, 49.8437)	(35, 49.6437)	(36, 48.823499999999996)	(37, 49.7014)	(38, 49.5955)	(39, 48.7612)	(40, 49.724000000000004)	(41, 49.5902)	(42, 48.735299999999995)	(43, 49.6954)	(44, 49.5325)	(45, 48.8317)	(46, 49.7867)	(47, 49.510799999999996)	(48, 48.7105)	(49, 49.7556)	(50, 49.6002)	(51, 48.8064)	(52, 49.7823)	(53, 49.5449)	(54, 48.6871)	(55, 49.6631)	(56, 49.4434)	(57, 48.7948)	(58, 49.5454)	(59, 49.6318)	(60, 48.687999999999995)	(61, 49.6307)	(62, 49.4549)	(63, 48.615199999999994)	(64, 49.5928)	(65, 49.4564)	(66, 48.6178)	(67, 49.4499)	(68, 49.3848)	(69, 48.5759)	(70, 49.5323)	(71, 49.363099999999996)	(72, 48.6645)	(73, 49.5763)	(74, 49.463)	(75, 48.6352)	(76, 49.4079)	(77, 49.3594)	(78, 48.5205)	(79, 49.4514)	(80, 49.3276)	(81, 48.5572)	(82, 49.3923)	(83, 49.2485)	(84, 48.6057)	(85, 49.4114)	(86, 49.3087)	(87, 48.5383)	(88, 49.4238)	(89, 49.3087)	(90, 48.5653)	(91, 49.368)	(92, 49.327)	(93, 48.7589)	(94, 49.397600000000004)	(95, 49.2855)	(96, 48.5903)	(97, 49.4072)	(98, 49.3204)	(99, 48.5482)	(100, 49.3496)	(101, 49.3089)	(102, 48.716100000000004)	(103, 49.5026)	(104, 49.446600000000004)	(105, 48.653999999999996)	(106, 49.5025)	(107, 49.3872)	(108, 48.810500000000005)	(109, 49.660399999999996)	(110, 49.5139)	(111, 48.9486)	(112, 49.6261)	(113, 49.584)	(114, 48.9235)	(115, 49.6513)	(116, 49.699)	(117, 49.1862)	(118, 49.7864)	(119, 49.7868)	(120, 49.1298)	(121, 49.9548)	(122, 49.899300000000004)	(123, 49.3281)	(124, 50.05309999999999)	(125, 50.0097)	(126, 49.4484)	(127, 50.099700000000006)	(128, 50.0244)	(129, 49.5233)	(130, 50.2219)	(131, 50.212599999999995)	(132, 49.6254)	(133, 50.276399999999995)	(134, 50.2315)	(135, 49.7348)	(136, 50.3394)	(137, 50.2622)	(138, 49.8095)	(139, 50.3276)	(140, 50.3174)	(141, 49.8772)	(142, 50.41139999999999)	(143, 50.4461)	(144, 49.8952)	(145, 50.5419)	(146, 50.4807)	(147, 50.029599999999995)	(148, 50.4846)	(149, 50.5167)	(150, 50.0561)	(151, 50.70590000000001)
reports | SRR30333763	(1, 69.1119)	(2, 46.300000000000004)	(3, 49.3807)	(4, 47.7351)	(5, 47.545700000000004)	(6, 44.5571)	(7, 46.7297)	(8, 50.882400000000004)	(9, 48.940400000000004)	(10, 44.3414)	(11, 55.1951)	(12, 54.3949)	(13, 52.261100000000006)	(14, 48.9698)	(15, 48.9638)	(16, 50.6854)	(17, 50.3251)	(18, 49.254999999999995)	(19, 50.442)	(20, 50.251900000000006)	(21, 49.3361)	(22, 50.0437)	(23, 49.676500000000004)	(24, 48.8735)	(25, 50.071799999999996)	(26, 49.911699999999996)	(27, 48.9755)	(28, 50.105599999999995)	(29, 49.8682)	(30, 49.0293)	(31, 49.9416)	(32, 49.601099999999995)	(33, 48.8192)	(34, 49.8941)	(35, 49.6814)	(36, 48.8961)	(37, 49.8126)	(38, 49.6648)	(39, 48.8408)	(40, 49.810700000000004)	(41, 49.6498)	(42, 48.816900000000004)	(43, 49.7983)	(44, 49.5902)	(45, 48.9007)	(46, 49.864599999999996)	(47, 49.564)	(48, 48.7686)	(49, 49.8476)	(50, 49.6437)	(51, 48.8538)	(52, 49.8408)	(53, 49.5826)	(54, 48.7484)	(55, 49.743300000000005)	(56, 49.5003)	(57, 48.8645)	(58, 49.647000000000006)	(59, 49.6782)	(60, 48.7727)	(61, 49.7076)	(62, 49.513200000000005)	(63, 48.7091)	(64, 49.6492)	(65, 49.5149)	(66, 48.6725)	(67, 49.5163)	(68, 49.471399999999996)	(69, 48.6249)	(70, 49.6156)	(71, 49.422399999999996)	(72, 48.727900000000005)	(73, 49.6591)	(74, 49.5158)	(75, 48.699799999999996)	(76, 49.508799999999994)	(77, 49.4083)	(78, 48.564099999999996)	(79, 49.5207)	(80, 49.3952)	(81, 48.6181)	(82, 49.4848)	(83, 49.2916)	(84, 48.6766)	(85, 49.4747)	(86, 49.3464)	(87, 48.6042)	(88, 49.5107)	(89, 49.3539)	(90, 48.6464)	(91, 49.4597)	(92, 49.3782)	(93, 48.8131)	(94, 49.4808)	(95, 49.3387)	(96, 48.6911)	(97, 49.464999999999996)	(98, 49.377700000000004)	(99, 48.652499999999996)	(100, 49.4388)	(101, 49.3929)	(102, 48.7866)	(103, 49.6165)	(104, 49.483)	(105, 48.769600000000004)	(106, 49.606899999999996)	(107, 49.4686)	(108, 48.9003)	(109, 49.7649)	(110, 49.5948)	(111, 49.0489)	(112, 49.7519)	(113, 49.6862)	(114, 49.0462)	(115, 49.8008)	(116, 49.8291)	(117, 49.2994)	(118, 49.9112)	(119, 49.8839)	(120, 49.247800000000005)	(121, 50.0839)	(122, 50.0143)	(123, 49.4682)	(124, 50.179899999999996)	(125, 50.123)	(126, 49.5721)	(127, 50.2695)	(128, 50.1244)	(129, 49.6331)	(130, 50.3645)	(131, 50.2921)	(132, 49.756099999999996)	(133, 50.3868)	(134, 50.3479)	(135, 49.839800000000004)	(136, 50.484300000000005)	(137, 50.3788)	(138, 49.927899999999994)	(139, 50.4476)	(140, 50.415)	(141, 50.008399999999995)	(142, 50.5443)	(143, 50.555499999999995)	(144, 50.0528)	(145, 50.683299999999996)	(146, 50.5842)	(147, 50.17700000000001)	(148, 50.6293)	(149, 50.6481)	(150, 50.2259)	(151, 50.8945)
reports | SRR30333764	(1, 68.5433)	(2, 46.441)	(3, 49.448)	(4, 47.9563)	(5, 47.6169)	(6, 44.6063)	(7, 46.7696)	(8, 51.0869)	(9, 49.1108)	(10, 44.4241)	(11, 55.4257)	(12, 54.6103)	(13, 52.3328)	(14, 49.052099999999996)	(15, 49.0984)	(16, 50.759)	(17, 50.39209999999999)	(18, 49.343599999999995)	(19, 50.5325)	(20, 50.366699999999994)	(21, 49.4542)	(22, 50.1927)	(23, 49.839800000000004)	(24, 49.0567)	(25, 50.22259999999999)	(26, 50.0783)	(27, 49.165)	(28, 50.2076)	(29, 50.029199999999996)	(30, 49.196400000000004)	(31, 50.05929999999999)	(32, 49.7672)	(33, 48.9887)	(34, 50.0052)	(35, 49.8469)	(36, 49.0695)	(37, 49.9454)	(38, 49.8192)	(39, 49.0287)	(40, 49.9662)	(41, 49.8339)	(42, 49.0082)	(43, 49.941)	(44, 49.7929)	(45, 49.0709)	(46, 49.9902)	(47, 49.7513)	(48, 48.929899999999996)	(49, 49.9915)	(50, 49.827799999999996)	(51, 49.0317)	(52, 49.9792)	(53, 49.7603)	(54, 48.9099)	(55, 49.8723)	(56, 49.686)	(57, 49.0556)	(58, 49.813)	(59, 49.8671)	(60, 48.964999999999996)	(61, 49.8544)	(62, 49.6783)	(63, 48.889700000000005)	(64, 49.8222)	(65, 49.686)	(66, 48.865199999999994)	(67, 49.6712)	(68, 49.647000000000006)	(69, 48.8015)	(70, 49.756499999999996)	(71, 49.5886)	(72, 48.8826)	(73, 49.7812)	(74, 49.6632)	(75, 48.863800000000005)	(76, 49.6763)	(77, 49.581599999999995)	(78, 48.7408)	(79, 49.6616)	(80, 49.5498)	(81, 48.7817)	(82, 49.628299999999996)	(83, 49.4649)	(84, 48.8419)	(85, 49.6067)	(86, 49.5012)	(87, 48.7645)	(88, 49.6476)	(89, 49.5251)	(90, 48.809799999999996)	(91, 49.5962)	(92, 49.547799999999995)	(93, 48.9675)	(94, 49.6151)	(95, 49.5011)	(96, 48.849900000000005)	(97, 49.6041)	(98, 49.5508)	(99, 48.776799999999994)	(100, 49.5789)	(101, 49.5419)	(102, 48.9233)	(103, 49.7056)	(104, 49.5969)	(105, 48.903200000000005)	(106, 49.7126)	(107, 49.5942)	(108, 49.0294)	(109, 49.8317)	(110, 49.7258)	(111, 49.149100000000004)	(112, 49.8146)	(113, 49.7842)	(114, 49.1473)	(115, 49.872699999999995)	(116, 49.9155)	(117, 49.3707)	(118, 49.967299999999994)	(119, 49.9508)	(120, 49.3145)	(121, 50.11)	(122, 50.0576)	(123, 49.498799999999996)	(124, 50.2047)	(125, 50.1542)	(126, 49.6061)	(127, 50.28)	(128, 50.145399999999995)	(129, 49.6582)	(130, 50.4001)	(131, 50.33879999999999)	(132, 49.7974)	(133, 50.41)	(134, 50.3887)	(135, 49.873)	(136, 50.4977)	(137, 50.428)	(138, 49.9586)	(139, 50.4517)	(140, 50.460899999999995)	(141, 50.0183)	(142, 50.541599999999995)	(143, 50.584399999999995)	(144, 50.0657)	(145, 50.6443)	(146, 50.6109)	(147, 50.198600000000006)	(148, 50.617900000000006)	(149, 50.644800000000004)	(150, 50.2579)	(151, 50.85809999999999)
reports | SRR30333765	(1, 68.9521)	(2, 46.672200000000004)	(3, 49.428)	(4, 48.0103)	(5, 47.6503)	(6, 44.7475)	(7, 46.8108)	(8, 51.005900000000004)	(9, 49.0131)	(10, 44.3681)	(11, 55.1376)	(12, 54.2768)	(13, 52.196200000000005)	(14, 49.0734)	(15, 49.0363)	(16, 50.7175)	(17, 50.4363)	(18, 49.3328)	(19, 50.5193)	(20, 50.3323)	(21, 49.350100000000005)	(22, 50.1192)	(23, 49.7649)	(24, 48.9746)	(25, 50.1628)	(26, 50.0082)	(27, 49.1028)	(28, 50.180800000000005)	(29, 49.9802)	(30, 49.1295)	(31, 49.982)	(32, 49.7027)	(33, 48.8862)	(34, 49.9643)	(35, 49.803)	(36, 48.9979)	(37, 49.9184)	(38, 49.7948)	(39, 48.9431)	(40, 49.9055)	(41, 49.7654)	(42, 48.914)	(43, 49.886599999999994)	(44, 49.7066)	(45, 48.9754)	(46, 49.952000000000005)	(47, 49.6867)	(48, 48.876999999999995)	(49, 49.939499999999995)	(50, 49.7653)	(51, 48.963)	(52, 49.9131)	(53, 49.7049)	(54, 48.8353)	(55, 49.8193)	(56, 49.6045)	(57, 48.9427)	(58, 49.746)	(59, 49.810500000000005)	(60, 48.8649)	(61, 49.808099999999996)	(62, 49.6244)	(63, 48.8204)	(64, 49.7573)	(65, 49.5959)	(66, 48.7716)	(67, 49.6161)	(68, 49.582)	(69, 48.7406)	(70, 49.7074)	(71, 49.5662)	(72, 48.7954)	(73, 49.737700000000004)	(74, 49.6068)	(75, 48.7789)	(76, 49.595800000000004)	(77, 49.5429)	(78, 48.673)	(79, 49.6286)	(80, 49.5128)	(81, 48.747)	(82, 49.5678)	(83, 49.4293)	(84, 48.7655)	(85, 49.5767)	(86, 49.464000000000006)	(87, 48.7112)	(88, 49.592999999999996)	(89, 49.504799999999996)	(90, 48.7523)	(91, 49.567)	(92, 49.5327)	(93, 48.8941)	(94, 49.5712)	(95, 49.462)	(96, 48.7975)	(97, 49.5688)	(98, 49.5235)	(99, 48.737)	(100, 49.532399999999996)	(101, 49.5138)	(102, 48.8654)	(103, 49.6764)	(104, 49.594)	(105, 48.8438)	(106, 49.6757)	(107, 49.580200000000005)	(108, 48.974000000000004)	(109, 49.8154)	(110, 49.6908)	(111, 49.0995)	(112, 49.797000000000004)	(113, 49.7403)	(114, 49.085)	(115, 49.8301)	(116, 49.8746)	(117, 49.3234)	(118, 49.9293)	(119, 49.9249)	(120, 49.2503)	(121, 50.07)	(122, 50.0268)	(123, 49.4589)	(124, 50.1667)	(125, 50.1074)	(126, 49.5446)	(127, 50.2293)	(128, 50.1287)	(129, 49.6094)	(130, 50.346199999999996)	(131, 50.296)	(132, 49.7372)	(133, 50.368100000000005)	(134, 50.3279)	(135, 49.810300000000005)	(136, 50.461999999999996)	(137, 50.341899999999995)	(138, 49.8897)	(139, 50.3977)	(140, 50.3827)	(141, 49.9458)	(142, 50.4813)	(143, 50.497800000000005)	(144, 49.9779)	(145, 50.589)	(146, 50.517100000000006)	(147, 50.077799999999996)	(148, 50.5745)	(149, 50.551199999999994)	(150, 50.1466)	(151, 50.7566)
reports | SRR30333766	(1, 68.446)	(2, 46.8389)	(3, 49.6528)	(4, 48.329699999999995)	(5, 47.674299999999995)	(6, 44.723)	(7, 46.7837)	(8, 51.09160000000001)	(9, 49.0997)	(10, 44.3189)	(11, 55.3096)	(12, 54.5118)	(13, 52.231700000000004)	(14, 48.8763)	(15, 48.9247)	(16, 50.585800000000006)	(17, 50.21790000000001)	(18, 49.1798)	(19, 50.3756)	(20, 50.1726)	(21, 49.2539)	(22, 49.9971)	(23, 49.6512)	(24, 48.885)	(25, 50.0312)	(26, 49.863)	(27, 48.989)	(28, 50.0413)	(29, 49.8525)	(30, 49.0365)	(31, 49.8539)	(32, 49.5473)	(33, 48.786)	(34, 49.8315)	(35, 49.6526)	(36, 48.8822)	(37, 49.748799999999996)	(38, 49.6257)	(39, 48.8212)	(40, 49.7604)	(41, 49.6385)	(42, 48.8058)	(43, 49.7519)	(44, 49.5831)	(45, 48.885600000000004)	(46, 49.8143)	(47, 49.5175)	(48, 48.7532)	(49, 49.7785)	(50, 49.6238)	(51, 48.8177)	(52, 49.7658)	(53, 49.5568)	(54, 48.6943)	(55, 49.681)	(56, 49.466100000000004)	(57, 48.8535)	(58, 49.5929)	(59, 49.6346)	(60, 48.761900000000004)	(61, 49.6278)	(62, 49.4724)	(63, 48.6698)	(64, 49.5873)	(65, 49.4542)	(66, 48.6438)	(67, 49.439699999999995)	(68, 49.3767)	(69, 48.5901)	(70, 49.5373)	(71, 49.364200000000004)	(72, 48.6833)	(73, 49.5651)	(74, 49.4542)	(75, 48.6357)	(76, 49.4127)	(77, 49.3531)	(78, 48.5251)	(79, 49.453)	(80, 49.3213)	(81, 48.577)	(82, 49.3771)	(83, 49.2347)	(84, 48.6344)	(85, 49.409)	(86, 49.2922)	(87, 48.5545)	(88, 49.4158)	(89, 49.2839)	(90, 48.572500000000005)	(91, 49.3589)	(92, 49.3326)	(93, 48.7719)	(94, 49.3995)	(95, 49.256)	(96, 48.6169)	(97, 49.377900000000004)	(98, 49.316500000000005)	(99, 48.5632)	(100, 49.3474)	(101, 49.3022)	(102, 48.7182)	(103, 49.486000000000004)	(104, 49.4062)	(105, 48.6855)	(106, 49.4914)	(107, 49.3602)	(108, 48.806)	(109, 49.636599999999994)	(110, 49.4927)	(111, 48.9442)	(112, 49.589800000000004)	(113, 49.5689)	(114, 48.9156)	(115, 49.643100000000004)	(116, 49.6946)	(117, 49.1598)	(118, 49.7292)	(119, 49.7577)	(120, 49.1121)	(121, 49.925000000000004)	(122, 49.861)	(123, 49.3155)	(124, 50.0208)	(125, 49.9556)	(126, 49.4261)	(127, 50.0839)	(128, 49.9767)	(129, 49.4884)	(130, 50.2028)	(131, 50.1702)	(132, 49.6024)	(133, 50.227900000000005)	(134, 50.216300000000004)	(135, 49.702400000000004)	(136, 50.326899999999995)	(137, 50.2278)	(138, 49.7967)	(139, 50.29749999999999)	(140, 50.2862)	(141, 49.8476)	(142, 50.415299999999995)	(143, 50.4583)	(144, 49.8956)	(145, 50.53189999999999)	(146, 50.4555)	(147, 50.0465)	(148, 50.475)	(149, 50.531400000000005)	(150, 50.0985)	(151, 50.768800000000006)
reports | SRR30333767	(1, 68.6291)	(2, 46.8044)	(3, 49.818400000000004)	(4, 48.3221)	(5, 47.8156)	(6, 44.8564)	(7, 46.882400000000004)	(8, 51.1837)	(9, 49.17)	(10, 44.5066)	(11, 55.4696)	(12, 54.683400000000006)	(13, 52.48930000000001)	(14, 49.0719)	(15, 49.128699999999995)	(16, 50.8132)	(17, 50.4663)	(18, 49.406099999999995)	(19, 50.5976)	(20, 50.383599999999994)	(21, 49.4497)	(22, 50.2192)	(23, 49.8426)	(24, 49.0498)	(25, 50.243300000000005)	(26, 50.076)	(27, 49.1867)	(28, 50.2432)	(29, 50.058400000000006)	(30, 49.228899999999996)	(31, 50.0918)	(32, 49.7658)	(33, 48.9879)	(34, 50.0523)	(35, 49.886)	(36, 49.0966)	(37, 50.0178)	(38, 49.879200000000004)	(39, 49.0438)	(40, 50.002500000000005)	(41, 49.862)	(42, 49.0104)	(43, 49.9901)	(44, 49.803799999999995)	(45, 49.0768)	(46, 50.0552)	(47, 49.7784)	(48, 48.9753)	(49, 50.0177)	(50, 49.8554)	(51, 49.0645)	(52, 50.011399999999995)	(53, 49.7947)	(54, 48.934)	(55, 49.905)	(56, 49.7116)	(57, 49.0484)	(58, 49.8401)	(59, 49.865300000000005)	(60, 48.9765)	(61, 49.890299999999996)	(62, 49.716)	(63, 48.9052)	(64, 49.838)	(65, 49.708000000000006)	(66, 48.8681)	(67, 49.6915)	(68, 49.6535)	(69, 48.8367)	(70, 49.7791)	(71, 49.6127)	(72, 48.9214)	(73, 49.8263)	(74, 49.6836)	(75, 48.878)	(76, 49.6824)	(77, 49.5828)	(78, 48.7742)	(79, 49.696200000000005)	(80, 49.58)	(81, 48.816199999999995)	(82, 49.652)	(83, 49.4962)	(84, 48.857800000000005)	(85, 49.6753)	(86, 49.5523)	(87, 48.7939)	(88, 49.6868)	(89, 49.5558)	(90, 48.84)	(91, 49.641999999999996)	(92, 49.5882)	(93, 48.981)	(94, 49.6689)	(95, 49.5388)	(96, 48.884899999999995)	(97, 49.653999999999996)	(98, 49.571)	(99, 48.8378)	(100, 49.601099999999995)	(101, 49.5706)	(102, 48.9618)	(103, 49.759100000000004)	(104, 49.675399999999996)	(105, 48.9514)	(106, 49.7753)	(107, 49.6507)	(108, 49.0659)	(109, 49.910900000000005)	(110, 49.7564)	(111, 49.2059)	(112, 49.8765)	(113, 49.8382)	(114, 49.1999)	(115, 49.9504)	(116, 49.9819)	(117, 49.436600000000006)	(118, 50.0495)	(119, 50.03959999999999)	(120, 49.406)	(121, 50.229)	(122, 50.17)	(123, 49.6359)	(124, 50.3362)	(125, 50.279399999999995)	(126, 49.7339)	(127, 50.40090000000001)	(128, 50.2993)	(129, 49.8)	(130, 50.5519)	(131, 50.482400000000005)	(132, 49.960100000000004)	(133, 50.5745)	(134, 50.552299999999995)	(135, 50.049299999999995)	(136, 50.676500000000004)	(137, 50.5911)	(138, 50.1422)	(139, 50.6648)	(140, 50.645799999999994)	(141, 50.2103)	(142, 50.7686)	(143, 50.7818)	(144, 50.264399999999995)	(145, 50.8724)	(146, 50.795100000000005)	(147, 50.382000000000005)	(148, 50.82790000000001)	(149, 50.8516)	(150, 50.44800000000001)	(151, 51.113699999999994)
reports | SRR30333768	(1, 70.0561)	(2, 45.982299999999995)	(3, 49.0002)	(4, 48.0518)	(5, 47.9448)	(6, 45.0098)	(7, 46.6758)	(8, 51.2041)	(9, 49.3882)	(10, 44.611200000000004)	(11, 54.839499999999994)	(12, 53.400999999999996)	(13, 51.447900000000004)	(14, 49.3136)	(15, 49.3166)	(16, 50.8796)	(17, 50.573800000000006)	(18, 49.4822)	(19, 50.71600000000001)	(20, 50.4976)	(21, 49.5232)	(22, 50.2256)	(23, 49.9379)	(24, 49.1714)	(25, 50.370000000000005)	(26, 50.1664)	(27, 49.2712)	(28, 50.3154)	(29, 50.1181)	(30, 49.2971)	(31, 50.1292)	(32, 49.8337)	(33, 49.067899999999995)	(34, 50.1726)	(35, 49.9904)	(36, 49.1843)	(37, 50.0417)	(38, 49.908)	(39, 49.0663)	(40, 49.9932)	(41, 49.891999999999996)	(42, 49.0346)	(43, 49.975)	(44, 49.8144)	(45, 49.1259)	(46, 50.0922)	(47, 49.7994)	(48, 48.9864)	(49, 50.050200000000004)	(50, 49.8853)	(51, 49.0895)	(52, 50.0611)	(53, 49.8071)	(54, 48.9664)	(55, 49.9312)	(56, 49.74)	(57, 49.0972)	(58, 49.8548)	(59, 49.9243)	(60, 48.9859)	(61, 49.8956)	(62, 49.723)	(63, 48.922399999999996)	(64, 49.882)	(65, 49.7701)	(66, 48.9481)	(67, 49.7396)	(68, 49.6785)	(69, 48.842)	(70, 49.8051)	(71, 49.6597)	(72, 48.983399999999996)	(73, 49.8401)	(74, 49.736799999999995)	(75, 48.9595)	(76, 49.6721)	(77, 49.6674)	(78, 48.7984)	(79, 49.744899999999994)	(80, 49.6319)	(81, 48.878899999999994)	(82, 49.7131)	(83, 49.5242)	(84, 48.9335)	(85, 49.7011)	(86, 49.5856)	(87, 48.8814)	(88, 49.7464)	(89, 49.646499999999996)	(90, 48.9328)	(91, 49.7165)	(92, 49.688300000000005)	(93, 49.1188)	(94, 49.7787)	(95, 49.6476)	(96, 48.981700000000004)	(97, 49.772)	(98, 49.717800000000004)	(99, 49.018)	(100, 49.7621)	(101, 49.7442)	(102, 49.1614)	(103, 49.927899999999994)	(104, 49.884)	(105, 49.1424)	(106, 49.9735)	(107, 49.878099999999996)	(108, 49.338)	(109, 50.1426)	(110, 50.0273)	(111, 49.5258)	(112, 50.134)	(113, 50.1027)	(114, 49.5103)	(115, 50.194399999999995)	(116, 50.25920000000001)	(117, 49.7496)	(118, 50.3055)	(119, 50.3136)	(120, 49.6822)	(121, 50.489200000000004)	(122, 50.438700000000004)	(123, 49.897999999999996)	(124, 50.5514)	(125, 50.5326)	(126, 49.986999999999995)	(127, 50.62649999999999)	(128, 50.5285)	(129, 50.0302)	(130, 50.709)	(131, 50.695)	(132, 50.167399999999994)	(133, 50.710699999999996)	(134, 50.694700000000005)	(135, 50.210699999999996)	(136, 50.7924)	(137, 50.670300000000005)	(138, 50.268)	(139, 50.6872)	(140, 50.680499999999995)	(141, 50.314499999999995)	(142, 50.7648)	(143, 50.8157)	(144, 50.3348)	(145, 50.8849)	(146, 50.83839999999999)	(147, 50.458800000000004)	(148, 50.8374)	(149, 50.869)	(150, 50.49979999999999)	(151, 51.1634)
