Sample	0	1	2	3	4	5	6	7	8	9	10	11	12	13	14	15	16	17	18	19	20	21	22	23	24	25	26	27	28	29	30	31	32	33	34	35	36	37
fastp | SRR30333743_1	(1, 38.36546467930557)	(2, 38.87302807957462)	(3, 38.85775595062101)	(4, 38.98242058390007)	(5, 38.94724425865603)	(6, 38.875857249415596)	(7, 38.910005239455536)	(8, 38.923905773469905)	(9, 38.91761648773875)	(10, 38.89732714742435)	(15, 39.234853397047075)	(20, 39.27494320485071)	(25, 39.07921726301067)	(30, 39.015895480204975)	(35, 39.008989006397634)	(40, 39.006660218699515)	(45, 39.04071446453768)	(50, 39.00735156331548)	(55, 38.9856985745738)	(60, 38.96538990552258)	(65, 38.943529204311425)	(70, 38.908755773993924)	(75, 38.88576799748115)	(80, 38.85081820632659)	(85, 38.80851157399434)	(90, 38.76952324421298)	(95, 38.73322753290408)	(100, 38.664103686452094)	(105, 38.67152196217991)	(110, 38.62788677278266)	(115, 38.60359659940063)	(120, 38.553299274452506)	(125, 38.56128254276872)	(130, 38.542083548472974)	(135, 38.50048002275949)	(140, 38.543879318468235)	(145, 38.66324744797878)	(150, 38.53394679413)
fastp | SRR30333743_2	(1, 38.558140989439174)	(2, 39.09806144683442)	(3, 39.21508566300422)	(4, 39.2442133969035)	(5, 39.21180414944497)	(6, 39.232730244819486)	(7, 39.260968391409996)	(8, 39.26759478955651)	(9, 39.295569178997184)	(10, 39.305967952124185)	(15, 39.34919247219024)	(20, 39.32769064937584)	(25, 39.18403591387984)	(30, 39.128754023657336)	(35, 39.12423965362573)	(40, 39.10833425527598)	(45, 39.08129581598379)	(50, 39.03387792762919)	(55, 39.05829095959283)	(60, 39.02971445782259)	(65, 38.99775931845814)	(70, 38.96713503081544)	(75, 38.91041864457631)	(80, 38.872066468479524)	(85, 38.86065856279865)	(90, 38.84263469171694)	(95, 38.815298668821654)	(100, 38.744088312054224)	(105, 38.724915884494834)	(110, 38.67663842984913)	(115, 38.65348851795788)	(120, 38.59620261491068)	(125, 38.560589468507985)	(130, 38.49940158419405)	(135, 38.472525050501055)	(140, 38.44308962236454)	(145, 38.53837227569413)	(150, 38.34901685570702)
fastp | SRR30333744_1	(1, 38.26764570247609)	(2, 38.788037965311844)	(3, 38.78871394495037)	(4, 38.9632874195874)	(5, 38.94823981443865)	(6, 38.898779818879234)	(7, 38.91382021663897)	(8, 38.95134785175392)	(9, 38.95883178415403)	(10, 38.9331020572482)	(15, 39.27920803005968)	(20, 39.31821554872067)	(25, 39.13915142083919)	(30, 39.08444465670821)	(35, 39.067867647375735)	(40, 39.06590590057416)	(45, 39.111719423646356)	(50, 39.08151410985544)	(55, 39.06020981212324)	(60, 39.044479076990385)	(65, 39.030293089145474)	(70, 39.00710196830488)	(75, 38.9905077914879)	(80, 38.96955204397689)	(85, 38.936018520304984)	(90, 38.907436452182424)	(95, 38.87792192082961)	(100, 38.813347338373624)	(105, 38.83830002383494)	(110, 38.80307521692311)	(115, 38.77958764863634)	(120, 38.732574041095006)	(125, 38.752854570393524)	(130, 38.725541540895755)	(135, 38.6964221306176)	(140, 38.74117189455903)	(145, 38.84394271618406)	(150, 38.716677990750924)
fastp | SRR30333744_2	(1, 38.41680036870615)	(2, 38.963108336628494)	(3, 39.09322291735781)	(4, 39.13745645411472)	(5, 39.13642377758034)	(6, 39.157281915483445)	(7, 39.17253633138069)	(8, 39.16766601859079)	(9, 39.21361482211946)	(10, 39.22047850590184)	(15, 39.27442292054375)	(20, 39.25331938252141)	(25, 39.08010270575254)	(30, 39.019713434102165)	(35, 39.02053198026325)	(40, 39.001281300232485)	(45, 38.98194546376321)	(50, 38.931630916501284)	(55, 38.96515203060177)	(60, 38.94207931044458)	(65, 38.91668232468514)	(70, 38.89035958676629)	(75, 38.83677001914979)	(80, 38.798546747871264)	(85, 38.789094791856215)	(90, 38.77912275144386)	(95, 38.7550471144897)	(100, 38.68572964460343)	(105, 38.67886799923359)	(110, 38.637022873065554)	(115, 38.621151108783984)	(120, 38.57450881074464)	(125, 38.55599638364721)	(130, 38.49573773726844)	(135, 38.478511769047074)	(140, 38.45253205793741)	(145, 38.545103827176625)	(150, 38.377221673821374)
fastp | SRR30333745_1	(1, 38.349456332611254)	(2, 38.854651606907844)	(3, 38.855696179534185)	(4, 38.99709727206075)	(5, 38.966218465630035)	(6, 38.89799256942156)	(7, 38.933835888395585)	(8, 38.95270087089662)	(9, 38.949922645861214)	(10, 38.93158248363017)	(15, 39.26159107583005)	(20, 39.298625702219525)	(25, 39.11175207227575)	(30, 39.05069628991914)	(35, 39.04125520111734)	(40, 39.03717304553831)	(45, 39.07273043778113)	(50, 39.038968230222295)	(55, 39.01678081798158)	(60, 38.996341740272754)	(65, 38.97470912374027)	(70, 38.94141836825819)	(75, 38.91743726386859)	(80, 38.88532905761954)	(85, 38.84263171255101)	(90, 38.805419621361764)	(95, 38.76661018910303)	(100, 38.69855382747172)	(105, 38.70566256620508)	(110, 38.66296500441113)	(115, 38.6357672774732)	(120, 38.584775011342565)	(125, 38.593476705386514)	(130, 38.57125530101139)	(135, 38.530930349050024)	(140, 38.57377446143245)	(145, 38.6911568660672)	(150, 38.560289037758636)
fastp | SRR30333745_2	(1, 38.58403610249538)	(2, 39.10558565577031)	(3, 39.213508658515224)	(4, 39.25238942239498)	(5, 39.25414780587483)	(6, 39.26650043243516)	(7, 39.261868289836244)	(8, 39.25956943031891)	(9, 39.28965275685917)	(10, 39.29538160292154)	(15, 39.333216585873075)	(20, 39.30714677744912)	(25, 39.1546880102617)	(30, 39.09672585878975)	(35, 39.09153403894953)	(40, 39.074268532423105)	(45, 39.047044865061125)	(50, 38.99911116539895)	(55, 39.02429097602288)	(60, 38.99507005373007)	(65, 38.96285853815182)	(70, 38.93257854275504)	(75, 38.87471692428729)	(80, 38.83614652526519)	(85, 38.82434658687151)	(90, 38.80786676731663)	(95, 38.780928903999914)	(100, 38.70952795252911)	(105, 38.693442430982586)	(110, 38.64576916367099)	(115, 38.62475721897805)	(120, 38.56775226810156)	(125, 38.537116598019516)	(130, 38.47512475673306)	(135, 38.45116179447156)	(140, 38.42285234918196)	(145, 38.52431363632707)	(150, 38.33809937389421)
fastp | SRR30333746_1	(1, 38.283948029120445)	(2, 38.817713324809624)	(3, 38.80077270623339)	(4, 38.970140054221524)	(5, 38.95726513738145)	(6, 38.899130878262)	(7, 38.920421668236685)	(8, 38.955855491650325)	(9, 38.964363202980444)	(10, 38.93515953284971)	(15, 39.27178123002979)	(20, 39.30620741274405)	(25, 39.11996979219333)	(30, 39.05757548291534)	(35, 39.03903549396009)	(40, 39.03203255799341)	(45, 39.07340139694601)	(50, 39.03839826338638)	(55, 39.01450688004188)	(60, 38.993667319147036)	(65, 38.975944915607386)	(70, 38.94648882649577)	(75, 38.92527531550383)	(80, 38.89864391239258)	(85, 38.85894262883921)	(90, 38.82529054909311)	(95, 38.78708240575645)	(100, 38.71748075582593)	(105, 38.734288610900634)	(110, 38.693265477019324)	(115, 38.66371035135232)	(120, 38.61088387088738)	(125, 38.627494080158975)	(130, 38.600005791509545)	(135, 38.566825520668154)	(140, 38.61275730980418)	(145, 38.72855787652407)	(150, 38.59433015804257)
fastp | SRR30333746_2	(1, 38.53930264732237)	(2, 39.07291191055008)	(3, 39.21081934733412)	(4, 39.26852527155233)	(5, 39.27748949707102)	(6, 39.29672821196606)	(7, 39.268897199210016)	(8, 39.26648322226403)	(9, 39.312898499350744)	(10, 39.32172725014712)	(15, 39.36774760839249)	(20, 39.34032271805628)	(25, 39.19988955082094)	(30, 39.146330991037225)	(35, 39.14255196256697)	(40, 39.12219728207379)	(45, 39.09868381647426)	(50, 39.04513005027879)	(55, 39.075419342995374)	(60, 39.04878030428411)	(65, 39.01928799154915)	(70, 38.98829459782042)	(75, 38.93066776987776)	(80, 38.88874696602535)	(85, 38.87799952522166)	(90, 38.865801506095806)	(95, 38.839179109420286)	(100, 38.76847331054411)	(105, 38.75916760495387)	(110, 38.71420785011576)	(115, 38.69740430869585)	(120, 38.64727957187709)	(125, 38.62470864182164)	(130, 38.562546462261714)	(135, 38.54496711687263)	(140, 38.51657794735724)	(145, 38.60475533351053)	(150, 38.428047229978915)
fastp | SRR30333747_1	(1, 37.95196057508793)	(2, 38.562377800593026)	(3, 38.55044730932795)	(4, 38.7507910319514)	(5, 38.72655937609528)	(6, 38.78665362565606)	(7, 38.78341200446406)	(8, 38.85629230869541)	(9, 38.89010633539289)	(10, 38.80647525024623)	(15, 39.1835841389248)	(20, 39.22409633581223)	(25, 38.99672955652892)	(30, 38.93531066443043)	(35, 38.91084800397407)	(40, 38.90504516052282)	(45, 38.959376611301096)	(50, 38.92374194643712)	(55, 38.8857464282561)	(60, 38.87240373486078)	(65, 38.85768388419494)	(70, 38.834249497611026)	(75, 38.81487127030535)	(80, 38.801106260661854)	(85, 38.76324470651437)	(90, 38.73543599206259)	(95, 38.6954230840309)	(100, 38.61568184582888)	(105, 38.6545613185416)	(110, 38.616841321768106)	(115, 38.59401883160545)	(120, 38.55099523496911)	(125, 38.59250865425423)	(130, 38.55420642056658)	(135, 38.55503714780012)	(140, 38.61835083445502)	(145, 38.74496896174464)	(150, 38.598293981162485)
fastp | SRR30333747_2	(1, 38.44843272913952)	(2, 38.795217150682504)	(3, 39.01673012407187)	(4, 39.05782680926192)	(5, 39.05837659752338)	(6, 39.13078440454704)	(7, 39.12409660390293)	(8, 39.13233229953177)	(9, 39.17237336495657)	(10, 39.16174999288042)	(15, 39.22975183552342)	(20, 39.200513884341326)	(25, 39.01900606233999)	(30, 38.96017022062328)	(35, 38.959842481487726)	(40, 38.93618788307652)	(45, 38.92175382502229)	(50, 38.8598224902972)	(55, 38.899083774338486)	(60, 38.87780715337449)	(65, 38.86231736643621)	(70, 38.83165983090028)	(75, 38.7818300351383)	(80, 38.73330576734621)	(85, 38.71979513964048)	(90, 38.711045990022185)	(95, 38.68512728911071)	(100, 38.615056119984686)	(105, 38.619743656616876)	(110, 38.579886149752866)	(115, 38.56971362470239)	(120, 38.53937861892374)	(125, 38.53085132303151)	(130, 38.479397744453024)	(135, 38.48301137586336)	(140, 38.471991699395645)	(145, 38.59536890064402)	(150, 38.406538284045354)
fastp | SRR30333748_1	(1, 38.311747275685)	(2, 38.853149442536356)	(3, 38.865903268543846)	(4, 38.99669756218878)	(5, 38.96951751844133)	(6, 38.904240369467175)	(7, 38.9427624532012)	(8, 38.96817415766988)	(9, 38.96670567825411)	(10, 38.94063787774174)	(15, 39.276109284508905)	(20, 39.31291318422812)	(25, 39.13197336088988)	(30, 39.075835502493376)	(35, 39.06529092579425)	(40, 39.065289458064036)	(45, 39.1014347839935)	(50, 39.07113021322236)	(55, 39.04911252494749)	(60, 39.032923834974966)	(65, 39.014069284860504)	(70, 38.98348197073401)	(75, 38.96457584590503)	(80, 38.936155268340755)	(85, 38.89890398226621)	(90, 38.86346461431622)	(95, 38.831381282829184)	(100, 38.76525059981393)	(105, 38.778120046482094)	(110, 38.737124706484636)	(115, 38.715609175848904)	(120, 38.66673853255861)	(125, 38.67733533025557)	(130, 38.656969199812735)	(135, 38.61872360931822)	(140, 38.6591126043859)	(145, 38.766057797770465)	(150, 38.63941884049875)
fastp | SRR30333748_2	(1, 38.30695113497053)	(2, 38.935065722404566)	(3, 39.074725778599195)	(4, 39.122034450717976)	(5, 39.1232799614802)	(6, 39.13992308754638)	(7, 39.164209199831866)	(8, 39.16994065473039)	(9, 39.20349851515147)	(10, 39.221249223418596)	(15, 39.27948561080895)	(20, 39.2619632234577)	(25, 39.08696774695962)	(30, 39.027468484741505)	(35, 39.02837714769779)	(40, 39.01464727307289)	(45, 38.992584481905986)	(50, 38.946368389503576)	(55, 38.97748622270641)	(60, 38.950889148742434)	(65, 38.922156015526824)	(70, 38.89347559341934)	(75, 38.83930400748521)	(80, 38.802085255639206)	(85, 38.79357570985709)	(90, 38.779556667066075)	(95, 38.75547193536535)	(100, 38.6865777477833)	(105, 38.67148733578349)	(110, 38.627382938265534)	(115, 38.61066131171425)	(120, 38.55867812709353)	(125, 38.531706055985254)	(130, 38.47547487442548)	(135, 38.45282807206381)	(140, 38.42205968084157)	(145, 38.50736039869689)	(150, 38.34519530234533)
fastp | SRR30333749_1	(1, 38.29960051268468)	(2, 38.88022004613172)	(3, 38.921137587025115)	(4, 39.04146356260751)	(5, 39.03351633882536)	(6, 39.04271652612566)	(7, 39.03597281746663)	(8, 39.07488982642221)	(9, 39.08116926959458)	(10, 39.06934467256998)	(15, 39.35999726989142)	(20, 39.39664232242474)	(25, 39.226410852088705)	(30, 39.17997805048195)	(35, 39.178781485249786)	(40, 39.178570289614626)	(45, 39.20945396151161)	(50, 39.18501956082505)	(55, 39.16819530666973)	(60, 39.154711858844124)	(65, 39.14099989699398)	(70, 39.11883210489926)	(75, 39.100989270363414)	(80, 39.08004259970393)	(85, 39.04940562487283)	(90, 39.01739703215705)	(95, 38.993772876465485)	(100, 38.94107457098377)	(105, 38.94983372339424)	(110, 38.917748261823235)	(115, 38.894710357081635)	(120, 38.85495510668138)	(125, 38.860585665262036)	(130, 38.83829415097377)	(135, 38.81164271545726)	(140, 38.84135756964175)	(145, 38.93393489734634)	(150, 38.762453692290244)
fastp | SRR30333749_2	(1, 38.55205673982785)	(2, 38.98251395640323)	(3, 39.15074033688209)	(4, 39.17475770866817)	(5, 39.237346879252975)	(6, 39.28423366943539)	(7, 39.28324450807475)	(8, 39.29116178423738)	(9, 39.30834591404197)	(10, 39.32281799670855)	(15, 39.36354326150315)	(20, 39.3582872453398)	(25, 39.19925169643205)	(30, 39.141988149077896)	(35, 39.14282291847509)	(40, 39.1270672986263)	(45, 39.11439225171845)	(50, 39.07715730702854)	(55, 39.09768370208768)	(60, 39.07998908964948)	(65, 39.05840618523987)	(70, 39.03665194188794)	(75, 38.99561114933852)	(80, 38.96420327150714)	(85, 38.95421438927948)	(90, 38.94120292878314)	(95, 38.919252786935786)	(100, 38.86544420705668)	(105, 38.853832217379214)	(110, 38.819137663172384)	(115, 38.801578999492975)	(120, 38.76402927974949)	(125, 38.74064487989304)	(130, 38.70492823042805)	(135, 38.68934302424766)	(140, 38.67607989732327)	(145, 38.75823311775205)	(150, 38.56484945277073)
fastp | SRR30333750_1	(1, 38.33312989153586)	(2, 38.86718676769073)	(3, 38.86821909656838)	(4, 38.9988761397149)	(5, 38.96354435905122)	(6, 38.887840073788155)	(7, 38.92097977971828)	(8, 38.947142565020165)	(9, 38.94842957317516)	(10, 38.91861533050146)	(15, 39.26582335575254)	(20, 39.30575266581841)	(25, 39.126254533260195)	(30, 39.0694368867277)	(35, 39.06268477920812)	(40, 39.06226973575921)	(45, 39.10139234118693)	(50, 39.07049985497224)	(55, 39.05064406711331)	(60, 39.034611634982205)	(65, 39.017441244662486)	(70, 38.988672137776994)	(75, 38.9711864001364)	(80, 38.945169542514726)	(85, 38.90786516826173)	(90, 38.87589282474609)	(95, 38.843120538776006)	(100, 38.778876314745794)	(105, 38.792585252297854)	(110, 38.75326292341867)	(115, 38.73083455666951)	(120, 38.68324692808163)	(125, 38.69488634695245)	(130, 38.67505724394115)	(135, 38.63602931885511)	(140, 38.67736807810893)	(145, 38.77924070670623)	(150, 38.653736659020254)
fastp | SRR30333750_2	(1, 38.2901181733502)	(2, 38.97993896050019)	(3, 39.102703188897)	(4, 39.15303397806711)	(5, 39.17001605105898)	(6, 39.181289495396285)	(7, 39.198055481567344)	(8, 39.19922160793962)	(9, 39.23669728077087)	(10, 39.25019761039221)	(15, 39.303167829699454)	(20, 39.280448241715305)	(25, 39.115257809984044)	(30, 39.0584097161378)	(35, 39.05872588821968)	(40, 39.044017524304834)	(45, 39.019136489682396)	(50, 38.973295875879664)	(55, 39.00534921335678)	(60, 38.98006522222829)	(65, 38.950298834828764)	(70, 38.92295561667258)	(75, 38.86773422363425)	(80, 38.830976138219214)	(85, 38.82195036598797)	(90, 38.808359218781746)	(95, 38.78440345993364)	(100, 38.714366146626745)	(105, 38.700110004280056)	(110, 38.655682247271585)	(115, 38.64043754180278)	(120, 38.587098308005025)	(125, 38.56110167867179)	(130, 38.50376817552044)	(135, 38.479160894291226)	(140, 38.445546924076424)	(145, 38.521511084556145)	(150, 38.362672082426926)
fastp | SRR30333751_1	(1, 38.330915235522475)	(2, 38.852340821777496)	(3, 38.860419844323154)	(4, 39.00503114473227)	(5, 38.987565299153005)	(6, 38.92812556140532)	(7, 38.963691642323255)	(8, 38.99050487882653)	(9, 38.992519541927464)	(10, 38.96607078519665)	(15, 39.29163916121287)	(20, 39.32512070009898)	(25, 39.14355586168494)	(30, 39.08688430422917)	(35, 39.07085464840303)	(40, 39.06932847408978)	(45, 39.10472533390858)	(50, 39.07369945517754)	(55, 39.04974046621134)	(60, 39.03288993977376)	(65, 39.01201026948808)	(70, 38.981753655210504)	(75, 38.96089442503003)	(80, 38.931833757688835)	(85, 38.89347531745238)	(90, 38.85713304269187)	(95, 38.823062945791705)	(100, 38.75385518080925)	(105, 38.76942859605882)	(110, 38.72783928183818)	(115, 38.70442573231837)	(120, 38.65428464607517)	(125, 38.66793944120642)	(130, 38.64580212291594)	(135, 38.61087753374876)	(140, 38.6540581672393)	(145, 38.767230391470335)	(150, 38.639455231945675)
fastp | SRR30333751_2	(1, 38.532720736511074)	(2, 39.05528174326404)	(3, 39.19045905161366)	(4, 39.21680751249339)	(5, 39.17825643956718)	(6, 39.21268661409388)	(7, 39.24283330284976)	(8, 39.250358818181176)	(9, 39.28415639701601)	(10, 39.29735980721698)	(15, 39.34842964426762)	(20, 39.33016550590808)	(25, 39.18347357303932)	(30, 39.13000904804682)	(35, 39.12884735204176)	(40, 39.11290920365464)	(45, 39.09006373672626)	(50, 39.04244996670023)	(55, 39.07373894110883)	(60, 39.048522489502176)	(65, 39.02098273657615)	(70, 38.99383891026484)	(75, 38.94063744861296)	(80, 38.9035666216121)	(85, 38.89533191628616)	(90, 38.882475862173614)	(95, 38.85928496474453)	(100, 38.79010299438117)	(105, 38.77887704774087)	(110, 38.735450691580276)	(115, 38.71962694461756)	(120, 38.66960469295375)	(125, 38.64559954933553)	(130, 38.5880433374314)	(135, 38.5682846741318)	(140, 38.53868669665477)	(145, 38.61814875171117)	(150, 38.43367848742166)
fastp | SRR30333752_1	(1, 38.284048688134)	(2, 38.83733227560571)	(3, 38.82892884816958)	(4, 38.96550273050018)	(5, 38.93057209291852)	(6, 38.854265628608815)	(7, 38.891727513581316)	(8, 38.915277104260205)	(9, 38.912461019052344)	(10, 38.883408089515534)	(15, 39.24429158260152)	(20, 39.29089504268131)	(25, 39.106527999760544)	(30, 39.054144707946385)	(35, 39.045979814618605)	(40, 39.049627633614385)	(45, 39.089175013661055)	(50, 39.05935298636369)	(55, 39.03888597593665)	(60, 39.023846304780776)	(65, 39.00599646726154)	(70, 38.97707704186868)	(75, 38.95825841328159)	(80, 38.931276426963414)	(85, 38.89285603051037)	(90, 38.85959574760592)	(95, 38.82572247439894)	(100, 38.75955324366659)	(105, 38.77369087274324)	(110, 38.733001424465655)	(115, 38.70969529235595)	(120, 38.65997310625558)	(125, 38.67325711987105)	(130, 38.6526185547276)	(135, 38.613395563329625)	(140, 38.65401143788952)	(145, 38.7567818527411)	(150, 38.63039183359878)
fastp | SRR30333752_2	(1, 38.223563344702946)	(2, 38.88998133241075)	(3, 39.03419850751303)	(4, 39.09094352726548)	(5, 39.11196378035237)	(6, 39.134182796813256)	(7, 39.13448867714119)	(8, 39.14385374038184)	(9, 39.186649624084744)	(10, 39.212433818308234)	(15, 39.27187332811218)	(20, 39.25417299989241)	(25, 39.072904067383675)	(30, 39.01461388748982)	(35, 39.016889950408384)	(40, 39.005998303886884)	(45, 38.98357840203664)	(50, 38.93834450082189)	(55, 38.97116551736342)	(60, 38.94459249945117)	(65, 38.91662581411482)	(70, 38.889571598482995)	(75, 38.83415145485128)	(80, 38.79736933307997)	(85, 38.78942047789692)	(90, 38.7768700294514)	(95, 38.753753913346635)	(100, 38.683695427079535)	(105, 38.67079398977883)	(110, 38.626262461826315)	(115, 38.61191811657121)	(120, 38.559777765281794)	(125, 38.53492910032568)	(130, 38.47710775800981)	(135, 38.452492136313204)	(140, 38.4175081687935)	(145, 38.49406439003119)	(150, 38.34808730368489)
fastp | SRR30333753_1	(1, 37.956003587026615)	(2, 38.560460771537805)	(3, 38.533683248599075)	(4, 38.737689910219935)	(5, 38.71063580545611)	(6, 38.76107094868954)	(7, 38.74389978419109)	(8, 38.81082615731725)	(9, 38.846526864102614)	(10, 38.7655909478235)	(15, 39.14826331762316)	(20, 39.189877516628464)	(25, 38.949591712666354)	(30, 38.882884276812845)	(35, 38.85824778688816)	(40, 38.850130678763165)	(45, 38.9062897742445)	(50, 38.86990867815209)	(55, 38.833078912306576)	(60, 38.8185575043876)	(65, 38.80464217390045)	(70, 38.7806609765253)	(75, 38.76297620807572)	(80, 38.74936330069312)	(85, 38.71250316125881)	(90, 38.686127214599615)	(95, 38.648460343793666)	(100, 38.56944598125208)	(105, 38.611692524536934)	(110, 38.57659765387483)	(115, 38.553514687992546)	(120, 38.51137242652255)	(125, 38.554030467499985)	(130, 38.51564964128811)	(135, 38.51553468824706)	(140, 38.58046727119892)	(145, 38.713567307650095)	(150, 38.570040425799235)
fastp | SRR30333753_2	(1, 38.589655891169734)	(2, 38.950120694692494)	(3, 39.10369967019494)	(4, 39.1418596820893)	(5, 39.14218928657369)	(6, 39.211186217688)	(7, 39.172263882923914)	(8, 39.17560420760258)	(9, 39.21592508571954)	(10, 39.202195827234995)	(15, 39.260447580158456)	(20, 39.219615082236295)	(25, 39.04830002205763)	(30, 38.98670654427407)	(35, 38.9816139788213)	(40, 38.95316564839478)	(45, 38.936124644090846)	(50, 38.86976072429295)	(55, 38.90613690649402)	(60, 38.88357690980314)	(65, 38.86664695885826)	(70, 38.83394334585666)	(75, 38.781249690270194)	(80, 38.73179693601957)	(85, 38.715450543126096)	(90, 38.70580047248401)	(95, 38.67733897945895)	(100, 38.604572408437114)	(105, 38.60754779314825)	(110, 38.56519097223463)	(115, 38.55034689949629)	(120, 38.516849464641744)	(125, 38.50436551825742)	(130, 38.44643529555988)	(135, 38.44802266985899)	(140, 38.440171762740555)	(145, 38.5785427241126)	(150, 38.37921972053893)
fastp | SRR30333754_1	(1, 38.214123182884435)	(2, 38.77863551974084)	(3, 38.78420336667094)	(4, 38.97855674672567)	(5, 38.971869539059085)	(6, 38.93161682729712)	(7, 38.94256522380467)	(8, 38.98077527629073)	(9, 38.99414055816454)	(10, 38.96674991152729)	(15, 39.296085491473185)	(20, 39.327714767716365)	(25, 39.1447528101924)	(30, 39.08639940638068)	(35, 39.063640942975766)	(40, 39.05795143315308)	(45, 39.10186140806513)	(50, 39.0684843410487)	(55, 39.04312782104547)	(60, 39.024985346215054)	(65, 39.00494279756251)	(70, 38.97611666701489)	(75, 38.95295611419265)	(80, 38.927185418174965)	(85, 38.886144648155806)	(90, 38.852782797954056)	(95, 38.81442333304445)	(100, 38.744377702139424)	(105, 38.76476729810997)	(110, 38.72664166485526)	(115, 38.6982529484244)	(120, 38.64816705982932)	(125, 38.66750296630316)	(130, 38.64069912407658)	(135, 38.61139752014639)	(140, 38.66223455687463)	(145, 38.78265596135566)	(150, 38.650014037344036)
fastp | SRR30333754_2	(1, 38.40226470473134)	(2, 39.010839429832124)	(3, 39.162697444759104)	(4, 39.22533896858219)	(5, 39.219624576730205)	(6, 39.24981258489535)	(7, 39.21962605119001)	(8, 39.22327697749993)	(9, 39.26691980001492)	(10, 39.28023866097915)	(15, 39.331309885722604)	(20, 39.307181432258716)	(25, 39.15518741479747)	(30, 39.098923227759045)	(35, 39.09694260507299)	(40, 39.0774437044308)	(45, 39.05551402801058)	(50, 39.00199766440384)	(55, 39.03632857693437)	(60, 39.011685208185675)	(65, 38.98504579424424)	(70, 38.957088380070665)	(75, 38.89973808464727)	(80, 38.86061763478639)	(85, 38.849977730734125)	(90, 38.83857245343245)	(95, 38.81203739277481)	(100, 38.740763460554994)	(105, 38.73234392797396)	(110, 38.68793033526683)	(115, 38.6692518326945)	(120, 38.62009206569887)	(125, 38.59910838196792)	(130, 38.53452340755748)	(135, 38.51910457811586)	(140, 38.49644465928339)	(145, 38.60097383380965)	(150, 38.411088719074456)
fastp | SRR30333755_1	(1, 37.88531499436816)	(2, 38.494167342798136)	(3, 38.481036921441294)	(4, 38.649434432862996)	(5, 38.60140148324075)	(6, 38.68608034410688)	(7, 38.678999978239446)	(8, 38.750431169816245)	(9, 38.782807090624416)	(10, 38.70386780360376)	(15, 39.08563906081453)	(20, 39.13387799997721)	(25, 38.86685710259272)	(30, 38.798208368701474)	(35, 38.77852296815236)	(40, 38.77475448264551)	(45, 38.8224387300464)	(50, 38.7845649073658)	(55, 38.73998220221974)	(60, 38.724055624023755)	(65, 38.70429343727713)	(70, 38.673532359105536)	(75, 38.64766330957566)	(80, 38.62652452418766)	(85, 38.58381683322672)	(90, 38.548647463524865)	(95, 38.50184202188507)	(100, 38.41412340067341)	(105, 38.444878948094306)	(110, 38.3998969202955)	(115, 38.379535818857406)	(120, 38.33785809304094)	(125, 38.378862290197546)	(130, 38.34040647056288)	(135, 38.34757678375614)	(140, 38.415411181928256)	(145, 38.56804982743105)	(150, 38.41786684835421)
fastp | SRR30333755_2	(1, 38.54288098324541)	(2, 38.87147160403254)	(3, 39.052116990950715)	(4, 39.08635929367317)	(5, 39.09132500007772)	(6, 39.183094485357735)	(7, 39.14235629486171)	(8, 39.16728870762003)	(9, 39.191256920633045)	(10, 39.18303341073873)	(15, 39.24168422536057)	(20, 39.20342643741406)	(25, 39.02742728089454)	(30, 38.96399983388115)	(35, 38.957265658165866)	(40, 38.930019397857485)	(45, 38.91167612354025)	(50, 38.850137261900485)	(55, 38.87764353492712)	(60, 38.85357616236847)	(65, 38.83612508314743)	(70, 38.802482991513)	(75, 38.750747914783915)	(80, 38.69908884274891)	(85, 38.68095195263337)	(90, 38.66532848846373)	(95, 38.634440692519156)	(100, 38.56411771208381)	(105, 38.56052223128593)	(110, 38.5171617552164)	(115, 38.49978475427053)	(120, 38.46616915768787)	(125, 38.44513518114384)	(130, 38.395284216381405)	(135, 38.397008770311196)	(140, 38.3914881375225)	(145, 38.548764661489294)	(150, 38.324605125532244)
fastp | SRR30333756_1	(1, 38.21767805031926)	(2, 38.76157448593082)	(3, 38.74752860140486)	(4, 38.96654739124293)	(5, 38.96746634439476)	(6, 38.929016584426016)	(7, 38.917276199702734)	(8, 38.95241874346465)	(9, 38.96718248279899)	(10, 38.93629183925178)	(15, 39.288345916836356)	(20, 39.32551841288355)	(25, 39.146160067192184)	(30, 39.095746364443485)	(35, 39.06989536644021)	(40, 39.070055286317135)	(45, 39.11774137516352)	(50, 39.091264228686)	(55, 39.06384869735972)	(60, 39.05058039323425)	(65, 39.03346693710246)	(70, 39.0106967032524)	(75, 38.99063315708366)	(80, 38.968416343911734)	(85, 38.93284346092837)	(90, 38.902056277884995)	(95, 38.86873542798802)	(100, 38.796707982302294)	(105, 38.828456489758935)	(110, 38.7914257453305)	(115, 38.76486827780937)	(120, 38.714032818231864)	(125, 38.74070804527681)	(130, 38.70807721411599)	(135, 38.681891028838585)	(140, 38.73285653683505)	(145, 38.84259619865447)	(150, 38.70924032232455)
fastp | SRR30333756_2	(1, 38.43869557479823)	(2, 39.01798015926158)	(3, 39.1317488833725)	(4, 39.184187856223076)	(5, 39.197660857962966)	(6, 39.22223097302507)	(7, 39.21746745077123)	(8, 39.20854240090826)	(9, 39.258165996950595)	(10, 39.258601785534324)	(15, 39.31222612279646)	(20, 39.28397978403741)	(25, 39.12257016602884)	(30, 39.06300162863215)	(35, 39.063264119248345)	(40, 39.040973772622955)	(45, 39.021283387108404)	(50, 38.96372268296875)	(55, 39.00217211430994)	(60, 38.977343308689726)	(65, 38.95258489177436)	(70, 38.92192156566274)	(75, 38.86400997580044)	(80, 38.819995883130765)	(85, 38.807688185396024)	(90, 38.798393438337946)	(95, 38.771103130440146)	(100, 38.69951674645159)	(105, 38.694964290025204)	(110, 38.65362101143868)	(115, 38.63914802843591)	(120, 38.59452208873007)	(125, 38.5794854680277)	(130, 38.517438170659005)	(135, 38.50483682311601)	(140, 38.48329249804819)	(145, 38.581195366140264)	(150, 38.413810483556034)
fastp | SRR30333757_1	(1, 35.404292698596876)	(2, 35.585648818182484)	(3, 35.7364199589995)	(4, 35.79085639421742)	(5, 35.96164137415586)	(6, 36.05980148002049)	(7, 35.925082350067235)	(8, 36.02912760759274)	(9, 36.04370180863346)	(10, 36.06075932976983)	(15, 36.02968725733972)	(20, 35.99232025950099)	(25, 35.90593396644508)	(30, 35.85815869324914)	(35, 35.827767520703446)	(40, 35.80623011407172)	(45, 35.77006363663108)	(50, 35.74617033069571)	(55, 35.71204368299409)	(60, 35.68995154564201)	(65, 35.65586944779005)	(70, 35.624493049823705)	(75, 35.59038455703214)	(80, 35.54953588717879)	(85, 35.5146822675336)	(90, 35.47085205265717)	(95, 35.438188641968374)	(100, 35.38263873756477)	(105, 35.342783400853236)	(110, 35.31263368433163)	(115, 35.24466294131879)	(120, 35.20896080523278)	(125, 35.170549038750984)	(130, 35.1188024814333)	(135, 35.060858249584065)	(140, 34.98414063513096)	(145, 35.01366490755597)	(150, 34.73514669865075)
fastp | SRR30333757_2	(1, 35.575482003459804)	(2, 35.889054108082455)	(3, 35.97784339445942)	(4, 35.98856205265578)	(5, 35.979710539383014)	(6, 36.005853481765804)	(7, 35.9635416123406)	(8, 36.04098398008159)	(9, 36.079943600009045)	(10, 36.02735754068319)	(15, 35.988545928587016)	(20, 35.966878009098735)	(25, 35.919152633704286)	(30, 35.876616302868726)	(35, 35.8304863510167)	(40, 35.80404695430085)	(45, 35.774473352290634)	(50, 35.72852543336105)	(55, 35.68465031227272)	(60, 35.64509477398756)	(65, 35.599978460589654)	(70, 35.54483961880998)	(75, 35.512141043167624)	(80, 35.4468526387847)	(85, 35.393579293271046)	(90, 35.34724217767671)	(95, 35.281473033614176)	(100, 35.232423857824585)	(105, 35.169361314122796)	(110, 35.07347119638655)	(115, 35.00655462164114)	(120, 34.92483339199457)	(125, 34.87855996674949)	(130, 34.75276749942302)	(135, 34.65436714365147)	(140, 34.57721370292484)	(145, 34.553868229305984)	(150, 34.12411816041086)
fastp | SRR30333758_1	(1, 35.492303451835994)	(2, 35.561602991555965)	(3, 35.720309351363966)	(4, 35.78943143468613)	(5, 35.90188685001236)	(6, 35.963479897031426)	(7, 35.85943992766957)	(8, 35.96140472889398)	(9, 35.96448795903509)	(10, 35.98012928496138)	(15, 35.95248469363798)	(20, 35.909202305577324)	(25, 35.82065851676559)	(30, 35.76779879445422)	(35, 35.74528598417263)	(40, 35.718036782241924)	(45, 35.686587863761346)	(50, 35.65802078610672)	(55, 35.63270193595211)	(60, 35.60551441556749)	(65, 35.56182075658768)	(70, 35.534896943690576)	(75, 35.49641570082797)	(80, 35.46815086696561)	(85, 35.42572295123928)	(90, 35.3981350926956)	(95, 35.35805024290797)	(100, 35.32542994431421)	(105, 35.280448495421325)	(110, 35.25834425306782)	(115, 35.19453939065875)	(120, 35.14959000504564)	(125, 35.10591661377426)	(130, 35.072378681888395)	(135, 35.016536395596674)	(140, 34.93340592576296)	(145, 34.955220792209126)	(150, 34.70929775844554)
fastp | SRR30333758_2	(1, 35.402962405263956)	(2, 35.870723313274446)	(3, 35.956594613719794)	(4, 35.961079998640166)	(5, 35.97479187006443)	(6, 35.97883014960272)	(7, 35.9748816450567)	(8, 36.030855729643385)	(9, 36.0462415981125)	(10, 36.02325105005836)	(15, 35.99737464225837)	(20, 35.982282155074365)	(25, 35.933458127717365)	(30, 35.8896185795686)	(35, 35.841773481405646)	(40, 35.82443813280866)	(45, 35.79000718927165)	(50, 35.748058600769)	(55, 35.707290948234025)	(60, 35.67394235535955)	(65, 35.63124781641395)	(70, 35.578888087075576)	(75, 35.542245636365365)	(80, 35.47899553823171)	(85, 35.43584856074843)	(90, 35.37955336484386)	(95, 35.334637984343125)	(100, 35.270449071085004)	(105, 35.22411169489142)	(110, 35.13124958837625)	(115, 35.06499990484754)	(120, 34.996854626314956)	(125, 34.92591208314375)	(130, 34.814850905947516)	(135, 34.75003639875113)	(140, 34.65760610319208)	(145, 34.68279744677496)	(150, 34.204085072481384)
fastp | SRR30333759_1	(1, 35.53648505299969)	(2, 35.680789618650856)	(3, 35.82315374411286)	(4, 35.86958960118443)	(5, 36.0072685220128)	(6, 36.09169521883566)	(7, 35.97174413422104)	(8, 36.07917075791497)	(9, 36.08787655086434)	(10, 36.098453711797625)	(15, 36.06554907203152)	(20, 36.02786546297006)	(25, 35.94619249387354)	(30, 35.90051173880229)	(35, 35.87220228357705)	(40, 35.848674243752924)	(45, 35.815624638042)	(50, 35.789793683479964)	(55, 35.759729888743024)	(60, 35.735442858020804)	(65, 35.69906638079685)	(70, 35.66804465202904)	(75, 35.63382708749928)	(80, 35.59775329034595)	(85, 35.55885266597517)	(90, 35.51956062307029)	(95, 35.48313723572359)	(100, 35.433408561572854)	(105, 35.39230406839516)	(110, 35.36198854127892)	(115, 35.29372624134081)	(120, 35.253608706150786)	(125, 35.21154695039643)	(130, 35.164108599677135)	(135, 35.10249388844845)	(140, 35.023134160348754)	(145, 35.04220440396968)	(150, 34.764454080583675)
fastp | SRR30333759_2	(1, 35.59486660779573)	(2, 35.98729927841825)	(3, 36.0309815204501)	(4, 36.03676260250228)	(5, 36.02755434459171)	(6, 36.04217231169918)	(7, 36.02017945110111)	(8, 36.092632419401774)	(9, 36.122941834568756)	(10, 36.07289293444303)	(15, 36.03545753175679)	(20, 36.014145359406356)	(25, 35.962411850594904)	(30, 35.91888667992155)	(35, 35.87038670501246)	(40, 35.849220936231006)	(45, 35.816166084029454)	(50, 35.76653371170537)	(55, 35.72727791849091)	(60, 35.68576172527854)	(65, 35.64049246663153)	(70, 35.58467453332917)	(75, 35.55181961990527)	(80, 35.48699464298869)	(85, 35.43489329908245)	(90, 35.38673114542446)	(95, 35.32233795249107)	(100, 35.267606362587244)	(105, 35.20743681177549)	(110, 35.11431807766017)	(115, 35.04536815030969)	(120, 34.96584217805745)	(125, 34.91084323839378)	(130, 34.791531840944884)	(135, 34.69995647848691)	(140, 34.61209650024337)	(145, 34.59626506105852)	(150, 34.15798995716635)
fastp | SRR30333760_1	(1, 35.67469588021884)	(2, 35.841814565247866)	(3, 35.95142331909956)	(4, 36.025527139232004)	(5, 36.10043314353712)	(6, 36.1714126544707)	(7, 36.05516018025565)	(8, 36.139573896023215)	(9, 36.16172221357666)	(10, 36.18070390486498)	(15, 36.156274731387974)	(20, 36.12142529153438)	(25, 36.04298255268489)	(30, 35.99803663960806)	(35, 35.96700125793642)	(40, 35.94922517666855)	(45, 35.928827367319656)	(50, 35.9086508667754)	(55, 35.88375875624611)	(60, 35.85705235416198)	(65, 35.82281996880762)	(70, 35.79842172976224)	(75, 35.77614611797701)	(80, 35.746546409952565)	(85, 35.71611131202187)	(90, 35.67794729627509)	(95, 35.6449804614915)	(100, 35.60555971876209)	(105, 35.57038868036067)	(110, 35.53575682103563)	(115, 35.48838785515609)	(120, 35.444471499723406)	(125, 35.41944390911742)	(130, 35.37323717365867)	(135, 35.326582218748534)	(140, 35.25662403011502)	(145, 35.26125592984628)	(150, 35.01537799337209)
fastp | SRR30333760_2	(1, 35.39732064729908)	(2, 35.822092800081556)	(3, 35.85814907090645)	(4, 35.83576631454269)	(5, 35.86343213596683)	(6, 35.88895762699314)	(7, 35.833734716520674)	(8, 35.92615949917769)	(9, 35.95359479320504)	(10, 35.89835579919698)	(15, 35.870891068707884)	(20, 35.85729535447566)	(25, 35.79242352313266)	(30, 35.754869224568)	(35, 35.71317123636643)	(40, 35.68945474690567)	(45, 35.66540694621806)	(50, 35.62129745580172)	(55, 35.574517518803866)	(60, 35.53827632202632)	(65, 35.49885498314575)	(70, 35.44089429421676)	(75, 35.4013674889077)	(80, 35.35311164621241)	(85, 35.293872382227256)	(90, 35.24612080942074)	(95, 35.182757064345644)	(100, 35.141157221511065)	(105, 35.063501252972785)	(110, 34.9927075781318)	(115, 34.912243023558716)	(120, 34.81950937518015)	(125, 34.77343778350058)	(130, 34.67391811728406)	(135, 34.57568466695202)	(140, 34.49945520431984)	(145, 34.4781798682019)	(150, 34.03997330086931)
fastp | SRR30333761_1	(1, 35.24116315463881)	(2, 35.43930973356471)	(3, 35.61032488414615)	(4, 35.67391288823814)	(5, 35.8607377603984)	(6, 35.976050592647866)	(7, 35.834746182359844)	(8, 35.95208610975537)	(9, 35.96311647629369)	(10, 35.981883917906444)	(15, 35.94769115454571)	(20, 35.90718345651076)	(25, 35.81029106877141)	(30, 35.75933404445816)	(35, 35.7283438596837)	(40, 35.70615624482012)	(45, 35.66709015464427)	(50, 35.64353644656678)	(55, 35.6115098055808)	(60, 35.58568525515525)	(65, 35.55037845523969)	(70, 35.52050595889548)	(75, 35.48308438759592)	(80, 35.44615926510129)	(85, 35.41339215123662)	(90, 35.369248177223994)	(95, 35.3364800851313)	(100, 35.282223675220486)	(105, 35.245345669908374)	(110, 35.21536996734111)	(115, 35.14667310227479)	(120, 35.10757860498546)	(125, 35.068591060093794)	(130, 35.0219321600265)	(135, 34.95844759988334)	(140, 34.88472642508924)	(145, 34.91001078405403)	(150, 34.63873830182415)
fastp | SRR30333761_2	(1, 35.73818075832565)	(2, 36.00742459542912)	(3, 36.057461443944874)	(4, 36.06042521823888)	(5, 36.046064864399845)	(6, 36.068715899855036)	(7, 36.0418569853454)	(8, 36.12200480931377)	(9, 36.15041703344671)	(10, 36.09869349404356)	(15, 36.06433139894354)	(20, 36.04044937228407)	(25, 35.99379187324505)	(30, 35.95099713514547)	(35, 35.90715139817439)	(40, 35.88756396993138)	(45, 35.85762662028607)	(50, 35.81012724262793)	(55, 35.769874356307454)	(60, 35.72965182085741)	(65, 35.6906845668396)	(70, 35.63119676740931)	(75, 35.600000393740466)	(80, 35.539858925470966)	(85, 35.488250728333966)	(90, 35.442498040047255)	(95, 35.381293013245205)	(100, 35.33113305814337)	(105, 35.266975890613686)	(110, 35.18062058183351)	(115, 35.113684472670805)	(120, 35.03566468845607)	(125, 34.98557407401934)	(130, 34.87112207447076)	(135, 34.776041285298774)	(140, 34.696669110380384)	(145, 34.68346199721209)	(150, 34.23202142532517)
fastp | SRR30333762_1	(1, 35.656657719720066)	(2, 35.81118597555231)	(3, 35.93024567478587)	(4, 36.00595958684107)	(5, 36.07895028898063)	(6, 36.149343198246065)	(7, 36.0267475299202)	(8, 36.11063816516486)	(9, 36.13627503621203)	(10, 36.14990130034748)	(15, 36.12418698384162)	(20, 36.08350555340636)	(25, 36.001944748155786)	(30, 35.954386823587484)	(35, 35.920488744404736)	(40, 35.90384673937854)	(45, 35.87867898259354)	(50, 35.85867281337537)	(55, 35.828294738732396)	(60, 35.80165458237364)	(65, 35.762903000549535)	(70, 35.7371540678065)	(75, 35.71463994628995)	(80, 35.67821087784206)	(85, 35.649863452496014)	(90, 35.60530071719977)	(95, 35.57558492741655)	(100, 35.532132322378104)	(105, 35.50078442644461)	(110, 35.46285808508636)	(115, 35.416625205975905)	(120, 35.3743484508731)	(125, 35.3513542278639)	(130, 35.302902293718724)	(135, 35.255878245227805)	(140, 35.18519137624685)	(145, 35.19431727904387)	(150, 34.939015107167556)
fastp | SRR30333762_2	(1, 35.5163134368742)	(2, 35.85322378170934)	(3, 35.90796955235624)	(4, 35.887288533589555)	(5, 35.92802463082178)	(6, 35.94581050458196)	(7, 35.87892882447247)	(8, 35.982740409895946)	(9, 36.01661107523323)	(10, 35.970104141442945)	(15, 35.94483290375695)	(20, 35.9330624434749)	(25, 35.87018773704076)	(30, 35.831629742529515)	(35, 35.79195317238022)	(40, 35.77499610428844)	(45, 35.75519539760629)	(50, 35.71226193860089)	(55, 35.66394585210263)	(60, 35.632514705148495)	(65, 35.590994433958336)	(70, 35.53738329233107)	(75, 35.49992762898428)	(80, 35.450809813983156)	(85, 35.39466797527039)	(90, 35.35271792076854)	(95, 35.28933816765774)	(100, 35.25114866755506)	(105, 35.176851107151094)	(110, 35.105479542251565)	(115, 35.03232919313047)	(120, 34.942210444952714)	(125, 34.89740455252561)	(130, 34.797402875751494)	(135, 34.70331054971738)	(140, 34.632094195741935)	(145, 34.61164619148228)	(150, 34.18323756830239)
fastp | SRR30333763_1	(1, 35.769762389353005)	(2, 35.96232948705202)	(3, 36.06579776068166)	(4, 36.13433781519017)	(5, 36.188590717615206)	(6, 36.25505096946099)	(7, 36.13572954234615)	(8, 36.208343568636614)	(9, 36.23754369072726)	(10, 36.257301804276445)	(15, 36.236969224737564)	(20, 36.201961423979874)	(25, 36.13021672968857)	(30, 36.08696477762108)	(35, 36.05419332983032)	(40, 36.04072349995732)	(45, 36.02527349464669)	(50, 36.007672932382945)	(55, 35.98131641191184)	(60, 35.956225961324485)	(65, 35.922700084209524)	(70, 35.89798304542812)	(75, 35.8820427763801)	(80, 35.8517669152197)	(85, 35.82493042211753)	(90, 35.78398711638656)	(95, 35.753793911336274)	(100, 35.71368806412844)	(105, 35.68137386572702)	(110, 35.64517391646744)	(115, 35.60652958165135)	(120, 35.56298791037901)	(125, 35.54865419577377)	(130, 35.4988432184536)	(135, 35.45722428503957)	(140, 35.393565089197885)	(145, 35.395278654160876)	(150, 35.1437668868567)
fastp | SRR30333763_2	(1, 35.33827664807804)	(2, 35.87337719149042)	(3, 35.91639370436284)	(4, 35.906337248716646)	(5, 35.945933165521346)	(6, 35.976432920531884)	(7, 35.88693957133328)	(8, 35.99395157008456)	(9, 36.03054808099105)	(10, 35.97580176960014)	(15, 35.94939504893868)	(20, 35.94192934511413)	(25, 35.87561482769826)	(30, 35.83915056946191)	(35, 35.80420266453011)	(40, 35.780431165663636)	(45, 35.76464604358871)	(50, 35.721419066867625)	(55, 35.67510026862649)	(60, 35.64073830609827)	(65, 35.60380575486461)	(70, 35.54966373640502)	(75, 35.51200606649188)	(80, 35.4716164381835)	(85, 35.410531857198464)	(90, 35.37063505322662)	(95, 35.30311145812629)	(100, 35.27261435468065)	(105, 35.189381012114104)	(110, 35.130354294410786)	(115, 35.048764596013086)	(120, 34.95184502631278)	(125, 34.91715422100576)	(130, 34.82742192875114)	(135, 34.719709212271866)	(140, 34.65764185808432)	(145, 34.6133035552339)	(150, 34.19606688804052)
fastp | SRR30333764_1	(1, 35.693920862925346)	(2, 35.85682689531434)	(3, 35.98114590142486)	(4, 36.05346190254999)	(5, 36.127675830994896)	(6, 36.19521732146665)	(7, 36.08379112769624)	(8, 36.164696436644434)	(9, 36.187235589712245)	(10, 36.20342555424279)	(15, 36.180549998721446)	(20, 36.14567689505367)	(25, 36.07057021981031)	(30, 36.02534260393194)	(35, 35.99579878055668)	(40, 35.97797083179901)	(45, 35.95747494941291)	(50, 35.93564817387004)	(55, 35.90981471054023)	(60, 35.882612234278106)	(65, 35.848388947647216)	(70, 35.823465422344164)	(75, 35.800944207911584)	(80, 35.77018705402877)	(85, 35.74033768035915)	(90, 35.6998260291161)	(95, 35.666638976109255)	(100, 35.62746810648512)	(105, 35.5908812509515)	(110, 35.55594173124774)	(115, 35.507639279613684)	(120, 35.465344293122314)	(125, 35.441784884729536)	(130, 35.39453414094796)	(135, 35.34850386507638)	(140, 35.279048669420035)	(145, 35.28309084980837)	(150, 35.040003414104675)
fastp | SRR30333764_2	(1, 35.47364855722717)	(2, 35.92800095730532)	(3, 35.956149581936124)	(4, 35.948315294069744)	(5, 35.979880004160904)	(6, 36.00161170395134)	(7, 35.9444230634118)	(8, 36.03538926402933)	(9, 36.061965062824406)	(10, 36.01283445047919)	(15, 35.98659793399807)	(20, 35.97551612188066)	(25, 35.91459291807566)	(30, 35.87369415870754)	(35, 35.83527201099554)	(40, 35.81439483513735)	(45, 35.792666670802475)	(50, 35.74943905660432)	(55, 35.70488083326758)	(60, 35.67066580829118)	(65, 35.631009060489255)	(70, 35.57651514783236)	(75, 35.53870894209589)	(80, 35.49047415292851)	(85, 35.434152759772175)	(90, 35.389141118443796)	(95, 35.32622124922538)	(100, 35.28692471243137)	(105, 35.211034736637984)	(110, 35.14121097490293)	(115, 35.06530086460841)	(120, 34.97507966514029)	(125, 34.930886086119514)	(130, 34.83469724707449)	(135, 34.739459857761254)	(140, 34.66693262487708)	(145, 34.641197755004235)	(150, 34.19996163271795)
fastp | SRR30333765_1	(1, 35.29235270723963)	(2, 35.47164451514536)	(3, 35.63678507268799)	(4, 35.69652955205348)	(5, 35.870897850340405)	(6, 35.980277387495995)	(7, 35.83207257703581)	(8, 35.94727278847365)	(9, 35.96577756390197)	(10, 35.980851052264796)	(15, 35.94973049903569)	(20, 35.90984228681992)	(25, 35.815397102952524)	(30, 35.7659907359602)	(35, 35.733000873849306)	(40, 35.71223760031143)	(45, 35.671836329927174)	(50, 35.648762640942394)	(55, 35.61536419436645)	(60, 35.58966190447545)	(65, 35.555528663853885)	(70, 35.524638299348204)	(75, 35.48950509403544)	(80, 35.44852612844459)	(85, 35.41774173151094)	(90, 35.370339919140136)	(95, 35.34101016772304)	(100, 35.28254651382424)	(105, 35.247466384300836)	(110, 35.21257897633184)	(115, 35.144525894353514)	(120, 35.10635217753592)	(125, 35.06476779590291)	(130, 35.01606921748501)	(135, 34.951313953985725)	(140, 34.87640312907873)	(145, 34.89985228605034)	(150, 34.62699915488355)
fastp | SRR30333765_2	(1, 35.54712528066005)	(2, 35.894334388444726)	(3, 35.97529473512299)	(4, 35.97018636699675)	(5, 35.956077429135284)	(6, 35.980353460237595)	(7, 35.94865062515038)	(8, 36.029898058536865)	(9, 36.06382031773023)	(10, 36.00957836851272)	(15, 35.974070031304265)	(20, 35.95118991381664)	(25, 35.904259694537146)	(30, 35.859741700541754)	(35, 35.81095974610315)	(40, 35.78804627117833)	(45, 35.75478904560841)	(50, 35.70906612851434)	(55, 35.66405091913998)	(60, 35.62506470614536)	(65, 35.57926029712506)	(70, 35.518359230976955)	(75, 35.48679727708989)	(80, 35.4207742914438)	(85, 35.36663011300494)	(90, 35.31956712071688)	(95, 35.256497428646746)	(100, 35.20627355707204)	(105, 35.14105022838397)	(110, 35.04927558490924)	(115, 34.9838071774085)	(120, 34.901034692122764)	(125, 34.85073534355685)	(130, 34.73114843651861)	(135, 34.633090248319135)	(140, 34.55339907259706)	(145, 34.53890518869859)	(150, 34.10115589004252)
fastp | SRR30333766_1	(1, 35.72777310981881)	(2, 35.88354057937939)	(3, 36.005231593139904)	(4, 36.0718929621304)	(5, 36.13840879785812)	(6, 36.2027428423892)	(7, 36.101109631300524)	(8, 36.17764836318804)	(9, 36.19660022936418)	(10, 36.21297557751901)	(15, 36.192385338262966)	(20, 36.158599103566985)	(25, 36.0870026472874)	(30, 36.044787295057326)	(35, 36.01687851226839)	(40, 36.0001829501287)	(45, 35.98104978943561)	(50, 35.96139898713461)	(55, 35.9366691619979)	(60, 35.91356900124998)	(65, 35.880348936572666)	(70, 35.85538650083313)	(75, 35.8348409032546)	(80, 35.80528177070568)	(85, 35.774993398783174)	(90, 35.73910870841553)	(95, 35.710140607202696)	(100, 35.67269908245684)	(105, 35.63712349593508)	(110, 35.60779139780782)	(115, 35.562542387550344)	(120, 35.518382017150955)	(125, 35.49642007715696)	(130, 35.4530777216479)	(135, 35.41401860893019)	(140, 35.34277045602717)	(145, 35.35036710939272)	(150, 35.110820902448566)
fastp | SRR30333766_2	(1, 35.415148359833196)	(2, 35.87719685445967)	(3, 35.92827319225859)	(4, 35.96083401764757)	(5, 35.99255264224618)	(6, 36.02209529071628)	(7, 35.95790018158221)	(8, 36.045766643820905)	(9, 36.077678351047076)	(10, 36.034673117575224)	(15, 36.0092230424848)	(20, 36.000743586181144)	(25, 35.93744262428835)	(30, 35.899256786208745)	(35, 35.86103487634226)	(40, 35.83825603076953)	(45, 35.814269217424545)	(50, 35.773848203596195)	(55, 35.731317109312315)	(60, 35.695592154190834)	(65, 35.6580571746543)	(70, 35.60501533449717)	(75, 35.56566110474069)	(80, 35.52229661768054)	(85, 35.46685763319821)	(90, 35.41769049240147)	(95, 35.35986941013635)	(100, 35.31615883964869)	(105, 35.24876060132631)	(110, 35.17463558350198)	(115, 35.09968691545709)	(120, 35.014792063594555)	(125, 34.971280712041015)	(130, 34.87362491857033)	(135, 34.78385972523056)	(140, 34.70975965036038)	(145, 34.686775309167174)	(150, 34.24418049281775)
fastp | SRR30333767_1	(1, 35.6226479342462)	(2, 35.773429204104296)	(3, 35.90563465643307)	(4, 35.97825327819034)	(5, 36.05521609362151)	(6, 36.1291501273814)	(7, 36.00434024449397)	(8, 36.090053748578356)	(9, 36.11476237927896)	(10, 36.12836155991746)	(15, 36.10517215241269)	(20, 36.06724141356133)	(25, 35.984656435466356)	(30, 35.938036933370874)	(35, 35.90722782363149)	(40, 35.89060055451027)	(45, 35.866020968385904)	(50, 35.84871742191501)	(55, 35.8192320005831)	(60, 35.79515867686659)	(65, 35.75831140369271)	(70, 35.732587337047036)	(75, 35.7102715928268)	(80, 35.6762064835063)	(85, 35.64879910358712)	(90, 35.605076138175264)	(95, 35.574432527918454)	(100, 35.52953534546877)	(105, 35.49743536405993)	(110, 35.45766693465448)	(115, 35.410797176874624)	(120, 35.36675146262542)	(125, 35.340777471274535)	(130, 35.29187298479794)	(135, 35.243299109852124)	(140, 35.17307416456195)	(145, 35.182186668671434)	(150, 34.93583694276049)
fastp | SRR30333767_2	(1, 35.422804278689945)	(2, 35.866324160273905)	(3, 35.90768272508542)	(4, 35.88255138852449)	(5, 35.91245759478283)	(6, 35.932738165588205)	(7, 35.88376007693098)	(8, 35.97932592333144)	(9, 36.002828809559674)	(10, 35.951446292612786)	(15, 35.9261664764598)	(20, 35.910250031916554)	(25, 35.8501943307679)	(30, 35.809682867869824)	(35, 35.77073185231092)	(40, 35.74760900491526)	(45, 35.72600591372939)	(50, 35.681609025181125)	(55, 35.635556808421796)	(60, 35.6011867777901)	(65, 35.560446745463224)	(70, 35.50506035854689)	(75, 35.4666561832528)	(80, 35.41676907754659)	(85, 35.360491694081134)	(90, 35.31486196644488)	(95, 35.25269388616963)	(100, 35.213768105879375)	(105, 35.13764760591547)	(110, 35.06738378737302)	(115, 34.991092451516344)	(120, 34.90218150403438)	(125, 34.8556614334888)	(130, 34.756695183913855)	(135, 34.662589202804334)	(140, 34.5897773893228)	(145, 34.57210737014902)	(150, 34.135288108578905)
fastp | SRR30333768_1	(1, 35.44214385901457)	(2, 35.507395200661776)	(3, 35.6858642156225)	(4, 35.78012139516581)	(5, 35.90914096251146)	(6, 35.98800842315947)	(7, 35.8454837098465)	(8, 35.941296602020785)	(9, 35.959455008175816)	(10, 35.98195618334524)	(15, 35.953701734477406)	(20, 35.90942014985929)	(25, 35.81265534918336)	(30, 35.75232183355977)	(35, 35.71746224455294)	(40, 35.693718430935675)	(45, 35.645873458242924)	(50, 35.61897878985188)	(55, 35.581409488242926)	(60, 35.55730523684258)	(65, 35.507537829445326)	(70, 35.47781372939519)	(75, 35.44034518890694)	(80, 35.38928551053171)	(85, 35.35454860952467)	(90, 35.301056065407494)	(95, 35.26659060972084)	(100, 35.207009512880006)	(105, 35.169247049498736)	(110, 35.12761600059439)	(115, 35.05229202375551)	(120, 35.01829351541521)	(125, 34.98644013830733)	(130, 34.92877361260846)	(135, 34.868168778782355)	(140, 34.78907455542517)	(145, 34.82285660473413)	(150, 34.570941554619935)
fastp | SRR30333768_2	(1, 35.281075614998045)	(2, 35.745133731619426)	(3, 35.80815312023189)	(4, 35.81151898629269)	(5, 35.82245031617472)	(6, 35.824571952389704)	(7, 35.800868029804064)	(8, 35.88332959737083)	(9, 35.89965274384471)	(10, 35.862833879420634)	(15, 35.835128681447145)	(20, 35.81319861638063)	(25, 35.768732032959136)	(30, 35.71943597356694)	(35, 35.667074052352326)	(40, 35.6477092215325)	(45, 35.61707744781097)	(50, 35.57661087520381)	(55, 35.51849261949094)	(60, 35.494547257848005)	(65, 35.439413146222634)	(70, 35.38501713842312)	(75, 35.34901432506187)	(80, 35.27414932589688)	(85, 35.2241365115612)	(90, 35.172178132987014)	(95, 35.11760933121819)	(100, 35.06811038039672)	(105, 34.9996874227326)	(110, 34.891265896222905)	(115, 34.840584039080426)	(120, 34.76154012502827)	(125, 34.6951647560312)	(130, 34.54948996866489)	(135, 34.47416004782381)	(140, 34.405179497317974)	(145, 34.43096769240927)	(150, 33.949753263106984)
