Sample	0	1	2	3	4	5	6	7	8	9	10	11	12	13	14	15	16	17	18	19	20	21	22	23	24	25	26	27	28	29	30	31	32	33	34	35	36	37	38	39	40	41	42	43	44	45	46	47	48	49	50	51	52	53	54	55	56	57	58	59	60	61	62	63	64	65	66	67	68	69	70	71	72	73	74	75	76	77	78	79	80	81	82	83	84	85	86	87	88	89	90	91	92	93	94	95	96	97	98	99	100	101	102	103	104	105	106	107	108	109	110	111	112	113	114	115	116	117	118	119	120	121	122	123	124	125	126	127	128	129	130	131	132	133	134	135	136	137	138	139	140	141	142	143	144	145	146	147	148	149	150
reports | SRR30333743	(1, 0.0028685)	(2, 0.0702554)	(3, 0.267953)	(4, 0.0875961)	(5, 0.00364901)	(6, 0.0019822)	(7, 0.077204)	(8, 0.0388695)	(9, 0.0)	(10, 0.144313)	(11, 0.10012)	(12, 0.14460499999999998)	(13, 0.100402)	(14, 0.0734552)	(15, 1.59694e-05)	(16, 0.0)	(17, 0.0)	(18, 0.0)	(19, 0.000145721)	(20, 0.09222530000000001)	(21, 0.0930696)	(22, 0.0777809)	(23, 5.788910000000001e-05)	(24, 3.3935e-05)	(25, 0.0400173)	(26, 0.00010978999999999999)	(27, 0.000710638)	(28, 0.00045313199999999997)	(29, 0.000115778)	(30, 0.00187241)	(31, 0.000291441)	(32, 0.0033895)	(33, 0.0228802)	(34, 0.0216266)	(35, 0.06767630000000001)	(36, 0.241633)	(37, 0.000930217)	(38, 0.162606)	(39, 0.00106795)	(40, 0.0017646200000000002)	(41, 0.247562)	(42, 0.000481078)	(43, 0.141299)	(44, 0.137706)	(45, 0.00116577)	(46, 0.00243533)	(47, 0.00152707)	(48, 0.00262697)	(49, 0.025325499999999997)	(50, 0.00171272)	(51, 0.00306413)	(52, 0.07086819999999999)	(53, 0.0258525)	(54, 0.00226366)	(55, 0.00235748)	(56, 0.0038106999999999998)	(57, 0.0469081)	(58, 0.114157)	(59, 0.046251400000000005)	(60, 0.046171500000000004)	(61, 0.0683091)	(62, 0.00211195)	(63, 0.0480619)	(64, 0.00267887)	(65, 0.00068868)	(66, 0.00314198)	(67, 0.12967199999999998)	(68, 0.00235549)	(69, 0.00342743)	(70, 0.00409016)	(71, 0.00206005)	(72, 0.0012476100000000001)	(73, 0.14726999999999998)	(74, 0.000439158)	(75, 0.00113982)	(76, 0.036122800000000004)	(77, 0.0007924809999999999)	(78, 0.00041520399999999996)	(79, 0.0652669)	(80, 0.0029224)	(81, 0.00622806)	(82, 0.000251518)	(83, 0.0236706)	(84, 0.000345338)	(85, 0.00223771)	(86, 0.00132546)	(87, 0.000299426)	(88, 0.0924927)	(89, 0.0231077)	(90, 0.000702653)	(91, 0.0473632)	(92, 0.000660734)	(93, 0.0663209)	(94, 0.0012456099999999999)	(95, 0.0220897)	(96, 0.055192200000000004)	(97, 0.0646002)	(98, 0.0713772)	(99, 0.0015550199999999998)	(100, 0.16339499999999998)	(101, 0.0066772)	(102, 0.234125)	(103, 0.051633099999999994)	(104, 0.0905305)	(105, 0.006832909999999999)	(106, 0.0524555)	(107, 0.0025730700000000002)	(108, 0.00045313199999999997)	(109, 0.00055294)	(110, 0.000215587)	(111, 0.026984300000000003)	(112, 0.0236347)	(113, 0.06788989999999999)	(114, 0.00597455)	(115, 0.008489730000000001)	(116, 0.0692613)	(117, 0.00164684)	(118, 0.0931036)	(119, 0.045401000000000004)	(120, 0.00248124)	(121, 0.0664586)	(122, 0.052194000000000004)	(123, 0.18012499999999998)	(124, 0.13452799999999998)	(125, 4.5912e-05)	(126, 3.59311e-05)	(127, 0.000251518)	(128, 0.00022556800000000002)	(129, 0.0683231)	(130, 0.00136938)	(131, 0.023970099999999998)	(132, 0.17855200000000002)	(133, 0.0794937)	(134, 0.0629015)	(135, 0.0416901)	(136, 0.11455199999999999)	(137, 0.0820807)	(138, 0.00022956000000000002)	(139, 0.147122)	(140, 0.0674986)	(141, 0.0919678)	(142, 0.00244132)	(143, 3.99235e-06)	(144, 0.00126757)	(145, 0.0008743240000000001)	(146, 0.0036130800000000003)	(147, 0.00554338)	(148, 2.39541e-05)	(149, 0.0009441909999999999)	(150, 0.004838729999999999)	(151, 0.0216924)
reports | SRR30333744	(1, 0.00190377)	(2, 0.09228)	(3, 0.338839)	(4, 0.10900499999999999)	(5, 0.00267235)	(6, 0.00151728)	(7, 0.100849)	(8, 0.0495202)	(9, 0.0)	(10, 0.17943)	(11, 0.127387)	(12, 0.184041)	(13, 0.126773)	(14, 0.0939961)	(15, 4.4171099999999995e-06)	(16, 0.0)	(17, 0.0)	(18, 0.0)	(19, 0.000147973)	(20, 0.120985)	(21, 0.117844)	(22, 0.0973531)	(23, 2.20855e-05)	(24, 4.8588200000000003e-05)	(25, 0.0522942)	(26, 0.00011042800000000001)	(27, 0.000969556)	(28, 0.000605144)	(29, 0.00016785)	(30, 0.00231457)	(31, 0.00038208)	(32, 0.00286229)	(33, 0.029782400000000004)	(34, 0.0271144)	(35, 0.0872092)	(36, 0.30239099999999997)	(37, 0.000797288)	(38, 0.204483)	(39, 0.00140022)	(40, 0.0020385)	(41, 0.309564)	(42, 0.000653732)	(43, 0.17664)	(44, 0.17424599999999998)	(45, 0.00147973)	(46, 0.00306106)	(47, 0.0019612)	(48, 0.00277394)	(49, 0.0313504)	(50, 0.0019877)	(51, 0.00354031)	(52, 0.0829467)	(53, 0.032227200000000004)	(54, 0.0024603299999999997)	(55, 0.00267677)	(56, 0.0046445900000000005)	(57, 0.059112)	(58, 0.1433)	(59, 0.0596752)	(60, 0.0595073)	(61, 0.0863965)	(62, 0.0027099)	(63, 0.0581844)	(64, 0.00284462)	(65, 0.0008392510000000001)	(66, 0.0026038899999999998)	(67, 0.167338)	(68, 0.00267677)	(69, 0.00373246)	(70, 0.00416975)	(71, 0.00223727)	(72, 0.00162108)	(73, 0.185)	(74, 0.000591893)	(75, 0.0010071000000000001)	(76, 0.0499531)	(77, 0.000971764)	(78, 0.0005145929999999999)	(79, 0.0835055)	(80, 0.00280707)	(81, 0.00892477)	(82, 0.000282695)	(83, 0.029660899999999997)	(84, 0.000466005)	(85, 0.0017801000000000002)	(86, 0.0014973999999999999)	(87, 0.000315823)	(88, 0.113506)	(89, 0.028055300000000002)	(90, 0.0005145929999999999)	(91, 0.060169900000000005)	(92, 0.000841459)	(93, 0.0825315)	(94, 0.0012125)	(95, 0.028455)	(96, 0.06921609999999999)	(97, 0.0795013)	(98, 0.0892852)	(99, 0.0011352)	(100, 0.20319600000000002)	(101, 0.009825859999999999)	(102, 0.28738800000000003)	(103, 0.0667447)	(104, 0.11590699999999998)	(105, 0.009856779999999999)	(106, 0.0684762)	(107, 0.00269885)	(108, 0.000662566)	(109, 0.000437294)	(110, 0.00012809600000000001)	(111, 0.030608399999999997)	(112, 0.028450600000000003)	(113, 0.0849079)	(114, 0.009147830000000001)	(115, 0.00655278)	(116, 0.0867057)	(117, 0.0011197400000000001)	(118, 0.11268)	(119, 0.0552271)	(120, 0.00227039)	(121, 0.08274569999999999)	(122, 0.063041)	(123, 0.223574)	(124, 0.16858800000000002)	(125, 2.20855e-05)	(126, 2.20855e-05)	(127, 0.000161225)	(128, 0.000163433)	(129, 0.08704579999999999)	(130, 0.000814957)	(131, 0.030065099999999997)	(132, 0.22253799999999999)	(133, 0.09810839999999998)	(134, 0.0787769)	(135, 0.051218599999999996)	(136, 0.142412)	(137, 0.103144)	(138, 0.00019214400000000002)	(139, 0.185143)	(140, 0.0825094)	(141, 0.11862800000000001)	(142, 0.00158353)	(143, 2.20855e-06)	(144, 0.000841459)	(145, 0.00114845)	(146, 0.00231898)	(147, 0.00362424)	(148, 3.31283e-05)	(149, 0.000651524)	(150, 0.00309419)	(151, 0.029943599999999997)
reports | SRR30333745	(1, 0.00277537)	(2, 0.0736844)	(3, 0.279871)	(4, 0.0906441)	(5, 0.0034822900000000003)	(6, 0.00198062)	(7, 0.0817407)	(8, 0.0405117)	(9, 0.0)	(10, 0.150387)	(11, 0.105217)	(12, 0.15051)	(13, 0.103881)	(14, 0.0767526)	(15, 1.04573e-05)	(16, 0.0)	(17, 0.0)	(18, 0.0)	(19, 0.000194506)	(20, 0.0962659)	(21, 0.0968913)	(22, 0.081038)	(23, 5.01951e-05)	(24, 2.7188999999999997e-05)	(25, 0.0413692)	(26, 0.000119213)	(27, 0.000809397)	(28, 0.000522866)	(29, 0.00015058499999999998)	(30, 0.00204754)	(31, 0.000349275)	(32, 0.0034613699999999996)	(33, 0.02433)	(34, 0.0228555)	(35, 0.0703631)	(36, 0.250093)	(37, 0.000918153)	(38, 0.16895300000000002)	(39, 0.0011942300000000001)	(40, 0.00198062)	(41, 0.25752200000000003)	(42, 0.0005626040000000001)	(43, 0.146961)	(44, 0.144583)	(45, 0.0012527900000000002)	(46, 0.0026080599999999997)	(47, 0.0016125199999999999)	(48, 0.00284857)	(49, 0.026383800000000002)	(50, 0.00186349)	(51, 0.00318739)	(52, 0.07283730000000001)	(53, 0.026586699999999998)	(54, 0.0024114600000000003)	(55, 0.00240728)	(56, 0.00398842)	(57, 0.0488712)	(58, 0.118337)	(59, 0.0496848)	(60, 0.0496054)	(61, 0.0715595)	(62, 0.0023278)	(63, 0.0497413)	(64, 0.00268753)	(65, 0.000736195)	(66, 0.00321458)	(67, 0.133584)	(68, 0.00233198)	(69, 0.00368516)	(70, 0.0042289400000000005)	(71, 0.0020099)	(72, 0.00139082)	(73, 0.152936)	(74, 0.000550055)	(75, 0.0012255999999999999)	(76, 0.0369102)	(77, 0.0007968480000000001)	(78, 0.00046221399999999996)	(79, 0.0676526)	(80, 0.0031121000000000005)	(81, 0.00715908)	(82, 0.000248884)	(83, 0.0246186)	(84, 0.000405744)	(85, 0.00218767)	(86, 0.0013134400000000001)	(87, 0.000324177)	(88, 0.09604)	(89, 0.0237737)	(90, 0.000644171)	(91, 0.048760399999999995)	(92, 0.0007048239999999999)	(93, 0.0688468)	(94, 0.0012548799999999999)	(95, 0.023163)	(96, 0.0579461)	(97, 0.0672866)	(98, 0.0740504)	(99, 0.00148076)	(100, 0.169001)	(101, 0.00760456)	(102, 0.24387699999999998)	(103, 0.0547043)	(104, 0.0960693)	(105, 0.007725870000000001)	(106, 0.0556518)	(107, 0.00262897)	(108, 0.00049986)	(109, 0.000552147)	(110, 0.000221695)	(111, 0.0276596)	(112, 0.024750400000000002)	(113, 0.0711244)	(114, 0.00688928)	(115, 0.00844324)	(116, 0.071411)	(117, 0.00171082)	(118, 0.0959919)	(119, 0.0473926)	(120, 0.0024930300000000002)	(121, 0.06847249999999999)	(122, 0.0541627)	(123, 0.185475)	(124, 0.139478)	(125, 2.50976e-05)	(126, 3.9737800000000004e-05)	(127, 0.000230061)	(128, 0.000269799)	(129, 0.0722141)	(130, 0.0012820700000000002)	(131, 0.0249533)	(132, 0.185779)	(133, 0.082205)	(134, 0.0660045)	(135, 0.0431929)	(136, 0.11854999999999999)	(137, 0.0850766)	(138, 0.000261433)	(139, 0.15379400000000001)	(140, 0.0701686)	(141, 0.0959919)	(142, 0.00242401)	(143, 2.09146e-06)	(144, 0.00118586)	(145, 0.0009788050000000001)	(146, 0.00345928)	(147, 0.00547545)	(148, 1.46403e-05)	(149, 0.000932793)	(150, 0.0045301099999999995)	(151, 0.0229413)
reports | SRR30333746	(1, 0.00197082)	(2, 0.08605969999999999)	(3, 0.33046)	(4, 0.105737)	(5, 0.0029017400000000003)	(6, 0.0016913)	(7, 0.09798649999999999)	(8, 0.0468234)	(9, 0.0)	(10, 0.176869)	(11, 0.123939)	(12, 0.177444)	(13, 0.12154399999999999)	(14, 0.089312)	(15, 4.73754e-06)	(16, 0.0)	(17, 0.0)	(18, 0.0)	(19, 0.000158707)	(20, 0.11264700000000001)	(21, 0.114836)	(22, 0.0942557)	(23, 4.26378e-05)	(24, 1.89501e-05)	(25, 0.0489032)	(26, 0.000137389)	(27, 0.000895394)	(28, 0.0005471849999999999)	(29, 0.000168183)	(30, 0.00209873)	(31, 0.000431116)	(32, 0.00278567)	(33, 0.028697599999999997)	(34, 0.026788400000000004)	(35, 0.0837407)	(36, 0.295501)	(37, 0.000871707)	(38, 0.196994)	(39, 0.0012744)	(40, 0.0018926499999999998)	(41, 0.301883)	(42, 0.000641936)	(43, 0.171565)	(44, 0.169073)	(45, 0.00145679)	(46, 0.0029041099999999997)	(47, 0.0017552599999999998)	(48, 0.0026625)	(49, 0.0301189)	(50, 0.00179553)	(51, 0.0032641600000000003)	(52, 0.083762)	(53, 0.0312725)	(54, 0.00247773)	(55, 0.0026814499999999997)	(56, 0.0043774799999999996)	(57, 0.056414599999999995)	(58, 0.13836)	(59, 0.0585512)	(60, 0.0584304)	(61, 0.08307740000000001)	(62, 0.00248484)	(63, 0.05812010000000001)	(64, 0.00274066)	(65, 0.0008646)	(66, 0.00262933)	(67, 0.157703)	(68, 0.00267671)	(69, 0.00354131)	(70, 0.00386346)	(71, 0.00223849)	(72, 0.00146864)	(73, 0.181694)	(74, 0.000525867)	(75, 0.0009711949999999999)	(76, 0.0426876)	(77, 0.0009569820000000001)	(78, 0.00049981)	(79, 0.0801023)	(80, 0.0026151200000000003)	(81, 0.00866022)	(82, 0.00029135799999999997)	(83, 0.028055700000000003)	(84, 0.00048086)	(85, 0.0016984099999999998)	(86, 0.0014923199999999999)	(87, 0.000371897)	(88, 0.112178)	(89, 0.0272764)	(90, 0.0005495540000000001)	(91, 0.057992199999999994)	(92, 0.0008574939999999999)	(93, 0.0804718)	(94, 0.00112043)	(95, 0.027688499999999998)	(96, 0.0678557)	(97, 0.0782902)	(98, 0.0865785)	(99, 0.0013881)	(100, 0.197148)	(101, 0.00909844)	(102, 0.28325)	(103, 0.0645868)	(104, 0.112817)	(105, 0.009212139999999999)	(106, 0.06534960000000001)	(107, 0.0024208800000000003)	(108, 0.000606405)	(109, 0.00047849100000000005)	(110, 0.00016344500000000002)	(111, 0.0293396)	(112, 0.0287616)	(113, 0.0820233)	(114, 0.00848256)	(115, 0.006753360000000001)	(116, 0.0841386)	(117, 0.0012270199999999999)	(118, 0.110657)	(119, 0.0545006)	(120, 0.0023948199999999998)	(121, 0.07957399999999999)	(122, 0.0616259)	(123, 0.221504)	(124, 0.164115)	(125, 2.13189e-05)	(126, 1.4212600000000002e-05)	(127, 0.00020845199999999998)	(128, 0.000189501)	(129, 0.0840723)	(130, 0.00103989)	(131, 0.0293656)	(132, 0.219374)	(133, 0.0967476)	(134, 0.07748949999999999)	(135, 0.05064899999999999)	(136, 0.138516)	(137, 0.0997157)	(138, 0.000139757)	(139, 0.184688)	(140, 0.08184330000000001)	(141, 0.111458)	(142, 0.00180974)	(143, 2.36877e-06)	(144, 0.000876444)	(145, 0.00107068)	(146, 0.0024658899999999997)	(147, 0.0043774799999999996)	(148, 1.89501e-05)	(149, 0.0006703610000000001)	(150, 0.0037237000000000004)	(151, 0.027548800000000002)
reports | SRR30333747	(1, 0.0017745600000000001)	(2, 0.10375600000000001)	(3, 0.40759999999999996)	(4, 0.130017)	(5, 0.00165302)	(6, 0.0016821899999999999)	(7, 0.11628000000000001)	(8, 0.0586506)	(9, 2.43091e-06)	(10, 0.218602)	(11, 0.153011)	(12, 0.218869)	(13, 0.150194)	(14, 0.112451)	(15, 2.43091e-06)	(16, 0.0)	(17, 0.0188736)	(18, 2.43091e-06)	(19, 0.014724000000000001)	(20, 0.139619)	(21, 0.141756)	(22, 0.117741)	(23, 0.00639815)	(24, 2.43091e-06)	(25, 0.061514200000000005)	(26, 0.00012883800000000002)	(27, 0.0010550099999999999)	(28, 0.000583418)	(29, 0.00033303499999999997)	(30, 0.00238958)	(31, 0.000410824)	(32, 0.00104286)	(33, 0.0346113)	(34, 0.0329413)	(35, 0.100435)	(36, 0.362045)	(37, 0.017213299999999997)	(38, 0.243047)	(39, 0.00148529)	(40, 0.00171136)	(41, 0.37479)	(42, 0.00118385)	(43, 0.21059)	(44, 0.208771)	(45, 0.00175755)	(46, 0.0034057000000000002)	(47, 0.0020322400000000003)	(48, 0.0026642799999999998)	(49, 0.0370568)	(50, 0.0182464)	(51, 0.00334493)	(52, 0.114839)	(53, 0.0608481)	(54, 0.00251599)	(55, 0.0204585)	(56, 0.028927800000000004)	(57, 0.07973630000000001)	(58, 0.17185799999999998)	(59, 0.07113080000000001)	(60, 0.08058950000000001)	(61, 0.101187)	(62, 0.00290494)	(63, 0.0736177)	(64, 0.0029584200000000002)	(65, 0.0259767)	(66, 0.00241875)	(67, 0.212452)	(68, 0.0033109)	(69, 0.0211878)	(70, 0.019598)	(71, 0.00251356)	(72, 0.0022753300000000003)	(73, 0.222239)	(74, 0.000634467)	(75, 0.000763306)	(76, 0.058465800000000005)	(77, 0.00104772)	(78, 0.000585849)	(79, 0.0992516)	(80, 0.002076)	(81, 0.00985977)	(82, 0.00928607)	(83, 0.0348106)	(84, 0.0004910439999999999)	(85, 0.0243674)	(86, 0.0110363)	(87, 0.000539662)	(88, 0.146805)	(89, 0.0428569)	(90, 0.000221213)	(91, 0.0704259)	(92, 0.00101855)	(93, 0.12376200000000001)	(94, 0.00118871)	(95, 0.0333326)	(96, 0.0827822)	(97, 0.09564410000000001)	(98, 0.10518999999999999)	(99, 0.00120816)	(100, 0.24459799999999998)	(101, 0.019739)	(102, 0.344885)	(103, 0.0950704)	(104, 0.15116400000000002)	(105, 0.00964828)	(106, 0.0797995)	(107, 0.00263267)	(108, 0.00072198)	(109, 0.000354913)	(110, 0.0274523)	(111, 0.0337751)	(112, 0.0440116)	(113, 0.10103600000000001)	(114, 0.008921440000000001)	(115, 0.0431754)	(116, 0.103418)	(117, 0.0011182199999999998)	(118, 0.13858900000000002)	(119, 0.0864091)	(120, 0.00299488)	(121, 0.107096)	(122, 0.08003529999999999)	(123, 0.270106)	(124, 0.210196)	(125, 3.64636e-05)	(126, 0.009451379999999999)	(127, 0.000763306)	(128, 0.00012154499999999999)	(129, 0.104257)	(130, 0.0009699329999999999)	(131, 0.0357562)	(132, 0.277466)	(133, 0.11930400000000001)	(134, 0.09543750000000001)	(135, 0.06394509999999999)	(136, 0.170613)	(137, 0.12201000000000001)	(138, 0.00012883800000000002)	(139, 0.22098199999999998)	(140, 0.10284)	(141, 0.139296)	(142, 0.0290202)	(143, 7.292730000000001e-06)	(144, 0.0256607)	(145, 0.00128595)	(146, 0.008056029999999999)	(147, 0.00272019)	(148, 0.016335699999999998)	(149, 0.00047888900000000003)	(150, 0.00260837)	(151, 0.031973800000000004)
reports | SRR30333748	(1, 0.00271061)	(2, 0.074327)	(3, 0.285242)	(4, 0.0919941)	(5, 0.0033634199999999998)	(6, 0.0018422399999999998)	(7, 0.0818198)	(8, 0.040503199999999996)	(9, 0.0)	(10, 0.152773)	(11, 0.10658499999999999)	(12, 0.15298799999999999)	(13, 0.106194)	(14, 0.0786016)	(15, 4.58648e-06)	(16, 0.0)	(17, 0.0)	(18, 0.0)	(19, 0.000197219)	(20, 0.0975116)	(21, 0.10011099999999999)	(22, 0.0822142)	(23, 4.4336000000000004e-05)	(24, 3.9749499999999996e-05)	(25, 0.0430915)	(26, 0.000111604)	(27, 0.000663511)	(28, 0.000463235)	(29, 0.000126893)	(30, 0.00177497)	(31, 0.000330227)	(32, 0.0029812099999999998)	(33, 0.0243909)	(34, 0.0233574)	(35, 0.07065930000000001)	(36, 0.253276)	(37, 0.000908123)	(38, 0.170377)	(39, 0.00101514)	(40, 0.0016985300000000002)	(41, 0.262662)	(42, 0.00044183100000000006)	(43, 0.14923)	(44, 0.14599800000000002)	(45, 0.00112827)	(46, 0.00237733)	(47, 0.00144627)	(48, 0.00242319)	(49, 0.0271122)	(50, 0.00162973)	(51, 0.0029139400000000003)	(52, 0.0751418)	(53, 0.0273492)	(54, 0.00204404)	(55, 0.0024079)	(56, 0.00383124)	(57, 0.0488368)	(58, 0.12064000000000001)	(59, 0.049466699999999995)	(60, 0.0494056)	(61, 0.0725398)	(62, 0.00202264)	(63, 0.0510078)	(64, 0.0027641199999999997)	(65, 0.0006451650000000001)	(66, 0.00301179)	(67, 0.136055)	(68, 0.00244459)	(69, 0.00345668)	(70, 0.0038908600000000003)	(71, 0.00204251)	(72, 0.00120013)	(73, 0.161794)	(74, 0.000399024)	(75, 0.00113745)	(76, 0.036468600000000004)	(77, 0.0007124330000000001)	(78, 0.000406668)	(79, 0.0698215)	(80, 0.00282374)	(81, 0.006813979999999999)	(82, 0.000235439)	(83, 0.024806699999999998)	(84, 0.00040361)	(85, 0.0020608600000000003)	(86, 0.0012903300000000001)	(87, 0.000272131)	(88, 0.0976936)	(89, 0.0239766)	(90, 0.000602358)	(91, 0.0499697)	(92, 0.000738423)	(93, 0.06974810000000001)	(94, 0.00118331)	(95, 0.0235806)	(96, 0.05824069999999999)	(97, 0.0686489)	(98, 0.0754354)	(99, 0.00146003)	(100, 0.17241299999999998)	(101, 0.00682927)	(102, 0.24846600000000002)	(103, 0.0542474)	(104, 0.09572750000000001)	(105, 0.0069454600000000005)	(106, 0.05580980000000001)	(107, 0.0024766999999999996)	(108, 0.000412783)	(109, 0.00049534)	(110, 0.000157469)	(111, 0.027711499999999997)	(112, 0.0245621)	(113, 0.0718228)	(114, 0.00617952)	(115, 0.0080401)	(116, 0.07379949999999999)	(117, 0.0016511299999999998)	(118, 0.09873320000000001)	(119, 0.048817)	(120, 0.00247058)	(121, 0.0698781)	(122, 0.05394310000000001)	(123, 0.191406)	(124, 0.142263)	(125, 2.75189e-05)	(126, 3.82207e-05)	(127, 0.000275189)	(128, 0.00022932400000000002)	(129, 0.0730886)	(130, 0.0013897)	(131, 0.0251247)	(132, 0.190999)	(133, 0.0838485)	(134, 0.0673846)	(135, 0.0444277)	(136, 0.122217)	(137, 0.08696430000000001)	(138, 0.000267545)	(139, 0.156555)	(140, 0.07208110000000001)	(141, 0.0978327)	(142, 0.00238497)	(143, 1.52883e-06)	(144, 0.00107018)	(145, 0.0009310559999999999)	(146, 0.00340623)	(147, 0.00531573)	(148, 2.29324e-05)	(149, 0.0008897769999999999)	(150, 0.004614)	(151, 0.022565500000000002)
reports | SRR30333749	(1, 0.00919039)	(2, 0.0663472)	(3, 0.219826)	(4, 0.078342)	(5, 0.00203503)	(6, 0.00111206)	(7, 0.0634435)	(8, 0.031264900000000005)	(9, 0.0)	(10, 0.118595)	(11, 0.101083)	(12, 0.11665)	(13, 0.08110529999999999)	(14, 0.0604798)	(15, 3.7443e-06)	(16, 0.00417864)	(17, 0.0)	(18, 0.0)	(19, 9.17354e-05)	(20, 0.07479989999999999)	(21, 0.07627890000000001)	(22, 0.0631776)	(23, 2.62101e-05)	(24, 2.24658e-05)	(25, 0.033122099999999995)	(26, 7.863029999999999e-05)	(27, 0.000542924)	(28, 0.00034634799999999996)	(29, 0.00010484)	(30, 0.00140037)	(31, 0.030847399999999997)	(32, 0.00244316)	(33, 0.0202848)	(34, 0.0179184)	(35, 0.0556553)	(36, 0.195213)	(37, 0.0005728780000000001)	(38, 0.132035)	(39, 0.000810641)	(40, 0.0012843000000000002)	(41, 0.200496)	(42, 0.000428723)	(43, 0.112417)	(44, 0.11280299999999999)	(45, 0.0009416919999999999)	(46, 0.00189087)	(47, 0.0011513699999999999)	(48, 0.0018010099999999998)	(49, 0.0205712)	(50, 0.00419175)	(51, 0.004723440000000001)	(52, 0.056742999999999995)	(53, 0.020861400000000002)	(54, 0.0017879)	(55, 0.0017467200000000002)	(56, 0.00292804)	(57, 0.044583399999999995)	(58, 0.12349500000000001)	(59, 0.040286800000000005)	(60, 0.038044)	(61, 0.0554288)	(62, 0.00230087)	(63, 0.040899000000000005)	(64, 0.00186092)	(65, 0.000638404)	(66, 0.00212489)	(67, 0.10569799999999999)	(68, 0.00177293)	(69, 0.00258544)	(70, 0.00271836)	(71, 0.00150895)	(72, 0.0009547970000000001)	(73, 0.118837)	(74, 0.000336987)	(75, 0.000709545)	(76, 0.0287581)	(77, 0.0005934719999999999)	(78, 0.000840596)	(79, 0.054028400000000004)	(80, 0.00245439)	(81, 0.00534499)	(82, 0.000185343)	(83, 0.018538)	(84, 0.00032200999999999996)	(85, 0.0013348400000000001)	(86, 0.0008817829999999999)	(87, 0.000220914)	(88, 0.0781305)	(89, 0.0188488)	(90, 0.000780687)	(91, 0.09176909999999999)	(92, 0.000599088)	(93, 0.053706399999999994)	(94, 0.0007863029999999999)	(95, 0.018054999999999998)	(96, 0.0442202)	(97, 0.052233)	(98, 0.0568872)	(99, 0.000851829)	(100, 0.132382)	(101, 0.0055191)	(102, 0.189956)	(103, 0.0420991)	(104, 0.07381700000000001)	(105, 0.00557152)	(106, 0.0429902)	(107, 0.00186841)	(108, 0.00037817499999999996)	(109, 0.00034634799999999996)	(110, 9.17354e-05)	(111, 0.020376500000000002)	(112, 0.0185493)	(113, 0.0551011)	(114, 0.0050417000000000005)	(115, 0.00483015)	(116, 0.0568404)	(117, 0.000964158)	(118, 0.074858)	(119, 0.0379728)	(120, 0.00301978)	(121, 0.0546855)	(122, 0.040665)	(123, 0.14669800000000002)	(124, 0.10782800000000001)	(125, 2.4338e-05)	(126, 0.0012543399999999998)	(127, 0.00102407)	(128, 0.00481143)	(129, 0.0560466)	(130, 0.0016418799999999999)	(131, 0.0188732)	(132, 0.148939)	(133, 0.0665437)	(134, 0.050711)	(135, 0.0346704)	(136, 0.09313579999999999)	(137, 0.0670136)	(138, 0.00032949899999999997)	(139, 0.12016799999999998)	(140, 0.054883999999999995)	(141, 0.0748617)	(142, 0.00127119)	(143, 0.00238886)	(144, 0.0039876799999999995)	(145, 0.0009098649999999999)	(146, 0.00209868)	(147, 0.00304225)	(148, 2.24658e-05)	(149, 0.00079192)	(150, 0.00379485)	(151, 0.018401400000000002)
reports | SRR30333750	(1, 0.00244609)	(2, 0.07481840000000001)	(3, 0.289045)	(4, 0.0922489)	(5, 0.0031903100000000005)	(6, 0.00169621)	(7, 0.0824664)	(8, 0.0417649)	(9, 0.0)	(10, 0.155264)	(11, 0.10755100000000001)	(12, 0.154193)	(13, 0.106793)	(14, 0.0798428)	(15, 1.32221e-05)	(16, 0.0)	(17, 0.0)	(18, 0.0)	(19, 0.000152999)	(20, 0.099727)	(21, 0.101085)	(22, 0.0829311)	(23, 4.5333e-05)	(24, 2.26665e-05)	(25, 0.0442998)	(26, 0.000103888)	(27, 0.0006762179999999999)	(28, 0.000506219)	(29, 0.000164332)	(30, 0.0018681)	(31, 0.00035133100000000003)	(32, 0.00307698)	(33, 0.0249672)	(34, 0.023244499999999998)	(35, 0.0722495)	(36, 0.25577500000000003)	(37, 0.000855661)	(38, 0.173856)	(39, 0.0010974399999999999)	(40, 0.00171699)	(41, 0.264295)	(42, 0.000553441)	(43, 0.150298)	(44, 0.148638)	(45, 0.00119566)	(46, 0.00235354)	(47, 0.00157532)	(48, 0.00258587)	(49, 0.026706800000000003)	(50, 0.00172832)	(51, 0.0030014200000000003)	(52, 0.0750431)	(53, 0.0275398)	(54, 0.00210987)	(55, 0.00244609)	(56, 0.00380986)	(57, 0.049872)	(58, 0.122035)	(59, 0.0494829)	(60, 0.049403499999999996)	(61, 0.07339230000000001)	(62, 0.00209099)	(63, 0.0507673)	(64, 0.00267654)	(65, 0.0007158840000000001)	(66, 0.00284087)	(67, 0.139017)	(68, 0.00242343)	(69, 0.00339998)	(70, 0.0037985299999999996)	(71, 0.00201921)	(72, 0.00126177)	(73, 0.15742799999999998)	(74, 0.00041933000000000004)	(75, 0.0010199900000000001)	(76, 0.0377416)	(77, 0.0008348830000000001)	(78, 0.000400442)	(79, 0.070338)	(80, 0.00268598)	(81, 0.00716828)	(82, 0.000264443)	(83, 0.024687599999999997)	(84, 0.00041177499999999997)	(85, 0.00201543)	(86, 0.0012221)	(87, 0.000322998)	(88, 0.09890529999999999)	(89, 0.024472300000000002)	(90, 0.000572329)	(91, 0.050059)	(92, 0.00075555)	(93, 0.0710274)	(94, 0.00115599)	(95, 0.0235637)	(96, 0.0590576)	(97, 0.0690649)	(98, 0.0757609)	(99, 0.0014789900000000001)	(100, 0.174678)	(101, 0.00770284)	(102, 0.250544)	(103, 0.0559088)	(104, 0.0979382)	(105, 0.007816169999999999)	(106, 0.0572424)	(107, 0.0023101000000000003)	(108, 0.000481663)	(109, 0.000506219)	(110, 0.00018888799999999998)	(111, 0.0276815)	(112, 0.0249388)	(113, 0.07236089999999999)	(114, 0.0070417299999999995)	(115, 0.00771606)	(116, 0.0747032)	(117, 0.0015791)	(118, 0.09944929999999999)	(119, 0.0487084)	(120, 0.00242909)	(121, 0.0711011)	(122, 0.054921)	(123, 0.199271)	(124, 0.14323)	(125, 2.26665e-05)	(126, 2.26665e-05)	(127, 0.000256887)	(128, 0.000254998)	(129, 0.0731429)	(130, 0.00131844)	(131, 0.0257888)	(132, 0.190878)	(133, 0.0848407)	(134, 0.0671986)	(135, 0.0451328)	(136, 0.123693)	(137, 0.0879007)	(138, 0.000203999)	(139, 0.162506)	(140, 0.0717773)	(141, 0.09984029999999999)	(142, 0.00227421)	(143, 5.6666300000000005e-06)	(144, 0.00107288)	(145, 0.0009066600000000001)	(146, 0.0030920899999999996)	(147, 0.00518685)	(148, 2.26665e-05)	(149, 0.000817883)	(150, 0.004535190000000001)	(151, 0.0238962)
reports | SRR30333751	(1, 0.0026559300000000004)	(2, 0.0790804)	(3, 0.30077699999999996)	(4, 0.0972827)	(5, 0.00344166)	(6, 0.00187925)	(7, 0.0861828)	(8, 0.043472500000000004)	(9, 0.0)	(10, 0.161977)	(11, 0.112117)	(12, 0.161068)	(13, 0.110264)	(14, 0.08232110000000001)	(15, 1.08627e-05)	(16, 0.0)	(17, 0.0)	(18, 0.0)	(19, 0.000168372)	(20, 0.10826500000000001)	(21, 0.103922)	(22, 0.0866336)	(23, 4.70717e-05)	(24, 4.16403e-05)	(25, 0.045922)	(26, 0.000115869)	(27, 0.000818323)	(28, 0.000496063)	(29, 0.00017561400000000002)	(30, 0.00193718)	(31, 0.00038381499999999997)	(32, 0.0032280300000000002)	(33, 0.0261157)	(34, 0.0242292)	(35, 0.0758306)	(36, 0.26631900000000003)	(37, 0.000964969)	(38, 0.180813)	(39, 0.00127818)	(40, 0.0019444199999999999)	(41, 0.273434)	(42, 0.0006065)	(43, 0.15551199999999998)	(44, 0.152976)	(45, 0.00136327)	(46, 0.00264869)	(47, 0.00169458)	(48, 0.0026849)	(49, 0.0282285)	(50, 0.00186657)	(51, 0.0032515699999999996)	(52, 0.07805569999999999)	(53, 0.028503699999999996)	(54, 0.00240428)	(55, 0.00265231)	(56, 0.00407532)	(57, 0.051764300000000006)	(58, 0.12609800000000002)	(59, 0.0518458)	(60, 0.051780599999999996)	(61, 0.0755247)	(62, 0.00232824)	(63, 0.0528217)	(64, 0.00263963)	(65, 0.000861774)	(66, 0.0030469900000000003)	(67, 0.148679)	(68, 0.00255092)	(69, 0.00361185)	(70, 0.00404997)	(71, 0.0022359)	(72, 0.00133973)	(73, 0.163371)	(74, 0.000481579)	(75, 0.0011423899999999999)	(76, 0.0452015)	(77, 0.0008907409999999999)	(78, 0.000490632)	(79, 0.0731838)	(80, 0.00293836)	(81, 0.00771794)	(82, 0.000264326)	(83, 0.025818800000000003)	(84, 0.000421835)	(85, 0.0021327100000000003)	(86, 0.00140853)	(87, 0.00031501799999999997)	(88, 0.101751)	(89, 0.025337200000000004)	(90, 0.000626415)	(91, 0.051811399999999994)	(92, 0.000827375)	(93, 0.07329240000000001)	(94, 0.00126188)	(95, 0.0242835)	(96, 0.0613706)	(97, 0.0717119)	(98, 0.0782259)	(99, 0.0014031)	(100, 0.181302)	(101, 0.00817418)	(102, 0.26010500000000003)	(103, 0.057376699999999996)	(104, 0.10161899999999999)	(105, 0.0082647)	(106, 0.059281299999999995)	(107, 0.00267584)	(108, 0.000544945)	(109, 0.000535893)	(110, 0.000182855)	(111, 0.02852)	(112, 0.026121199999999997)	(113, 0.0747969)	(114, 0.00749164)	(115, 0.00804382)	(116, 0.0768861)	(117, 0.00147914)	(118, 0.10218899999999999)	(119, 0.0500281)	(120, 0.00239703)	(121, 0.0734698)	(122, 0.056476900000000003)	(123, 0.198662)	(124, 0.148254)	(125, 3.43985e-05)	(126, 3.9829899999999996e-05)	(127, 0.000211822)	(128, 0.000246221)	(129, 0.07560069999999999)	(130, 0.00116955)	(131, 0.026247899999999998)	(132, 0.19738799999999998)	(133, 0.08815980000000001)	(134, 0.0702309)	(135, 0.0468707)	(136, 0.12712400000000001)	(137, 0.0902997)	(138, 0.000226306)	(139, 0.163413)	(140, 0.0745869)	(141, 0.102077)	(142, 0.00205124)	(143, 3.6208999999999995e-06)	(144, 0.00103558)	(145, 0.00107541)	(146, 0.0032914)	(147, 0.00503848)	(148, 2.53463e-05)	(149, 0.00088893)	(150, 0.004187570000000001)	(151, 0.0253463)
reports | SRR30333752	(1, 0.00258346)	(2, 0.0749439)	(3, 0.292769)	(4, 0.0937359)	(5, 0.0032002499999999995)	(6, 0.0015976)	(7, 0.0838959)	(8, 0.041541)	(9, 0.0)	(10, 0.15878599999999998)	(11, 0.109102)	(12, 0.156657)	(13, 0.109205)	(14, 0.0809096)	(15, 6.74093e-06)	(16, 0.0)	(17, 0.0)	(18, 0.0)	(19, 0.000160097)	(20, 0.104676)	(21, 0.10299599999999999)	(22, 0.0852946)	(23, 4.3816e-05)	(24, 5.05569e-05)	(25, 0.0443317)	(26, 7.920590000000001e-05)	(27, 0.00076678)	(28, 0.000559497)	(29, 0.000138189)	(30, 0.00188746)	(31, 0.00031850899999999997)	(32, 0.00315644)	(33, 0.0255784)	(34, 0.023360699999999998)	(35, 0.07329240000000001)	(36, 0.26215299999999997)	(37, 0.0008712650000000001)	(38, 0.176486)	(39, 0.00119651)	(40, 0.0017796)	(41, 0.271894)	(42, 0.0005477)	(43, 0.153189)	(44, 0.15138300000000002)	(45, 0.0011830299999999998)	(46, 0.0026205300000000003)	(47, 0.00156727)	(48, 0.00263402)	(49, 0.0276445)	(50, 0.0018048799999999998)	(51, 0.00313116)	(52, 0.0757259)	(53, 0.0279445)	(54, 0.00221776)	(55, 0.00234921)	(56, 0.00401254)	(57, 0.0504204)	(58, 0.123745)	(59, 0.0510541)	(60, 0.050958)	(61, 0.0741906)	(62, 0.00223462)	(63, 0.051869700000000005)	(64, 0.00264918)	(65, 0.000733076)	(66, 0.00301151)	(67, 0.145788)	(68, 0.00235595)	(69, 0.0035642600000000005)	(70, 0.00398389)	(71, 0.00196161)	(72, 0.00138695)	(73, 0.16098200000000001)	(74, 0.00044658599999999996)	(75, 0.00111562)	(76, 0.0429683)	(77, 0.000869579)	(78, 0.000436475)	(79, 0.0712617)	(80, 0.00281939)	(81, 0.0068235)	(82, 0.000256155)	(83, 0.0251892)	(84, 0.000374121)	(85, 0.00210822)	(86, 0.00134987)	(87, 0.000340417)	(88, 0.100797)	(89, 0.0246667)	(90, 0.0005662379999999999)	(91, 0.051797300000000004)	(92, 0.0006993710000000001)	(93, 0.0716779)	(94, 0.00126898)	(95, 0.024469599999999998)	(96, 0.0599268)	(97, 0.0702236)	(98, 0.0784121)	(99, 0.00129931)	(100, 0.175544)	(101, 0.00702236)	(102, 0.252202)	(103, 0.05577270000000001)	(104, 0.09863319999999999)	(105, 0.00712853)	(106, 0.0575035)	(107, 0.00260537)	(108, 0.0005072550000000001)	(109, 0.00048534699999999996)	(110, 0.000163467)	(111, 0.0282057)	(112, 0.025720000000000003)	(113, 0.0736615)	(114, 0.00630951)	(115, 0.00799474)	(116, 0.0753905)	(117, 0.00150828)	(118, 0.101257)	(119, 0.0492543)	(120, 0.00245538)	(121, 0.0706702)	(122, 0.0559362)	(123, 0.20253799999999997)	(124, 0.147277)	(125, 3.53899e-05)	(126, 2.1908e-05)	(127, 0.000266267)	(128, 0.00026121099999999996)	(129, 0.07527589999999999)	(130, 0.00126898)	(131, 0.0262188)	(132, 0.19584200000000002)	(133, 0.08582719999999999)	(134, 0.0675761)	(135, 0.0455012)	(136, 0.124507)	(137, 0.0886819)	(138, 0.000232562)	(139, 0.166472)	(140, 0.07345589999999999)	(141, 0.101378)	(142, 0.00219249)	(143, 1.68523e-06)	(144, 0.000990916)	(145, 0.000975749)	(146, 0.00317498)	(147, 0.00524276)	(148, 2.35932e-05)	(149, 0.0008426159999999999)	(150, 0.00442205)	(151, 0.023433100000000002)
reports | SRR30333753	(1, 0.00172406)	(2, 0.103265)	(3, 0.40869)	(4, 0.132061)	(5, 0.00170422)	(6, 0.0015628200000000001)	(7, 0.117288)	(8, 0.059379699999999994)	(9, 2.48067e-06)	(10, 0.219856)	(11, 0.154253)	(12, 0.22012199999999998)	(13, 0.15185400000000002)	(14, 0.112312)	(15, 7.442e-06)	(16, 0.0)	(17, 0.0180965)	(18, 0.0)	(19, 0.0133113)	(20, 0.140024)	(21, 0.142452)	(22, 0.118467)	(23, 0.006179339999999999)	(24, 0.0)	(25, 0.061071499999999994)	(26, 0.000136437)	(27, 0.00102203)	(28, 0.000528382)	(29, 0.00029768)	(30, 0.00253028)	(31, 0.000498614)	(32, 0.00107661)	(33, 0.035366800000000004)	(34, 0.033226000000000006)	(35, 0.10347799999999999)	(36, 0.36698)	(37, 0.01668)	(38, 0.247533)	(39, 0.0014288600000000001)	(40, 0.00188034)	(41, 0.37795900000000004)	(42, 0.0011063800000000001)	(43, 0.21291600000000002)	(44, 0.210772)	(45, 0.0017315)	(46, 0.0035250299999999997)	(47, 0.00205647)	(48, 0.0027733799999999998)	(49, 0.0375077)	(50, 0.0178583)	(51, 0.00348037)	(52, 0.114708)	(53, 0.0601958)	(54, 0.0026840799999999997)	(55, 0.0195824)	(56, 0.029135400000000002)	(57, 0.07887519999999999)	(58, 0.173423)	(59, 0.0711777)	(60, 0.0805422)	(61, 0.10227299999999999)	(62, 0.0030958699999999997)	(63, 0.0735939)	(64, 0.0031628499999999996)	(65, 0.024829000000000004)	(66, 0.00231446)	(67, 0.214101)	(68, 0.0031727699999999997)	(69, 0.020835100000000002)	(70, 0.0198379)	(71, 0.00243601)	(72, 0.00231942)	(73, 0.221533)	(74, 0.000749161)	(75, 0.0008037359999999999)	(76, 0.0547334)	(77, 0.00107413)	(78, 0.000659857)	(79, 0.10052900000000001)	(80, 0.00212841)	(81, 0.00982095)	(82, 0.00879892)	(83, 0.0353594)	(84, 0.000575514)	(85, 0.023677999999999998)	(86, 0.011269699999999999)	(87, 0.00052342)	(88, 0.148148)	(89, 0.0429453)	(90, 0.000255509)	(91, 0.0719716)	(92, 0.0010145900000000001)	(93, 0.125472)	(94, 0.00110142)	(95, 0.033660199999999994)	(96, 0.0837125)	(97, 0.09566190000000001)	(98, 0.10704799999999999)	(99, 0.0011287)	(100, 0.247295)	(101, 0.0199024)	(102, 0.34930500000000003)	(103, 0.0961704)	(104, 0.154337)	(105, 0.0102774)	(106, 0.0822688)	(107, 0.00273369)	(108, 0.0007218740000000001)	(109, 0.000339851)	(110, 0.0263496)	(111, 0.0336924)	(112, 0.0436027)	(113, 0.10165300000000001)	(114, 0.00967956)	(115, 0.041442)	(116, 0.10374900000000001)	(117, 0.0009674600000000001)	(118, 0.139984)	(119, 0.0860022)	(120, 0.00279819)	(121, 0.10610599999999999)	(122, 0.0807854)	(123, 0.272774)	(124, 0.212734)	(125, 3.47293e-05)	(126, 0.008878299999999999)	(127, 0.000600321)	(128, 0.000138917)	(129, 0.10430700000000001)	(130, 0.000811178)	(131, 0.036369)	(132, 0.280276)	(133, 0.120732)	(134, 0.096359)	(135, 0.0636191)	(136, 0.17333199999999999)	(137, 0.12373600000000001)	(138, 0.000124033)	(139, 0.223989)	(140, 0.10371200000000001)	(141, 0.140014)	(142, 0.027341900000000002)	(143, 2.48067e-06)	(144, 0.0242063)	(145, 0.00129491)	(146, 0.00768758)	(147, 0.00239384)	(148, 0.0153504)	(149, 0.00040434799999999996)	(150, 0.00238144)	(151, 0.0340819)
reports | SRR30333754	(1, 0.00201206)	(2, 0.09232)	(3, 0.35006)	(4, 0.11289500000000001)	(5, 0.00280671)	(6, 0.00162453)	(7, 0.100987)	(8, 0.050567799999999996)	(9, 0.0)	(10, 0.185693)	(11, 0.130281)	(12, 0.187983)	(13, 0.128492)	(14, 0.0958431)	(15, 9.7863e-06)	(16, 0.0)	(17, 0.0)	(18, 0.0)	(19, 0.000162453)	(20, 0.125924)	(21, 0.12193499999999999)	(22, 0.09892580000000001)	(23, 3.5230699999999995e-05)	(24, 2.34871e-05)	(25, 0.052542599999999995)	(26, 0.000125265)	(27, 0.0009101259999999999)	(28, 0.000573477)	(29, 0.000205512)	(30, 0.00227629)	(31, 0.000444298)	(32, 0.00284781)	(33, 0.0296407)	(34, 0.028272600000000002)	(35, 0.0886678)	(36, 0.30951300000000004)	(37, 0.0009179549999999999)	(38, 0.210225)	(39, 0.0014151)	(40, 0.00204338)	(41, 0.316056)	(42, 0.000698742)	(43, 0.181569)	(44, 0.177071)	(45, 0.0015149200000000001)	(46, 0.00308268)	(47, 0.00192007)	(48, 0.00277931)	(49, 0.0320169)	(50, 0.00194943)	(51, 0.0035739599999999997)	(52, 0.0886306)	(53, 0.0331012)	(54, 0.00259337)	(55, 0.00276365)	(56, 0.00465436)	(57, 0.060205299999999996)	(58, 0.146256)	(59, 0.060013500000000004)	(60, 0.059837400000000006)	(61, 0.0867125)	(62, 0.00269319)	(63, 0.06081399999999999)	(64, 0.00289283)	(65, 0.000890553)	(66, 0.0026990599999999997)	(67, 0.172906)	(68, 0.0028165)	(69, 0.0036757300000000003)	(70, 0.0041435199999999995)	(71, 0.0023154399999999998)	(72, 0.0014855600000000001)	(73, 0.19663800000000003)	(74, 0.000581306)	(75, 0.000980587)	(76, 0.0521923)	(77, 0.00100212)	(78, 0.0005225879999999999)	(79, 0.0837355)	(80, 0.00272842)	(81, 0.00943595)	(82, 0.000301418)	(83, 0.030368799999999998)	(84, 0.0005069299999999999)	(85, 0.00185353)	(86, 0.00148165)	(87, 0.00033469099999999997)	(88, 0.11775500000000001)	(89, 0.028920500000000002)	(90, 0.00047952899999999997)	(91, 0.0610078)	(92, 0.0009101259999999999)	(93, 0.0846515)	(94, 0.0012546)	(95, 0.0287384)	(96, 0.0718725)	(97, 0.0813065)	(98, 0.0906035)	(99, 0.00120176)	(100, 0.20830300000000002)	(101, 0.008613899999999999)	(102, 0.295223)	(103, 0.0662885)	(104, 0.117549)	(105, 0.00869806)	(106, 0.0683025)	(107, 0.00259337)	(108, 0.00061458)	(109, 0.000508888)	(110, 0.000150709)	(111, 0.030687899999999997)	(112, 0.0296036)	(113, 0.0853698)	(114, 0.00799541)	(115, 0.006826919999999999)	(116, 0.0890925)	(117, 0.00115087)	(118, 0.118551)	(119, 0.0578742)	(120, 0.00229195)	(121, 0.0845008)	(122, 0.06384970000000001)	(123, 0.229377)	(124, 0.172345)	(125, 2.7401600000000002e-05)	(126, 2.54444e-05)	(127, 0.000205512)	(128, 0.000168324)	(129, 0.0889418)	(130, 0.000953186)	(131, 0.0303062)	(132, 0.22787800000000002)	(133, 0.10132)	(134, 0.081148)	(135, 0.05270710000000001)	(136, 0.146055)	(137, 0.10542399999999999)	(138, 0.000178111)	(139, 0.188514)	(140, 0.08606269999999999)	(141, 0.118543)	(142, 0.00170477)	(143, 0.0)	(144, 0.0007692030000000001)	(145, 0.00119197)	(146, 0.00245832)	(147, 0.0037070499999999995)	(148, 2.7401600000000002e-05)	(149, 0.0006850410000000001)	(150, 0.00313162)	(151, 0.029353)
reports | SRR30333755	(1, 0.00243666)	(2, 0.0918756)	(3, 0.361171)	(4, 0.115839)	(5, 0.0018984999999999998)	(6, 0.0020529700000000003)	(7, 0.10528200000000001)	(8, 0.0527221)	(9, 0.0)	(10, 0.194295)	(11, 0.135195)	(12, 0.19498000000000001)	(13, 0.13435)	(14, 0.0972223)	(15, 2.24233e-05)	(16, 0.0)	(17, 0.026706100000000003)	(18, 0.0)	(19, 0.019857)	(20, 0.123021)	(21, 0.125665)	(22, 0.10387)	(23, 0.008951859999999999)	(24, 2.49147e-06)	(25, 0.054000200000000005)	(26, 0.000132048)	(27, 0.000931811)	(28, 0.000520718)	(29, 0.00038867000000000003)	(30, 0.00228717)	(31, 0.00045594)	(32, 0.00103147)	(33, 0.0312705)	(34, 0.0294916)	(35, 0.0949201)	(36, 0.325337)	(37, 0.0241274)	(38, 0.21648399999999998)	(39, 0.00136533)	(40, 0.0016369)	(41, 0.33384)	(42, 0.00125819)	(43, 0.189325)	(44, 0.18778499999999998)	(45, 0.00162693)	(46, 0.0031566999999999997)	(47, 0.00200564)	(48, 0.00264345)	(49, 0.0338267)	(50, 0.0253009)	(51, 0.0031193199999999996)	(52, 0.105985)	(53, 0.0657026)	(54, 0.0024117500000000003)	(55, 0.0274261)	(56, 0.039739000000000003)	(57, 0.07354580000000001)	(58, 0.152914)	(59, 0.0633457)	(60, 0.07714599999999999)	(61, 0.0911356)	(62, 0.00275308)	(63, 0.06468109999999999)	(64, 0.0031268)	(65, 0.035476099999999997)	(66, 0.00276553)	(67, 0.199119)	(68, 0.00317663)	(69, 0.0278322)	(70, 0.0267784)	(71, 0.00225229)	(72, 0.00246407)	(73, 0.198947)	(74, 0.000578022)	(75, 0.0009168620000000001)	(76, 0.047759)	(77, 0.0010464200000000002)	(78, 0.000570547)	(79, 0.08941650000000001)	(80, 0.00226724)	(81, 0.00900418)	(82, 0.012938199999999999)	(83, 0.0313328)	(84, 0.0005356670000000001)	(85, 0.035040100000000005)	(86, 0.015001200000000001)	(87, 0.000602936)	(88, 0.13464399999999999)	(89, 0.043042699999999996)	(90, 0.000251639)	(91, 0.0638888)	(92, 0.00103396)	(93, 0.123428)	(94, 0.00119092)	(95, 0.031126)	(96, 0.07542929999999999)	(97, 0.0846702)	(98, 0.0943047)	(99, 0.0015247799999999999)	(100, 0.219048)	(101, 0.026043399999999998)	(102, 0.31015600000000004)	(103, 0.0977554)	(104, 0.145335)	(105, 0.0113013)	(106, 0.0725417)	(107, 0.00275308)	(108, 0.0007200360000000001)	(109, 0.000373721)	(110, 0.0383562)	(111, 0.030974)	(112, 0.0445276)	(113, 0.0902038)	(114, 0.0105489)	(115, 0.05971560000000001)	(116, 0.0934103)	(117, 0.00158956)	(118, 0.123333)	(119, 0.0845706)	(120, 0.0034232800000000003)	(121, 0.0961833)	(122, 0.07788339999999999)	(123, 0.238392)	(124, 0.194397)	(125, 3.48806e-05)	(126, 0.0125819)	(127, 0.000956726)	(128, 0.000191843)	(129, 0.092628)	(130, 0.00134789)	(131, 0.0323069)	(132, 0.252391)	(133, 0.10642099999999999)	(134, 0.0855223)	(135, 0.0560507)	(136, 0.155236)	(137, 0.110151)	(138, 0.00018187799999999998)	(139, 0.19882)	(140, 0.0901838)	(141, 0.122478)	(142, 0.040194900000000006)	(143, 0.0)	(144, 0.0348657)	(145, 0.00118096)	(146, 0.0111593)	(147, 0.00384185)	(148, 0.0225852)	(149, 0.000617885)	(150, 0.0036574800000000003)	(151, 0.0332886)
reports | SRR30333756	(1, 0.0014665400000000001)	(2, 0.100249)	(3, 0.381473)	(4, 0.12032499999999999)	(5, 0.00234446)	(6, 0.00126765)	(7, 0.107873)	(8, 0.054716)	(9, 0.0)	(10, 0.20369500000000001)	(11, 0.140923)	(12, 0.203108)	(13, 0.13936199999999999)	(14, 0.106497)	(15, 2.0089600000000003e-06)	(16, 0.0)	(17, 0.0)	(18, 0.0)	(19, 0.000108484)	(20, 0.12707300000000002)	(21, 0.132963)	(22, 0.10840400000000001)	(23, 3.4152299999999995e-05)	(24, 1.60717e-05)	(25, 0.058987099999999994)	(26, 0.000148663)	(27, 0.0009562650000000001)	(28, 0.000518312)	(29, 0.00017478)	(30, 0.0023665599999999998)	(31, 0.000450007)	(32, 0.0022801699999999998)	(33, 0.0329088)	(34, 0.029987800000000002)	(35, 0.0933584)	(36, 0.335655)	(37, 0.000741306)	(38, 0.226187)	(39, 0.00133596)	(40, 0.0019024900000000002)	(41, 0.34912699999999997)	(42, 0.000670993)	(43, 0.195313)	(44, 0.192217)	(45, 0.00158105)	(46, 0.0032665700000000003)	(47, 0.00185628)	(48, 0.00260562)	(49, 0.0353316)	(50, 0.00187637)	(51, 0.0034473800000000003)	(52, 0.09560439999999999)	(53, 0.0359062)	(54, 0.00252727)	(55, 0.00282259)	(56, 0.00486168)	(57, 0.0651868)	(58, 0.158634)	(59, 0.06595219999999999)	(60, 0.0658075)	(61, 0.0941339)	(62, 0.00273821)	(63, 0.067716)	(64, 0.00279246)	(65, 0.000964301)	(66, 0.0023042799999999997)	(67, 0.179394)	(68, 0.00294112)	(69, 0.00371256)	(70, 0.00389738)	(71, 0.00232638)	(72, 0.00147458)	(73, 0.20300100000000001)	(74, 0.00065693)	(75, 0.000906041)	(76, 0.0477048)	(77, 0.000988409)	(78, 0.000600679)	(79, 0.0906584)	(80, 0.00251522)	(81, 0.009436090000000001)	(82, 0.000321434)	(83, 0.0327199)	(84, 0.0004921950000000001)	(85, 0.00159511)	(86, 0.0014544900000000001)	(87, 0.000291299)	(88, 0.130064)	(89, 0.0309038)	(90, 0.0004259)	(91, 0.0656448)	(92, 0.0009904179999999999)	(93, 0.09156639999999999)	(94, 0.00113305)	(95, 0.0309842)	(96, 0.0765394)	(97, 0.08796029999999999)	(98, 0.09978509999999999)	(99, 0.00105069)	(100, 0.225337)	(101, 0.00864054)	(102, 0.320755)	(103, 0.07162349999999999)	(104, 0.125435)	(105, 0.00857625)	(106, 0.0743918)	(107, 0.00259959)	(108, 0.0006127330000000001)	(109, 0.000441971)	(110, 0.000130582)	(111, 0.0317456)	(112, 0.0312213)	(113, 0.0927015)	(114, 0.00794745)	(115, 0.0056270999999999995)	(116, 0.0963357)	(117, 0.0008839429999999999)	(118, 0.130032)	(119, 0.0641943)	(120, 0.0022199)	(121, 0.0928923)	(122, 0.06792089999999999)	(123, 0.255498)	(124, 0.187878)	(125, 2.00896e-05)	(126, 2.41075e-05)	(127, 0.000144645)	(128, 0.000132591)	(129, 0.0954738)	(130, 0.000666975)	(131, 0.032965)	(132, 0.25029)	(133, 0.108414)	(134, 0.0873456)	(135, 0.0583382)	(136, 0.157561)	(137, 0.11374499999999999)	(138, 0.0001346)	(139, 0.20482400000000003)	(140, 0.0952267)	(141, 0.130532)	(142, 0.00130181)	(143, 4.017920000000001e-06)	(144, 0.000594652)	(145, 0.00120136)	(146, 0.00193664)	(147, 0.00305161)	(148, 1.80806e-05)	(149, 0.000506258)	(150, 0.00251522)	(151, 0.0298893)
reports | SRR30333757	(1, 0.00116776)	(2, 0.00529033)	(3, 0.00241515)	(4, 0.00012385399999999998)	(5, 1.10584e-05)	(6, 0.000227803)	(7, 1.3270099999999999e-05)	(8, 1.3270099999999999e-05)	(9, 0.0022249500000000003)	(10, 3.31751e-05)	(11, 0.000157029)	(12, 0.000207897)	(13, 5.08685e-05)	(14, 0.00015481700000000002)	(15, 0.000145971)	(16, 0.00010615999999999999)	(17, 0.0)	(18, 6.6350299999999996e-06)	(19, 0.000161452)	(20, 4.42335e-05)	(21, 4.64452e-05)	(22, 4.42335e-06)	(23, 0.00111247)	(24, 0.000101737)	(25, 0.0)	(26, 1.54817e-05)	(27, 1.76934e-05)	(28, 0.0)	(29, 0.0007917800000000001)	(30, 1.3270099999999999e-05)	(31, 0.0)	(32, 0.00012385399999999998)	(33, 2.2116800000000002e-06)	(34, 0.000636963)	(35, 0.00454499)	(36, 0.0016410599999999997)	(37, 0.00131374)	(38, 0.000325116)	(39, 0.000305211)	(40, 0.000338386)	(41, 0.00211215)	(42, 0.00020568599999999998)	(43, 0.000101737)	(44, 0.000183569)	(45, 0.00103064)	(46, 0.00032953999999999997)	(47, 0.00012385399999999998)	(48, 0.000143759)	(49, 0.00027867100000000003)	(50, 0.000201262)	(51, 0.0030675900000000002)	(52, 0.0007475460000000001)	(53, 0.000190204)	(54, 0.00147298)	(55, 0.000298576)	(56, 6.6350299999999996e-06)	(57, 0.0034281)	(58, 0.00121642)	(59, 0.000128277)	(60, 0.000143759)	(61, 0.00037377300000000004)	(62, 0.0005352250000000001)	(63, 0.00202368)	(64, 0.000314058)	(65, 0.0)	(66, 6.6350299999999996e-06)	(67, 0.000900152)	(68, 1.10584e-05)	(69, 0.000249919)	(70, 7.519699999999999e-05)	(71, 0.0)	(72, 0.0)	(73, 8.62553e-05)	(74, 4.42335e-06)	(75, 0.0)	(76, 6.6350299999999996e-06)	(77, 2.2116800000000002e-06)	(78, 0.0)	(79, 0.0008249549999999999)	(80, 6.6350299999999996e-06)	(81, 3.0963499999999996e-05)	(82, 0.0)	(83, 0.0)	(84, 3.53868e-05)	(85, 0.000345021)	(86, 0.000110584)	(87, 1.76934e-05)	(88, 0.0)	(89, 0.0)	(90, 0.0)	(91, 0.000112795)	(92, 2.21168e-05)	(93, 8.8467e-06)	(94, 0.0)	(95, 0.0)	(96, 3.98102e-05)	(97, 0.0)	(98, 0.0)	(99, 0.000216744)	(100, 4.42335e-06)	(101, 0.0005219549999999999)	(102, 9.06787e-05)	(103, 5.97152e-05)	(104, 2.2116800000000002e-06)	(105, 2.2116800000000002e-06)	(106, 0.00211657)	(107, 1.99051e-05)	(108, 8.8467e-06)	(109, 9.73137e-05)	(110, 1.99051e-05)	(111, 0.000451182)	(112, 2.21168e-05)	(113, 8.8467e-06)	(114, 1.10584e-05)	(115, 0.00010394900000000002)	(116, 0.00021232100000000002)	(117, 0.0)	(118, 0.0)	(119, 6.41386e-05)	(120, 0.0)	(121, 0.000112795)	(122, 6.6350299999999996e-06)	(123, 0.0)	(124, 2.2116800000000002e-06)	(125, 0.0015548100000000002)	(126, 4.64452e-05)	(127, 0.0)	(128, 0.00023443799999999998)	(129, 1.54817e-05)	(130, 0.0)	(131, 0.000218956)	(132, 8.8467e-05)	(133, 2.2116800000000002e-06)	(134, 0.0)	(135, 0.000168087)	(136, 0.000115007)	(137, 3.31751e-05)	(138, 3.31751e-05)	(139, 2.2116800000000002e-06)	(140, 0.0)	(141, 9.73137e-05)	(142, 0.0)	(143, 0.000285306)	(144, 0.000163664)	(145, 0.0)	(146, 0.00114565)	(147, 9.73137e-05)	(148, 3.31751e-05)	(149, 8.40437e-05)	(150, 0.0)	(151, 0.00147076)
reports | SRR30333758	(1, 0.00187138)	(2, 0.00562896)	(3, 2.4721e-05)	(4, 0.00046969800000000006)	(5, 1.97768e-05)	(6, 0.00021260000000000002)	(7, 7.41629e-06)	(8, 1.23605e-05)	(9, 0.00212106)	(10, 0.00021507200000000002)	(11, 0.00011866100000000001)	(12, 0.00018293499999999998)	(13, 0.000155742)	(14, 0.0)	(15, 0.000269458)	(16, 6.67466e-05)	(17, 0.0)	(18, 2.4721e-06)	(19, 0.0)	(20, 4.44977e-05)	(21, 3.46093e-05)	(22, 1.4832600000000001e-05)	(23, 0.000771294)	(24, 3.70814e-05)	(25, 0.0)	(26, 9.88838e-06)	(27, 0.0)	(28, 0.0)	(29, 0.000316428)	(30, 9.88838e-06)	(31, 0.0)	(32, 6.18024e-05)	(33, 0.0)	(34, 0.00300854)	(35, 0.00378478)	(36, 0.0062989000000000005)	(37, 0.00608136)	(38, 0.000430145)	(39, 0.00020271200000000002)	(40, 0.000239793)	(41, 0.00197768)	(42, 0.000271931)	(43, 0.0)	(44, 2.4721e-06)	(45, 0.000536445)	(46, 0.00024721)	(47, 0.0)	(48, 6.67466e-05)	(49, 6.92187e-05)	(50, 0.0)	(51, 0.00263773)	(52, 0.000833096)	(53, 0.000145854)	(54, 0.00156484)	(55, 0.000313956)	(56, 1.4832600000000001e-05)	(57, 0.00280336)	(58, 0.00126819)	(59, 0.000336205)	(60, 0.000168103)	(61, 0.000180463)	(62, 0.00041284000000000004)	(63, 0.00197273)	(64, 0.00042520000000000004)	(65, 0.0)	(66, 0.0)	(67, 0.00045239300000000004)	(68, 1.4832600000000001e-05)	(69, 0.0010185)	(70, 0.000185407)	(71, 0.0)	(72, 0.0)	(73, 5.68582e-05)	(74, 0.0)	(75, 0.0)	(76, 0.0)	(77, 2.4721e-06)	(78, 0.0)	(79, 0.0)	(80, 2.22489e-05)	(81, 0.0)	(82, 0.0)	(83, 0.0)	(84, 4.94419e-06)	(85, 0.000284291)	(86, 2.22489e-05)	(87, 1.4832600000000001e-05)	(88, 0.0)	(89, 0.0)	(90, 0.0)	(91, 0.00019035099999999998)	(92, 2.22489e-05)	(93, 9.88838e-06)	(94, 0.0)	(95, 0.0)	(96, 2.4721e-06)	(97, 2.4721e-06)	(98, 0.0)	(99, 0.000242265)	(100, 7.41629e-06)	(101, 0.0)	(102, 6.92187e-05)	(103, 4.20256e-05)	(104, 0.0)	(105, 2.4721e-06)	(106, 0.00219275)	(107, 1.4832600000000001e-05)	(108, 0.0)	(109, 0.00010630000000000001)	(110, 1.73047e-05)	(111, 0.0)	(112, 2.22489e-05)	(113, 0.0)	(114, 0.0)	(115, 0.00010630000000000001)	(116, 2.4721e-06)	(117, 0.0)	(118, 0.0)	(119, 6.92187e-05)	(120, 2.4721e-05)	(121, 0.0)	(122, 0.0)	(123, 0.0)	(124, 0.0)	(125, 0.00436078)	(126, 2.4721e-05)	(127, 0.0)	(128, 0.000375759)	(129, 0.0)	(130, 0.0)	(131, 2.9665099999999998e-05)	(132, 9.39396e-05)	(133, 0.0)	(134, 0.0)	(135, 0.000135965)	(136, 0.0)	(137, 7.41629e-05)	(138, 2.4721e-06)	(139, 0.0)	(140, 0.0)	(141, 0.0)	(142, 0.0)	(143, 0.00026451400000000004)	(144, 0.000187879)	(145, 0.0)	(146, 0.00135965)	(147, 0.000133493)	(148, 4.94419e-06)	(149, 9.64117e-05)	(150, 0.0)	(151, 0.0016414700000000001)
reports | SRR30333759	(1, 0.00114565)	(2, 0.00492162)	(3, 0.00203178)	(4, 0.000310962)	(5, 2.10426e-05)	(6, 0.000123917)	(7, 2.57187e-05)	(8, 1.16903e-05)	(9, 0.00201307)	(10, 9.819859999999999e-05)	(11, 0.00014496)	(12, 0.000203411)	(13, 0.000107551)	(14, 0.000128593)	(15, 0.00018470700000000002)	(16, 0.00010053699999999999)	(17, 0.0)	(18, 2.3380600000000003e-06)	(19, 0.00013327)	(20, 3.50709e-05)	(21, 3.7409e-05)	(22, 2.3380600000000003e-06)	(23, 0.000991338)	(24, 6.54657e-05)	(25, 0.0)	(26, 1.40284e-05)	(27, 9.35225e-06)	(28, 0.0)	(29, 0.00060322)	(30, 4.6761200000000006e-06)	(31, 0.0)	(32, 0.00011222700000000001)	(33, 7.01418e-06)	(34, 0.00151974)	(35, 0.0037315499999999997)	(36, 0.0032312)	(37, 0.00303948)	(38, 0.000334343)	(39, 0.000252511)	(40, 0.000308624)	(41, 0.0018377200000000002)	(42, 0.000173017)	(43, 0.000107551)	(44, 0.000149636)	(45, 0.000792603)	(46, 0.000357723)	(47, 0.00010287500000000001)	(48, 0.000121579)	(49, 0.000238482)	(50, 0.000154312)	(51, 0.00260928)	(52, 0.000617248)	(53, 0.00018470700000000002)	(54, 0.00137712)	(55, 0.000280567)	(56, 1.87045e-05)	(57, 0.002801)	(58, 0.000935225)	(59, 0.000245496)	(60, 0.00013327)	(61, 0.000259525)	(62, 0.000441894)	(63, 0.0018236900000000002)	(64, 0.000247835)	(65, 0.0)	(66, 1.16903e-05)	(67, 0.00069908)	(68, 4.6761200000000006e-06)	(69, 0.0005237260000000001)	(70, 0.00011222700000000001)	(71, 0.0)	(72, 0.0)	(73, 8.41702e-05)	(74, 2.3380600000000003e-06)	(75, 0.0)	(76, 7.01418e-06)	(77, 0.0)	(78, 0.0)	(79, 0.000640629)	(80, 9.35225e-06)	(81, 1.63664e-05)	(82, 0.0)	(83, 0.0)	(84, 1.87045e-05)	(85, 0.000252511)	(86, 5.377539999999999e-05)	(87, 4.6761200000000006e-06)	(88, 0.0)	(89, 0.0)	(90, 0.0)	(91, 0.000151974)	(92, 1.63664e-05)	(93, 7.01418e-06)	(94, 0.0)	(95, 0.0)	(96, 1.63664e-05)	(97, 0.0)	(98, 0.0)	(99, 0.000222116)	(100, 0.0)	(101, 0.000350709)	(102, 4.67612e-05)	(103, 2.33806e-05)	(104, 2.3380600000000003e-06)	(105, 0.0)	(106, 0.00175822)	(107, 1.40284e-05)	(108, 2.3380600000000003e-06)	(109, 6.78038e-05)	(110, 9.35225e-06)	(111, 0.00030161)	(112, 1.40284e-05)	(113, 9.35225e-06)	(114, 2.3380600000000003e-06)	(115, 0.00010053699999999999)	(116, 0.00010988899999999999)	(117, 0.0)	(118, 0.0)	(119, 4.909929999999999e-05)	(120, 1.87045e-05)	(121, 7.94941e-05)	(122, 4.6761200000000006e-06)	(123, 2.3380600000000003e-06)	(124, 2.3380600000000003e-06)	(125, 0.00241054)	(126, 4.67612e-05)	(127, 0.0)	(128, 0.000271215)	(129, 2.3380600000000003e-06)	(130, 0.0)	(131, 0.000154312)	(132, 9.35225e-05)	(133, 2.3380600000000003e-06)	(134, 0.0)	(135, 0.00013093099999999998)	(136, 4.44232e-05)	(137, 5.6113500000000004e-05)	(138, 3.27329e-05)	(139, 2.3380600000000003e-06)	(140, 0.0)	(141, 5.6113500000000004e-05)	(142, 2.3380600000000003e-06)	(143, 0.000189383)	(144, 0.00013093099999999998)	(145, 0.0)	(146, 0.000981986)	(147, 9.819859999999999e-05)	(148, 1.87045e-05)	(149, 8.65083e-05)	(150, 0.0)	(151, 0.00163898)
reports | SRR30333760	(1, 0.000354824)	(2, 0.00510212)	(3, 0.00193073)	(4, 9.05412e-05)	(5, 0.0)	(6, 6.85177e-05)	(7, 0.0)	(8, 0.0)	(9, 0.00185977)	(10, 8.564710000000001e-05)	(11, 0.00040376500000000005)	(12, 9.788240000000001e-05)	(13, 6.607060000000001e-05)	(14, 0.000408659)	(15, 0.000134588)	(16, 0.000484518)	(17, 6.36236e-05)	(18, 0.0)	(19, 0.000721883)	(20, 9.54354e-05)	(21, 0.0)	(22, 0.0)	(23, 0.000937224)	(24, 3.18118e-05)	(25, 0.0)	(26, 3.9153e-05)	(27, 7.3411799999999996e-06)	(28, 0.0)	(29, 0.0007341180000000001)	(30, 2.20235e-05)	(31, 0.0)	(32, 4.40471e-05)	(33, 0.0)	(34, 0.0008124240000000001)	(35, 0.00332066)	(36, 0.0018059299999999999)	(37, 0.00157591)	(38, 0.000347483)	(39, 0.000227577)	(40, 0.000526118)	(41, 0.0017937)	(42, 0.00019087099999999998)	(43, 0.00023736500000000002)	(44, 0.00036705900000000004)	(45, 0.000800189)	(46, 2.69177e-05)	(47, 5.872950000000001e-05)	(48, 9.29883e-05)	(49, 0.000489412)	(50, 0.000601977)	(51, 0.0025082399999999997)	(52, 0.000631342)	(53, 0.000156612)	(54, 0.00134099)	(55, 0.00026672999999999996)	(56, 2.44706e-06)	(57, 0.0030025399999999997)	(58, 0.00106937)	(59, 0.000173741)	(60, 0.00014193)	(61, 0.000252047)	(62, 0.000320565)	(63, 0.0017888)	(64, 0.000146824)	(65, 0.0)	(66, 7.3411799999999996e-06)	(67, 0.0008858360000000001)	(68, 1.2235300000000001e-05)	(69, 0.00030588299999999996)	(70, 8.32001e-05)	(71, 0.0)	(72, 0.0)	(73, 8.80942e-05)	(74, 0.0)	(75, 0.0)	(76, 0.0)	(77, 2.44706e-06)	(78, 0.0)	(79, 0.00110607)	(80, 1.4682399999999999e-05)	(81, 7.3411799999999996e-06)	(82, 0.0)	(83, 0.0)	(84, 2.44706e-06)	(85, 6.85177e-05)	(86, 9.78824e-06)	(87, 9.78824e-06)	(88, 0.0)	(89, 2.44706e-06)	(90, 2.44706e-06)	(91, 0.00011745900000000002)	(92, 3.67059e-05)	(93, 1.2235300000000001e-05)	(94, 0.0)	(95, 2.44706e-06)	(96, 2.44706e-06)	(97, 0.0)	(98, 0.0)	(99, 0.000227577)	(100, 0.0)	(101, 0.00099106)	(102, 8.0753e-05)	(103, 0.0)	(104, 0.0)	(105, 0.0)	(106, 5.6282399999999995e-05)	(107, 0.0)	(108, 0.0)	(109, 7.58589e-05)	(110, 3.18118e-05)	(111, 0.000736565)	(112, 1.95765e-05)	(113, 7.3411799999999996e-06)	(114, 0.0)	(115, 9.29883e-05)	(116, 0.00011256499999999999)	(117, 0.0)	(118, 0.0)	(119, 4.8941200000000005e-05)	(120, 7.3411799999999996e-06)	(121, 0.000227577)	(122, 1.4682399999999999e-05)	(123, 0.0)	(124, 0.0)	(125, 0.00164687)	(126, 1.4682399999999999e-05)	(127, 0.0)	(128, 0.00022023500000000002)	(129, 0.0)	(130, 0.0)	(131, 0.000327906)	(132, 1.2235300000000001e-05)	(133, 2.44706e-06)	(134, 0.0)	(135, 0.000107671)	(136, 0.00014193)	(137, 3.42588e-05)	(138, 0.0)	(139, 1.2235300000000001e-05)	(140, 0.0)	(141, 0.000208)	(142, 0.0)	(143, 0.000232471)	(144, 0.000161506)	(145, 0.0)	(146, 0.0)	(147, 1.71294e-05)	(148, 2.44706e-06)	(149, 5.6282399999999995e-05)	(150, 0.0)	(151, 0.00314937)
reports | SRR30333761	(1, 0.0004923)	(2, 0.005608869999999999)	(3, 0.00258338)	(4, 0.00024854)	(5, 0.0)	(6, 8.12534e-05)	(7, 0.0)	(8, 0.0)	(9, 0.00202894)	(10, 9.798200000000001e-05)	(11, 9.798200000000001e-05)	(12, 0.000186405)	(13, 0.00010754099999999999)	(14, 0.000145778)	(15, 0.00019118399999999998)	(16, 5.7355299999999996e-05)	(17, 0.0)	(18, 2.3898e-06)	(19, 0.00018401500000000002)	(20, 4.77961e-05)	(21, 0.0)	(22, 0.0)	(23, 0.000967871)	(24, 7.64738e-05)	(25, 7.16941e-06)	(26, 1.1948999999999999e-05)	(27, 4.77961e-06)	(28, 0.0)	(29, 0.000575943)	(30, 4.77961e-06)	(31, 0.0)	(32, 0.000131439)	(33, 7.16941e-06)	(34, 0.00127855)	(35, 0.0036803)	(36, 0.00282236)	(37, 0.0025929399999999997)	(38, 0.000406267)	(39, 0.000229421)	(40, 0.000272438)	(41, 0.00228704)	(42, 0.000200744)	(43, 0.000131439)	(44, 0.000198354)	(45, 0.000630908)	(46, 8.36432e-05)	(47, 0.00019118399999999998)	(48, 7.4084e-05)	(49, 0.000322624)	(50, 0.000293946)	(51, 0.00300637)	(52, 0.000767127)	(53, 0.000181625)	(54, 0.00184493)	(55, 0.000272438)	(56, 7.16941e-06)	(57, 0.0034389299999999998)	(58, 0.00124031)	(59, 0.00024376)	(60, 0.000167286)	(61, 0.000205523)	(62, 0.0005544349999999999)	(63, 0.00225598)	(64, 0.000188795)	(65, 0.0)	(66, 9.55922e-06)	(67, 0.000549655)	(68, 4.77961e-06)	(69, 0.000516198)	(70, 0.00010515100000000001)	(71, 0.0)	(72, 0.0)	(73, 6.69145e-05)	(74, 1.1948999999999999e-05)	(75, 0.0)	(76, 0.0)	(77, 4.77961e-06)	(78, 0.0)	(79, 0.000965481)	(80, 2.15082e-05)	(81, 3.3457299999999996e-05)	(82, 0.0)	(83, 0.0)	(84, 2.3897999999999997e-05)	(85, 0.000102762)	(86, 6.930429999999999e-05)	(87, 0.0)	(88, 0.0)	(89, 0.0)	(90, 0.0)	(91, 0.00017206600000000002)	(92, 3.3457299999999996e-05)	(93, 4.77961e-06)	(94, 0.0)	(95, 0.0)	(96, 2.62879e-05)	(97, 2.3898e-06)	(98, 0.0)	(99, 0.000284387)	(100, 0.0)	(101, 0.000561604)	(102, 9.32024e-05)	(103, 3.10675e-05)	(104, 0.0)	(105, 4.77961e-06)	(106, 0.000289166)	(107, 0.0)	(108, 7.16941e-06)	(109, 0.000102762)	(110, 0.0)	(111, 0.000470792)	(112, 3.58471e-05)	(113, 1.43388e-05)	(114, 2.3898e-06)	(115, 0.000114711)	(116, 0.00019596400000000002)	(117, 0.0)	(118, 0.0)	(119, 8.36432e-05)	(120, 2.15082e-05)	(121, 0.00013860900000000001)	(122, 0.0)	(123, 4.77961e-06)	(124, 0.0)	(125, 0.00247106)	(126, 2.86777e-05)	(127, 0.0)	(128, 0.000293946)	(129, 0.0)	(130, 0.0)	(131, 0.000229421)	(132, 2.3898e-06)	(133, 4.77961e-06)	(134, 0.0)	(135, 0.000176846)	(136, 8.603300000000001e-05)	(137, 5.0185900000000003e-05)	(138, 3.10675e-05)	(139, 0.0)	(140, 2.3898e-06)	(141, 8.36432e-05)	(142, 0.0)	(143, 0.000317844)	(144, 0.000205523)	(145, 0.0)	(146, 0.0)	(147, 4.3016500000000004e-05)	(148, 3.82369e-05)	(149, 0.000100372)	(150, 0.0)	(151, 0.0017971299999999999)
reports | SRR30333762	(1, 0.000274833)	(2, 0.00560066)	(3, 0.00187184)	(4, 0.000111419)	(5, 0.0)	(6, 7.18033e-05)	(7, 0.0)	(8, 0.0)	(9, 0.00219124)	(10, 6.93274e-05)	(11, 0.00035406500000000003)	(12, 0.000118847)	(13, 6.18994e-05)	(14, 0.00038377599999999995)	(15, 0.00013370300000000002)	(16, 0.00041101200000000004)	(17, 5.6947499999999996e-05)	(18, 2.47598e-06)	(19, 0.0007081289999999999)	(20, 6.68514e-05)	(21, 0.0)	(22, 0.0)	(23, 0.00123056)	(24, 3.21877e-05)	(25, 0.0)	(26, 3.21877e-05)	(27, 1.2379900000000002e-05)	(28, 0.0)	(29, 0.000923539)	(30, 9.90391e-06)	(31, 0.0)	(32, 7.92313e-05)	(33, 0.0)	(34, 0.000581855)	(35, 0.00426363)	(36, 0.0015994800000000001)	(37, 0.00125284)	(38, 0.000336733)	(39, 0.000334257)	(40, 0.000487768)	(41, 0.00216153)	(42, 0.00021540999999999997)	(43, 0.000232742)	(44, 0.000329305)	(45, 0.00104239)	(46, 1.73318e-05)	(47, 7.67553e-05)	(48, 0.000183222)	(49, 0.000497671)	(50, 0.000522431)	(51, 0.00326334)	(52, 0.000648706)	(53, 0.000247598)	(54, 0.0015450099999999999)	(55, 0.000331781)	(56, 4.95195e-06)	(57, 0.00349856)	(58, 0.00108448)	(59, 0.000116371)	(60, 0.000106467)	(61, 0.000398632)	(62, 0.00035158899999999997)	(63, 0.0021417199999999997)	(64, 0.00019065)	(65, 0.0)	(66, 7.42793e-06)	(67, 0.00115628)	(68, 1.98078e-05)	(69, 0.000250074)	(70, 5.6947499999999996e-05)	(71, 0.0)	(72, 0.0)	(73, 0.000108943)	(74, 0.0)	(75, 0.0)	(76, 0.0)	(77, 2.47598e-06)	(78, 0.0)	(79, 0.00109438)	(80, 3.71397e-05)	(81, 4.95195e-06)	(82, 0.0)	(83, 0.0)	(84, 2.47598e-06)	(85, 5.19955e-05)	(86, 1.73318e-05)	(87, 7.42793e-06)	(88, 0.0)	(89, 0.0)	(90, 0.0)	(91, 8.66592e-05)	(92, 3.96156e-05)	(93, 1.2379900000000002e-05)	(94, 0.0)	(95, 0.0)	(96, 2.47598e-06)	(97, 0.0)	(98, 0.0)	(99, 0.000259978)	(100, 0.0)	(101, 0.000893828)	(102, 9.65631e-05)	(103, 2.47598e-06)	(104, 0.0)	(105, 0.0)	(106, 4.7043600000000005e-05)	(107, 0.0)	(108, 0.0)	(109, 0.000106467)	(110, 3.46637e-05)	(111, 0.000700702)	(112, 1.98078e-05)	(113, 1.2379900000000002e-05)	(114, 0.0)	(115, 0.000136179)	(116, 0.00010151499999999999)	(117, 0.0)	(118, 0.0)	(119, 5.94235e-05)	(120, 1.48559e-05)	(121, 0.000207982)	(122, 2.2283799999999998e-05)	(123, 0.0)	(124, 0.0)	(125, 0.00164405)	(126, 1.48559e-05)	(127, 2.47598e-06)	(128, 0.000212934)	(129, 0.0)	(130, 0.0)	(131, 0.000292165)	(132, 1.73318e-05)	(133, 4.95195e-06)	(134, 0.0)	(135, 0.00017827)	(136, 0.000108943)	(137, 1.73318e-05)	(138, 0.0)	(139, 2.72357e-05)	(140, 0.0)	(141, 0.000207982)	(142, 0.0)	(143, 0.000324353)	(144, 0.00016589)	(145, 0.0)	(146, 0.0)	(147, 3.71397e-05)	(148, 0.0)	(149, 9.16112e-05)	(150, 0.0)	(151, 0.0032088700000000004)
reports | SRR30333763	(1, 0.0)	(2, 0.00485013)	(3, 0.00276116)	(4, 0.0)	(5, 0.0)	(6, 5.8350900000000004e-05)	(7, 1.63382e-05)	(8, 0.0)	(9, 0.0017131800000000001)	(10, 4.43467e-05)	(11, 0.000448135)	(12, 0.000114368)	(13, 0.0)	(14, 0.000609183)	(15, 4.43467e-05)	(16, 0.000606849)	(17, 7.70232e-05)	(18, 2.3340400000000003e-06)	(19, 0.00108066)	(20, 7.70232e-05)	(21, 0.0)	(22, 0.0)	(23, 0.00093128)	(24, 1.86723e-05)	(25, 0.0)	(26, 3.50105e-05)	(27, 4.668070000000001e-06)	(28, 0.0)	(29, 0.000837919)	(30, 1.40042e-05)	(31, 0.0)	(32, 3.73446e-05)	(33, 0.0)	(34, 0.0)	(35, 0.00343337)	(36, 0.000273082)	(37, 1.1670199999999999e-05)	(38, 0.00029175399999999997)	(39, 0.000217065)	(40, 0.000620853)	(41, 0.0016104799999999999)	(42, 0.00016805099999999998)	(43, 0.000331433)	(44, 0.000513488)	(45, 0.000800574)	(46, 2.80084e-05)	(47, 7.23551e-05)	(48, 0.00010736599999999999)	(49, 0.000690875)	(50, 0.000826249)	(51, 0.00240872)	(52, 0.000501818)	(53, 0.00019139099999999998)	(54, 0.00117869)	(55, 0.00021473100000000001)	(56, 0.0)	(57, 0.0029875699999999997)	(58, 0.0009032720000000001)	(59, 0.0)	(60, 0.00010970000000000001)	(61, 0.00026608000000000003)	(62, 0.000284752)	(63, 0.00161749)	(64, 9.33614e-05)	(65, 0.0)	(66, 4.668070000000001e-06)	(67, 0.000982629)	(68, 9.336140000000001e-06)	(69, 5.8350900000000004e-05)	(70, 7.002109999999999e-06)	(71, 0.0)	(72, 0.0)	(73, 9.10274e-05)	(74, 0.0)	(75, 0.0)	(76, 0.0)	(77, 0.0)	(78, 0.0)	(79, 0.00152879)	(80, 1.1670199999999999e-05)	(81, 4.668070000000001e-06)	(82, 0.0)	(83, 0.0)	(84, 4.668070000000001e-06)	(85, 5.36828e-05)	(86, 1.86723e-05)	(87, 1.63382e-05)	(88, 0.0)	(89, 1.1670199999999999e-05)	(90, 0.0)	(91, 5.36828e-05)	(92, 2.3340399999999998e-05)	(93, 4.668070000000001e-06)	(94, 0.0)	(95, 0.0)	(96, 7.002109999999999e-06)	(97, 0.0)	(98, 0.0)	(99, 0.00024040600000000003)	(100, 0.0)	(101, 0.00136308)	(102, 6.7687e-05)	(103, 2.3340400000000003e-06)	(104, 0.0)	(105, 0.0)	(106, 8.63593e-05)	(107, 0.0)	(108, 0.0)	(109, 8.86934e-05)	(110, 4.20126e-05)	(111, 0.000928946)	(112, 2.10063e-05)	(113, 1.86723e-05)	(114, 0.0)	(115, 8.16912e-05)	(116, 0.00010736599999999999)	(117, 0.0)	(118, 0.0)	(119, 5.36828e-05)	(120, 0.0)	(121, 0.000308093)	(122, 9.336140000000001e-06)	(123, 0.0)	(124, 0.0)	(125, 0.000114368)	(126, 1.1670199999999999e-05)	(127, 0.0)	(128, 0.000116702)	(129, 0.0)	(130, 0.0)	(131, 0.000385116)	(132, 1.1670199999999999e-05)	(133, 9.336140000000001e-06)	(134, 0.0)	(135, 0.000130706)	(136, 0.00017738700000000001)	(137, 0.0)	(138, 0.0)	(139, 3.26765e-05)	(140, 0.0)	(141, 0.00027775)	(142, 0.0)	(143, 0.00024273999999999997)	(144, 0.000100364)	(145, 0.0)	(146, 0.0)	(147, 2.3340399999999998e-05)	(148, 7.002109999999999e-06)	(149, 3.50105e-05)	(150, 0.0)	(151, 0.0036621)
reports | SRR30333764	(1, 0.00031842)	(2, 0.00527244)	(3, 0.00208084)	(4, 0.000145634)	(5, 0.0)	(6, 8.88613e-05)	(7, 4.93674e-06)	(8, 0.0)	(9, 0.00210305)	(10, 6.17092e-05)	(11, 0.000414686)	(12, 0.00011601300000000002)	(13, 4.93674e-05)	(14, 0.00040234399999999995)	(15, 0.000140697)	(16, 0.000498611)	(17, 7.65195e-05)	(18, 7.4051099999999995e-06)	(19, 0.000829372)	(20, 6.6646e-05)	(21, 0.0)	(22, 0.0)	(23, 0.0009404490000000001)	(24, 2.9620400000000002e-05)	(25, 0.0)	(26, 2.71521e-05)	(27, 1.23418e-05)	(28, 0.0)	(29, 0.000747916)	(30, 7.4051099999999995e-06)	(31, 0.0)	(32, 5.1835799999999996e-05)	(33, 2.46837e-06)	(34, 0.000668928)	(35, 0.00351496)	(36, 0.00175748)	(37, 0.00143906)	(38, 0.00031842)	(39, 0.000229558)	(40, 0.000557852)	(41, 0.00176488)	(42, 0.000229558)	(43, 0.000281394)	(44, 0.00036285)	(45, 0.0007726)	(46, 1.72786e-05)	(47, 5.6772500000000006e-05)	(48, 9.3798e-05)	(49, 0.000562788)	(50, 0.000547978)	(51, 0.00263622)	(52, 0.0007207639999999999)	(53, 0.000148102)	(54, 0.00133786)	(55, 0.000264116)	(56, 7.4051099999999995e-06)	(57, 0.00311261)	(58, 0.00118235)	(59, 0.000118482)	(60, 0.000143165)	(61, 0.000278926)	(62, 0.000372724)	(63, 0.0018241300000000002)	(64, 0.000155507)	(65, 0.0)	(66, 9.87348e-06)	(67, 0.000920702)	(68, 1.23418e-05)	(69, 0.000266584)	(70, 7.89878e-05)	(71, 0.0)	(72, 0.0)	(73, 9.3798e-05)	(74, 0.0)	(75, 0.0)	(76, 0.0)	(77, 0.0)	(78, 0.0)	(79, 0.00122431)	(80, 3.2088800000000004e-05)	(81, 2.46837e-06)	(82, 0.0)	(83, 0.0)	(84, 0.0)	(85, 8.39246e-05)	(86, 9.87348e-06)	(87, 1.4810200000000001e-05)	(88, 0.0)	(89, 2.46837e-06)	(90, 0.0)	(91, 0.00011107700000000001)	(92, 2.46837e-05)	(93, 0.0)	(94, 0.0)	(95, 0.0)	(96, 2.46837e-06)	(97, 0.0)	(98, 0.0)	(99, 0.000246837)	(100, 0.0)	(101, 0.0009922849999999999)	(102, 6.91143e-05)	(103, 0.0)	(104, 0.0)	(105, 4.93674e-06)	(106, 7.89878e-05)	(107, 0.0)	(108, 0.0)	(109, 9.3798e-05)	(110, 3.94939e-05)	(111, 0.000703485)	(112, 1.4810200000000001e-05)	(113, 1.4810200000000001e-05)	(114, 0.0)	(115, 0.00011354500000000001)	(116, 0.000103672)	(117, 0.0)	(118, 0.0)	(119, 6.6646e-05)	(120, 7.4051099999999995e-06)	(121, 0.00022709000000000002)	(122, 1.9747e-05)	(123, 0.0)	(124, 0.0)	(125, 0.00155014)	(126, 1.72786e-05)	(127, 0.0)	(128, 0.000207343)	(129, 2.46837e-06)	(130, 0.0)	(131, 0.00031842)	(132, 1.72786e-05)	(133, 1.23418e-05)	(134, 0.0)	(135, 0.000162912)	(136, 0.000140697)	(137, 2.71521e-05)	(138, 0.0)	(139, 2.22153e-05)	(140, 2.46837e-06)	(141, 0.00020981100000000001)	(142, 0.0)	(143, 0.000269052)	(144, 0.000160444)	(145, 0.0)	(146, 0.0)	(147, 1.4810200000000001e-05)	(148, 4.93674e-06)	(149, 4.44307e-05)	(150, 0.0)	(151, 0.0032705900000000003)
reports | SRR30333765	(1, 0.000416208)	(2, 0.005730290000000001)	(3, 0.00237833)	(4, 0.00022049100000000001)	(5, 0.0)	(6, 0.000104052)	(7, 0.0)	(8, 0.0)	(9, 0.00235851)	(10, 7.680020000000001e-05)	(11, 8.42325e-05)	(12, 0.000270039)	(13, 7.927760000000001e-05)	(14, 0.000151123)	(15, 0.000208104)	(16, 6.68905e-05)	(17, 2.47743e-06)	(18, 4.9548500000000005e-06)	(19, 0.00019076199999999997)	(20, 3.4684e-05)	(21, 0.0)	(22, 0.0)	(23, 0.0012808300000000002)	(24, 9.66196e-05)	(25, 0.0)	(26, 2.97291e-05)	(27, 2.47743e-06)	(28, 0.0)	(29, 0.000872054)	(30, 0.0)	(31, 0.0)	(32, 0.000136258)	(33, 9.909700000000001e-06)	(34, 0.00124367)	(35, 0.00434293)	(36, 0.00279454)	(37, 0.00239815)	(38, 0.000361704)	(39, 0.000361704)	(40, 0.000376569)	(41, 0.00226932)	(42, 0.000272517)	(43, 0.000143691)	(44, 0.00020314900000000002)	(45, 0.00114705)	(46, 0.000121394)	(47, 0.000121394)	(48, 0.000165988)	(49, 0.000287381)	(50, 0.00022049100000000001)	(51, 0.00340151)	(52, 0.000877009)	(53, 0.000267562)	(54, 0.00172181)	(55, 0.000364182)	(56, 1.9819400000000002e-05)	(57, 0.00370127)	(58, 0.00133781)	(59, 0.000225446)	(60, 0.000146168)	(61, 0.000445937)	(62, 0.000661473)	(63, 0.00219748)	(64, 0.000225446)	(65, 0.0)	(66, 0.0)	(67, 0.00093399)	(68, 2.47743e-06)	(69, 0.00040134299999999997)	(70, 0.000126349)	(71, 0.0)	(72, 2.47743e-06)	(73, 0.000128826)	(74, 4.9548500000000005e-06)	(75, 0.0)	(76, 0.0)	(77, 2.47743e-06)	(78, 0.0)	(79, 0.0008026859999999999)	(80, 9.909700000000001e-06)	(81, 3.22065e-05)	(82, 0.0)	(83, 0.0)	(84, 2.22968e-05)	(85, 0.00011148399999999999)	(86, 8.42325e-05)	(87, 2.47743e-06)	(88, 2.47743e-06)	(89, 0.0)	(90, 0.0)	(91, 0.000131304)	(92, 4.21162e-05)	(93, 2.22968e-05)	(94, 0.0)	(95, 0.0)	(96, 1.48646e-05)	(97, 2.47743e-06)	(98, 0.0)	(99, 0.000270039)	(100, 0.0)	(101, 0.000465756)	(102, 0.000106529)	(103, 1.48646e-05)	(104, 0.0)	(105, 4.9548500000000005e-06)	(106, 0.000245265)	(107, 0.0)	(108, 2.47743e-06)	(109, 0.00010157399999999999)	(110, 0.0)	(111, 0.00042611700000000005)	(112, 2.22968e-05)	(113, 2.47743e-05)	(114, 4.9548500000000005e-06)	(115, 0.000106529)	(116, 0.00016103300000000001)	(117, 0.0)	(118, 0.0)	(119, 5.45034e-05)	(120, 7.43228e-06)	(121, 0.000133781)	(122, 4.9548500000000005e-06)	(123, 0.0)	(124, 0.0)	(125, 0.00214793)	(126, 1.9819400000000002e-05)	(127, 0.0)	(128, 0.000331975)	(129, 0.0)	(130, 0.0)	(131, 0.000218013)	(132, 4.9548500000000005e-06)	(133, 2.47743e-06)	(134, 0.0)	(135, 0.000175897)	(136, 7.927760000000001e-05)	(137, 4.21162e-05)	(138, 1.9819400000000002e-05)	(139, 0.0)	(140, 0.0)	(141, 7.927760000000001e-05)	(142, 2.47743e-06)	(143, 0.00032702)	(144, 0.000208104)	(145, 0.0)	(146, 0.0)	(147, 2.72517e-05)	(148, 2.97291e-05)	(149, 9.41422e-05)	(150, 0.0)	(151, 0.00169951)
reports | SRR30333766	(1, 0.0010774299999999999)	(2, 0.00484508)	(3, 0.00179053)	(4, 0.000117739)	(5, 3.11009e-05)	(6, 0.000182163)	(7, 2.44365e-05)	(8, 2.2215000000000002e-06)	(9, 0.00156838)	(10, 4.66514e-05)	(11, 0.000428749)	(12, 0.00011107499999999999)	(13, 7.10879e-05)	(14, 0.000408755)	(15, 0.000159948)	(16, 0.00044652099999999996)	(17, 7.10879e-05)	(18, 0.0)	(19, 0.000770859)	(20, 4.66514e-05)	(21, 4.44299e-05)	(22, 0.0)	(23, 0.000573146)	(24, 3.11009e-05)	(25, 0.0)	(26, 2.66579e-05)	(27, 2.2215000000000002e-06)	(28, 0.0)	(29, 0.00045318499999999994)	(30, 3.77654e-05)	(31, 0.0)	(32, 5.3315899999999996e-05)	(33, 0.0)	(34, 0.000599804)	(35, 0.00306566)	(36, 0.0015994800000000001)	(37, 0.00129957)	(38, 0.000322117)	(39, 0.000139954)	(40, 0.000468736)	(41, 0.0015372699999999999)	(42, 0.000213264)	(43, 0.000211042)	(44, 0.000293237)	(45, 0.000335446)	(46, 0.00030434500000000003)	(47, 5.55374e-05)	(48, 3.55439e-05)	(49, 0.000482065)	(50, 0.00053538)	(51, 0.002026)	(52, 0.000584253)	(53, 0.000128847)	(54, 0.00125514)	(55, 0.000215485)	(56, 8.885980000000001e-06)	(57, 0.00248141)	(58, 0.000970794)	(59, 0.00013329)	(60, 0.000139954)	(61, 9.996730000000001e-05)	(62, 0.000331003)	(63, 0.00151728)	(64, 0.00028435099999999996)	(65, 0.0)	(66, 6.66449e-06)	(67, 0.000466514)	(68, 1.99935e-05)	(69, 0.00025325)	(70, 6.22019e-05)	(71, 0.0)	(72, 0.0)	(73, 3.11009e-05)	(74, 0.0)	(75, 0.0)	(76, 1.11075e-05)	(77, 0.0)	(78, 0.0)	(79, 0.00104632)	(80, 1.3329e-05)	(81, 2.2215000000000002e-06)	(82, 0.0)	(83, 0.0)	(84, 1.3329e-05)	(85, 0.000228814)	(86, 3.99869e-05)	(87, 1.7772000000000002e-05)	(88, 0.0)	(89, 2.2215000000000002e-06)	(90, 0.0)	(91, 9.33028e-05)	(92, 2.88794e-05)	(93, 4.442990000000001e-06)	(94, 0.0)	(95, 0.0)	(96, 1.11075e-05)	(97, 0.0)	(98, 0.0)	(99, 0.000171055)	(100, 8.885980000000001e-06)	(101, 0.000913035)	(102, 7.10879e-05)	(103, 3.11009e-05)	(104, 0.0)	(105, 4.442990000000001e-06)	(106, 0.0020082299999999997)	(107, 1.7772000000000002e-05)	(108, 0.0)	(109, 6.22019e-05)	(110, 2.88794e-05)	(111, 0.00065312)	(112, 4.442990000000001e-06)	(113, 8.885980000000001e-06)	(114, 0.0)	(115, 7.10879e-05)	(116, 4.44299e-05)	(117, 0.0)	(118, 0.0)	(119, 8.21953e-05)	(120, 1.11075e-05)	(121, 0.000191049)	(122, 8.885980000000001e-06)	(123, 0.0)	(124, 0.0)	(125, 0.0016283600000000001)	(126, 1.55505e-05)	(127, 0.0)	(128, 0.000213264)	(129, 6.66449e-06)	(130, 0.0)	(131, 0.000275465)	(132, 0.00014217600000000002)	(133, 4.442990000000001e-06)	(134, 4.442990000000001e-06)	(135, 0.000113296)	(136, 0.00010218900000000001)	(137, 2.88794e-05)	(138, 4.442990000000001e-06)	(139, 1.99935e-05)	(140, 0.0)	(141, 0.00015772600000000001)	(142, 4.442990000000001e-06)	(143, 0.000277687)	(144, 0.00014217600000000002)	(145, 0.0)	(146, 0.0011862799999999998)	(147, 0.000117739)	(148, 0.0)	(149, 7.33094e-05)	(150, 0.0)	(151, 0.00304789)
reports | SRR30333767	(1, 0.000342268)	(2, 0.00550243)	(3, 0.00193239)	(4, 0.00011408900000000001)	(5, 0.0)	(6, 7.843640000000001e-05)	(7, 1.18843e-05)	(8, 0.0)	(9, 0.0021154)	(10, 8.79438e-05)	(11, 0.000339891)	(12, 0.000140235)	(13, 7.13058e-05)	(14, 0.00038505099999999997)	(15, 0.000135481)	(16, 0.00047774899999999997)	(17, 6.17983e-05)	(18, 2.3768600000000002e-06)	(19, 0.000710681)	(20, 6.89289e-05)	(21, 0.0)	(22, 0.0)	(23, 0.0012074400000000002)	(24, 1.6638000000000002e-05)	(25, 0.0)	(26, 2.85223e-05)	(27, 1.42612e-05)	(28, 0.0)	(29, 0.0009459900000000001)	(30, 1.42612e-05)	(31, 0.0)	(32, 7.368259999999999e-05)	(33, 0.0)	(34, 0.000710681)	(35, 0.00401689)	(36, 0.00177789)	(37, 0.00149742)	(38, 0.000342268)	(39, 0.00033276000000000003)	(40, 0.000513402)	(41, 0.0019870499999999998)	(42, 0.000232932)	(43, 0.00024957)	(44, 0.000358906)	(45, 0.00104106)	(46, 2.85223e-05)	(47, 3.80297e-05)	(48, 0.000178264)	(49, 0.000525286)	(50, 0.000591838)	(51, 0.00299247)	(52, 0.000670274)	(53, 0.00023768599999999997)	(54, 0.00146652)	(55, 0.000285223)	(56, 9.507440000000001e-06)	(57, 0.00342505)	(58, 0.00107196)	(59, 0.000156873)	(60, 0.000125974)	(61, 0.00041832699999999997)	(62, 0.000344645)	(63, 0.0019727900000000003)	(64, 0.000173511)	(65, 0.0)	(66, 4.7537200000000005e-06)	(67, 0.00110999)	(68, 1.42612e-05)	(69, 0.0002876)	(70, 8.08132e-05)	(71, 0.0)	(72, 0.0)	(73, 0.000102205)	(74, 0.0)	(75, 0.0)	(76, 0.0)	(77, 0.0)	(78, 0.0)	(79, 0.0011147499999999999)	(80, 1.18843e-05)	(81, 4.7537200000000005e-06)	(82, 0.0)	(83, 0.0)	(84, 0.0)	(85, 5.46678e-05)	(86, 2.3768600000000002e-06)	(87, 7.13058e-06)	(88, 0.0)	(89, 2.3768600000000002e-06)	(90, 0.0)	(91, 0.000125974)	(92, 2.37686e-05)	(93, 1.18843e-05)	(94, 0.0)	(95, 0.0)	(96, 2.3768600000000002e-06)	(97, 0.0)	(98, 0.0)	(99, 0.000247193)	(100, 0.0)	(101, 0.000905583)	(102, 6.89289e-05)	(103, 4.7537200000000005e-06)	(104, 0.0)	(105, 0.0)	(106, 5.70446e-05)	(107, 0.0)	(108, 0.0)	(109, 7.368259999999999e-05)	(110, 2.61455e-05)	(111, 0.000684535)	(112, 9.507440000000001e-06)	(113, 7.13058e-06)	(114, 0.0)	(115, 9.50744e-05)	(116, 8.08132e-05)	(117, 0.0)	(118, 0.0)	(119, 5.2290900000000004e-05)	(120, 1.18843e-05)	(121, 0.00021629399999999999)	(122, 9.507440000000001e-06)	(123, 0.0)	(124, 0.0)	(125, 0.00170421)	(126, 1.18843e-05)	(127, 2.3768600000000002e-06)	(128, 0.00025194700000000003)	(129, 0.0)	(130, 0.0)	(131, 0.000270962)	(132, 1.42612e-05)	(133, 4.7537200000000005e-06)	(134, 0.0)	(135, 0.000156873)	(136, 0.000123597)	(137, 2.61455e-05)	(138, 0.0)	(139, 1.90149e-05)	(140, 0.0)	(141, 0.000183018)	(142, 0.0)	(143, 0.00025194700000000003)	(144, 0.00017588800000000002)	(145, 0.0)	(146, 0.0)	(147, 3.0899200000000004e-05)	(148, 0.0)	(149, 6.89289e-05)	(150, 0.0)	(151, 0.00311131)
reports | SRR30333768	(1, 0.00053982)	(2, 0.0093842)	(3, 1.6869399999999998e-05)	(4, 0.00010844599999999998)	(5, 0.0)	(6, 0.000159054)	(7, 0.0)	(8, 0.0)	(9, 0.00415951)	(10, 5.5428e-05)	(11, 5.30181e-05)	(12, 0.00027714)	(13, 0.000113266)	(14, 0.0)	(15, 0.000332568)	(16, 0.0)	(17, 0.0)	(18, 0.0)	(19, 0.0)	(20, 6.506760000000001e-05)	(21, 0.0)	(22, 0.0)	(23, 0.00232798)	(24, 5.06082e-05)	(25, 0.0)	(26, 2.40991e-05)	(27, 2.40991e-06)	(28, 0.0)	(29, 0.00126761)	(30, 0.0)	(31, 0.0)	(32, 8.91667e-05)	(33, 0.0)	(34, 0.00081455)	(35, 0.0076177300000000005)	(36, 0.00247739)	(37, 0.00173755)	(38, 0.000720564)	(39, 0.000616937)	(40, 0.00036389699999999996)	(41, 0.00394262)	(42, 0.000383176)	(43, 0.0)	(44, 1.2049599999999999e-05)	(45, 0.00206529)	(46, 3.3738799999999996e-05)	(47, 0.0)	(48, 0.00030364899999999997)	(49, 5.30181e-05)	(50, 0.0)	(51, 0.0059573000000000004)	(52, 0.0014724599999999999)	(53, 0.000481982)	(54, 0.00290153)	(55, 0.000665136)	(56, 1.92793e-05)	(57, 0.00594766)	(58, 0.00227978)	(59, 0.00025304099999999996)	(60, 0.00028918899999999997)	(61, 0.0007711720000000001)	(62, 0.000691645)	(63, 0.0039619)	(64, 0.000308469)	(65, 0.0)	(66, 9.63965e-06)	(67, 0.00177852)	(68, 2.40991e-05)	(69, 0.000327748)	(70, 0.000156644)	(71, 0.0)	(72, 4.81982e-06)	(73, 0.000178333)	(74, 0.0)	(75, 0.0)	(76, 0.0)	(77, 7.22974e-06)	(78, 0.0)	(79, 0.0)	(80, 2.1689200000000002e-05)	(81, 0.0)	(82, 0.0)	(83, 0.0)	(84, 4.81982e-06)	(85, 3.13289e-05)	(86, 0.0)	(87, 0.0)	(88, 0.0)	(89, 0.0)	(90, 0.0)	(91, 0.000149415)	(92, 5.78379e-05)	(93, 1.6869399999999998e-05)	(94, 0.0)	(95, 0.0)	(96, 0.0)	(97, 0.0)	(98, 0.0)	(99, 0.000491622)	(100, 0.0)	(101, 0.0)	(102, 0.00010362600000000001)	(103, 0.0)	(104, 0.0)	(105, 4.81982e-06)	(106, 0.0)	(107, 0.0)	(108, 0.0)	(109, 0.000151824)	(110, 0.0)	(111, 0.0)	(112, 2.89189e-05)	(113, 0.0)	(114, 0.0)	(115, 0.000187973)	(116, 1.4459500000000001e-05)	(117, 0.0)	(118, 0.0)	(119, 6.506760000000001e-05)	(120, 7.22974e-06)	(121, 0.0)	(122, 0.0)	(123, 0.0)	(124, 0.0)	(125, 0.00298106)	(126, 1.2049599999999999e-05)	(127, 0.0)	(128, 0.00046511299999999996)	(129, 0.0)	(130, 0.0)	(131, 3.3738799999999996e-05)	(132, 0.0)	(133, 0.0)	(134, 0.0)	(135, 0.000306059)	(136, 0.0)	(137, 7.47073e-05)	(138, 0.0)	(139, 0.0)	(140, 0.0)	(141, 0.0)	(142, 0.0)	(143, 0.000481982)	(144, 0.000322928)	(145, 0.0)	(146, 0.0)	(147, 2.89189e-05)	(148, 2.40991e-06)	(149, 0.000130135)	(150, 0.0)	(151, 0.00104831)
