Sample	0	1	2	3	4	5	6	7	8	9	10	11	12	13	14	15	16	17	18	19	20	21	22	23	24	25	26	27	28	29	30	31	32	33	34	35	36	37	38	39	40	41	42	43	44	45	46	47	48	49	50	51	52	53	54	55	56	57	58	59	60	61	62	63	64	65	66	67	68	69	70	71	72	73	74	75	76	77	78	79	80	81	82	83	84	85	86	87	88	89	90	91	92	93	94	95	96	97	98	99	100	101	102	103	104	105	106	107	108	109	110	111	112	113	114	115	116	117	118	119	120	121	122	123	124	125	126	127	128	129	130	131	132	133	134	135	136	137	138	139	140	141	142	143	144	145	146	147	148	149	150
reports | SRR30333743	(1, 0.0683116)	(2, 0.0419214)	(3, 0.00015884)	(4, 0.00100461)	(5, 0.046272)	(6, 4.12572e-06)	(7, 0.0689449)	(8, 0.0815489)	(9, 3.5068600000000005e-05)	(10, 0.0699887)	(11, 0.000146463)	(12, 0.18075000000000002)	(13, 0.12853299999999998)	(14, 0.0019040200000000002)	(15, 0.0864379)	(16, 0.0430436)	(17, 0.0225037)	(18, 0.0458223)	(19, 0.000299115)	(20, 0.110336)	(21, 0.0795335)	(22, 0.15604300000000002)	(23, 0.0230215)	(24, 0.0228998)	(25, 0.0219117)	(26, 0.000226914)	(27, 0.07063230000000001)	(28, 4.12572e-06)	(29, 0.0228977)	(30, 4.12572e-06)	(31, 0.000189783)	(32, 0.0)	(33, 0.086983)	(34, 0.0418926)	(35, 0.105434)	(36, 0.0)	(37, 0.0)	(38, 0.000821155)	(39, 0.00040647000000000003)	(40, 0.00019602400000000002)	(41, 8.25422e-06)	(42, 5.15926e-05)	(43, 0.06448380000000001)	(44, 0.10838099999999999)	(45, 1.8578099999999998e-05)	(46, 0.045989)	(47, 0.0877981)	(48, 0.0440105)	(49, 0.000346945)	(50, 0.134585)	(51, 0.196635)	(52, 0.11335200000000001)	(53, 0.132131)	(54, 0.0222358)	(55, 1.24068e-05)	(56, 0.0424917)	(57, 0.0)	(58, 6.00155e-05)	(59, 0.067389)	(60, 0.0)	(61, 0.0)	(62, 0.00024044799999999999)	(63, 6.2216799999999995e-06)	(64, 0.062113800000000004)	(65, 0.00034257900000000003)	(66, 0.000986813)	(67, 0.0575031)	(68, 0.000120659)	(69, 2.08193e-06)	(70, 4.1673200000000004e-06)	(71, 6.04814e-05)	(72, 4.17527e-06)	(73, 0.06106110000000001)	(74, 0.022386800000000002)	(75, 0.0)	(76, 2.09805e-06)	(77, 6.9341e-05)	(78, 0.21935700000000002)	(79, 0.0603379)	(80, 0.0455451)	(81, 0.0694461)	(82, 0.13340400000000002)	(83, 5.1050499999999995e-05)	(84, 0.131647)	(85, 0.112314)	(86, 8.58352e-05)	(87, 1.72263e-05)	(88, 0.106728)	(89, 0.0461834)	(90, 2.8331800000000002e-05)	(91, 0.0)	(92, 0.000176026)	(93, 0.000201297)	(94, 0.0425921)	(95, 0.0)	(96, 0.0202424)	(97, 2.26853e-06)	(98, 0.000125707)	(99, 0.000129006)	(100, 0.0)	(101, 0.08886849999999999)	(102, 0.0558028)	(103, 0.0831387)	(104, 0.115386)	(105, 0.0412668)	(106, 0.0)	(107, 0.0)	(108, 0.0)	(109, 1.02195e-05)	(110, 0.0694622)	(111, 0.000787006)	(112, 0.064318)	(113, 0.0)	(114, 8.21282e-06)	(115, 0.0)	(116, 2.2574300000000002e-05)	(117, 0.0218884)	(118, 0.000302912)	(119, 0.042648700000000005)	(120, 0.0643258)	(121, 0.019437799999999998)	(122, 0.0364375)	(123, 0.0215739)	(124, 0.0)	(125, 5.25972e-05)	(126, 1.33901e-05)	(127, 0.0009477520000000001)	(128, 0.046213899999999995)	(129, 7.0799199999999995e-06)	(130, 0.0230375)	(131, 0.181765)	(132, 0.0456976)	(133, 0.0875392)	(134, 0.000366427)	(135, 0.0227514)	(136, 0.111768)	(137, 0.0)	(138, 0.0)	(139, 0.0588009)	(140, 0.129597)	(141, 4.48598e-06)	(142, 0.18807400000000002)	(143, 4.67623e-06)	(144, 0.0)	(145, 0.0420805)	(146, 0.160781)	(147, 0.0225676)	(148, 0.0)	(149, 0.0)	(150, 2.1752300000000002e-05)	(151, 0.0)
reports | SRR30333744	(1, 0.058928400000000006)	(2, 0.0420071)	(3, 0.00020887699999999997)	(4, 0.000787304)	(5, 0.056286499999999996)	(6, 2.29535e-06)	(7, 0.086872)	(8, 0.101395)	(9, 2.29535e-05)	(10, 0.0884673)	(11, 7.804180000000001e-05)	(12, 0.223181)	(13, 0.161124)	(14, 0.00112242)	(15, 0.0691588)	(16, 0.0519391)	(17, 0.0285862)	(18, 0.057890899999999995)	(19, 0.000206581)	(20, 0.137292)	(21, 0.097846)	(22, 0.193594)	(23, 0.029182999999999997)	(24, 0.027753)	(25, 0.028565600000000003)	(26, 0.000151493)	(27, 0.0887496)	(28, 0.0)	(29, 0.028489800000000003)	(30, 2.29535e-06)	(31, 0.00023182999999999998)	(32, 0.0)	(33, 0.10998799999999999)	(34, 0.052925400000000004)	(35, 0.12918300000000002)	(36, 0.0)	(37, 0.0)	(38, 0.000488956)	(39, 0.000241041)	(40, 0.000119376)	(41, 0.0)	(42, 2.9846300000000003e-05)	(43, 0.0810499)	(44, 0.137852)	(45, 9.18473e-06)	(46, 0.058516700000000005)	(47, 0.10954000000000001)	(48, 0.0534966)	(49, 0.000277908)	(50, 0.165589)	(51, 0.24334399999999998)	(52, 0.145842)	(53, 0.164183)	(54, 0.028581)	(55, 1.37902e-05)	(56, 0.0548648)	(57, 0.0)	(58, 5.51852e-05)	(59, 0.0828343)	(60, 2.30028e-06)	(61, 0.0)	(62, 0.000126577)	(63, 0.0)	(64, 0.0772394)	(65, 0.000230341)	(66, 0.000760379)	(67, 0.07570969999999999)	(68, 9.68472e-05)	(69, 0.0)	(70, 0.0)	(71, 4.84911e-05)	(72, 0.0)	(73, 0.0494532)	(74, 0.0278847)	(75, 0.0)	(76, 4.6336800000000005e-06)	(77, 6.72466e-05)	(78, 0.27537999999999996)	(79, 0.0726758)	(80, 0.056773399999999995)	(81, 0.08478770000000001)	(82, 0.17343899999999998)	(83, 2.5688400000000003e-05)	(84, 0.165442)	(85, 0.14291600000000002)	(86, 3.05187e-05)	(87, 4.7049099999999995e-06)	(88, 0.134722)	(89, 0.0554567)	(90, 9.47868e-06)	(91, 0.0)	(92, 0.000266975)	(93, 8.84885e-05)	(94, 0.0533872)	(95, 0.0)	(96, 0.0265134)	(97, 0.0)	(98, 7.81352e-05)	(99, 0.00017424400000000002)	(100, 0.0)	(101, 0.11085800000000001)	(102, 0.0719521)	(103, 0.105043)	(104, 0.14130600000000001)	(105, 0.0527813)	(106, 0.0)	(107, 0.0)	(108, 0.0)	(109, 5.26172e-06)	(110, 0.08577)	(111, 0.000458242)	(112, 0.0795114)	(113, 0.0)	(114, 2.48541e-05)	(115, 0.0)	(116, 2.25785e-05)	(117, 0.0263837)	(118, 0.00021084999999999998)	(119, 0.0562613)	(120, 0.0805358)	(121, 0.0232551)	(122, 0.0460137)	(123, 0.02716)	(124, 0.0)	(125, 7.27465e-05)	(126, 6.41494e-06)	(127, 0.000731951)	(128, 0.0575412)	(129, 0.0)	(130, 0.0293828)	(131, 0.229645)	(132, 0.056827600000000006)	(133, 0.111221)	(134, 0.00023153)	(135, 0.028955)	(136, 0.142363)	(137, 0.0)	(138, 0.0)	(139, 0.0743711)	(140, 0.164209)	(141, 8.1277e-06)	(142, 0.24565599999999999)	(143, 1.26298e-05)	(144, 0.0)	(145, 0.05329179999999999)	(146, 0.202397)	(147, 0.0285233)	(148, 0.0)	(149, 0.0)	(150, 1.4422700000000002e-05)	(151, 0.0)
reports | SRR30333745	(1, 0.0682017)	(2, 0.041942900000000005)	(3, 0.000152124)	(4, 0.00104966)	(5, 0.0480474)	(6, 4.3464099999999994e-06)	(7, 0.0717592)	(8, 0.0854613)	(9, 4.99837e-05)	(10, 0.07299789999999999)	(11, 0.000139085)	(12, 0.18689799999999998)	(13, 0.135078)	(14, 0.0017689900000000002)	(15, 0.0848615)	(16, 0.044881000000000004)	(17, 0.0231751)	(18, 0.0473846)	(19, 0.000306422)	(20, 0.115562)	(21, 0.0826252)	(22, 0.16108)	(23, 0.023822700000000002)	(24, 0.0233098)	(25, 0.0227143)	(26, 0.000252092)	(27, 0.0736043)	(28, 2.1732e-06)	(29, 0.0236901)	(30, 2.1732e-06)	(31, 0.000195589)	(32, 0.0)	(33, 0.09027879999999999)	(34, 0.0439)	(35, 0.108417)	(36, 0.0)	(37, 0.0)	(38, 0.000678102)	(39, 0.000412957)	(40, 0.000197791)	(41, 4.34721e-06)	(42, 4.56476e-05)	(43, 0.0667508)	(44, 0.113756)	(45, 2.60882e-05)	(46, 0.047594)	(47, 0.0914602)	(48, 0.045828)	(49, 0.000376204)	(50, 0.139016)	(51, 0.2033)	(52, 0.119308)	(53, 0.138592)	(54, 0.0231282)	(55, 3.0467700000000003e-05)	(56, 0.044620400000000005)	(57, 0.0)	(58, 5.2257100000000005e-05)	(59, 0.0699003)	(60, 2.17839e-06)	(61, 0.0)	(62, 0.00022886399999999998)	(63, 2.18038e-06)	(64, 0.0643984)	(65, 0.000340391)	(66, 0.00108707)	(67, 0.0606533)	(68, 8.73943e-05)	(69, 0.0)	(70, 0.0)	(71, 7.22239e-05)	(72, 2.1901100000000003e-06)	(73, 0.060133599999999995)	(74, 0.02359)	(75, 0.0)	(76, 2.19781e-06)	(77, 8.80098e-05)	(78, 0.228167)	(79, 0.0619327)	(80, 0.0468845)	(81, 0.0717216)	(82, 0.139933)	(83, 5.32786e-05)	(84, 0.135862)	(85, 0.11793400000000001)	(86, 7.59763e-05)	(87, 1.1202e-05)	(88, 0.11098200000000001)	(89, 0.047573)	(90, 2.0349400000000002e-05)	(91, 0.0)	(92, 0.00018450999999999998)	(93, 0.000160114)	(94, 0.0440709)	(95, 0.0)	(96, 0.0214559)	(97, 0.0)	(98, 0.00014553)	(99, 0.00013937000000000002)	(100, 0.0)	(101, 0.0929435)	(102, 0.0585229)	(103, 0.0875141)	(104, 0.120123)	(105, 0.0441427)	(106, 0.0)	(107, 0.0)	(108, 0.0)	(109, 2.57343e-06)	(110, 0.0716462)	(111, 0.0006791049999999999)	(112, 0.0662624)	(113, 0.0)	(114, 8.19159e-06)	(115, 0.0)	(116, 2.24289e-05)	(117, 0.0230332)	(118, 0.000351734)	(119, 0.0437853)	(120, 0.06760050000000001)	(121, 0.020166)	(122, 0.0382857)	(123, 0.0221446)	(124, 0.0)	(125, 5.14665e-05)	(126, 1.63567e-05)	(127, 0.0008983950000000001)	(128, 0.0479261)	(129, 3.4465399999999998e-06)	(130, 0.024142)	(131, 0.187863)	(132, 0.047978799999999995)	(133, 0.0911897)	(134, 0.000362684)	(135, 0.023581)	(136, 0.117581)	(137, 0.0)	(138, 0.0)	(139, 0.061109800000000006)	(140, 0.135656)	(141, 8.67298e-06)	(142, 0.198678)	(143, 1.35625e-05)	(144, 0.0)	(145, 0.0447172)	(146, 0.165928)	(147, 0.023253600000000003)	(148, 0.0)	(149, 0.0)	(150, 1.58254e-05)	(151, 0.0)
reports | SRR30333746	(1, 0.0610357)	(2, 0.0419842)	(3, 0.000209276)	(4, 0.000846839)	(5, 0.056679799999999995)	(6, 4.86689e-06)	(7, 0.0848834)	(8, 0.099708)	(9, 3.6501699999999996e-05)	(10, 0.0861488)	(11, 9.490429999999999e-05)	(12, 0.220378)	(13, 0.156838)	(14, 0.00135056)	(15, 0.0745364)	(16, 0.051822599999999996)	(17, 0.027996800000000002)	(18, 0.05548499999999999)	(19, 0.00023361099999999997)	(20, 0.135769)	(21, 0.09831359999999999)	(22, 0.190261)	(23, 0.028089199999999998)	(24, 0.027970000000000002)	(25, 0.027694999999999997)	(26, 0.000189809)	(27, 0.0861391)	(28, 0.0)	(29, 0.0280917)	(30, 0.0)	(31, 0.00019710899999999997)	(32, 0.0)	(33, 0.106689)	(34, 0.0505464)	(35, 0.128006)	(36, 0.0)	(37, 0.0)	(38, 0.000494029)	(39, 0.000313946)	(40, 0.000131423)	(41, 7.3014999999999995e-06)	(42, 2.9207e-05)	(43, 0.0799039)	(44, 0.13376)	(45, 1.21712e-05)	(46, 0.0555347)	(47, 0.10782800000000001)	(48, 0.0523273)	(49, 0.00028974)	(50, 0.16355899999999998)	(51, 0.238391)	(52, 0.140892)	(53, 0.16109099999999998)	(54, 0.0280838)	(55, 2.6801199999999997e-05)	(56, 0.052927499999999995)	(57, 0.0)	(58, 6.58145e-05)	(59, 0.0811185)	(60, 0.0)	(61, 2.4391700000000003e-06)	(62, 0.00016591)	(63, 0.0)	(64, 0.07553180000000001)	(65, 0.00025155100000000003)	(66, 0.000728055)	(67, 0.07310030000000001)	(68, 5.62381e-05)	(69, 0.0)	(70, 0.0)	(71, 6.36711e-05)	(72, 0.0)	(73, 0.053930799999999994)	(74, 0.0278026)	(75, 0.0)	(76, 0.0)	(77, 5.4129700000000005e-05)	(78, 0.269202)	(79, 0.0734256)	(80, 0.0555747)	(81, 0.0842031)	(82, 0.16775500000000002)	(83, 3.47138e-05)	(84, 0.159382)	(85, 0.138185)	(86, 4.98731e-05)	(87, 2.24928e-05)	(88, 0.129203)	(89, 0.0560762)	(90, 2.7707700000000002e-05)	(91, 0.0)	(92, 0.00022305600000000001)	(93, 9.157060000000001e-05)	(94, 0.0519403)	(95, 0.0)	(96, 0.024915)	(97, 0.0)	(98, 9.87841e-05)	(99, 0.000154194)	(100, 0.0)	(101, 0.109079)	(102, 0.0707139)	(103, 0.10296000000000001)	(104, 0.14013)	(105, 0.0513256)	(106, 0.0)	(107, 0.0)	(108, 0.0)	(109, 5.6158e-06)	(110, 0.0840283)	(111, 0.0005837489999999999)	(112, 0.0784091)	(113, 0.0)	(114, 5.90215e-06)	(115, 2.9833199999999996e-06)	(116, 1.20696e-05)	(117, 0.0265682)	(118, 0.000271881)	(119, 0.05436660000000001)	(120, 0.0793027)	(121, 0.0228165)	(122, 0.0448861)	(123, 0.0259593)	(124, 0.0)	(125, 6.44099e-05)	(126, 6.87766e-06)	(127, 0.000652436)	(128, 0.05685799999999999)	(129, 0.0)	(130, 0.0284132)	(131, 0.221397)	(132, 0.0561265)	(133, 0.108085)	(134, 0.000283992)	(135, 0.0284776)	(136, 0.136876)	(137, 0.0)	(138, 0.0)	(139, 0.07264860000000001)	(140, 0.159429)	(141, 4.38409e-06)	(142, 0.238093)	(143, 4.54636e-06)	(144, 0.0)	(145, 0.052921499999999996)	(146, 0.194412)	(147, 0.0272123)	(148, 0.0)	(149, 0.0)	(150, 1.04112e-05)	(151, 0.0)
reports | SRR30333747	(1, 0.0483398)	(2, 0.0610463)	(3, 0.031063100000000003)	(4, 0.00920108)	(5, 0.06933689999999999)	(6, 0.000268091)	(7, 0.10400400000000001)	(8, 0.12392099999999999)	(9, 4.04665e-05)	(10, 0.104942)	(11, 0.0083184)	(12, 0.272507)	(13, 0.204063)	(14, 0.0356712)	(15, 0.05746250000000001)	(16, 0.0636842)	(17, 0.0434737)	(18, 0.0688057)	(19, 5.56415e-05)	(20, 0.17781)	(21, 0.15518400000000002)	(22, 0.25252600000000003)	(23, 0.0341082)	(24, 0.042499999999999996)	(25, 0.0332331)	(26, 0.00843221)	(27, 0.10525599999999999)	(28, 0.0)	(29, 0.042983)	(30, 9.10497e-05)	(31, 0.0183339)	(32, 0.0)	(33, 0.132035)	(34, 0.06426789999999999)	(35, 0.158798)	(36, 0.00880451)	(37, 0.00899689)	(38, 0.000156822)	(39, 0.000118884)	(40, 0.0101054)	(41, 0.0)	(42, 0.0060763300000000004)	(43, 0.102381)	(44, 0.181641)	(45, 1.0120000000000001e-05)	(46, 0.0694116)	(47, 0.133064)	(48, 0.0776461)	(49, 0.00876093)	(50, 0.21011)	(51, 0.295481)	(52, 0.17111800000000002)	(53, 0.20924099999999998)	(54, 0.0620223)	(55, 0.00031145)	(56, 0.065334)	(57, 7.598219999999999e-06)	(58, 0.0170072)	(59, 0.111752)	(60, 2.5339400000000003e-06)	(61, 0.00870832)	(62, 0.0)	(63, 1.26779e-05)	(64, 0.108859)	(65, 0.0)	(66, 0.0183214)	(67, 0.0884587)	(68, 0.00908522)	(69, 0.0087735)	(70, 0.009183509999999999)	(71, 0.0)	(72, 0.000323008)	(73, 0.0423332)	(74, 0.0333694)	(75, 0.0183916)	(76, 0.0)	(77, 0.0)	(78, 0.327052)	(79, 0.0878962)	(80, 0.0753732)	(81, 0.11262799999999999)	(82, 0.21809199999999998)	(83, 0.00036700999999999997)	(84, 0.206305)	(85, 0.180364)	(86, 0.00902224)	(87, 3.87339e-05)	(88, 0.159725)	(89, 0.0793532)	(90, 0.0)	(91, 0.00817768)	(92, 0.00027678)	(93, 3.40388e-05)	(94, 0.0656322)	(95, 0.0)	(96, 0.0316123)	(97, 1.8576e-05)	(98, 0.0)	(99, 0.0262546)	(100, 3.22547e-05)	(101, 0.136773)	(102, 0.0856503)	(103, 0.127182)	(104, 0.183976)	(105, 0.064267)	(106, 0.017256300000000002)	(107, 0.0)	(108, 0.0)	(109, 0.0)	(110, 0.114229)	(111, 0.00861533)	(112, 0.09912969999999999)	(113, 0.0318178)	(114, 0.00862436)	(115, 0.008704910000000001)	(116, 6.02042e-06)	(117, 0.049837799999999995)	(118, 2.76252e-05)	(119, 0.0660784)	(120, 0.10026)	(121, 0.0333678)	(122, 0.0558545)	(123, 0.032715499999999995)	(124, 0.00758797)	(125, 0.015164399999999998)	(126, 0.000137445)	(127, 0.0332645)	(128, 0.0727296)	(129, 0.0)	(130, 0.036428300000000004)	(131, 0.283294)	(132, 0.0834299)	(133, 0.137142)	(134, 1.8540100000000002e-05)	(135, 0.0354405)	(136, 0.173728)	(137, 0.0)	(138, 0.0)	(139, 0.10870999999999999)	(140, 0.20552800000000002)	(141, 0.0150245)	(142, 0.30336)	(143, 0.0170874)	(144, 0.0)	(145, 0.0751668)	(146, 0.252617)	(147, 0.0430103)	(148, 0.0)	(149, 0.0)	(150, 8.931029999999999e-05)	(151, 0.0)
reports | SRR30333748	(1, 0.0658252)	(2, 0.0414214)	(3, 0.000147441)	(4, 0.00101623)	(5, 0.048757)	(6, 0.0)	(7, 0.0730593)	(8, 0.0859596)	(9, 4.75616e-05)	(10, 0.0742246)	(11, 0.000109392)	(12, 0.191133)	(13, 0.136426)	(14, 0.00180575)	(15, 0.0832867)	(16, 0.0453547)	(17, 0.024101)	(18, 0.0488394)	(19, 0.00027268599999999996)	(20, 0.11765899999999999)	(21, 0.08978359999999999)	(22, 0.164696)	(23, 0.0243468)	(24, 0.0243214)	(25, 0.022996)	(26, 0.000237808)	(27, 0.0745131)	(28, 1.5853899999999998e-06)	(29, 0.0242453)	(30, 1.5853899999999998e-06)	(31, 0.000179149)	(32, 0.0)	(33, 0.092382)	(34, 0.0444712)	(35, 0.11507500000000001)	(36, 0.0)	(37, 0.0)	(38, 0.0005977339999999999)	(39, 0.000332961)	(40, 0.00016648299999999998)	(41, 0.0)	(42, 3.17124e-05)	(43, 0.0680534)	(44, 0.114889)	(45, 2.37862e-05)	(46, 0.047791400000000005)	(47, 0.0937609)	(48, 0.0461696)	(49, 0.000306098)	(50, 0.14133800000000002)	(51, 0.20667200000000002)	(52, 0.119133)	(53, 0.141036)	(54, 0.0236245)	(55, 3.0145700000000002e-05)	(56, 0.045653700000000005)	(57, 0.0)	(58, 7.30031e-05)	(59, 0.07207910000000001)	(60, 1.58738e-06)	(61, 0.0)	(62, 0.000181011)	(63, 1.5880800000000002e-06)	(64, 0.06604020000000001)	(65, 0.00030184)	(66, 0.000891401)	(67, 0.060272400000000004)	(68, 0.00011763600000000001)	(69, 0.0)	(70, 0.0)	(71, 7.63709e-05)	(72, 0.0)	(73, 0.0582919)	(74, 0.023330299999999998)	(75, 0.0)	(76, 1.5945300000000001e-06)	(77, 6.22225e-05)	(78, 0.231927)	(79, 0.068634)	(80, 0.0483675)	(81, 0.0735687)	(82, 0.14030399999999998)	(83, 4.9698000000000004e-05)	(84, 0.13912)	(85, 0.119444)	(86, 5.3097e-05)	(87, 1.77249e-05)	(88, 0.112938)	(89, 0.049120399999999995)	(90, 1.94367e-05)	(91, 0.0)	(92, 0.000188685)	(93, 0.00010924099999999999)	(94, 0.0449392)	(95, 0.0)	(96, 0.0219412)	(97, 0.0)	(98, 0.000122485)	(99, 0.00013457)	(100, 0.0)	(101, 0.0941729)	(102, 0.0594956)	(103, 0.08872669999999999)	(104, 0.12255600000000001)	(105, 0.0447104)	(106, 0.0)	(107, 0.0)	(108, 0.0)	(109, 3.4978100000000005e-06)	(110, 0.0740064)	(111, 0.000703863)	(112, 0.0686422)	(113, 0.0)	(114, 2.35703e-05)	(115, 0.0)	(116, 1.6584000000000002e-05)	(117, 0.0230597)	(118, 0.000363677)	(119, 0.0452866)	(120, 0.0697491)	(121, 0.0196954)	(122, 0.0386437)	(123, 0.0226716)	(124, 0.0)	(125, 7.0184e-05)	(126, 8.1044e-06)	(127, 0.0008988389999999999)	(128, 0.049043899999999994)	(129, 0.0)	(130, 0.024738899999999998)	(131, 0.191861)	(132, 0.049516899999999996)	(133, 0.0932637)	(134, 0.000365481)	(135, 0.023817599999999998)	(136, 0.118655)	(137, 0.0)	(138, 0.0)	(139, 0.06252780000000001)	(140, 0.136723)	(141, 4.82799e-06)	(142, 0.20260299999999998)	(143, 1.73496e-05)	(144, 0.0)	(145, 0.044578400000000004)	(146, 0.17130299999999998)	(147, 0.0239358)	(148, 0.0)	(149, 0.0)	(150, 1.36865e-05)	(151, 0.0)
reports | SRR30333749	(1, 0.14268799999999998)	(2, 0.039491)	(3, 0.000137357)	(4, 0.0555134)	(5, 0.0371443)	(6, 1.9346e-06)	(7, 0.0558867)	(8, 0.0664129)	(9, 0.0074772300000000005)	(10, 0.0575021)	(11, 0.0179918)	(12, 0.145592)	(13, 0.104387)	(14, 0.00101567)	(15, 0.16502)	(16, 0.0669256)	(17, 0.0186225)	(18, 0.0374016)	(19, 0.000617138)	(20, 0.0910675)	(21, 0.0626462)	(22, 0.12657300000000002)	(23, 0.0183516)	(24, 0.0183284)	(25, 0.0258501)	(26, 0.00013929100000000002)	(27, 0.0573416)	(28, 9.479539999999999e-05)	(29, 0.0186476)	(30, 0.0184542)	(31, 0.0193035)	(32, 9.67307e-06)	(33, 0.07112260000000001)	(34, 0.0338967)	(35, 0.0847995)	(36, 0.00228484)	(37, 0.000164448)	(38, 0.000359853)	(39, 0.000711973)	(40, 0.027382300000000002)	(41, 1.9347600000000003e-06)	(42, 1.35435e-05)	(43, 0.052783699999999996)	(44, 0.08888700000000001)	(45, 1.54791e-05)	(46, 0.0378395)	(47, 0.071952)	(48, 0.0355638)	(49, 0.000154806)	(50, 0.11172199999999999)	(51, 0.15931299999999998)	(52, 0.0924006)	(53, 0.107617)	(54, 0.0184644)	(55, 1.35489e-05)	(56, 0.0348399)	(57, 0.0)	(58, 0.0005691450000000001)	(59, 0.055996699999999996)	(60, 1.93614e-06)	(61, 0.0)	(62, 0.000243997)	(63, 1.93667e-06)	(64, 0.0503029)	(65, 0.000182089)	(66, 0.000492093)	(67, 0.0470457)	(68, 5.4261899999999996e-05)	(69, 6.00859e-05)	(70, 0.0)	(71, 4.65361e-05)	(72, 0.0)	(73, 0.0374969)	(74, 0.0182211)	(75, 3.88216e-06)	(76, 0.0)	(77, 4.0791600000000004e-05)	(78, 0.178231)	(79, 0.046693899999999997)	(80, 0.036904400000000004)	(81, 0.056321500000000004)	(82, 0.109619)	(83, 0.0005046909999999999)	(84, 0.104849)	(85, 0.0919933)	(86, 3.32088e-05)	(87, 5.86632e-06)	(88, 0.08684120000000001)	(89, 0.0370718)	(90, 7.8499e-06)	(91, 0.0)	(92, 0.000173212)	(93, 5.1262999999999994e-05)	(94, 0.034929299999999996)	(95, 0.0)	(96, 0.0177258)	(97, 1.9882600000000003e-06)	(98, 5.78081e-05)	(99, 0.00044574199999999995)	(100, 0.0)	(101, 0.0729854)	(102, 0.0456829)	(103, 0.0680572)	(104, 0.0940708)	(105, 0.033391300000000006)	(106, 2.0491199999999997e-06)	(107, 2.05844e-06)	(108, 8.2727e-06)	(109, 2.07844e-06)	(110, 0.0566332)	(111, 0.000363422)	(112, 0.053340799999999994)	(113, 0.000301775)	(114, 1.4967e-05)	(115, 2.15165e-06)	(116, 0.00014511100000000001)	(117, 0.0174749)	(118, 0.00020421700000000003)	(119, 0.0356552)	(120, 0.0529885)	(121, 0.015765)	(122, 0.029155099999999996)	(123, 0.0171449)	(124, 2.76117e-05)	(125, 0.000136923)	(126, 9.36388e-06)	(127, 0.008306619999999999)	(128, 0.0385271)	(129, 0.0525969)	(130, 0.0193169)	(131, 0.14718299999999998)	(132, 0.0379524)	(133, 0.0711679)	(134, 0.000262915)	(135, 0.018414899999999998)	(136, 0.0904724)	(137, 0.027571300000000003)	(138, 0.000989357)	(139, 0.0475792)	(140, 0.105794)	(141, 5.4610700000000006e-06)	(142, 0.15697)	(143, 1.39866e-05)	(144, 0.0034672899999999996)	(145, 0.0346079)	(146, 0.129934)	(147, 0.018272)	(148, 0.026180000000000002)	(149, 0.00032761899999999997)	(150, 4.60673e-05)	(151, 0.0)
reports | SRR30333750	(1, 0.0649363)	(2, 0.0406806)	(3, 0.000162413)	(4, 0.000976412)	(5, 0.0499285)	(6, 0.0)	(7, 0.0738322)	(8, 0.0866474)	(9, 5.41377e-05)	(10, 0.0752456)	(11, 0.00011214200000000001)	(12, 0.19267399999999998)	(13, 0.138865)	(14, 0.00163573)	(15, 0.0820805)	(16, 0.0455182)	(17, 0.0240159)	(18, 0.0495244)	(19, 0.000272622)	(20, 0.11806099999999999)	(21, 0.0847139)	(22, 0.166659)	(23, 0.0242962)	(24, 0.0246037)	(25, 0.0232289)	(26, 0.000259088)	(27, 0.0756072)	(28, 1.93349e-06)	(29, 0.024218899999999998)	(30, 0.0)	(31, 0.000193349)	(32, 0.0)	(33, 0.0933932)	(34, 0.0448815)	(35, 0.11151100000000001)	(36, 0.0)	(37, 0.0)	(38, 0.000622639)	(39, 0.00028232100000000004)	(40, 0.00014503200000000002)	(41, 3.86763e-06)	(42, 3.8677800000000004e-05)	(43, 0.0677739)	(44, 0.116886)	(45, 1.7407199999999998e-05)	(46, 0.04973109999999999)	(47, 0.0940533)	(48, 0.0466764)	(49, 0.000332749)	(50, 0.143235)	(51, 0.209704)	(52, 0.120549)	(53, 0.142097)	(54, 0.0237384)	(55, 2.5166200000000003e-05)	(56, 0.0462248)	(57, 0.0)	(58, 4.64803e-05)	(59, 0.0730721)	(60, 0.0)	(61, 0.0)	(62, 0.00018414)	(63, 0.0)	(64, 0.0656528)	(65, 0.000312341)	(66, 0.0009043370000000001)	(67, 0.0611066)	(68, 9.32174e-05)	(69, 0.0)	(70, 1.94369e-06)	(71, 6.02839e-05)	(72, 0.0)	(73, 0.0582507)	(74, 0.0235757)	(75, 0.0)	(76, 1.95093e-06)	(77, 6.833869999999999e-05)	(78, 0.234416)	(79, 0.0637523)	(80, 0.0492596)	(81, 0.07397089999999999)	(82, 0.14087)	(83, 3.93072e-05)	(84, 0.139633)	(85, 0.12034)	(86, 6.31911e-05)	(87, 1.3848599999999998e-05)	(88, 0.114573)	(89, 0.0497555)	(90, 1.5930200000000002e-05)	(91, 0.0)	(92, 0.000190156)	(93, 0.000100372)	(94, 0.0455002)	(95, 0.0)	(96, 0.0223828)	(97, 0.0)	(98, 0.000120577)	(99, 0.000119052)	(100, 0.0)	(101, 0.0947307)	(102, 0.059128900000000005)	(103, 0.08974649999999999)	(104, 0.12359700000000001)	(105, 0.0447459)	(106, 2.1319399999999997e-06)	(107, 0.0)	(108, 0.0)	(109, 4.35321e-06)	(110, 0.0751211)	(111, 0.000696286)	(112, 0.0695433)	(113, 0.0)	(114, 6.80042e-06)	(115, 0.0)	(116, 1.84661e-05)	(117, 0.023011200000000002)	(118, 0.000296477)	(119, 0.045570799999999995)	(120, 0.0702115)	(121, 0.0199241)	(122, 0.039321)	(123, 0.022911900000000002)	(124, 0.0)	(125, 4.31377e-05)	(126, 1.79709e-05)	(127, 0.00087798)	(128, 0.0498438)	(129, 0.0)	(130, 0.0248069)	(131, 0.19424799999999998)	(132, 0.0499835)	(133, 0.0949393)	(134, 0.000340432)	(135, 0.0244667)	(136, 0.119377)	(137, 0.0)	(138, 0.0)	(139, 0.0630661)	(140, 0.13936400000000002)	(141, 9.3697e-06)	(142, 0.203456)	(143, 2.25108e-05)	(144, 0.0)	(145, 0.0453495)	(146, 0.172945)	(147, 0.024149)	(148, 0.0)	(149, 0.0)	(150, 1.79344e-05)	(151, 0.0)
reports | SRR30333751	(1, 0.0670832)	(2, 0.0424876)	(3, 0.000177538)	(4, 0.00103906)	(5, 0.0504282)	(6, 3.73764e-06)	(7, 0.07560130000000001)	(8, 0.0913517)	(9, 5.7933399999999997e-05)	(10, 0.0768833)	(11, 0.000138293)	(12, 0.19842)	(13, 0.143075)	(14, 0.001738)	(15, 0.082643)	(16, 0.0472942)	(17, 0.025133799999999998)	(18, 0.050458100000000006)	(19, 0.00027845400000000003)	(20, 0.12395500000000001)	(21, 0.0880252)	(22, 0.17255)	(23, 0.025260799999999996)	(24, 0.025315)	(25, 0.0245339)	(26, 0.000263504)	(27, 0.0774159)	(28, 1.86882e-06)	(29, 0.0251039)	(30, 0.0)	(31, 0.000205571)	(32, 0.0)	(33, 0.0972907)	(34, 0.0464677)	(35, 0.11594299999999999)	(36, 0.0)	(37, 0.0)	(38, 0.000637324)	(39, 0.00038502)	(40, 0.000157002)	(41, 3.7382700000000003e-06)	(42, 3.55149e-05)	(43, 0.0705445)	(44, 0.12039100000000001)	(45, 1.4955399999999999e-05)	(46, 0.051565)	(47, 0.0983305)	(48, 0.0486372)	(49, 0.000334704)	(50, 0.148136)	(51, 0.21785200000000002)	(52, 0.124864)	(53, 0.146326)	(54, 0.0247074)	(55, 2.0580999999999998e-05)	(56, 0.0478042)	(57, 0.0)	(58, 5.6151999999999994e-05)	(59, 0.0755647)	(60, 0.0)	(61, 0.0)	(62, 0.00022478100000000002)	(63, 5.6209e-06)	(64, 0.0685574)	(65, 0.000309318)	(66, 0.000997613)	(67, 0.0657171)	(68, 0.000103206)	(69, 0.0)	(70, 0.0)	(71, 6.95163e-05)	(72, 0.0)	(73, 0.0566739)	(74, 0.0243864)	(75, 0.0)	(76, 1.8845500000000002e-06)	(77, 6.78975e-05)	(78, 0.242362)	(79, 0.0659405)	(80, 0.0506578)	(81, 0.07626319999999999)	(82, 0.148635)	(83, 5.3150400000000005e-05)	(84, 0.144468)	(85, 0.12453600000000001)	(86, 6.10346e-05)	(87, 7.64369e-06)	(88, 0.117265)	(89, 0.050724099999999994)	(90, 2.30847e-05)	(91, 0.0)	(92, 0.000216615)	(93, 0.000128033)	(94, 0.047339)	(95, 0.0)	(96, 0.0232068)	(97, 0.0)	(98, 0.00011268)	(99, 0.000170794)	(100, 0.0)	(101, 0.0989155)	(102, 0.06294920000000001)	(103, 0.092561)	(104, 0.127413)	(105, 0.0467062)	(106, 0.0)	(107, 0.0)	(108, 0.0)	(109, 8.46017e-06)	(110, 0.0769835)	(111, 0.000645158)	(112, 0.0717256)	(113, 0.0)	(114, 2.20972e-05)	(115, 0.0)	(116, 1.80279e-05)	(117, 0.0244314)	(118, 0.000345123)	(119, 0.0479039)	(120, 0.07171280000000001)	(121, 0.0205569)	(122, 0.0404671)	(123, 0.0234157)	(124, 0.0)	(125, 5.49152e-05)	(126, 1.5165399999999999e-05)	(127, 0.000865238)	(128, 0.0516837)	(129, 0.0)	(130, 0.0257145)	(131, 0.20228)	(132, 0.0511299)	(133, 0.09838500000000001)	(134, 0.00031249800000000003)	(135, 0.0251183)	(136, 0.12341500000000001)	(137, 0.0)	(138, 0.0)	(139, 0.0645719)	(140, 0.143818)	(141, 9.36665e-06)	(142, 0.21247699999999997)	(143, 2.89976e-05)	(144, 0.0)	(145, 0.0468934)	(146, 0.178019)	(147, 0.024593999999999998)	(148, 0.0)	(149, 0.0)	(150, 2.17337e-05)	(151, 0.0)
reports | SRR30333752	(1, 0.0627022)	(2, 0.0409478)	(3, 0.00015452)	(4, 0.0010382400000000002)	(5, 0.0495801)	(6, 5.2085400000000004e-06)	(7, 0.07511759999999999)	(8, 0.0882206)	(9, 3.9932200000000004e-05)	(10, 0.0777219)	(11, 0.000126741)	(12, 0.194966)	(13, 0.139813)	(14, 0.0016736799999999999)	(15, 0.08010740000000001)	(16, 0.0460713)	(17, 0.0245895)	(18, 0.0506826)	(19, 0.000269108)	(20, 0.121974)	(21, 0.0864167)	(22, 0.16947600000000002)	(23, 0.0248708)	(24, 0.024442000000000002)	(25, 0.0234506)	(26, 0.000208342)	(27, 0.0786629)	(28, 3.4723599999999997e-06)	(29, 0.024655499999999997)	(30, 0.0)	(31, 0.000196189)	(32, 0.0)	(33, 0.0947852)	(34, 0.0452497)	(35, 0.11397600000000001)	(36, 0.0)	(37, 0.0)	(38, 0.00060598)	(39, 0.000255246)	(40, 0.000158014)	(41, 5.2094000000000005e-06)	(42, 3.82035e-05)	(43, 0.0699115)	(44, 0.11862400000000001)	(45, 1.9104e-05)	(46, 0.0506107)	(47, 0.09505040000000001)	(48, 0.046732499999999996)	(49, 0.000303996)	(50, 0.145738)	(51, 0.21294399999999997)	(52, 0.123902)	(53, 0.14413399999999998)	(54, 0.02395)	(55, 2.0857e-05)	(56, 0.0473731)	(57, 0.0)	(58, 6.259310000000001e-05)	(59, 0.0742444)	(60, 0.0)	(61, 0.0)	(62, 0.00019486700000000002)	(63, 0.0)	(64, 0.0673645)	(65, 0.000318613)	(66, 0.000879455)	(67, 0.061426999999999995)	(68, 9.06093e-05)	(69, 0.0)	(70, 0.0)	(71, 7.151730000000001e-05)	(72, 0.0)	(73, 0.05684070000000001)	(74, 0.0241561)	(75, 0.0)	(76, 5.24635e-06)	(77, 5.77479e-05)	(78, 0.24083500000000002)	(79, 0.0652979)	(80, 0.049092000000000004)	(81, 0.0751719)	(82, 0.14494)	(83, 4.57427e-05)	(84, 0.14338700000000001)	(85, 0.123378)	(86, 7.2419e-05)	(87, 1.94599e-05)	(88, 0.11637399999999999)	(89, 0.050132699999999995)	(90, 7.1155200000000004e-06)	(91, 0.0)	(92, 0.00020369899999999998)	(93, 0.000134346)	(94, 0.0454628)	(95, 0.0)	(96, 0.022542)	(97, 0.0)	(98, 9.64383e-05)	(99, 0.00015526100000000002)	(100, 0.0)	(101, 0.0970646)	(102, 0.0609718)	(103, 0.090446)	(104, 0.12496)	(105, 0.0447841)	(106, 0.0)	(107, 0.0)	(108, 0.0)	(109, 1.92587e-06)	(110, 0.0761027)	(111, 0.000613295)	(112, 0.0705846)	(113, 0.0)	(114, 1.79891e-05)	(115, 0.0)	(116, 1.8290899999999998e-05)	(117, 0.023590800000000002)	(118, 0.000293746)	(119, 0.0464203)	(120, 0.0711686)	(121, 0.020389)	(122, 0.0393903)	(123, 0.0234961)	(124, 0.0)	(125, 5.3220499999999996e-05)	(126, 2.0172599999999997e-05)	(127, 0.0007930150000000001)	(128, 0.051344499999999994)	(129, 2.3172e-06)	(130, 0.0259403)	(131, 0.197501)	(132, 0.0506899)	(133, 0.0947416)	(134, 0.000280191)	(135, 0.025193200000000002)	(136, 0.121648)	(137, 0.0)	(138, 0.0)	(139, 0.0637833)	(140, 0.141521)	(141, 1.34289e-05)	(142, 0.20936000000000002)	(143, 5.51912e-06)	(144, 0.0)	(145, 0.0469531)	(146, 0.174966)	(147, 0.0243523)	(148, 0.0)	(149, 0.0)	(150, 2.13839e-05)	(151, 0.0)
reports | SRR30333753	(1, 0.0470827)	(2, 0.0598215)	(3, 0.0300522)	(4, 0.00876854)	(5, 0.0698115)	(6, 0.000264856)	(7, 0.104731)	(8, 0.124153)	(9, 5.65712e-05)	(10, 0.10733400000000001)	(11, 0.00773483)	(12, 0.27580299999999996)	(13, 0.20252799999999999)	(14, 0.0344904)	(15, 0.0571395)	(16, 0.06455029999999999)	(17, 0.0435444)	(18, 0.0702795)	(19, 3.85713e-05)	(20, 0.178433)	(21, 0.151336)	(22, 0.254126)	(23, 0.0345959)	(24, 0.042407799999999995)	(25, 0.033729300000000004)	(26, 0.0077142600000000006)	(27, 0.10699900000000001)	(28, 0.0)	(29, 0.0435444)	(30, 0.000115714)	(31, 0.017591100000000002)	(32, 0.0)	(33, 0.13337)	(34, 0.0631974)	(35, 0.157664)	(36, 0.00849395)	(37, 0.008491539999999999)	(38, 0.000223737)	(39, 0.000105442)	(40, 0.009238090000000001)	(41, 0.0)	(42, 0.00587463)	(43, 0.10265400000000001)	(44, 0.18233)	(45, 5.14496e-06)	(46, 0.0700656)	(47, 0.134722)	(48, 0.0781001)	(49, 0.00823934)	(50, 0.213238)	(51, 0.298134)	(52, 0.17266700000000001)	(53, 0.21097)	(54, 0.0616994)	(55, 0.000283282)	(56, 0.06592049999999999)	(57, 5.15238e-06)	(58, 0.0161559)	(59, 0.112235)	(60, 0.0)	(61, 0.008440079999999999)	(62, 0.0)	(63, 5.160999999999999e-06)	(64, 0.109697)	(65, 0.0)	(66, 0.0178461)	(67, 0.0884843)	(68, 0.00893573)	(69, 0.008286080000000001)	(70, 0.00896712)	(71, 0.0)	(72, 0.000376004)	(73, 0.037917)	(74, 0.0332034)	(75, 0.0168838)	(76, 0.0)	(77, 0.0)	(78, 0.334903)	(79, 0.08531129999999999)	(80, 0.0766958)	(81, 0.11384699999999999)	(82, 0.22071399999999997)	(83, 0.000373698)	(84, 0.20786300000000002)	(85, 0.180323)	(86, 0.00854305)	(87, 3.98721e-05)	(88, 0.162471)	(89, 0.0784515)	(90, 0.0)	(91, 0.00813126)	(92, 0.000254406)	(93, 2.4466799999999998e-05)	(94, 0.06579259999999999)	(95, 0.0)	(96, 0.0313463)	(97, 1.38867e-05)	(98, 0.0)	(99, 0.025613699999999996)	(100, 5.10136e-05)	(101, 0.137243)	(102, 0.0860804)	(103, 0.129056)	(104, 0.186108)	(105, 0.0645408)	(106, 0.0167245)	(107, 0.0)	(108, 0.0)	(109, 0.0)	(110, 0.115964)	(111, 0.00800014)	(112, 0.0997421)	(113, 0.0306781)	(114, 0.00846595)	(115, 0.00832215)	(116, 0.0)	(117, 0.0496751)	(118, 3.12569e-05)	(119, 0.0677221)	(120, 0.101209)	(121, 0.029709000000000003)	(122, 0.0573795)	(123, 0.032746199999999996)	(124, 0.00752855)	(125, 0.0146553)	(126, 0.000122863)	(127, 0.031805)	(128, 0.072822)	(129, 0.0)	(130, 0.0371155)	(131, 0.285553)	(132, 0.0841717)	(133, 0.139339)	(134, 1.38103e-05)	(135, 0.0361482)	(136, 0.1756)	(137, 0.0)	(138, 0.0)	(139, 0.109319)	(140, 0.206688)	(141, 0.014297999999999998)	(142, 0.304716)	(143, 0.0162537)	(144, 0.0)	(145, 0.0757464)	(146, 0.254944)	(147, 0.0427293)	(148, 0.0)	(149, 0.0)	(150, 7.13979e-05)	(151, 0.0)
reports | SRR30333754	(1, 0.060809199999999994)	(2, 0.0428679)	(3, 0.000245743)	(4, 0.0008314320000000001)	(5, 0.05845619999999999)	(6, 2.04786e-06)	(7, 0.0884041)	(8, 0.10497900000000002)	(9, 3.2765800000000004e-05)	(10, 0.08957140000000001)	(11, 9.82973e-05)	(12, 0.23094499999999998)	(13, 0.165129)	(14, 0.00135159)	(15, 0.0727113)	(16, 0.054895)	(17, 0.029094000000000002)	(18, 0.0586262)	(19, 0.000198643)	(20, 0.14271699999999998)	(21, 0.11019899999999999)	(22, 0.198413)	(23, 0.0293233)	(24, 0.028534900000000002)	(25, 0.02884)	(26, 0.000194547)	(27, 0.0901878)	(28, 4.09572e-06)	(29, 0.029067299999999997)	(30, 2.04786e-06)	(31, 0.00023140900000000002)	(32, 0.0)	(33, 0.11155399999999999)	(34, 0.0541023)	(35, 0.141652)	(36, 0.0)	(37, 0.0)	(38, 0.00049564)	(39, 0.000319513)	(40, 0.00011470100000000001)	(41, 0.0)	(42, 2.25328e-05)	(43, 0.0828676)	(44, 0.13946)	(45, 1.02439e-05)	(46, 0.0599446)	(47, 0.113726)	(48, 0.0552137)	(49, 0.000297161)	(50, 0.172372)	(51, 0.250637)	(52, 0.14638500000000002)	(53, 0.16944399999999998)	(54, 0.0291786)	(55, 2.0511099999999997e-05)	(56, 0.0558178)	(57, 0.0)	(58, 5.54099e-05)	(59, 0.0864079)	(60, 2.05321e-06)	(61, 2.05379e-06)	(62, 0.000137648)	(63, 2.0551700000000003e-06)	(64, 0.0796544)	(65, 0.00024064599999999999)	(66, 0.000833358)	(67, 0.078413)	(68, 8.8566e-05)	(69, 0.0)	(70, 0.0)	(71, 5.9839e-05)	(72, 0.0)	(73, 0.0518678)	(74, 0.0285799)	(75, 0.0)	(76, 4.1452099999999996e-06)	(77, 5.6025799999999995e-05)	(78, 0.281442)	(79, 0.0839383)	(80, 0.0584028)	(81, 0.0890254)	(82, 0.174316)	(83, 4.39925e-05)	(84, 0.169702)	(85, 0.1448)	(86, 4.6412e-05)	(87, 4.23109e-06)	(88, 0.136817)	(89, 0.0583374)	(90, 2.3501399999999998e-05)	(91, 0.0)	(92, 0.000223969)	(93, 8.21987e-05)	(94, 0.055112100000000004)	(95, 0.0)	(96, 0.026844500000000004)	(97, 0.0)	(98, 8.895209999999999e-05)	(99, 0.000163428)	(100, 0.0)	(101, 0.114836)	(102, 0.07300129999999999)	(103, 0.107437)	(104, 0.146805)	(105, 0.054298599999999995)	(106, 0.0)	(107, 0.0)	(108, 0.0)	(109, 2.45019e-06)	(110, 0.08885889999999999)	(111, 0.000519227)	(112, 0.0819155)	(113, 0.0)	(114, 2.60564e-05)	(115, 0.0)	(116, 2.14224e-05)	(117, 0.0287332)	(118, 0.00023975)	(119, 0.056637099999999996)	(120, 0.0834217)	(121, 0.0238502)	(122, 0.0476153)	(123, 0.027486999999999998)	(124, 0.0)	(125, 8.31053e-05)	(126, 1.2520599999999998e-05)	(127, 0.0006813)	(128, 0.0593986)	(129, 3.2966699999999997e-06)	(130, 0.0306991)	(131, 0.235125)	(132, 0.0587206)	(133, 0.113958)	(134, 0.000238064)	(135, 0.029060799999999998)	(136, 0.14537)	(137, 0.0)	(138, 0.0)	(139, 0.07643660000000001)	(140, 0.16719)	(141, 4.11977e-06)	(142, 0.24893099999999999)	(143, 4.28566e-06)	(144, 0.0)	(145, 0.0546906)	(146, 0.206931)	(147, 0.0286939)	(148, 0.0)	(149, 0.0)	(150, 1.4855e-05)	(151, 0.0)
reports | SRR30333755	(1, 0.0516166)	(2, 0.0679603)	(3, 0.0428864)	(4, 0.013012300000000001)	(5, 0.061188599999999996)	(6, 0.000375629)	(7, 0.0942854)	(8, 0.109171)	(9, 5.1810799999999995e-05)	(10, 0.0951014)	(11, 0.011802499999999999)	(12, 0.241464)	(13, 0.186379)	(14, 0.0504068)	(15, 0.0638335)	(16, 0.057877899999999996)	(17, 0.0447853)	(18, 0.062204100000000005)	(19, 6.994460000000001e-05)	(20, 0.161961)	(21, 0.15600499999999998)	(22, 0.23230699999999999)	(23, 0.0313663)	(24, 0.0412466)	(25, 0.030514000000000003)	(26, 0.0117015)	(27, 0.0952827)	(28, 0.0)	(29, 0.0434434)	(30, 0.00014507)	(31, 0.0258821)	(32, 0.0)	(33, 0.118806)	(34, 0.056793)	(35, 0.14141900000000002)	(36, 0.01248)	(37, 0.0125608)	(38, 0.00027465)	(39, 0.00018397299999999998)	(40, 0.0139207)	(41, 0.0)	(42, 0.00852162)	(43, 0.0961278)	(44, 0.17249699999999998)	(45, 1.8147e-05)	(46, 0.0615787)	(47, 0.118592)	(48, 0.0769397)	(49, 0.012216000000000001)	(50, 0.191406)	(51, 0.262621)	(52, 0.15563300000000002)	(53, 0.191104)	(54, 0.0703381)	(55, 0.000420692)	(56, 0.0578546)	(57, 5.19639e-06)	(58, 0.023606000000000002)	(59, 0.10295)	(60, 7.80195e-06)	(61, 0.0125635)	(62, 0.0)	(63, 2.6039599999999997e-06)	(64, 0.105644)	(65, 0.0)	(66, 0.026238900000000002)	(67, 0.0798504)	(68, 0.0125596)	(69, 0.0127013)	(70, 0.013638899999999999)	(71, 0.0)	(72, 0.0004898000000000001)	(73, 0.038630899999999996)	(74, 0.0303676)	(75, 0.0254017)	(76, 0.0)	(77, 0.0)	(78, 0.297334)	(79, 0.0781797)	(80, 0.0719915)	(81, 0.104583)	(82, 0.20626199999999997)	(83, 0.000572422)	(84, 0.189631)	(85, 0.16613)	(86, 0.0124797)	(87, 8.88175e-05)	(88, 0.143974)	(89, 0.07303)	(90, 2.72065e-06)	(91, 0.0119439)	(92, 0.000277175)	(93, 6.06656e-05)	(94, 0.057612500000000004)	(95, 0.0)	(96, 0.0276563)	(97, 2.82207e-05)	(98, 0.0)	(99, 0.036514000000000005)	(100, 7.788640000000001e-05)	(101, 0.12291800000000001)	(102, 0.0769399)	(103, 0.11451499999999999)	(104, 0.16834000000000002)	(105, 0.057612699999999996)	(106, 0.0248257)	(107, 0.0)	(108, 0.0)	(109, 0.0)	(110, 0.106465)	(111, 0.0122075)	(112, 0.0879663)	(113, 0.0458691)	(114, 0.0126673)	(115, 0.011606400000000001)	(116, 3.4829400000000004e-06)	(117, 0.05351209999999999)	(118, 2.8758900000000003e-05)	(119, 0.060702900000000004)	(120, 0.090268)	(121, 0.0259877)	(122, 0.05188770000000001)	(123, 0.0295642)	(124, 0.0110273)	(125, 0.0218596)	(126, 0.000273183)	(127, 0.0461841)	(128, 0.0652121)	(129, 0.0)	(130, 0.0323191)	(131, 0.25577500000000003)	(132, 0.0813275)	(133, 0.12382000000000001)	(134, 3.8748700000000004e-05)	(135, 0.0322175)	(136, 0.15929500000000002)	(137, 0.0)	(138, 0.0)	(139, 0.106714)	(140, 0.186773)	(141, 0.020339)	(142, 0.278607)	(143, 0.0240188)	(144, 0.0)	(145, 0.07234589999999999)	(146, 0.229107)	(147, 0.0444987)	(148, 0.0)	(149, 0.0)	(150, 8.943079999999999e-05)	(151, 0.0)
reports | SRR30333756	(1, 0.0544127)	(2, 0.041713)	(3, 0.00019296000000000002)	(4, 0.0007236020000000001)	(5, 0.0627394)	(6, 0.0)	(7, 0.09519240000000001)	(8, 0.113744)	(9, 2.0974e-05)	(10, 0.09814139999999999)	(11, 7.13115e-05)	(12, 0.249083)	(13, 0.179537)	(14, 0.000943828)	(15, 0.0648032)	(16, 0.0578839)	(17, 0.030949200000000003)	(18, 0.0642852)	(19, 0.000146818)	(20, 0.156013)	(21, 0.10834900000000001)	(22, 0.21806999999999999)	(23, 0.0319475)	(24, 0.032195)	(25, 0.0302927)	(26, 0.000123746)	(27, 0.0980721)	(28, 4.19479e-06)	(29, 0.0317923)	(30, 0.0)	(31, 0.000283149)	(32, 0.0)	(33, 0.120042)	(34, 0.058296)	(35, 0.14321099999999998)	(36, 0.0)	(37, 0.0)	(38, 0.00036915799999999996)	(39, 0.00020345799999999998)	(40, 6.712089999999999e-05)	(41, 0.0)	(42, 1.67806e-05)	(43, 0.0887246)	(44, 0.152028)	(45, 4.19534e-06)	(46, 0.0648884)	(47, 0.12370199999999999)	(48, 0.059879499999999995)	(49, 0.00018041499999999999)	(50, 0.187561)	(51, 0.27349599999999996)	(52, 0.158394)	(53, 0.184286)	(54, 0.031018)	(55, 8.39322e-06)	(56, 0.0615691)	(57, 0.0)	(58, 3.35778e-05)	(59, 0.0968628)	(60, 0.0)	(61, 2.09903e-06)	(62, 0.00011545699999999999)	(63, 4.19884e-06)	(64, 0.0857828)	(65, 0.00018268899999999999)	(66, 0.000512429)	(67, 0.0815604)	(68, 7.98267e-05)	(69, 0.0)	(70, 2.10142e-06)	(71, 3.15276e-05)	(72, 0.0)	(73, 0.046415399999999996)	(74, 0.030945300000000002)	(75, 0.0)	(76, 2.10476e-06)	(77, 3.15835e-05)	(78, 0.304463)	(79, 0.079985)	(80, 0.06243750000000001)	(81, 0.09642680000000001)	(82, 0.186579)	(83, 2.11254e-05)	(84, 0.18323)	(85, 0.157645)	(86, 5.50706e-05)	(87, 1.27222e-05)	(88, 0.148475)	(89, 0.0634372)	(90, 1.70304e-05)	(91, 0.0)	(92, 0.00028408299999999997)	(93, 7.49048e-05)	(94, 0.0597336)	(95, 0.0)	(96, 0.0305648)	(97, 0.0)	(98, 8.02062e-05)	(99, 0.000215315)	(100, 0.0)	(101, 0.123231)	(102, 0.0789115)	(103, 0.11508099999999999)	(104, 0.159488)	(105, 0.0578355)	(106, 0.0)	(107, 0.0)	(108, 0.0)	(109, 2.28444e-06)	(110, 0.0960452)	(111, 0.00038686700000000005)	(112, 0.0904727)	(113, 0.0)	(114, 1.18569e-05)	(115, 0.0)	(116, 2.41279e-06)	(117, 0.029619100000000002)	(118, 0.000208973)	(119, 0.0601614)	(120, 0.0911367)	(121, 0.0250631)	(122, 0.0512455)	(123, 0.030223700000000003)	(124, 0.0)	(125, 4.7741700000000004e-05)	(126, 1.61056e-05)	(127, 0.000478208)	(128, 0.0643533)	(129, 0.0)	(130, 0.0331281)	(131, 0.25472300000000003)	(132, 0.0644988)	(133, 0.12283100000000001)	(134, 0.000184893)	(135, 0.032019399999999996)	(136, 0.155791)	(137, 0.0)	(138, 0.0)	(139, 0.0824816)	(140, 0.181177)	(141, 3.30949e-06)	(142, 0.266176)	(143, 6.83438e-06)	(144, 0.0)	(145, 0.0597558)	(146, 0.229164)	(147, 0.031629199999999996)	(148, 0.0)	(149, 0.0)	(150, 1.9275400000000002e-05)	(151, 0.0)
reports | SRR30333757	(1, 0.0019993800000000003)	(2, 0.00439019)	(3, 6.672029999999999e-06)	(4, 0.000651635)	(5, 1.112e-05)	(6, 0.00048038599999999996)	(7, 3.55842e-05)	(8, 0.0)	(9, 0.0)	(10, 0.000102304)	(11, 0.0)	(12, 0.0)	(13, 6.672029999999999e-06)	(14, 0.0)	(15, 0.0)	(16, 0.0)	(17, 0.00109866)	(18, 0.0)	(19, 0.0)	(20, 0.0)	(21, 1.3344100000000002e-05)	(22, 0.0)	(23, 2.22401e-05)	(24, 0.0)	(25, 4.44802e-06)	(26, 0.0)	(27, 0.0)	(28, 6.67203e-05)	(29, 0.0)	(30, 2.89121e-05)	(31, 2.8912199999999997e-05)	(32, 0.0)	(33, 2.00164e-05)	(34, 0.0)	(35, 0.0)	(36, 8.89634e-06)	(37, 0.0)	(38, 6.44995e-05)	(39, 0.0)	(40, 0.0013322800000000001)	(41, 0.0036143200000000003)	(42, 6.45026e-05)	(43, 9.34191e-05)	(44, 1.55701e-05)	(45, 2.2243400000000003e-06)	(46, 0.0)	(47, 6.67333e-06)	(48, 0.0)	(49, 7.34107e-05)	(50, 6.67393e-06)	(51, 2.22472e-05)	(52, 4.89458e-05)	(53, 0.0)	(54, 2.225e-06)	(55, 0.0)	(56, 5.7856e-05)	(57, 0.0)	(58, 0.0)	(59, 0.0)	(60, 0.0)	(61, 0.00196336)	(62, 1.11312e-05)	(63, 2.8944199999999996e-05)	(64, 0.0)	(65, 2.22701e-06)	(66, 3.34097e-05)	(67, 2.22765e-06)	(68, 0.000737471)	(69, 0.000479108)	(70, 0.0)	(71, 0.000356696)	(72, 6.0207e-05)	(73, 3.5687899999999994e-05)	(74, 0.00020080399999999998)	(75, 0.00050441)	(76, 0.0)	(77, 5.80739e-05)	(78, 5.3630399999999994e-05)	(79, 3.3535300000000004e-05)	(80, 4.47376e-06)	(81, 6.266879999999999e-05)	(82, 0.0)	(83, 0.0)	(84, 0.0)	(85, 7.857070000000001e-05)	(86, 1.7976e-05)	(87, 2.24933e-06)	(88, 0.00163033)	(89, 2.2546400000000002e-06)	(90, 2.2576599999999997e-06)	(91, 4.52183e-06)	(92, 0.0)	(93, 0.0)	(94, 0.0)	(95, 2.27739e-06)	(96, 0.0)	(97, 0.0)	(98, 2.29384e-06)	(99, 4.14042e-05)	(100, 2.3070500000000002e-06)	(101, 0.0)	(102, 0.000239202)	(103, 2.79702e-05)	(104, 0.0)	(105, 4.6993e-06)	(106, 0.000122717)	(107, 2.37105e-06)	(108, 0.0)	(109, 0.0)	(110, 0.0)	(111, 0.0)	(112, 0.0)	(113, 0.0005518630000000001)	(114, 1.48144e-05)	(115, 0.0)	(116, 9.26583e-05)	(117, 9.587739999999999e-05)	(118, 0.0)	(119, 0.0)	(120, 1.2924799999999999e-05)	(121, 7.82172e-06)	(122, 0.0)	(123, 0.0)	(124, 2.68002e-06)	(125, 5.41246e-06)	(126, 8.19949e-05)	(127, 2.761e-06)	(128, 0.0)	(129, 2.8198499999999998e-06)	(130, 0.0)	(131, 0.00026231700000000003)	(132, 0.0010291299999999998)	(133, 0.00288994)	(134, 1.19356e-05)	(135, 0.0)	(136, 0.0)	(137, 0.0)	(138, 3.1328e-06)	(139, 1.58621e-05)	(140, 0.0)	(141, 0.0)	(142, 1.3194999999999998e-05)	(143, 2.00608e-05)	(144, 0.0)	(145, 3.4379800000000002e-06)	(146, 6.97861e-06)	(147, 0.0)	(148, 0.0)	(149, 0.0)	(150, 2.2291700000000002e-05)	(151, 0.0)
reports | SRR30333758	(1, 0.00618605)	(2, 0.00348931)	(3, 0.0)	(4, 7.4771e-06)	(5, 0.0)	(6, 0.000294099)	(7, 0.0)	(8, 0.0)	(9, 0.0)	(10, 9.96946e-05)	(11, 0.0)	(12, 0.0)	(13, 2.49237e-06)	(14, 0.0)	(15, 0.0)	(16, 0.0)	(17, 0.0034394599999999997)	(18, 0.0)	(19, 0.0)	(20, 0.0)	(21, 9.96946e-06)	(22, 0.0)	(23, 0.0)	(24, 0.0)	(25, 2.49237e-06)	(26, 0.0)	(27, 0.0)	(28, 2.49237e-06)	(29, 0.0)	(30, 2.7416000000000003e-05)	(31, 2.49237e-05)	(32, 0.0)	(33, 2.49239e-05)	(34, 0.0)	(35, 0.0)	(36, 4.98486e-06)	(37, 4.98489e-06)	(38, 8.22513e-05)	(39, 0.0)	(40, 0.00381353)	(41, 0.00457627)	(42, 5.23435e-05)	(43, 9.970289999999998e-05)	(44, 9.9704e-06)	(45, 0.0)	(46, 0.0)	(47, 0.0)	(48, 0.0)	(49, 7.47854e-05)	(50, 0.0)	(51, 0.0)	(52, 4.48753e-05)	(53, 0.0)	(54, 0.0)	(55, 0.0)	(56, 7.23105e-05)	(57, 0.0)	(58, 0.0)	(59, 0.0)	(60, 0.0)	(61, 0.00229467)	(62, 2.24497e-05)	(63, 3.24303e-05)	(64, 0.0)	(65, 4.99031e-06)	(66, 0.0)	(67, 0.0)	(68, 0.0008686500000000001)	(69, 0.00146296)	(70, 0.0)	(71, 0.0)	(72, 0.0)	(73, 2.24875e-05)	(74, 0.000184947)	(75, 0.000565011)	(76, 0.0)	(77, 0.0)	(78, 2.50285e-06)	(79, 8.012669999999999e-05)	(80, 2.50521e-06)	(81, 6.26643e-05)	(82, 0.0)	(83, 0.0)	(84, 0.0)	(85, 0.0)	(86, 0.0)	(87, 2.5185700000000004e-06)	(88, 0.0047703400000000005)	(89, 0.0)	(90, 7.5830300000000005e-06)	(91, 0.0)	(92, 0.0)	(93, 0.0)	(94, 0.0)	(95, 0.0)	(96, 0.0)	(97, 0.0)	(98, 0.0)	(99, 0.0)	(100, 0.0)	(101, 0.0)	(102, 0.0)	(103, 7.5605e-05)	(104, 0.0)	(105, 0.0)	(106, 0.0)	(107, 0.0)	(108, 0.0)	(109, 0.0)	(110, 0.0)	(111, 0.0)	(112, 0.0)	(113, 0.000524741)	(114, 3.02415e-05)	(115, 0.0)	(116, 8.07238e-05)	(117, 0.000128884)	(118, 0.0)	(119, 0.0)	(120, 0.0)	(121, 0.0)	(122, 0.0)	(123, 0.0)	(124, 0.0)	(125, 2.97321e-06)	(126, 0.0)	(127, 3.02245e-06)	(128, 0.0)	(129, 0.0)	(130, 3.10201e-06)	(131, 0.000888962)	(132, 0.0032818699999999997)	(133, 0.00327369)	(134, 2.25235e-05)	(135, 0.0)	(136, 0.0)	(137, 0.0)	(138, 2.00551e-05)	(139, 6.75049e-06)	(140, 0.0)	(141, 0.0)	(142, 1.04361e-05)	(143, 3.51513e-05)	(144, 0.0)	(145, 0.0)	(146, 3.63259e-06)	(147, 0.0)	(148, 0.0)	(149, 0.0)	(150, 0.0)	(151, 0.0)
reports | SRR30333759	(1, 0.00320453)	(2, 0.00379613)	(3, 4.69528e-06)	(4, 0.0005094370000000001)	(5, 4.69528e-06)	(6, 0.00037797)	(7, 3.0519300000000004e-05)	(8, 0.0)	(9, 0.0)	(10, 9.86008e-05)	(11, 0.0)	(12, 0.0)	(13, 0.0)	(14, 0.0)	(15, 0.0)	(16, 0.0)	(17, 0.00185229)	(18, 0.0)	(19, 0.0)	(20, 7.042909999999999e-06)	(21, 7.042909999999999e-06)	(22, 0.0)	(23, 9.39055e-06)	(24, 0.0)	(25, 0.0)	(26, 0.0)	(27, 0.0)	(28, 4.22575e-05)	(29, 0.0)	(30, 2.34764e-05)	(31, 3.2867e-05)	(32, 0.0)	(33, 1.6433699999999998e-05)	(34, 0.0)	(35, 0.0)	(36, 4.6954200000000005e-06)	(37, 7.043179999999999e-06)	(38, 7.74757e-05)	(39, 0.0)	(40, 0.00212006)	(41, 0.0034418999999999995)	(42, 4.46091e-05)	(43, 7.04365e-05)	(44, 2.1131300000000002e-05)	(45, 2.34796e-06)	(46, 0.0)	(47, 7.044209999999999e-06)	(48, 0.0)	(49, 3.28747e-05)	(50, 2.34826e-06)	(51, 1.87868e-05)	(52, 2.5832899999999998e-05)	(53, 0.0)	(54, 0.0)	(55, 0.0)	(56, 2.5837800000000002e-05)	(57, 0.0)	(58, 0.0)	(59, 0.0)	(60, 0.0)	(61, 0.0016495000000000001)	(62, 4.69987e-06)	(63, 2.58519e-05)	(64, 0.0)	(65, 0.0)	(66, 2.5861600000000003e-05)	(67, 2.35141e-06)	(68, 0.00060206)	(69, 0.000748004)	(70, 0.0)	(71, 0.000277677)	(72, 3.0598899999999996e-05)	(73, 3.29615e-05)	(74, 0.00011775599999999999)	(75, 0.00040050099999999994)	(76, 0.0)	(77, 3.5365300000000005e-05)	(78, 4.71745e-05)	(79, 5.1916900000000004e-05)	(80, 7.08331e-06)	(81, 6.14246e-05)	(82, 0.0)	(83, 0.0)	(84, 0.0)	(85, 4.02809e-05)	(86, 1.89735e-05)	(87, 4.74823e-06)	(88, 0.00259305)	(89, 0.0)	(90, 0.0)	(91, 2.38629e-06)	(92, 0.0)	(93, 0.0)	(94, 0.0)	(95, 2.40351e-06)	(96, 0.0)	(97, 0.0)	(98, 0.0)	(99, 1.94192e-05)	(100, 4.86908e-06)	(101, 4.88458e-06)	(102, 0.00024505500000000004)	(103, 3.4431500000000004e-05)	(104, 0.0)	(105, 7.4374399999999996e-06)	(106, 8.46604e-05)	(107, 2.50169e-06)	(108, 0.0)	(109, 0.0)	(110, 0.0)	(111, 0.0)	(112, 0.0)	(113, 0.000522608)	(114, 3.1251700000000004e-05)	(115, 0.0)	(116, 3.9613599999999996e-05)	(117, 9.31237e-05)	(118, 0.0)	(119, 0.0)	(120, 2.72528e-06)	(121, 1.09937e-05)	(122, 0.0)	(123, 0.0)	(124, 0.0)	(125, 8.55494e-06)	(126, 7.77521e-05)	(127, 0.0)	(128, 8.817250000000001e-06)	(129, 0.0)	(130, 3.00205e-06)	(131, 0.00046137000000000006)	(132, 0.0017219800000000001)	(133, 0.00242143)	(134, 1.25629e-05)	(135, 0.0)	(136, 0.0)	(137, 0.0)	(138, 0.0)	(139, 1.3345199999999999e-05)	(140, 0.0)	(141, 0.0)	(142, 3.1204199999999995e-05)	(143, 2.81083e-05)	(144, 0.0)	(145, 0.0)	(146, 0.0)	(147, 0.0)	(148, 0.0)	(149, 3.84294e-06)	(150, 7.79153e-06)	(151, 0.0)
reports | SRR30333760	(1, 0.00214021)	(2, 0.00369247)	(3, 0.0)	(4, 0.00039606099999999996)	(5, 0.0)	(6, 0.00038376100000000004)	(7, 9.84003e-06)	(8, 0.0)	(9, 0.0)	(10, 4.18201e-05)	(11, 0.0)	(12, 0.0)	(13, 0.0)	(14, 0.0)	(15, 0.0)	(16, 1.23e-05)	(17, 0.00124722)	(18, 0.0)	(19, 0.0)	(20, 0.0)	(21, 1.23e-05)	(22, 0.0)	(23, 0.0)	(24, 0.0)	(25, 0.0)	(26, 6.15002e-05)	(27, 0.0)	(28, 0.00014268)	(29, 0.0)	(30, 0.0)	(31, 7.38005e-06)	(32, 0.0)	(33, 2.46004e-06)	(34, 0.0)	(35, 0.0)	(36, 0.0)	(37, 0.0)	(38, 0.0)	(39, 0.0)	(40, 0.00142691)	(41, 0.00034197)	(42, 0.0)	(43, 0.0)	(44, 1.23016e-05)	(45, 0.0)	(46, 0.0)	(47, 7.38142e-06)	(48, 0.0)	(49, 0.0)	(50, 5.90565e-05)	(51, 3.199e-05)	(52, 7.3825899999999996e-06)	(53, 0.0)	(54, 0.0)	(55, 0.0)	(56, 0.0)	(57, 0.0)	(58, 0.0)	(59, 0.0)	(60, 0.0)	(61, 0.0)	(62, 0.0)	(63, 0.0)	(64, 0.0)	(65, 7.38959e-06)	(66, 3.20257e-05)	(67, 0.0)	(68, 0.0)	(69, 0.00046335699999999996)	(70, 0.0)	(71, 0.000182458)	(72, 0.0)	(73, 1.23342e-05)	(74, 3.20781e-05)	(75, 0.0)	(76, 0.0)	(77, 0.000182785)	(78, 0.000103785)	(79, 4.94436e-05)	(80, 1.4840400000000001e-05)	(81, 2.72221e-05)	(82, 0.0)	(83, 0.0)	(84, 0.0)	(85, 0.0)	(86, 0.0)	(87, 0.0)	(88, 0.00173962)	(89, 0.0)	(90, 0.0)	(91, 2.99766e-05)	(92, 0.0)	(93, 0.0)	(94, 0.0)	(95, 0.0)	(96, 0.0)	(97, 0.0)	(98, 0.0)	(99, 1.77702e-05)	(100, 0.0)	(101, 0.0)	(102, 0.000553283)	(103, 3.0842899999999996e-05)	(104, 0.0)	(105, 1.03592e-05)	(106, 3.12066e-05)	(107, 2.8733999999999996e-05)	(108, 0.0)	(109, 0.0)	(110, 0.0)	(111, 0.0)	(112, 0.0)	(113, 0.000151084)	(114, 1.35758e-05)	(115, 0.0)	(116, 0.0)	(117, 0.0)	(118, 5.58599e-06)	(119, 0.0)	(120, 0.0)	(121, 2.2892e-05)	(122, 0.0)	(123, 0.0)	(124, 0.0)	(125, 0.0)	(126, 2.99586e-06)	(127, 0.0)	(128, 1.83409e-05)	(129, 0.0)	(130, 0.0)	(131, 0.00024617300000000003)	(132, 0.00129887)	(133, 0.0)	(134, 6.53015e-06)	(135, 0.0)	(136, 0.0)	(137, 0.0)	(138, 0.0)	(139, 0.0)	(140, 0.0)	(141, 0.0)	(142, 1.08155e-05)	(143, 7.306959999999999e-06)	(144, 0.0)	(145, 0.0)	(146, 0.0)	(147, 7.754900000000001e-06)	(148, 0.0)	(149, 4.00396e-06)	(150, 4.05971e-06)	(151, 0.0)
reports | SRR30333761	(1, 0.00312811)	(2, 0.00446736)	(3, 0.0)	(4, 0.0006900610000000001)	(5, 4.80878e-06)	(6, 0.000488092)	(7, 4.8087800000000004e-05)	(8, 0.0)	(9, 0.0)	(10, 6.49186e-05)	(11, 0.0)	(12, 0.0)	(13, 1.2022e-05)	(14, 0.0)	(15, 0.0)	(16, 0.0)	(17, 0.0018417600000000002)	(18, 0.0)	(19, 0.0)	(20, 7.21318e-06)	(21, 1.44264e-05)	(22, 0.0)	(23, 1.44264e-05)	(24, 0.0)	(25, 4.80878e-06)	(26, 0.0)	(27, 0.0)	(28, 5.2896600000000004e-05)	(29, 9.61757e-06)	(30, 2.8852699999999996e-05)	(31, 9.61762e-06)	(32, 0.0)	(33, 0.0)	(34, 0.0)	(35, 0.0)	(36, 0.0)	(37, 0.0)	(38, 0.0)	(39, 0.0)	(40, 0.00213774)	(41, 0.00045448799999999996)	(42, 0.0)	(43, 0.0)	(44, 2.40488e-05)	(45, 0.0)	(46, 0.0)	(47, 4.81022e-06)	(48, 0.0)	(49, 0.0)	(50, 0.0)	(51, 1.6838900000000002e-05)	(52, 1.4434200000000001e-05)	(53, 2.40586e-06)	(54, 0.0)	(55, 2.4062099999999998e-06)	(56, 0.0)	(57, 0.0)	(58, 0.0)	(59, 0.0)	(60, 0.0)	(61, 0.0)	(62, 0.0)	(63, 0.0)	(64, 0.0)	(65, 0.0)	(66, 3.8553199999999995e-05)	(67, 0.0)	(68, 0.0)	(69, 0.0007715789999999999)	(70, 0.0)	(71, 0.000388416)	(72, 5.0679199999999994e-05)	(73, 4.10403e-05)	(74, 1.20754e-05)	(75, 0.0)	(76, 0.0)	(77, 4.3532e-05)	(78, 6.775410000000001e-05)	(79, 7.02163e-05)	(80, 2.4228399999999997e-06)	(81, 0.0)	(82, 0.0)	(83, 0.0)	(84, 0.0)	(85, 9.24703e-05)	(86, 3.4106699999999997e-05)	(87, 0.0)	(88, 0.00260373)	(89, 0.0)	(90, 0.0)	(91, 2.4543399999999998e-06)	(92, 0.0)	(93, 0.0)	(94, 2.4695300000000002e-06)	(95, 4.95105e-06)	(96, 0.0)	(97, 0.0)	(98, 0.0)	(99, 5.00919e-05)	(100, 0.0)	(101, 7.56773e-06)	(102, 0.000357093)	(103, 4.57776e-05)	(104, 0.0)	(105, 5.1335399999999995e-06)	(106, 0.000126404)	(107, 0.0)	(108, 0.0)	(109, 5.2474e-06)	(110, 0.0)	(111, 0.0)	(112, 0.0)	(113, 0.000167082)	(114, 3.25814e-05)	(115, 0.0)	(116, 0.0)	(117, 0.0)	(118, 0.0)	(119, 0.0)	(120, 5.715960000000001e-06)	(121, 1.15409e-05)	(122, 0.0)	(123, 0.0)	(124, 2.9740899999999998e-06)	(125, 3.00599e-06)	(126, 7.901039999999999e-05)	(127, 0.0)	(128, 6.21656e-06)	(129, 0.0)	(130, 0.0)	(131, 0.00048314)	(132, 0.00168912)	(133, 0.0)	(134, 1.6721e-05)	(135, 0.0)	(136, 0.0)	(137, 0.0)	(138, 0.0)	(139, 0.0)	(140, 0.0)	(141, 0.0)	(142, 2.236e-05)	(143, 0.0)	(144, 0.0)	(145, 0.0)	(146, 0.0)	(147, 0.0)	(148, 0.0)	(149, 1.25003e-05)	(150, 2.5375099999999997e-05)	(151, 0.0)
reports | SRR30333762	(1, 0.00211808)	(2, 0.00413411)	(3, 0.0)	(4, 0.00043058399999999997)	(5, 0.0)	(6, 0.000433073)	(7, 1.24446e-05)	(8, 0.0)	(9, 0.0)	(10, 6.471209999999999e-05)	(11, 0.0)	(12, 0.0)	(13, 2.48893e-06)	(14, 0.0)	(15, 0.0)	(16, 1.49336e-05)	(17, 0.00120464)	(18, 0.0)	(19, 0.0)	(20, 0.0)	(21, 1.24446e-05)	(22, 0.0)	(23, 0.0)	(24, 0.0)	(25, 4.97785e-06)	(26, 6.968999999999999e-05)	(27, 0.0)	(28, 0.000149336)	(29, 0.0)	(30, 0.0)	(31, 1.24447e-05)	(32, 0.0)	(33, 0.0)	(34, 0.0)	(35, 0.0)	(36, 0.0)	(37, 0.0)	(38, 0.0)	(39, 0.0)	(40, 0.0014163)	(41, 0.000313631)	(42, 0.0)	(43, 0.0)	(44, 2.24032e-05)	(45, 2.4893e-06)	(46, 0.0)	(47, 9.95764e-06)	(48, 2.48948e-06)	(49, 0.0)	(50, 4.7303100000000005e-05)	(51, 3.48562e-05)	(52, 7.46951e-06)	(53, 2.48995e-06)	(54, 0.0)	(55, 0.0)	(56, 0.0)	(57, 0.0)	(58, 0.0)	(59, 0.0)	(60, 0.0)	(61, 0.0)	(62, 0.0)	(63, 0.0)	(64, 2.49209e-06)	(65, 2.24317e-05)	(66, 5.4840500000000005e-05)	(67, 0.0)	(68, 0.0)	(69, 0.00046638299999999996)	(70, 0.0)	(71, 0.000194619)	(72, 0.0)	(73, 4.9929e-06)	(74, 3.49613e-05)	(75, 0.0)	(76, 2.4990200000000003e-06)	(77, 0.000175004)	(78, 8.50404e-05)	(79, 3.75366e-05)	(80, 2.00305e-05)	(81, 3.25691e-05)	(82, 0.0)	(83, 0.0)	(84, 0.0)	(85, 0.0)	(86, 0.0)	(87, 0.0)	(88, 0.00172179)	(89, 2.52414e-06)	(90, 0.0)	(91, 2.7844699999999998e-05)	(92, 0.0)	(93, 0.0)	(94, 0.0)	(95, 0.0)	(96, 0.0)	(97, 0.0)	(98, 0.0)	(99, 1.80336e-05)	(100, 0.0)	(101, 0.0)	(102, 0.0006035260000000001)	(103, 1.8277099999999998e-05)	(104, 0.0)	(105, 2.63237e-05)	(106, 5.28821e-05)	(107, 6.11047e-05)	(108, 0.0)	(109, 0.0)	(110, 0.0)	(111, 0.0)	(112, 0.0)	(113, 0.00020342)	(114, 1.9371300000000002e-05)	(115, 0.0)	(116, 0.0)	(117, 0.0)	(118, 1.99484e-05)	(119, 0.0)	(120, 0.0)	(121, 3.79806e-05)	(122, 0.0)	(123, 0.0)	(124, 3.0022500000000004e-06)	(125, 0.0)	(126, 3.06089e-06)	(127, 0.0)	(128, 3.43609e-05)	(129, 0.0)	(130, 0.0)	(131, 0.000261248)	(132, 0.0013697)	(133, 0.0)	(134, 1.66812e-05)	(135, 0.0)	(136, 0.0)	(137, 0.0)	(138, 0.0)	(139, 0.0)	(140, 0.0)	(141, 0.0)	(142, 1.47132e-05)	(143, 3.7265000000000002e-06)	(144, 0.0)	(145, 0.0)	(146, 0.0)	(147, 1.18446e-05)	(148, 0.0)	(149, 0.0)	(150, 1.2383e-05)	(151, 0.0)
reports | SRR30333763	(1, 0.0)	(2, 0.00379654)	(3, 0.0)	(4, 0.000596733)	(5, 0.0)	(6, 0.00040643600000000004)	(7, 1.4096099999999999e-05)	(8, 0.0)	(9, 0.0)	(10, 6.10829e-05)	(11, 0.0)	(12, 0.0)	(13, 0.0)	(14, 0.0)	(15, 0.0)	(16, 1.17467e-05)	(17, 0.0)	(18, 0.0)	(19, 0.0)	(20, 0.0)	(21, 9.39737e-06)	(22, 0.0)	(23, 0.0)	(24, 2.34934e-06)	(25, 0.0)	(26, 9.867240000000001e-05)	(27, 0.0)	(28, 0.00019264599999999998)	(29, 0.0)	(30, 0.0)	(31, 9.397400000000001e-06)	(32, 0.0)	(33, 0.0)	(34, 0.0)	(35, 0.0)	(36, 0.0)	(37, 0.0)	(38, 0.0)	(39, 2.3495e-06)	(40, 6.10878e-05)	(41, 3.75931e-05)	(42, 0.0)	(43, 0.0)	(44, 1.17485e-05)	(45, 0.0)	(46, 0.0)	(47, 9.39946e-06)	(48, 0.0)	(49, 0.0)	(50, 6.345279999999999e-05)	(51, 4.23038e-05)	(52, 0.0)	(53, 0.0)	(54, 0.0)	(55, 0.0)	(56, 0.0)	(57, 0.0)	(58, 0.0)	(59, 0.0)	(60, 0.0)	(61, 0.0)	(62, 0.0)	(63, 0.0)	(64, 0.0)	(65, 7.059430000000001e-06)	(66, 5.1777700000000004e-05)	(67, 0.0)	(68, 0.0)	(69, 0.0)	(70, 0.0)	(71, 0.000292165)	(72, 0.0)	(73, 0.0)	(74, 3.3019400000000004e-05)	(75, 0.0)	(76, 2.36052e-06)	(77, 0.000259785)	(78, 0.000148865)	(79, 0.0)	(80, 1.6561e-05)	(81, 3.3145599999999997e-05)	(82, 0.0)	(83, 0.0)	(84, 0.0)	(85, 2.37612e-06)	(86, 0.0)	(87, 0.0)	(88, 2.38503e-05)	(89, 0.0)	(90, 2.3924299999999997e-06)	(91, 3.11555e-05)	(92, 0.0)	(93, 0.0)	(94, 0.0)	(95, 0.0)	(96, 0.0)	(97, 0.0)	(98, 0.0)	(99, 2.20127e-05)	(100, 0.0)	(101, 0.0)	(102, 0.000821121)	(103, 0.0)	(104, 0.0)	(105, 1.50405e-05)	(106, 5.29062e-05)	(107, 6.0789600000000005e-05)	(108, 0.0)	(109, 0.0)	(110, 0.0)	(111, 0.0)	(112, 0.0)	(113, 0.000144691)	(114, 0.0)	(115, 0.0)	(116, 0.0)	(117, 0.0)	(118, 1.6418e-05)	(119, 0.0)	(120, 2.78532e-06)	(121, 3.93545e-05)	(122, 0.0)	(123, 0.0)	(124, 2.89453e-06)	(125, 0.0)	(126, 0.0)	(127, 0.0)	(128, 2.4155700000000003e-05)	(129, 0.0)	(130, 0.0)	(131, 3.1234900000000004e-06)	(132, 0.000186452)	(133, 0.0)	(134, 0.0)	(135, 0.0)	(136, 0.0)	(137, 0.0)	(138, 0.0)	(139, 0.0)	(140, 0.0)	(141, 0.0)	(142, 1.0756199999999999e-05)	(143, 7.269409999999999e-06)	(144, 3.68589e-06)	(145, 0.0)	(146, 0.0)	(147, 7.71783e-06)	(148, 0.0)	(149, 0.0)	(150, 1.61603e-05)	(151, 0.0)
reports | SRR30333764	(1, 0.00190667)	(2, 0.00396229)	(3, 2.48264e-06)	(4, 0.00041708300000000006)	(5, 0.0)	(6, 0.000439427)	(7, 1.9861100000000002e-05)	(8, 0.0)	(9, 0.0)	(10, 8.68923e-05)	(11, 0.0)	(12, 0.0)	(13, 0.0)	(14, 0.0)	(15, 0.0)	(16, 1.48958e-05)	(17, 0.00115194)	(18, 0.0)	(19, 0.0)	(20, 0.0)	(21, 1.73785e-05)	(22, 0.0)	(23, 0.0)	(24, 2.48264e-06)	(25, 2.48264e-06)	(26, 9.18576e-05)	(27, 0.0)	(28, 0.000151441)	(29, 0.0)	(30, 0.0)	(31, 1.2413199999999998e-05)	(32, 0.0)	(33, 0.0)	(34, 0.0)	(35, 0.0)	(36, 2.48273e-06)	(37, 0.0)	(38, 0.0)	(39, 2.48281e-06)	(40, 0.00134074)	(41, 0.000253254)	(42, 0.0)	(43, 0.0)	(44, 1.48982e-05)	(45, 0.0)	(46, 0.0)	(47, 7.44966e-06)	(48, 0.0)	(49, 0.0)	(50, 5.7120199999999996e-05)	(51, 2.98032e-05)	(52, 2.48372e-06)	(53, 0.0)	(54, 0.0)	(55, 2.48414e-06)	(56, 0.0)	(57, 0.0)	(58, 0.0)	(59, 0.0)	(60, 0.0)	(61, 0.0)	(62, 0.0)	(63, 0.0)	(64, 0.0)	(65, 9.94673e-06)	(66, 1.9896600000000002e-05)	(67, 0.0)	(68, 0.0)	(69, 0.00045539200000000005)	(70, 0.0)	(71, 0.000204153)	(72, 0.0)	(73, 9.964380000000001e-06)	(74, 3.4887e-05)	(75, 0.0)	(76, 0.0)	(77, 0.00021705900000000002)	(78, 0.000107334)	(79, 3.99588e-05)	(80, 1.74918e-05)	(81, 4.25065e-05)	(82, 0.0)	(83, 0.0)	(84, 0.0)	(85, 0.0)	(86, 0.0)	(87, 0.0)	(88, 0.00159537)	(89, 0.0)	(90, 0.0)	(91, 3.53761e-05)	(92, 0.0)	(93, 0.0)	(94, 0.0)	(95, 0.0)	(96, 0.0)	(97, 0.0)	(98, 0.0)	(99, 1.2859299999999999e-05)	(100, 0.0)	(101, 0.0)	(102, 0.000586954)	(103, 3.3887800000000004e-05)	(104, 2.61719e-06)	(105, 2.10258e-05)	(106, 2.3760499999999997e-05)	(107, 4.24438e-05)	(108, 0.0)	(109, 0.0)	(110, 0.0)	(111, 0.0)	(112, 0.0)	(113, 0.000175764)	(114, 1.3825799999999999e-05)	(115, 0.0)	(116, 0.0)	(117, 0.0)	(118, 1.99507e-05)	(119, 0.0)	(120, 2.89916e-06)	(121, 3.2175500000000004e-05)	(122, 0.0)	(123, 0.0)	(124, 0.0)	(125, 0.0)	(126, 0.0)	(127, 0.0)	(128, 3.1386e-05)	(129, 3.17361e-06)	(130, 3.20971e-06)	(131, 0.000233816)	(132, 0.00114691)	(133, 0.0)	(134, 6.73448e-06)	(135, 0.0)	(136, 0.0)	(137, 0.0)	(138, 0.0)	(139, 0.0)	(140, 0.0)	(141, 0.0)	(142, 2.62009e-05)	(143, 3.7964299999999998e-06)	(144, 0.0)	(145, 0.0)	(146, 0.0)	(147, 1.21222e-05)	(148, 0.0)	(149, 8.355370000000001e-06)	(150, 1.27198e-05)	(151, 0.0)
reports | SRR30333765	(1, 0.00275767)	(2, 0.00471247)	(3, 9.97348e-06)	(4, 0.000668223)	(5, 4.98674e-06)	(6, 0.000476234)	(7, 5.48542e-05)	(8, 0.0)	(9, 0.0)	(10, 5.7347500000000006e-05)	(11, 0.0)	(12, 0.0)	(13, 4.98674e-06)	(14, 0.0)	(15, 0.0)	(16, 0.0)	(17, 0.00162568)	(18, 0.0)	(19, 0.0)	(20, 0.0)	(21, 7.4801100000000005e-06)	(22, 0.0)	(23, 1.74536e-05)	(24, 0.0)	(25, 0.0)	(26, 0.0)	(27, 0.0)	(28, 4.48807e-05)	(29, 7.4801100000000005e-06)	(30, 1.49602e-05)	(31, 2.24404e-05)	(32, 0.0)	(33, 0.0)	(34, 0.0)	(35, 0.0)	(36, 0.0)	(37, 0.0)	(38, 0.0)	(39, 0.0)	(40, 0.00193002)	(41, 0.00040645800000000006)	(42, 0.0)	(43, 0.0)	(44, 1.74562e-05)	(45, 0.0)	(46, 0.0)	(47, 4.98786e-06)	(48, 0.0)	(49, 0.0)	(50, 2.4941799999999996e-06)	(51, 1.746e-05)	(52, 4.98879e-06)	(53, 0.0)	(54, 0.0)	(55, 0.0)	(56, 0.0)	(57, 0.0)	(58, 0.0)	(59, 0.0)	(60, 0.0)	(61, 0.0)	(62, 0.0)	(63, 0.0)	(64, 0.0)	(65, 0.0)	(66, 4.49551e-05)	(67, 0.0)	(68, 0.0)	(69, 0.000714666)	(70, 0.0)	(71, 0.000332492)	(72, 5.5012799999999996e-05)	(73, 4.00206e-05)	(74, 5.00416e-06)	(75, 0.0)	(76, 0.0)	(77, 4.00783e-05)	(78, 4.26026e-05)	(79, 5.51594e-05)	(80, 1.25431e-05)	(81, 2.51012e-06)	(82, 0.0)	(83, 0.0)	(84, 0.0)	(85, 9.06371e-05)	(86, 2.26809e-05)	(87, 0.0)	(88, 0.00227049)	(89, 0.0)	(90, 0.0)	(91, 0.0)	(92, 0.0)	(93, 0.0)	(94, 0.0)	(95, 5.10795e-06)	(96, 0.0)	(97, 0.0)	(98, 0.0)	(99, 4.12678e-05)	(100, 5.17361e-06)	(101, 2.59499e-06)	(102, 0.00027339300000000003)	(103, 6.0100400000000005e-05)	(104, 0.0)	(105, 0.0)	(106, 0.00010846)	(107, 5.3152599999999995e-06)	(108, 0.0)	(109, 0.0)	(110, 0.0)	(111, 0.0)	(112, 0.0)	(113, 0.000153887)	(114, 3.31941e-05)	(115, 0.0)	(116, 0.0)	(117, 0.0)	(118, 0.0)	(119, 0.0)	(120, 8.68449e-06)	(121, 8.758929999999999e-06)	(122, 0.0)	(123, 0.0)	(124, 3.00087e-06)	(125, 6.060379999999999e-06)	(126, 8.26272e-05)	(127, 0.0)	(128, 6.24793e-06)	(129, 0.0)	(130, 0.0)	(131, 0.00041633600000000006)	(132, 0.00162232)	(133, 0.0)	(134, 0.0)	(135, 0.0)	(136, 0.0)	(137, 0.0)	(138, 0.0)	(139, 0.0)	(140, 0.0)	(141, 0.0)	(142, 1.4778299999999999e-05)	(143, 0.0)	(144, 0.0)	(145, 3.85134e-06)	(146, 0.0)	(147, 0.0)	(148, 0.0)	(149, 0.0)	(150, 4.164260000000001e-06)	(151, 0.0)
reports | SRR30333766	(1, 0.00191897)	(2, 0.00336827)	(3, 0.0)	(4, 0.00044507600000000003)	(5, 0.0)	(6, 0.00029969999999999997)	(7, 1.11828e-05)	(8, 0.0)	(9, 0.0)	(10, 4.6967899999999995e-05)	(11, 0.0)	(12, 0.0)	(13, 0.0)	(14, 0.0)	(15, 0.0)	(16, 1.3419399999999999e-05)	(17, 0.00123235)	(18, 0.0)	(19, 0.0)	(20, 0.0)	(21, 8.94626e-06)	(22, 0.0)	(23, 0.0)	(24, 0.0)	(25, 0.0)	(26, 8.275289999999999e-05)	(27, 0.0)	(28, 0.000158796)	(29, 0.0)	(30, 2.4602199999999996e-05)	(31, 2.46023e-05)	(32, 0.0)	(33, 1.56562e-05)	(34, 0.0)	(35, 0.0)	(36, 2.2366399999999997e-06)	(37, 4.47331e-06)	(38, 0.000102887)	(39, 2.2367e-06)	(40, 0.00141137)	(41, 0.00377787)	(42, 6.0393099999999996e-05)	(43, 6.486770000000001e-05)	(44, 8.94742e-06)	(45, 6.710700000000001e-06)	(46, 0.0)	(47, 1.5659e-05)	(48, 4.47411e-06)	(49, 5.1453900000000006e-05)	(50, 4.4744e-05)	(51, 2.6847400000000003e-05)	(52, 1.7899e-05)	(53, 0.0)	(54, 0.0)	(55, 0.0)	(56, 3.80429e-05)	(57, 0.0)	(58, 0.0)	(59, 0.0)	(60, 0.0)	(61, 0.00204836)	(62, 1.5672e-05)	(63, 2.2391e-05)	(64, 0.0)	(65, 1.56775e-05)	(66, 2.9119499999999998e-05)	(67, 0.0)	(68, 0.00073494)	(69, 0.00044149300000000005)	(70, 0.0)	(71, 0.000168151)	(72, 0.0)	(73, 6.72955e-06)	(74, 0.00021092200000000002)	(75, 0.000455651)	(76, 2.24541e-06)	(77, 0.000163981)	(78, 0.000110118)	(79, 3.37259e-05)	(80, 2.24958e-05)	(81, 7.42792e-05)	(82, 0.0)	(83, 0.0)	(84, 0.0)	(85, 0.0)	(86, 0.0)	(87, 2.2620500000000002e-06)	(88, 0.0017709)	(89, 0.0)	(90, 0.0)	(91, 2.72843e-05)	(92, 0.0)	(93, 0.0)	(94, 0.0)	(95, 0.0)	(96, 0.0)	(97, 0.0)	(98, 0.0)	(99, 2.08179e-05)	(100, 0.0)	(101, 0.0)	(102, 0.000506784)	(103, 2.3439700000000002e-05)	(104, 0.0)	(105, 1.4177700000000001e-05)	(106, 2.37341e-05)	(107, 4.76938e-05)	(108, 0.0)	(109, 0.0)	(110, 0.0)	(111, 0.0)	(112, 0.0)	(113, 0.000498473)	(114, 2.23594e-05)	(115, 0.0)	(116, 0.000100809)	(117, 8.12629e-05)	(118, 2.30368e-05)	(119, 0.0)	(120, 2.60298e-06)	(121, 2.62592e-05)	(122, 0.0)	(123, 0.0)	(124, 0.0)	(125, 8.184360000000001e-06)	(126, 0.0)	(127, 0.0)	(128, 3.65962e-05)	(129, 0.0)	(130, 0.0)	(131, 0.000206712)	(132, 0.00109286)	(133, 0.00288836)	(134, 6.0347e-06)	(135, 0.0)	(136, 0.0)	(137, 0.0)	(138, 9.521440000000001e-06)	(139, 1.2861599999999999e-05)	(140, 0.0)	(141, 0.0)	(142, 1.0045399999999999e-05)	(143, 1.35828e-05)	(144, 0.0)	(145, 0.0)	(146, 7.09857e-06)	(147, 1.08333e-05)	(148, 0.0)	(149, 7.46369e-06)	(150, 1.1359000000000001e-05)	(151, 0.0)
reports | SRR30333767	(1, 0.00212538)	(2, 0.00404731)	(3, 4.78688e-06)	(4, 0.000387738)	(5, 0.0)	(6, 0.00041885200000000005)	(7, 9.573770000000001e-06)	(8, 0.0)	(9, 0.0)	(10, 5.7442600000000005e-05)	(11, 0.0)	(12, 0.0)	(13, 0.0)	(14, 0.0)	(15, 0.0)	(16, 1.19672e-05)	(17, 0.00123741)	(18, 0.0)	(19, 0.0)	(20, 0.0)	(21, 7.18033e-06)	(22, 0.0)	(23, 0.0)	(24, 4.78688e-06)	(25, 4.78688e-06)	(26, 5.7442600000000005e-05)	(27, 0.0)	(28, 0.00012206599999999999)	(29, 0.0)	(30, 0.0)	(31, 1.91476e-05)	(32, 0.0)	(33, 0.0)	(34, 0.0)	(35, 0.0)	(36, 2.39354e-06)	(37, 0.0)	(38, 2.39359e-06)	(39, 4.78723e-06)	(40, 0.00144816)	(41, 0.00030878599999999997)	(42, 0.0)	(43, 0.0)	(44, 1.19692e-05)	(45, 2.3939e-06)	(46, 0.0)	(47, 2.3940300000000003e-06)	(48, 0.0)	(49, 0.0)	(50, 5.985720000000001e-05)	(51, 3.59159e-05)	(52, 2.3945200000000002e-06)	(53, 0.0)	(54, 0.0)	(55, 0.0)	(56, 0.0)	(57, 0.0)	(58, 0.0)	(59, 0.0)	(60, 0.0)	(61, 0.0)	(62, 0.0)	(63, 0.0)	(64, 4.79403e-06)	(65, 1.19869e-05)	(66, 3.83639e-05)	(67, 0.0)	(68, 0.0)	(69, 0.000515808)	(70, 0.0)	(71, 0.000180018)	(72, 0.0)	(73, 1.2008000000000001e-05)	(74, 2.4024e-05)	(75, 0.0)	(76, 0.0)	(77, 0.000187611)	(78, 0.00012032)	(79, 4.8152600000000004e-05)	(80, 2.1681099999999998e-05)	(81, 3.13366e-05)	(82, 0.0)	(83, 0.0)	(84, 0.0)	(85, 2.41812e-06)	(86, 0.0)	(87, 0.0)	(88, 0.00177096)	(89, 0.0)	(90, 0.0)	(91, 3.65436e-05)	(92, 0.0)	(93, 0.0)	(94, 0.0)	(95, 0.0)	(96, 0.0)	(97, 0.0)	(98, 0.0)	(99, 2.4803e-05)	(100, 0.0)	(101, 0.0)	(102, 0.00053108)	(103, 3.52039e-05)	(104, 0.0)	(105, 7.60701e-06)	(106, 3.5660899999999996e-05)	(107, 3.58358e-05)	(108, 0.0)	(109, 0.0)	(110, 0.0)	(111, 0.0)	(112, 0.0)	(113, 0.000169699)	(114, 1.33502e-05)	(115, 0.0)	(116, 0.0)	(117, 0.0)	(118, 2.20254e-05)	(119, 0.0)	(120, 2.8009899999999997e-06)	(121, 3.10888e-05)	(122, 0.0)	(123, 0.0)	(124, 0.0)	(125, 0.0)	(126, 0.0)	(127, 0.0)	(128, 1.51685e-05)	(129, 0.0)	(130, 0.0)	(131, 0.00031389)	(132, 0.00128326)	(133, 0.0)	(134, 1.6273e-05)	(135, 0.0)	(136, 0.0)	(137, 0.0)	(138, 0.0)	(139, 0.0)	(140, 0.0)	(141, 0.0)	(142, 1.08484e-05)	(143, 1.10029e-05)	(144, 0.0)	(145, 0.0)	(146, 0.0)	(147, 1.17111e-05)	(148, 0.0)	(149, 0.0)	(150, 1.22871e-05)	(151, 0.0)
reports | SRR30333768	(1, 0.00358487)	(2, 0.0067881700000000005)	(3, 0.0)	(4, 2.43042e-06)	(5, 0.0)	(6, 0.000712113)	(7, 0.0)	(8, 0.0)	(9, 0.0)	(10, 0.000153117)	(11, 0.0)	(12, 0.0)	(13, 4.86084e-06)	(14, 0.0)	(15, 0.0)	(16, 0.0)	(17, 0.00225786)	(18, 0.0)	(19, 0.0)	(20, 0.0)	(21, 2.43042e-05)	(22, 0.0)	(23, 0.0)	(24, 0.0)	(25, 4.86084e-06)	(26, 2.43042e-06)	(27, 0.0)	(28, 0.0)	(29, 0.0)	(30, 0.0)	(31, 4.61782e-05)	(32, 0.0)	(33, 2.43046e-06)	(34, 0.0)	(35, 0.0)	(36, 0.0)	(37, 0.0)	(38, 0.0)	(39, 0.0)	(40, 0.00250598)	(41, 0.000481274)	(42, 0.0)	(43, 0.0)	(44, 4.13243e-05)	(45, 0.0)	(46, 0.0)	(47, 0.0)	(48, 0.0)	(49, 0.0)	(50, 0.0)	(51, 0.0)	(52, 2.4316800000000004e-05)	(53, 0.0)	(54, 0.0)	(55, 0.0)	(56, 0.0)	(57, 0.0)	(58, 0.0)	(59, 0.0)	(60, 0.0)	(61, 0.0)	(62, 0.0)	(63, 0.0)	(64, 0.0)	(65, 0.0)	(66, 0.0)	(67, 0.0)	(68, 0.0)	(69, 0.0009022239999999999)	(70, 0.0)	(71, 0.0)	(72, 0.0)	(73, 1.95393e-05)	(74, 7.33108e-06)	(75, 0.0)	(76, 0.0)	(77, 9.79341e-06)	(78, 0.0)	(79, 6.86629e-05)	(80, 9.818e-06)	(81, 0.0)	(82, 0.0)	(83, 0.0)	(84, 0.0)	(85, 2.4694100000000003e-06)	(86, 0.0)	(87, 0.0)	(88, 0.00316246)	(89, 2.48744e-06)	(90, 0.0)	(91, 7.496739999999999e-06)	(92, 0.0)	(93, 0.0)	(94, 0.0)	(95, 0.0)	(96, 0.0)	(97, 0.0)	(98, 0.0)	(99, 0.0)	(100, 0.0)	(101, 0.0)	(102, 0.0)	(103, 5.76535e-05)	(104, 0.0)	(105, 0.0)	(106, 0.0)	(107, 0.0)	(108, 0.0)	(109, 0.0)	(110, 0.0)	(111, 0.0)	(112, 0.0)	(113, 0.00037189600000000003)	(114, 2.55847e-05)	(115, 0.0)	(116, 0.0)	(117, 0.0)	(118, 0.0)	(119, 0.0)	(120, 0.0)	(121, 0.0)	(122, 0.0)	(123, 0.0)	(124, 0.0)	(125, 0.0)	(126, 0.0)	(127, 0.0)	(128, 0.0)	(129, 0.0)	(130, 0.0)	(131, 0.000509538)	(132, 0.00185587)	(133, 0.0)	(134, 1.43323e-05)	(135, 0.0)	(136, 0.0)	(137, 0.0)	(138, 0.0)	(139, 0.0)	(140, 0.0)	(141, 0.0)	(142, 2.80609e-05)	(143, 0.0)	(144, 0.0)	(145, 0.0)	(146, 0.0)	(147, 0.0)	(148, 0.0)	(149, 8.98791e-06)	(150, 0.0)	(151, 0.0)
