Sample	0	1	2	3	4	5	6	7	8	9	10	11	12	13	14	15	16	17	18	19	20	21	22	23	24	25	26	27	28	29	30	31	32	33	34	35	36	37	38	39	40	41	42	43	44	45	46	47	48	49	50	51	52	53	54	55	56	57	58	59	60	61	62	63	64	65	66	67	68	69	70	71	72	73	74	75	76	77	78	79	80	81	82	83	84	85	86	87	88	89	90	91	92	93	94	95	96	97	98	99	100	101	102	103	104	105	106	107	108	109	110	111	112	113	114	115	116	117	118	119	120	121	122	123	124	125	126	127	128	129	130	131	132	133	134	135	136	137	138	139	140	141	142	143	144	145	146	147	148	149	150
reports | SRR30333743	(1, 38.5581)	(2, 39.0981)	(3, 39.2151)	(4, 39.2442)	(5, 39.2118)	(6, 39.2327)	(7, 39.261)	(8, 39.2676)	(9, 39.2956)	(10, 39.2834)	(11, 39.3302)	(12, 39.2699)	(13, 39.293)	(14, 39.3533)	(15, 39.3181)	(16, 39.3664)	(17, 39.3605)	(18, 39.334)	(19, 39.367)	(20, 39.3197)	(21, 39.3163)	(22, 39.298)	(23, 39.3577)	(24, 39.3468)	(25, 39.3422)	(26, 39.1547)	(27, 39.1304)	(28, 39.1512)	(29, 39.1417)	(30, 39.1506)	(31, 39.1511)	(32, 39.1388)	(33, 39.0885)	(34, 39.1148)	(35, 39.0855)	(36, 39.1356)	(37, 39.1337)	(38, 39.1407)	(39, 39.1258)	(40, 39.1331)	(41, 39.1203)	(42, 39.1241)	(43, 39.0905)	(44, 39.0737)	(45, 39.0934)	(46, 39.0849)	(47, 39.0676)	(48, 39.0727)	(49, 39.0878)	(50, 39.0406)	(51, 39.008)	(52, 39.0388)	(53, 39.0162)	(54, 39.0658)	(55, 39.0753)	(56, 39.0533)	(57, 39.0629)	(58, 39.0645)	(59, 39.0354)	(60, 39.0497)	(61, 39.0479)	(62, 39.0315)	(63, 39.025)	(64, 38.9944)	(65, 39.0175)	(66, 39.0054)	(67, 38.9854)	(68, 39.0009)	(69, 38.9797)	(70, 38.9889)	(71, 38.9752)	(72, 38.963)	(73, 38.9517)	(74, 38.9568)	(75, 38.9497)	(76, 38.9226)	(77, 38.9327)	(78, 38.8473)	(79, 38.8998)	(80, 38.9008)	(81, 38.8899)	(82, 38.8437)	(83, 38.8838)	(84, 38.8421)	(85, 38.8558)	(86, 38.8818)	(87, 38.8728)	(88, 38.8515)	(89, 38.8414)	(90, 38.8403)	(91, 38.8702)	(92, 38.8524)	(93, 38.839)	(94, 38.8112)	(95, 38.8381)	(96, 38.8134)	(97, 38.8135)	(98, 38.7969)	(99, 38.8146)	(100, 38.8021)	(101, 38.7472)	(102, 38.7442)	(103, 38.7227)	(104, 38.7042)	(105, 38.72)	(106, 38.7346)	(107, 38.7292)	(108, 38.7176)	(109, 38.7232)	(110, 38.6731)	(111, 38.7002)	(112, 38.6673)	(113, 38.6679)	(114, 38.6746)	(115, 38.6784)	(116, 38.6649)	(117, 38.6403)	(118, 38.6416)	(119, 38.6423)	(120, 38.604)	(121, 38.5947)	(122, 38.601)	(123, 38.5832)	(124, 38.5981)	(125, 38.5764)	(126, 38.5631)	(127, 38.5699)	(128, 38.5504)	(129, 38.5432)	(130, 38.5225)	(131, 38.458)	(132, 38.5177)	(133, 38.4831)	(134, 38.5158)	(135, 38.4963)	(136, 38.4534)	(137, 38.4907)	(138, 38.4745)	(139, 38.4477)	(140, 38.4091)	(141, 38.4625)	(142, 38.3875)	(143, 38.4841)	(144, 38.4722)	(145, 38.4824)	(146, 38.4521)	(147, 38.5228)	(148, 38.6236)	(149, 38.6109)	(150, 38.6152)	(151, 38.0828)
reports | SRR30333744	(1, 38.4168)	(2, 38.9631)	(3, 39.0932)	(4, 39.1375)	(5, 39.1364)	(6, 39.1573)	(7, 39.1725)	(8, 39.1677)	(9, 39.2136)	(10, 39.1916)	(11, 39.2544)	(12, 39.1803)	(13, 39.2034)	(14, 39.2728)	(15, 39.2482)	(16, 39.2833)	(17, 39.2839)	(18, 39.2559)	(19, 39.3007)	(20, 39.2389)	(21, 39.2422)	(22, 39.2172)	(23, 39.2865)	(24, 39.2818)	(25, 39.2798)	(26, 39.0457)	(27, 39.0096)	(28, 39.0405)	(29, 39.0248)	(30, 39.0412)	(31, 39.0401)	(32, 39.0355)	(33, 38.9725)	(34, 39.0093)	(35, 38.9766)	(36, 39.0314)	(37, 39.0304)	(38, 39.0388)	(39, 39.0255)	(40, 39.0314)	(41, 39.0177)	(42, 39.0216)	(43, 38.9778)	(44, 38.958)	(45, 38.9967)	(46, 38.984)	(47, 38.9601)	(48, 38.9732)	(49, 38.9957)	(50, 38.9369)	(51, 38.8959)	(52, 38.9341)	(53, 38.9167)	(54, 38.9746)	(55, 38.9852)	(56, 38.9512)	(57, 38.9747)	(58, 38.9738)	(59, 38.9409)	(60, 38.9606)	(61, 38.9603)	(62, 38.9472)	(63, 38.9397)	(64, 38.9026)	(65, 38.9361)	(66, 38.9224)	(67, 38.8984)	(68, 38.9227)	(69, 38.9038)	(70, 38.9096)	(71, 38.9)	(72, 38.8852)	(73, 38.878)	(74, 38.879)	(75, 38.8755)	(76, 38.8598)	(77, 38.8632)	(78, 38.7578)	(79, 38.8276)	(80, 38.829)	(81, 38.8178)	(82, 38.7646)	(83, 38.8188)	(84, 38.7626)	(85, 38.7732)	(86, 38.8135)	(87, 38.8099)	(88, 38.7756)	(89, 38.7732)	(90, 38.7815)	(91, 38.8024)	(92, 38.7869)	(93, 38.7731)	(94, 38.7517)	(95, 38.7771)	(96, 38.7498)	(97, 38.754)	(98, 38.7437)	(99, 38.7507)	(100, 38.7435)	(101, 38.6843)	(102, 38.6874)	(103, 38.6672)	(104, 38.6463)	(105, 38.6703)	(106, 38.6889)	(107, 38.6844)	(108, 38.6725)	(109, 38.6782)	(110, 38.6291)	(111, 38.663)	(112, 38.6217)	(113, 38.6304)	(114, 38.6408)	(115, 38.6428)	(116, 38.6316)	(117, 38.6108)	(118, 38.6145)	(119, 38.6062)	(120, 38.5725)	(121, 38.5716)	(122, 38.5775)	(123, 38.5686)	(124, 38.5823)	(125, 38.5673)	(126, 38.5584)	(127, 38.5679)	(128, 38.541)	(129, 38.5453)	(130, 38.5203)	(131, 38.4364)	(132, 38.5158)	(133, 38.4807)	(134, 38.5255)	(135, 38.5011)	(136, 38.4515)	(137, 38.5041)	(138, 38.485)	(139, 38.4508)	(140, 38.4151)	(141, 38.4845)	(142, 38.3829)	(143, 38.4959)	(144, 38.4841)	(145, 38.4876)	(146, 38.4462)	(147, 38.5371)	(148, 38.6364)	(149, 38.6183)	(150, 38.6105)	(151, 38.144)
reports | SRR30333745	(1, 38.584)	(2, 39.1056)	(3, 39.2135)	(4, 39.2524)	(5, 39.2541)	(6, 39.2665)	(7, 39.2619)	(8, 39.2596)	(9, 39.2897)	(10, 39.2713)	(11, 39.323)	(12, 39.2585)	(13, 39.2813)	(14, 39.3427)	(15, 39.3057)	(16, 39.3503)	(17, 39.3453)	(18, 39.3155)	(19, 39.3493)	(20, 39.2989)	(21, 39.295)	(22, 39.277)	(23, 39.3368)	(24, 39.328)	(25, 39.3235)	(26, 39.1233)	(27, 39.0974)	(28, 39.1196)	(29, 39.1097)	(30, 39.1171)	(31, 39.1187)	(32, 39.108)	(33, 39.056)	(34, 39.0837)	(35, 39.0525)	(36, 39.1031)	(37, 39.1006)	(38, 39.1081)	(39, 39.0934)	(40, 39.1)	(41, 39.0875)	(42, 39.0903)	(43, 39.0569)	(44, 39.0366)	(45, 39.0599)	(46, 39.0511)	(47, 39.0313)	(48, 39.0377)	(49, 39.0552)	(50, 39.0069)	(51, 38.9719)	(52, 39.0046)	(53, 38.98)	(54, 39.0322)	(55, 39.0428)	(56, 39.0177)	(57, 39.0287)	(58, 39.0307)	(59, 39.0016)	(60, 39.0153)	(61, 39.0133)	(62, 38.9972)	(63, 38.9906)	(64, 38.959)	(65, 38.9836)	(66, 38.9699)	(67, 38.9488)	(68, 38.9662)	(69, 38.9458)	(70, 38.955)	(71, 38.9404)	(72, 38.9282)	(73, 38.918)	(74, 38.9214)	(75, 38.9146)	(76, 38.8892)	(77, 38.8973)	(78, 38.8075)	(79, 38.865)	(80, 38.865)	(81, 38.8551)	(82, 38.8063)	(83, 38.8493)	(84, 38.805)	(85, 38.8186)	(86, 38.8462)	(87, 38.8373)	(88, 38.8159)	(89, 38.8037)	(90, 38.8049)	(91, 38.8344)	(92, 38.8169)	(93, 38.8052)	(94, 38.778)	(95, 38.8031)	(96, 38.7795)	(97, 38.7796)	(98, 38.7634)	(99, 38.7791)	(100, 38.7665)	(101, 38.7114)	(102, 38.7106)	(103, 38.6883)	(104, 38.6709)	(105, 38.6878)	(106, 38.7043)	(107, 38.698)	(108, 38.6853)	(109, 38.6917)	(110, 38.6412)	(111, 38.6691)	(112, 38.6359)	(113, 38.6381)	(114, 38.6446)	(115, 38.6493)	(116, 38.6347)	(117, 38.6116)	(118, 38.6147)	(119, 38.6134)	(120, 38.5738)	(121, 38.5669)	(122, 38.5716)	(123, 38.5578)	(124, 38.5687)	(125, 38.5511)	(126, 38.5396)	(127, 38.5467)	(128, 38.5272)	(129, 38.5209)	(130, 38.4976)	(131, 38.4324)	(132, 38.4925)	(133, 38.4588)	(134, 38.4943)	(135, 38.4738)	(136, 38.4329)	(137, 38.4699)	(138, 38.4524)	(139, 38.4268)	(140, 38.3882)	(141, 38.443)	(142, 38.3645)	(143, 38.4651)	(144, 38.4534)	(145, 38.4631)	(146, 38.4365)	(147, 38.5078)	(148, 38.6141)	(149, 38.6)	(150, 38.6047)	(151, 38.0715)
reports | SRR30333746	(1, 38.5393)	(2, 39.0729)	(3, 39.2108)	(4, 39.2685)	(5, 39.2775)	(6, 39.2967)	(7, 39.2689)	(8, 39.2665)	(9, 39.3129)	(10, 39.3068)	(11, 39.3535)	(12, 39.2736)	(13, 39.3007)	(14, 39.3739)	(15, 39.3466)	(16, 39.3778)	(17, 39.3768)	(18, 39.3493)	(19, 39.3883)	(20, 39.3285)	(21, 39.3287)	(22, 39.3044)	(23, 39.3732)	(24, 39.3668)	(25, 39.362)	(26, 39.1733)	(27, 39.1415)	(28, 39.1683)	(29, 39.1543)	(30, 39.1659)	(31, 39.1684)	(32, 39.1608)	(33, 39.1024)	(34, 39.1341)	(35, 39.0995)	(36, 39.1556)	(37, 39.1533)	(38, 39.1593)	(39, 39.1451)	(40, 39.1508)	(41, 39.1373)	(42, 39.1419)	(43, 39.1003)	(44, 39.0806)	(45, 39.1149)	(46, 39.1014)	(47, 39.0783)	(48, 39.0899)	(49, 39.109)	(50, 39.0503)	(51, 39.0114)	(52, 39.0499)	(53, 39.0284)	(54, 39.0857)	(55, 39.0962)	(56, 39.0645)	(57, 39.0832)	(58, 39.0834)	(59, 39.0499)	(60, 39.069)	(61, 39.0672)	(62, 39.0526)	(63, 39.0455)	(64, 39.0096)	(65, 39.0408)	(66, 39.027)	(67, 39.0021)	(68, 39.0239)	(69, 39.0026)	(70, 39.0092)	(71, 38.9987)	(72, 38.9832)	(73, 38.9756)	(74, 38.9749)	(75, 38.9705)	(76, 38.9534)	(77, 38.958)	(78, 38.8525)	(79, 38.9189)	(80, 38.9194)	(81, 38.9067)	(82, 38.8555)	(83, 38.909)	(84, 38.8531)	(85, 38.8648)	(86, 38.9023)	(87, 38.8957)	(88, 38.8666)	(89, 38.8606)	(90, 38.8677)	(91, 38.8904)	(92, 38.8747)	(93, 38.8595)	(94, 38.8367)	(95, 38.8607)	(96, 38.8365)	(97, 38.8381)	(98, 38.8256)	(99, 38.8349)	(100, 38.8272)	(101, 38.7677)	(102, 38.7687)	(103, 38.7486)	(104, 38.7301)	(105, 38.7501)	(106, 38.7703)	(107, 38.7649)	(108, 38.7514)	(109, 38.7591)	(110, 38.7072)	(111, 38.7395)	(112, 38.6993)	(113, 38.7078)	(114, 38.7172)	(115, 38.7177)	(116, 38.7108)	(117, 38.6861)	(118, 38.6905)	(119, 38.6818)	(120, 38.6488)	(121, 38.6455)	(122, 38.6494)	(123, 38.639)	(124, 38.6537)	(125, 38.6376)	(126, 38.6265)	(127, 38.6372)	(128, 38.611)	(129, 38.6113)	(130, 38.5871)	(131, 38.5092)	(132, 38.5795)	(133, 38.5468)	(134, 38.5901)	(135, 38.5678)	(136, 38.5213)	(137, 38.5671)	(138, 38.5508)	(139, 38.5179)	(140, 38.479)	(141, 38.5445)	(142, 38.45)	(143, 38.5611)	(144, 38.5482)	(145, 38.5512)	(146, 38.5106)	(147, 38.5962)	(148, 38.6907)	(149, 38.6752)	(150, 38.6728)	(151, 38.1833)
reports | SRR30333747	(1, 38.4484)	(2, 38.7952)	(3, 39.0167)	(4, 39.0578)	(5, 39.0584)	(6, 39.1308)	(7, 39.1241)	(8, 39.1323)	(9, 39.1724)	(10, 39.125)	(11, 39.2394)	(12, 39.0913)	(13, 39.1479)	(14, 39.2052)	(15, 39.2252)	(16, 39.2322)	(17, 39.2276)	(18, 39.2106)	(19, 39.2532)	(20, 39.1802)	(21, 39.1848)	(22, 39.1515)	(23, 39.2456)	(24, 39.2403)	(25, 39.2457)	(26, 38.9766)	(27, 38.9394)	(28, 38.9826)	(29, 38.9508)	(30, 38.9828)	(31, 38.9743)	(32, 38.9804)	(33, 38.9104)	(34, 38.953)	(35, 38.9131)	(36, 38.9721)	(37, 38.9744)	(38, 38.9748)	(39, 38.9648)	(40, 38.9652)	(41, 38.9547)	(42, 38.9608)	(43, 38.9077)	(44, 38.8925)	(45, 38.9457)	(46, 38.9204)	(47, 38.8909)	(48, 38.9112)	(49, 38.9406)	(50, 38.8674)	(51, 38.8159)	(52, 38.8703)	(53, 38.8428)	(54, 38.9027)	(55, 38.9262)	(56, 38.8801)	(57, 38.9178)	(58, 38.9141)	(59, 38.8572)	(60, 38.9031)	(61, 38.8913)	(62, 38.8794)	(63, 38.8785)	(64, 38.8366)	(65, 38.8848)	(66, 38.8651)	(67, 38.8422)	(68, 38.868)	(69, 38.8514)	(70, 38.8432)	(71, 38.8432)	(72, 38.8268)	(73, 38.8247)	(74, 38.8204)	(75, 38.82)	(76, 38.8169)	(77, 38.8086)	(78, 38.694)	(79, 38.7697)	(80, 38.764)	(81, 38.7494)	(82, 38.691)	(83, 38.7693)	(84, 38.6929)	(85, 38.6944)	(86, 38.7489)	(87, 38.7434)	(88, 38.7026)	(89, 38.7098)	(90, 38.7302)	(91, 38.7271)	(92, 38.7187)	(93, 38.7048)	(94, 38.6744)	(95, 38.6958)	(96, 38.6783)	(97, 38.6933)	(98, 38.6913)	(99, 38.6669)	(100, 38.6767)	(101, 38.6114)	(102, 38.6259)	(103, 38.5952)	(104, 38.5662)	(105, 38.6082)	(106, 38.6233)	(107, 38.6309)	(108, 38.6165)	(109, 38.6197)	(110, 38.5689)	(111, 38.6133)	(112, 38.5601)	(113, 38.5695)	(114, 38.5875)	(115, 38.5851)	(116, 38.5843)	(117, 38.559)	(118, 38.5711)	(119, 38.5491)	(120, 38.5283)	(121, 38.5359)	(122, 38.539)	(123, 38.5407)	(124, 38.5529)	(125, 38.5324)	(126, 38.5429)	(127, 38.5419)	(128, 38.5089)	(129, 38.5282)	(130, 38.5095)	(131, 38.3957)	(132, 38.4918)	(133, 38.4755)	(134, 38.5245)	(135, 38.5013)	(136, 38.4493)	(137, 38.5212)	(138, 38.4928)	(139, 38.4505)	(140, 38.4219)	(141, 38.514)	(142, 38.3956)	(143, 38.5071)	(144, 38.5215)	(145, 38.52)	(146, 38.4784)	(147, 38.5984)	(148, 38.7)	(149, 38.6801)	(150, 38.6345)	(151, 38.1785)
reports | SRR30333748	(1, 38.307)	(2, 38.9351)	(3, 39.0747)	(4, 39.122)	(5, 39.1233)	(6, 39.1399)	(7, 39.1642)	(8, 39.1699)	(9, 39.2035)	(10, 39.1924)	(11, 39.2459)	(12, 39.1824)	(13, 39.2099)	(14, 39.2756)	(15, 39.2451)	(16, 39.2944)	(17, 39.2922)	(18, 39.2644)	(19, 39.3013)	(20, 39.2498)	(21, 39.2465)	(22, 39.2324)	(23, 39.2952)	(24, 39.286)	(25, 39.2832)	(26, 39.0464)	(27, 39.0213)	(28, 39.046)	(29, 39.0379)	(30, 39.0474)	(31, 39.0481)	(32, 39.038)	(33, 38.9866)	(34, 39.0173)	(35, 38.985)	(36, 39.0398)	(37, 39.0382)	(38, 39.0466)	(39, 39.0323)	(40, 39.039)	(41, 39.0263)	(42, 39.0315)	(43, 38.9971)	(44, 38.9794)	(45, 39.0038)	(46, 38.9966)	(47, 38.9752)	(48, 38.9853)	(49, 39.002)	(50, 38.9528)	(51, 38.917)	(52, 38.9521)	(53, 38.9286)	(54, 38.9813)	(55, 38.9927)	(56, 38.9704)	(57, 38.9842)	(58, 38.9851)	(59, 38.9551)	(60, 38.9714)	(61, 38.9684)	(62, 38.954)	(63, 38.9462)	(64, 38.9144)	(65, 38.9389)	(66, 38.9293)	(67, 38.9095)	(68, 38.9273)	(69, 38.9059)	(70, 38.9138)	(71, 38.9001)	(72, 38.889)	(73, 38.8805)	(74, 38.884)	(75, 38.8782)	(76, 38.8534)	(77, 38.8639)	(78, 38.7729)	(79, 38.8281)	(80, 38.8307)	(81, 38.821)	(82, 38.773)	(83, 38.8153)	(84, 38.7705)	(85, 38.7851)	(86, 38.8146)	(87, 38.8075)	(88, 38.7865)	(89, 38.7741)	(90, 38.7765)	(91, 38.8054)	(92, 38.7891)	(93, 38.7755)	(94, 38.7514)	(95, 38.7768)	(96, 38.7535)	(97, 38.7529)	(98, 38.7387)	(99, 38.7555)	(100, 38.7435)	(101, 38.689)	(102, 38.6868)	(103, 38.6653)	(104, 38.6481)	(105, 38.6638)	(106, 38.6818)	(107, 38.6757)	(108, 38.6647)	(109, 38.6714)	(110, 38.6208)	(111, 38.6494)	(112, 38.6187)	(113, 38.6207)	(114, 38.6273)	(115, 38.6336)	(116, 38.6197)	(117, 38.5972)	(118, 38.6015)	(119, 38.6013)	(120, 38.5628)	(121, 38.5558)	(122, 38.5636)	(123, 38.5477)	(124, 38.5635)	(125, 38.544)	(126, 38.5321)	(127, 38.5416)	(128, 38.523)	(129, 38.5179)	(130, 38.4973)	(131, 38.4302)	(132, 38.4939)	(133, 38.459)	(134, 38.4969)	(135, 38.4755)	(136, 38.4347)	(137, 38.4717)	(138, 38.4547)	(139, 38.4275)	(140, 38.3894)	(141, 38.4477)	(142, 38.3628)	(143, 38.4633)	(144, 38.4471)	(145, 38.4555)	(146, 38.4218)	(147, 38.4919)	(148, 38.5881)	(149, 38.5796)	(150, 38.5802)	(151, 38.1102)
reports | SRR30333749	(1, 38.5521)	(2, 38.9825)	(3, 39.1507)	(4, 39.1748)	(5, 39.2373)	(6, 39.2842)	(7, 39.2832)	(8, 39.2912)	(9, 39.3083)	(10, 39.2922)	(11, 39.3499)	(12, 39.2919)	(13, 39.3228)	(14, 39.3574)	(15, 39.3175)	(16, 39.3722)	(17, 39.3827)	(18, 39.3593)	(19, 39.3861)	(20, 39.3478)	(21, 39.35)	(22, 39.3335)	(23, 39.3815)	(24, 39.3786)	(25, 39.3737)	(26, 39.1628)	(27, 39.1441)	(28, 39.1631)	(29, 39.1525)	(30, 39.1502)	(31, 39.1538)	(32, 39.1533)	(33, 39.1149)	(34, 39.1377)	(35, 39.1151)	(36, 39.1509)	(37, 39.1511)	(38, 39.1555)	(39, 39.1416)	(40, 39.1385)	(41, 39.1375)	(42, 39.1425)	(43, 39.1151)	(44, 39.1017)	(45, 39.1241)	(46, 39.1177)	(47, 39.1014)	(48, 39.1082)	(49, 39.1204)	(50, 39.0805)	(51, 39.0547)	(52, 39.0809)	(53, 39.0659)	(54, 39.1038)	(55, 39.1097)	(56, 39.0926)	(57, 39.1039)	(58, 39.1025)	(59, 39.0797)	(60, 39.0927)	(61, 39.0943)	(62, 39.0792)	(63, 39.0791)	(64, 39.0547)	(65, 39.0737)	(66, 39.0614)	(67, 39.048)	(68, 39.0619)	(69, 39.0472)	(70, 39.0511)	(71, 39.0438)	(72, 39.0341)	(73, 39.0275)	(74, 39.0267)	(75, 39.0242)	(76, 39.0111)	(77, 39.0119)	(78, 38.942)	(79, 38.9888)	(80, 38.9863)	(81, 38.9794)	(82, 38.9417)	(83, 38.9742)	(84, 38.9394)	(85, 38.9491)	(86, 38.9721)	(87, 38.9667)	(88, 38.9445)	(89, 38.9387)	(90, 38.9428)	(91, 38.9592)	(92, 38.9473)	(93, 38.936)	(94, 38.9207)	(95, 38.9382)	(96, 38.9156)	(97, 38.9191)	(98, 38.9073)	(99, 38.916)	(100, 38.9085)	(101, 38.8674)	(102, 38.8647)	(103, 38.8507)	(104, 38.8358)	(105, 38.8494)	(106, 38.8615)	(107, 38.8579)	(108, 38.8487)	(109, 38.8517)	(110, 38.8165)	(111, 38.8383)	(112, 38.8104)	(113, 38.8127)	(114, 38.8176)	(115, 38.8194)	(116, 38.8093)	(117, 38.7935)	(118, 38.7937)	(119, 38.792)	(120, 38.7683)	(121, 38.7636)	(122, 38.7654)	(123, 38.7554)	(124, 38.7675)	(125, 38.7529)	(126, 38.7445)	(127, 38.7511)	(128, 38.7382)	(129, 38.7165)	(130, 38.7222)	(131, 38.669)	(132, 38.7178)	(133, 38.6952)	(134, 38.7205)	(135, 38.7042)	(136, 38.6752)	(137, 38.6958)	(138, 38.6949)	(139, 38.6766)	(140, 38.6501)	(141, 38.6947)	(142, 38.6326)	(143, 38.7039)	(144, 38.6992)	(145, 38.7092)	(146, 38.688)	(147, 38.7513)	(148, 38.8223)	(149, 38.8203)	(150, 38.8172)	(151, 38.3125)
reports | SRR30333750	(1, 38.2901)	(2, 38.9799)	(3, 39.1027)	(4, 39.153)	(5, 39.17)	(6, 39.1813)	(7, 39.1981)	(8, 39.1992)	(9, 39.2367)	(10, 39.2186)	(11, 39.2753)	(12, 39.2139)	(13, 39.2389)	(14, 39.3043)	(15, 39.2717)	(16, 39.3203)	(17, 39.3158)	(18, 39.2852)	(19, 39.3228)	(20, 39.2708)	(21, 39.2665)	(22, 39.2497)	(23, 39.3123)	(24, 39.3029)	(25, 39.2999)	(26, 39.0793)	(27, 39.0515)	(28, 39.0776)	(29, 39.0679)	(30, 39.0792)	(31, 39.0787)	(32, 39.0702)	(33, 39.0172)	(34, 39.0468)	(35, 39.0157)	(36, 39.0706)	(37, 39.0691)	(38, 39.0764)	(39, 39.0618)	(40, 39.0705)	(41, 39.0564)	(42, 39.0612)	(43, 39.026)	(44, 39.0061)	(45, 39.0294)	(46, 39.0223)	(47, 39.0028)	(48, 39.0117)	(49, 39.0295)	(50, 38.9793)	(51, 38.9444)	(52, 38.9794)	(53, 38.955)	(54, 39.0085)	(55, 39.0219)	(56, 38.9969)	(57, 39.0114)	(58, 39.0127)	(59, 38.9839)	(60, 38.9993)	(61, 38.9987)	(62, 38.9836)	(63, 38.9752)	(64, 38.9436)	(65, 38.969)	(66, 38.9586)	(67, 38.937)	(68, 38.9533)	(69, 38.9336)	(70, 38.9437)	(71, 38.9295)	(72, 38.9184)	(73, 38.9088)	(74, 38.9143)	(75, 38.9077)	(76, 38.8806)	(77, 38.891)	(78, 38.8001)	(79, 38.8593)	(80, 38.8593)	(81, 38.8502)	(82, 38.8012)	(83, 38.8446)	(84, 38.7996)	(85, 38.8134)	(86, 38.8436)	(87, 38.8358)	(88, 38.8141)	(89, 38.8028)	(90, 38.8025)	(91, 38.8349)	(92, 38.8186)	(93, 38.8046)	(94, 38.7812)	(95, 38.8063)	(96, 38.783)	(97, 38.7823)	(98, 38.7662)	(99, 38.7842)	(100, 38.7723)	(101, 38.716)	(102, 38.7154)	(103, 38.6936)	(104, 38.6746)	(105, 38.692)	(106, 38.7108)	(107, 38.704)	(108, 38.6923)	(109, 38.7014)	(110, 38.6487)	(111, 38.6791)	(112, 38.6467)	(113, 38.6486)	(114, 38.6554)	(115, 38.6641)	(116, 38.6495)	(117, 38.6266)	(118, 38.6311)	(119, 38.6309)	(120, 38.5907)	(121, 38.5845)	(122, 38.5915)	(123, 38.5757)	(124, 38.5932)	(125, 38.5731)	(126, 38.5617)	(127, 38.5714)	(128, 38.5528)	(129, 38.5465)	(130, 38.5264)	(131, 38.4579)	(132, 38.5217)	(133, 38.487)	(134, 38.5259)	(135, 38.5015)	(136, 38.46)	(137, 38.5004)	(138, 38.4814)	(139, 38.4524)	(140, 38.4152)	(141, 38.4711)	(142, 38.3863)	(143, 38.4861)	(144, 38.4691)	(145, 38.4751)	(146, 38.4393)	(147, 38.5046)	(148, 38.6007)	(149, 38.5877)	(150, 38.5898)	(151, 38.1355)
reports | SRR30333751	(1, 38.5327)	(2, 39.0553)	(3, 39.1905)	(4, 39.2168)	(5, 39.1783)	(6, 39.2127)	(7, 39.2428)	(8, 39.2504)	(9, 39.2842)	(10, 39.2765)	(11, 39.326)	(12, 39.2559)	(13, 39.281)	(14, 39.3474)	(15, 39.3171)	(16, 39.3607)	(17, 39.3595)	(18, 39.3342)	(19, 39.3707)	(20, 39.3184)	(21, 39.3181)	(22, 39.2982)	(23, 39.3624)	(24, 39.3537)	(25, 39.3517)	(26, 39.1519)	(27, 39.1246)	(28, 39.1507)	(29, 39.1385)	(30, 39.1503)	(31, 39.1501)	(32, 39.1412)	(33, 39.0899)	(34, 39.1185)	(35, 39.0877)	(36, 39.1403)	(37, 39.1387)	(38, 39.1453)	(39, 39.1323)	(40, 39.1385)	(41, 39.1258)	(42, 39.1303)	(43, 39.0946)	(44, 39.0754)	(45, 39.1027)	(46, 39.0934)	(47, 39.0718)	(48, 39.0821)	(49, 39.1004)	(50, 39.0484)	(51, 39.0113)	(52, 39.0482)	(53, 39.0255)	(54, 39.0788)	(55, 39.0911)	(56, 39.065)	(57, 39.0807)	(58, 39.0812)	(59, 39.0507)	(60, 39.068)	(61, 39.0648)	(62, 39.052)	(63, 39.0449)	(64, 39.0128)	(65, 39.0381)	(66, 39.0286)	(67, 39.0064)	(68, 39.0254)	(69, 39.0064)	(70, 39.0146)	(71, 39.0013)	(72, 38.9896)	(73, 38.9793)	(74, 38.9844)	(75, 38.9798)	(76, 38.956)	(77, 38.9658)	(78, 38.8695)	(79, 38.9321)	(80, 38.9313)	(81, 38.9225)	(82, 38.8735)	(83, 38.9187)	(84, 38.8719)	(85, 38.8863)	(86, 38.9163)	(87, 38.9116)	(88, 38.8854)	(89, 38.8771)	(90, 38.8813)	(91, 38.907)	(92, 38.8917)	(93, 38.8777)	(94, 38.8548)	(95, 38.8798)	(96, 38.8558)	(97, 38.8588)	(98, 38.8436)	(99, 38.8584)	(100, 38.8474)	(101, 38.7914)	(102, 38.7904)	(103, 38.7703)	(104, 38.7511)	(105, 38.7713)	(106, 38.7884)	(107, 38.7837)	(108, 38.7725)	(109, 38.7784)	(110, 38.7286)	(111, 38.758)	(112, 38.7255)	(113, 38.7294)	(114, 38.7358)	(115, 38.7412)	(116, 38.7297)	(117, 38.7077)	(118, 38.711)	(119, 38.7085)	(120, 38.6728)	(121, 38.668)	(122, 38.6732)	(123, 38.6599)	(124, 38.6741)	(125, 38.6577)	(126, 38.6464)	(127, 38.6555)	(128, 38.6343)	(129, 38.6342)	(130, 38.612)	(131, 38.5382)	(132, 38.6061)	(133, 38.5727)	(134, 38.6113)	(135, 38.5893)	(136, 38.5477)	(137, 38.5875)	(138, 38.5727)	(139, 38.5442)	(140, 38.5055)	(141, 38.5645)	(142, 38.4778)	(143, 38.5787)	(144, 38.567)	(145, 38.5691)	(146, 38.5332)	(147, 38.6054)	(148, 38.6973)	(149, 38.6858)	(150, 38.6866)	(151, 38.1807)
reports | SRR30333752	(1, 38.2236)	(2, 38.89)	(3, 39.0342)	(4, 39.0909)	(5, 39.112)	(6, 39.1342)	(7, 39.1345)	(8, 39.1439)	(9, 39.1866)	(10, 39.1829)	(11, 39.2362)	(12, 39.173)	(13, 39.1998)	(14, 39.2702)	(15, 39.2392)	(16, 39.2869)	(17, 39.2848)	(18, 39.2542)	(19, 39.2943)	(20, 39.2425)	(21, 39.2392)	(22, 39.2229)	(23, 39.2883)	(24, 39.2778)	(25, 39.2739)	(26, 39.0302)	(27, 39.0052)	(28, 39.0318)	(29, 39.0235)	(30, 39.0334)	(31, 39.0345)	(32, 39.0273)	(33, 38.9732)	(34, 39.0047)	(35, 38.9727)	(36, 39.0276)	(37, 39.0265)	(38, 39.0362)	(39, 39.0214)	(40, 39.0306)	(41, 39.0163)	(42, 39.0236)	(43, 38.9887)	(44, 38.9708)	(45, 38.9945)	(46, 38.9867)	(47, 38.9666)	(48, 38.9763)	(49, 38.9939)	(50, 38.9435)	(51, 38.9075)	(52, 38.9436)	(53, 38.9211)	(54, 38.9761)	(55, 38.9884)	(56, 38.9623)	(57, 38.9771)	(58, 38.9783)	(59, 38.9498)	(60, 38.9649)	(61, 38.962)	(62, 38.9476)	(63, 38.9397)	(64, 38.9088)	(65, 38.9351)	(66, 38.9231)	(67, 38.9038)	(68, 38.9215)	(69, 38.8997)	(70, 38.91)	(71, 38.8966)	(72, 38.8837)	(73, 38.8773)	(74, 38.8803)	(75, 38.8737)	(76, 38.848)	(77, 38.8586)	(78, 38.7651)	(79, 38.8254)	(80, 38.8265)	(81, 38.8169)	(82, 38.7674)	(83, 38.8099)	(84, 38.7662)	(85, 38.7807)	(86, 38.8113)	(87, 38.8027)	(88, 38.7827)	(89, 38.7696)	(90, 38.7718)	(91, 38.8044)	(92, 38.7865)	(93, 38.7735)	(94, 38.7482)	(95, 38.7753)	(96, 38.7516)	(97, 38.7511)	(98, 38.7366)	(99, 38.7542)	(100, 38.7425)	(101, 38.6851)	(102, 38.6846)	(103, 38.6619)	(104, 38.6443)	(105, 38.6624)	(106, 38.6813)	(107, 38.6753)	(108, 38.663)	(109, 38.6719)	(110, 38.6184)	(111, 38.6493)	(112, 38.6161)	(113, 38.6199)	(114, 38.6275)	(115, 38.6348)	(116, 38.6214)	(117, 38.5983)	(118, 38.6028)	(119, 38.6024)	(120, 38.564)	(121, 38.5566)	(122, 38.5655)	(123, 38.5478)	(124, 38.565)	(125, 38.5468)	(126, 38.536)	(127, 38.545)	(128, 38.525)	(129, 38.5219)	(130, 38.4999)	(131, 38.43)	(132, 38.4958)	(133, 38.4611)	(134, 38.4987)	(135, 38.4749)	(136, 38.4341)	(137, 38.4735)	(138, 38.4548)	(139, 38.4252)	(140, 38.3856)	(141, 38.4439)	(142, 38.3563)	(143, 38.4592)	(144, 38.4425)	(145, 38.4466)	(146, 38.4106)	(147, 38.4798)	(148, 38.5737)	(149, 38.5597)	(150, 38.5612)	(151, 38.135)
reports | SRR30333753	(1, 38.5897)	(2, 38.9501)	(3, 39.1037)	(4, 39.1419)	(5, 39.1422)	(6, 39.2112)	(7, 39.1723)	(8, 39.1756)	(9, 39.2159)	(10, 39.174)	(11, 39.2796)	(12, 39.1288)	(13, 39.1842)	(14, 39.2443)	(15, 39.2608)	(16, 39.2654)	(17, 39.2594)	(18, 39.2381)	(19, 39.2786)	(20, 39.2033)	(21, 39.2064)	(22, 39.1695)	(23, 39.2619)	(24, 39.2569)	(25, 39.2597)	(26, 39.0129)	(27, 38.9722)	(28, 39.014)	(29, 38.9827)	(30, 39.0081)	(31, 39.0021)	(32, 39.0085)	(33, 38.9364)	(34, 38.9785)	(35, 38.9368)	(36, 38.9937)	(37, 38.9971)	(38, 38.9963)	(39, 38.9841)	(40, 38.9835)	(41, 38.9726)	(42, 38.9769)	(43, 38.9246)	(44, 38.9083)	(45, 38.9616)	(46, 38.9348)	(47, 38.9054)	(48, 38.9256)	(49, 38.9532)	(50, 38.8775)	(51, 38.8256)	(52, 38.88)	(53, 38.8529)	(54, 38.9128)	(55, 38.9357)	(56, 38.8869)	(57, 38.9232)	(58, 38.9206)	(59, 38.8643)	(60, 38.9089)	(61, 38.8994)	(62, 38.884)	(63, 38.8838)	(64, 38.8417)	(65, 38.8897)	(66, 38.8691)	(67, 38.8469)	(68, 38.8719)	(69, 38.8556)	(70, 38.8473)	(71, 38.8473)	(72, 38.8278)	(73, 38.8274)	(74, 38.8199)	(75, 38.8194)	(76, 38.8177)	(77, 38.8074)	(78, 38.6923)	(79, 38.7695)	(80, 38.7624)	(81, 38.7473)	(82, 38.688)	(83, 38.7699)	(84, 38.6914)	(85, 38.689)	(86, 38.7443)	(87, 38.7402)	(88, 38.6978)	(89, 38.7058)	(90, 38.7269)	(91, 38.7217)	(92, 38.7141)	(93, 38.6975)	(94, 38.6688)	(95, 38.6886)	(96, 38.6707)	(97, 38.6848)	(98, 38.6837)	(99, 38.659)	(100, 38.6679)	(101, 38.6017)	(102, 38.6124)	(103, 38.5848)	(104, 38.5562)	(105, 38.5965)	(106, 38.6115)	(107, 38.619)	(108, 38.6021)	(109, 38.6085)	(110, 38.5558)	(111, 38.5995)	(112, 38.544)	(113, 38.554)	(114, 38.5726)	(115, 38.5677)	(116, 38.5669)	(117, 38.5405)	(118, 38.5503)	(119, 38.5264)	(120, 38.506)	(121, 38.5159)	(122, 38.5155)	(123, 38.5182)	(124, 38.5286)	(125, 38.5086)	(126, 38.518)	(127, 38.5145)	(128, 38.481)	(129, 38.4997)	(130, 38.4772)	(131, 38.3623)	(132, 38.4601)	(133, 38.4406)	(134, 38.492)	(135, 38.4683)	(136, 38.413)	(137, 38.4861)	(138, 38.4579)	(139, 38.4148)	(140, 38.3868)	(141, 38.4806)	(142, 38.362)	(143, 38.4778)	(144, 38.4936)	(145, 38.4937)	(146, 38.4555)	(147, 38.5838)	(148, 38.6916)	(149, 38.6682)	(150, 38.6226)	(151, 38.1358)
reports | SRR30333754	(1, 38.4023)	(2, 39.0108)	(3, 39.1627)	(4, 39.2253)	(5, 39.2196)	(6, 39.2498)	(7, 39.2196)	(8, 39.2233)	(9, 39.2669)	(10, 39.2652)	(11, 39.3146)	(12, 39.2308)	(13, 39.2588)	(14, 39.3319)	(15, 39.3075)	(16, 39.3393)	(17, 39.341)	(18, 39.3143)	(19, 39.3545)	(20, 39.2925)	(21, 39.2947)	(22, 39.2704)	(23, 39.3413)	(24, 39.3371)	(25, 39.3339)	(26, 39.1246)	(27, 39.0904)	(28, 39.1207)	(29, 39.1064)	(30, 39.1196)	(31, 39.1194)	(32, 39.114)	(33, 39.0549)	(34, 39.0867)	(35, 39.0492)	(36, 39.1096)	(37, 39.1101)	(38, 39.1147)	(39, 39.1012)	(40, 39.1062)	(41, 39.0942)	(42, 39.0971)	(43, 39.0544)	(44, 39.0353)	(45, 39.0725)	(46, 39.0567)	(47, 39.0324)	(48, 39.0471)	(49, 39.0689)	(50, 39.0064)	(51, 38.9667)	(52, 39.006)	(53, 38.9862)	(54, 39.0447)	(55, 39.0575)	(56, 39.0234)	(57, 39.0447)	(58, 39.0459)	(59, 39.0102)	(60, 39.0328)	(61, 39.0284)	(62, 39.0167)	(63, 39.0092)	(64, 38.9714)	(65, 39.0058)	(66, 38.9926)	(67, 38.9654)	(68, 38.9895)	(69, 38.9719)	(70, 38.9762)	(71, 38.9672)	(72, 38.9528)	(73, 38.9455)	(74, 38.9436)	(75, 38.9415)	(76, 38.9242)	(77, 38.9296)	(78, 38.8169)	(79, 38.8866)	(80, 38.8915)	(81, 38.8786)	(82, 38.8272)	(83, 38.8826)	(84, 38.8231)	(85, 38.8358)	(86, 38.8761)	(87, 38.8699)	(88, 38.8348)	(89, 38.8334)	(90, 38.8424)	(91, 38.8624)	(92, 38.846)	(93, 38.8324)	(94, 38.8097)	(95, 38.8333)	(96, 38.807)	(97, 38.8125)	(98, 38.8001)	(99, 38.8072)	(100, 38.8011)	(101, 38.7388)	(102, 38.7436)	(103, 38.7207)	(104, 38.6996)	(105, 38.7235)	(106, 38.7435)	(107, 38.7392)	(108, 38.7261)	(109, 38.7295)	(110, 38.6796)	(111, 38.7142)	(112, 38.6722)	(113, 38.6826)	(114, 38.6911)	(115, 38.6915)	(116, 38.6803)	(117, 38.6589)	(118, 38.6625)	(119, 38.6531)	(120, 38.6204)	(121, 38.6191)	(122, 38.6214)	(123, 38.6132)	(124, 38.6263)	(125, 38.6119)	(126, 38.6022)	(127, 38.6113)	(128, 38.5833)	(129, 38.5868)	(130, 38.5607)	(131, 38.4769)	(132, 38.5539)	(133, 38.5182)	(134, 38.5629)	(135, 38.5406)	(136, 38.4918)	(137, 38.544)	(138, 38.527)	(139, 38.4921)	(140, 38.4565)	(141, 38.5269)	(142, 38.4252)	(143, 38.5412)	(144, 38.5324)	(145, 38.5373)	(146, 38.4991)	(147, 38.5933)	(148, 38.695)	(149, 38.6801)	(150, 38.6729)	(151, 38.1492)
reports | SRR30333755	(1, 38.5429)	(2, 38.8715)	(3, 39.0521)	(4, 39.0864)	(5, 39.0913)	(6, 39.1831)	(7, 39.1424)	(8, 39.1673)	(9, 39.1913)	(10, 39.1459)	(11, 39.2646)	(12, 39.1103)	(13, 39.1764)	(14, 39.218)	(15, 39.2445)	(16, 39.2517)	(17, 39.2354)	(18, 39.2236)	(19, 39.2532)	(20, 39.1893)	(21, 39.1855)	(22, 39.1586)	(23, 39.2449)	(24, 39.2388)	(25, 39.2418)	(26, 38.9866)	(27, 38.9556)	(28, 38.9929)	(29, 38.9602)	(30, 38.989)	(31, 38.9764)	(32, 38.9839)	(33, 38.9165)	(34, 38.9542)	(35, 38.9188)	(36, 38.9669)	(37, 38.9715)	(38, 38.9707)	(39, 38.9584)	(40, 38.9561)	(41, 38.9466)	(42, 38.9534)	(43, 38.9057)	(44, 38.8884)	(45, 38.9359)	(46, 38.9103)	(47, 38.8855)	(48, 38.8999)	(49, 38.9268)	(50, 38.8615)	(51, 38.8144)	(52, 38.8619)	(53, 38.8322)	(54, 38.8806)	(55, 38.9069)	(56, 38.8628)	(57, 38.8946)	(58, 38.8897)	(59, 38.8342)	(60, 38.8825)	(61, 38.8663)	(62, 38.8507)	(63, 38.8526)	(64, 38.8158)	(65, 38.8616)	(66, 38.8365)	(67, 38.82)	(68, 38.8413)	(69, 38.8211)	(70, 38.8145)	(71, 38.8136)	(72, 38.7983)	(73, 38.7941)	(74, 38.7919)	(75, 38.7871)	(76, 38.7818)	(77, 38.7721)	(78, 38.6753)	(79, 38.7375)	(80, 38.7276)	(81, 38.7146)	(82, 38.6552)	(83, 38.7358)	(84, 38.6622)	(85, 38.6589)	(86, 38.7052)	(87, 38.7007)	(88, 38.6671)	(89, 38.6728)	(90, 38.6877)	(91, 38.6824)	(92, 38.6725)	(93, 38.6592)	(94, 38.6249)	(95, 38.643)	(96, 38.6316)	(97, 38.6443)	(98, 38.6408)	(99, 38.6125)	(100, 38.6241)	(101, 38.5655)	(102, 38.5737)	(103, 38.5421)	(104, 38.5151)	(105, 38.5522)	(106, 38.561)	(107, 38.5735)	(108, 38.5567)	(109, 38.5592)	(110, 38.5116)	(111, 38.5508)	(112, 38.5025)	(113, 38.5008)	(114, 38.5201)	(115, 38.5171)	(116, 38.5164)	(117, 38.4873)	(118, 38.5005)	(119, 38.4777)	(120, 38.4593)	(121, 38.4635)	(122, 38.4665)	(123, 38.467)	(124, 38.4744)	(125, 38.4449)	(126, 38.4643)	(127, 38.4509)	(128, 38.4259)	(129, 38.4397)	(130, 38.4248)	(131, 38.3173)	(132, 38.4051)	(133, 38.3932)	(134, 38.436)	(135, 38.4163)	(136, 38.367)	(137, 38.4338)	(138, 38.404)	(139, 38.3639)	(140, 38.3377)	(141, 38.4245)	(142, 38.3221)	(143, 38.4246)	(144, 38.4485)	(145, 38.4539)	(146, 38.4283)	(147, 38.5481)	(148, 38.6661)	(149, 38.6475)	(150, 38.5907)	(151, 38.0586)
reports | SRR30333756	(1, 38.4387)	(2, 39.018)	(3, 39.1317)	(4, 39.1842)	(5, 39.1977)	(6, 39.2222)	(7, 39.2175)	(8, 39.2085)	(9, 39.2582)	(10, 39.2377)	(11, 39.2988)	(12, 39.2093)	(13, 39.2344)	(14, 39.3129)	(15, 39.292)	(16, 39.3171)	(17, 39.3229)	(18, 39.2919)	(19, 39.3372)	(20, 39.2686)	(21, 39.2753)	(22, 39.2416)	(23, 39.3189)	(24, 39.3154)	(25, 39.3139)	(26, 39.0907)	(27, 39.0521)	(28, 39.0859)	(29, 39.0703)	(30, 39.0845)	(31, 39.0847)	(32, 39.0793)	(33, 39.0152)	(34, 39.0514)	(35, 39.0155)	(36, 39.0765)	(37, 39.0768)	(38, 39.0805)	(39, 39.067)	(40, 39.071)	(41, 39.0576)	(42, 39.0628)	(43, 39.0164)	(44, 38.9972)	(45, 39.0406)	(46, 39.0207)	(47, 38.9954)	(48, 39.0127)	(49, 39.0369)	(50, 38.9672)	(51, 38.9232)	(52, 38.9675)	(53, 38.9476)	(54, 39.0131)	(55, 39.0249)	(56, 38.9861)	(57, 39.0123)	(58, 39.0143)	(59, 38.9731)	(60, 38.9969)	(61, 38.996)	(62, 38.9831)	(63, 38.9761)	(64, 38.9346)	(65, 38.9746)	(66, 38.9582)	(67, 38.9332)	(68, 38.9568)	(69, 38.9401)	(70, 38.9416)	(71, 38.9344)	(72, 38.9161)	(73, 38.9114)	(74, 38.9062)	(75, 38.9046)	(76, 38.8912)	(77, 38.8954)	(78, 38.7763)	(79, 38.8525)	(80, 38.8522)	(81, 38.8395)	(82, 38.7853)	(83, 38.8448)	(84, 38.7782)	(85, 38.7886)	(86, 38.8355)	(87, 38.8308)	(88, 38.7921)	(89, 38.7914)	(90, 38.8046)	(91, 38.8219)	(92, 38.8057)	(93, 38.7907)	(94, 38.7691)	(95, 38.7924)	(96, 38.7636)	(97, 38.7705)	(98, 38.7633)	(99, 38.7657)	(100, 38.7626)	(101, 38.6956)	(102, 38.701)	(103, 38.6815)	(104, 38.6568)	(105, 38.6843)	(106, 38.7044)	(107, 38.7014)	(108, 38.69)	(109, 38.6947)	(110, 38.645)	(111, 38.6813)	(112, 38.6343)	(113, 38.6499)	(114, 38.6576)	(115, 38.6586)	(116, 38.6507)	(117, 38.6286)	(118, 38.6351)	(119, 38.6228)	(120, 38.5908)	(121, 38.5938)	(122, 38.5952)	(123, 38.5899)	(124, 38.603)	(125, 38.5916)	(126, 38.5833)	(127, 38.5917)	(128, 38.5607)	(129, 38.5701)	(130, 38.5454)	(131, 38.4509)	(132, 38.5371)	(133, 38.5034)	(134, 38.5503)	(135, 38.5265)	(136, 38.4735)	(137, 38.5302)	(138, 38.5148)	(139, 38.4791)	(140, 38.4408)	(141, 38.5162)	(142, 38.4091)	(143, 38.5306)	(144, 38.5198)	(145, 38.5224)	(146, 38.4737)	(147, 38.5768)	(148, 38.6744)	(149, 38.6587)	(150, 38.647)	(151, 38.1807)
reports | SRR30333757	(1, 35.5755)	(2, 35.8891)	(3, 35.9778)	(4, 35.9886)	(5, 35.9797)	(6, 36.0059)	(7, 35.9635)	(8, 36.041)	(9, 36.0799)	(10, 35.9913)	(11, 36.0813)	(12, 36.0069)	(13, 36.0479)	(14, 36.0095)	(15, 35.997)	(16, 36.0074)	(17, 35.9755)	(18, 35.981)	(19, 35.9819)	(20, 35.9828)	(21, 35.9891)	(22, 35.9704)	(23, 35.9491)	(24, 35.943)	(25, 35.9504)	(26, 35.9159)	(27, 35.9109)	(28, 35.9099)	(29, 35.9087)	(30, 35.8893)	(31, 35.8857)	(32, 35.8734)	(33, 35.873)	(34, 35.8617)	(35, 35.8366)	(36, 35.8299)	(37, 35.8436)	(38, 35.8173)	(39, 35.8249)	(40, 35.8154)	(41, 35.8033)	(42, 35.7989)	(43, 35.8047)	(44, 35.7979)	(45, 35.7728)	(46, 35.7995)	(47, 35.7669)	(48, 35.7704)	(49, 35.7628)	(50, 35.7384)	(51, 35.7233)	(52, 35.732)	(53, 35.7223)	(54, 35.7267)	(55, 35.7177)	(56, 35.6946)	(57, 35.6749)	(58, 35.6648)	(59, 35.6714)	(60, 35.6536)	(61, 35.6579)	(62, 35.6472)	(63, 35.6392)	(64, 35.6276)	(65, 35.6132)	(66, 35.6222)	(67, 35.5808)	(68, 35.5995)	(69, 35.5842)	(70, 35.5684)	(71, 35.5663)	(72, 35.544)	(73, 35.5154)	(74, 35.5301)	(75, 35.5221)	(76, 35.5085)	(77, 35.5382)	(78, 35.5026)	(79, 35.4893)	(80, 35.4485)	(81, 35.4527)	(82, 35.4593)	(83, 35.4453)	(84, 35.4285)	(85, 35.4204)	(86, 35.4154)	(87, 35.3883)	(88, 35.3889)	(89, 35.3549)	(90, 35.355)	(91, 35.3767)	(92, 35.3611)	(93, 35.3437)	(94, 35.2997)	(95, 35.282)	(96, 35.3123)	(97, 35.2984)	(98, 35.2715)	(99, 35.2431)	(100, 35.2939)	(101, 35.2314)	(102, 35.2334)	(103, 35.1948)	(104, 35.2086)	(105, 35.1788)	(106, 35.1728)	(107, 35.1693)	(108, 35.161)	(109, 35.1649)	(110, 35.0987)	(111, 35.0838)	(112, 35.0623)	(113, 35.0691)	(114, 35.0535)	(115, 35.0335)	(116, 34.9958)	(117, 34.9952)	(118, 35.0154)	(119, 34.993)	(120, 34.9553)	(121, 34.9324)	(122, 34.9382)	(123, 34.9275)	(124, 34.8707)	(125, 34.8988)	(126, 34.9077)	(127, 34.8957)	(128, 34.8683)	(129, 34.8223)	(130, 34.7561)	(131, 34.7478)	(132, 34.7636)	(133, 34.7475)	(134, 34.7489)	(135, 34.7175)	(136, 34.663)	(137, 34.6775)	(138, 34.627)	(139, 34.5869)	(140, 34.6441)	(141, 34.5872)	(142, 34.5125)	(143, 34.5856)	(144, 34.5567)	(145, 34.5238)	(146, 34.5076)	(147, 34.5531)	(148, 34.632)	(149, 34.5529)	(150, 34.4767)	(151, 33.7715)
reports | SRR30333758	(1, 35.403)	(2, 35.8707)	(3, 35.9566)	(4, 35.9611)	(5, 35.9748)	(6, 35.9788)	(7, 35.9749)	(8, 36.0309)	(9, 36.0462)	(10, 35.9984)	(11, 36.0627)	(12, 36.0114)	(13, 36.0348)	(14, 36.0089)	(15, 36.0021)	(16, 36.0106)	(17, 35.9887)	(18, 35.991)	(19, 35.9944)	(20, 35.9999)	(21, 36.0051)	(22, 35.985)	(23, 35.9617)	(24, 35.9598)	(25, 35.9595)	(26, 35.9289)	(27, 35.9278)	(28, 35.9287)	(29, 35.9223)	(30, 35.8979)	(31, 35.8982)	(32, 35.8889)	(33, 35.8851)	(34, 35.8781)	(35, 35.853)	(36, 35.8432)	(37, 35.8391)	(38, 35.8336)	(39, 35.84)	(40, 35.8312)	(41, 35.8251)	(42, 35.8195)	(43, 35.8265)	(44, 35.82)	(45, 35.7866)	(46, 35.8204)	(47, 35.7893)	(48, 35.779)	(49, 35.7748)	(50, 35.7562)	(51, 35.7568)	(52, 35.7557)	(53, 35.7295)	(54, 35.7421)	(55, 35.7407)	(56, 35.7215)	(57, 35.699)	(58, 35.6907)	(59, 35.6845)	(60, 35.6881)	(61, 35.6927)	(62, 35.6649)	(63, 35.6761)	(64, 35.6478)	(65, 35.6529)	(66, 35.6357)	(67, 35.6221)	(68, 35.6285)	(69, 35.617)	(70, 35.592)	(71, 35.5994)	(72, 35.577)	(73, 35.5584)	(74, 35.5677)	(75, 35.5523)	(76, 35.5462)	(77, 35.5623)	(78, 35.532)	(79, 35.5185)	(80, 35.4861)	(81, 35.4885)	(82, 35.4884)	(83, 35.479)	(84, 35.4531)	(85, 35.4689)	(86, 35.4789)	(87, 35.4282)	(88, 35.4049)	(89, 35.3984)	(90, 35.3885)	(91, 35.4067)	(92, 35.3977)	(93, 35.3749)	(94, 35.33)	(95, 35.3339)	(96, 35.3604)	(97, 35.3406)	(98, 35.3392)	(99, 35.2991)	(100, 35.3284)	(101, 35.2642)	(102, 35.2495)	(103, 35.2519)	(104, 35.2581)	(105, 35.2642)	(106, 35.2253)	(107, 35.2014)	(108, 35.221)	(109, 35.2085)	(110, 35.1479)	(111, 35.1267)	(112, 35.1061)	(113, 35.1198)	(114, 35.1558)	(115, 35.1301)	(116, 35.0337)	(117, 35.0441)	(118, 35.0823)	(119, 35.0348)	(120, 34.9889)	(121, 35.0076)	(122, 35.0207)	(123, 35.0266)	(124, 34.9405)	(125, 34.9451)	(126, 34.9707)	(127, 34.9556)	(128, 34.8983)	(129, 34.8598)	(130, 34.8416)	(131, 34.8068)	(132, 34.7911)	(133, 34.8106)	(134, 34.8242)	(135, 34.7778)	(136, 34.7672)	(137, 34.7783)	(138, 34.7388)	(139, 34.688)	(140, 34.7049)	(141, 34.6602)	(142, 34.6136)	(143, 34.6524)	(144, 34.6569)	(145, 34.7001)	(146, 34.6219)	(147, 34.6612)	(148, 34.7674)	(149, 34.6634)	(150, 34.5787)	(151, 33.8295)
reports | SRR30333759	(1, 35.5949)	(2, 35.9873)	(3, 36.031)	(4, 36.0368)	(5, 36.0276)	(6, 36.0422)	(7, 36.0202)	(8, 36.0926)	(9, 36.1229)	(10, 36.04)	(11, 36.122)	(12, 36.0611)	(13, 36.0881)	(14, 36.0532)	(15, 36.0419)	(16, 36.0517)	(17, 36.0246)	(18, 36.0276)	(19, 36.0315)	(20, 36.032)	(21, 36.0377)	(22, 36.0187)	(23, 35.9921)	(24, 35.9903)	(25, 35.9919)	(26, 35.959)	(27, 35.9548)	(28, 35.9525)	(29, 35.9539)	(30, 35.9287)	(31, 35.9293)	(32, 35.9156)	(33, 35.9169)	(34, 35.9039)	(35, 35.8789)	(36, 35.8694)	(37, 35.8767)	(38, 35.8586)	(39, 35.8684)	(40, 35.8618)	(41, 35.8486)	(42, 35.8446)	(43, 35.8488)	(44, 35.8422)	(45, 35.8168)	(46, 35.8422)	(47, 35.8085)	(48, 35.8084)	(49, 35.8049)	(50, 35.7766)	(51, 35.7662)	(52, 35.7767)	(53, 35.7543)	(54, 35.7589)	(55, 35.7574)	(56, 35.7417)	(57, 35.7182)	(58, 35.7069)	(59, 35.7122)	(60, 35.6993)	(61, 35.6985)	(62, 35.6844)	(63, 35.6787)	(64, 35.668)	(65, 35.6562)	(66, 35.6554)	(67, 35.6234)	(68, 35.6424)	(69, 35.6252)	(70, 35.6066)	(71, 35.6039)	(72, 35.5852)	(73, 35.5603)	(74, 35.5675)	(75, 35.5655)	(76, 35.5539)	(77, 35.5744)	(78, 35.5357)	(79, 35.5297)	(80, 35.4865)	(81, 35.4953)	(82, 35.4985)	(83, 35.4865)	(84, 35.4681)	(85, 35.4628)	(86, 35.458)	(87, 35.4296)	(88, 35.4211)	(89, 35.403)	(90, 35.3912)	(91, 35.4139)	(92, 35.4074)	(93, 35.3838)	(94, 35.3374)	(95, 35.3226)	(96, 35.3531)	(97, 35.3409)	(98, 35.316)	(99, 35.2791)	(100, 35.3284)	(101, 35.2662)	(102, 35.2603)	(103, 35.2377)	(104, 35.2454)	(105, 35.2235)	(106, 35.2159)	(107, 35.1998)	(108, 35.1953)	(109, 35.2027)	(110, 35.1412)	(111, 35.1162)	(112, 35.0963)	(113, 35.114)	(114, 35.1038)	(115, 35.0795)	(116, 35.0288)	(117, 35.0345)	(118, 35.0528)	(119, 35.0311)	(120, 34.9857)	(121, 34.9708)	(122, 34.9826)	(123, 34.979)	(124, 34.9111)	(125, 34.9325)	(126, 34.9397)	(127, 34.9329)	(128, 34.8942)	(129, 34.8548)	(130, 34.8007)	(131, 34.7884)	(132, 34.7901)	(133, 34.7892)	(134, 34.7893)	(135, 34.7599)	(136, 34.7176)	(137, 34.718)	(138, 34.6794)	(139, 34.625)	(140, 34.6777)	(141, 34.6243)	(142, 34.544)	(143, 34.6154)	(144, 34.5991)	(145, 34.5895)	(146, 34.5554)	(147, 34.5886)	(148, 34.6663)	(149, 34.5816)	(150, 34.5087)	(151, 33.8073)
reports | SRR30333760	(1, 35.3973)	(2, 35.8221)	(3, 35.8581)	(4, 35.8358)	(5, 35.8634)	(6, 35.889)	(7, 35.8337)	(8, 35.9262)	(9, 35.9536)	(10, 35.8714)	(11, 35.9435)	(12, 35.884)	(13, 35.9211)	(14, 35.8718)	(15, 35.8596)	(16, 35.8821)	(17, 35.8722)	(18, 35.8716)	(19, 35.8691)	(20, 35.8717)	(21, 35.8835)	(22, 35.8609)	(23, 35.8409)	(24, 35.8295)	(25, 35.8301)	(26, 35.7866)	(27, 35.7791)	(28, 35.7862)	(29, 35.7801)	(30, 35.768)	(31, 35.7645)	(32, 35.7509)	(33, 35.7495)	(34, 35.7414)	(35, 35.7156)	(36, 35.7169)	(37, 35.7276)	(38, 35.6969)	(39, 35.7088)	(40, 35.7073)	(41, 35.685)	(42, 35.6892)	(43, 35.6945)	(44, 35.6713)	(45, 35.6631)	(46, 35.6963)	(47, 35.6512)	(48, 35.661)	(49, 35.6554)	(50, 35.6303)	(51, 35.6145)	(52, 35.6398)	(53, 35.6275)	(54, 35.5944)	(55, 35.5981)	(56, 35.59)	(57, 35.5627)	(58, 35.5521)	(59, 35.5696)	(60, 35.5366)	(61, 35.5402)	(62, 35.5475)	(63, 35.5278)	(64, 35.5393)	(65, 35.5226)	(66, 35.5216)	(67, 35.4821)	(68, 35.4922)	(69, 35.4757)	(70, 35.4635)	(71, 35.4555)	(72, 35.4419)	(73, 35.4198)	(74, 35.4237)	(75, 35.4085)	(76, 35.4028)	(77, 35.4154)	(78, 35.386)	(79, 35.3941)	(80, 35.3536)	(81, 35.3535)	(82, 35.3608)	(83, 35.3519)	(84, 35.3458)	(85, 35.3197)	(86, 35.32)	(87, 35.2887)	(88, 35.292)	(89, 35.2489)	(90, 35.2709)	(91, 35.2812)	(92, 35.2593)	(93, 35.2348)	(94, 35.1844)	(95, 35.1778)	(96, 35.2054)	(97, 35.2124)	(98, 35.1837)	(99, 35.1346)	(100, 35.1933)	(101, 35.1507)	(102, 35.1404)	(103, 35.1085)	(104, 35.1129)	(105, 35.0952)	(106, 35.0677)	(107, 35.0517)	(108, 35.0524)	(109, 35.0504)	(110, 35.0008)	(111, 35.0076)	(112, 34.9923)	(113, 34.9943)	(114, 34.9685)	(115, 34.9467)	(116, 34.9077)	(117, 34.9017)	(118, 34.9123)	(119, 34.8928)	(120, 34.8669)	(121, 34.8365)	(122, 34.8256)	(123, 34.8046)	(124, 34.7639)	(125, 34.7825)	(126, 34.7736)	(127, 34.8057)	(128, 34.7871)	(129, 34.7183)	(130, 34.6817)	(131, 34.6981)	(132, 34.7003)	(133, 34.6446)	(134, 34.6448)	(135, 34.6293)	(136, 34.5953)	(137, 34.6054)	(138, 34.554)	(139, 34.4943)	(140, 34.5611)	(141, 34.5278)	(142, 34.4167)	(143, 34.4984)	(144, 34.4932)	(145, 34.4625)	(146, 34.4325)	(147, 34.4493)	(148, 34.5558)	(149, 34.4908)	(150, 34.3943)	(151, 33.6856)
reports | SRR30333761	(1, 35.7382)	(2, 36.0074)	(3, 36.0575)	(4, 36.0604)	(5, 36.0461)	(6, 36.0687)	(7, 36.0419)	(8, 36.122)	(9, 36.1504)	(10, 36.0566)	(11, 36.1515)	(12, 36.0908)	(13, 36.1162)	(14, 36.0783)	(15, 36.0673)	(16, 36.0832)	(17, 36.0579)	(18, 36.0528)	(19, 36.0605)	(20, 36.0619)	(21, 36.0616)	(22, 36.0431)	(23, 36.0208)	(24, 36.0148)	(25, 36.0204)	(26, 35.9925)	(27, 35.9848)	(28, 35.989)	(29, 35.9824)	(30, 35.9584)	(31, 35.9623)	(32, 35.9514)	(33, 35.9497)	(34, 35.9332)	(35, 35.9111)	(36, 35.907)	(37, 35.9144)	(38, 35.8973)	(39, 35.9059)	(40, 35.8966)	(41, 35.8867)	(42, 35.8838)	(43, 35.8898)	(44, 35.881)	(45, 35.8591)	(46, 35.8848)	(47, 35.8537)	(48, 35.8485)	(49, 35.842)	(50, 35.8188)	(51, 35.8089)	(52, 35.8134)	(53, 35.8037)	(54, 35.8058)	(55, 35.8)	(56, 35.7775)	(57, 35.7606)	(58, 35.7519)	(59, 35.7593)	(60, 35.7376)	(61, 35.7406)	(62, 35.7298)	(63, 35.7263)	(64, 35.7139)	(65, 35.7082)	(66, 35.7075)	(67, 35.6698)	(68, 35.6913)	(69, 35.6767)	(70, 35.6547)	(71, 35.6508)	(72, 35.6296)	(73, 35.6054)	(74, 35.6155)	(75, 35.6111)	(76, 35.5946)	(77, 35.6248)	(78, 35.5905)	(79, 35.5789)	(80, 35.5381)	(81, 35.547)	(82, 35.5502)	(83, 35.5359)	(84, 35.5281)	(85, 35.5156)	(86, 35.5076)	(87, 35.4783)	(88, 35.488)	(89, 35.4518)	(90, 35.4521)	(91, 35.4651)	(92, 35.4555)	(93, 35.4442)	(94, 35.3956)	(95, 35.3799)	(96, 35.4036)	(97, 35.3993)	(98, 35.3777)	(99, 35.3459)	(100, 35.3919)	(101, 35.3304)	(102, 35.3247)	(103, 35.2995)	(104, 35.3091)	(105, 35.2791)	(106, 35.267)	(107, 35.2684)	(108, 35.2547)	(109, 35.2657)	(110, 35.2099)	(111, 35.1818)	(112, 35.1661)	(113, 35.179)	(114, 35.1663)	(115, 35.1474)	(116, 35.1017)	(117, 35.1035)	(118, 35.1188)	(119, 35.097)	(120, 35.0536)	(121, 35.0349)	(122, 35.0575)	(123, 35.0486)	(124, 34.9837)	(125, 35.0061)	(126, 35.0028)	(127, 35.0037)	(128, 34.9828)	(129, 34.9324)	(130, 34.8797)	(131, 34.8635)	(132, 34.8723)	(133, 34.8639)	(134, 34.8761)	(135, 34.8358)	(136, 34.7813)	(137, 34.7991)	(138, 34.7595)	(139, 34.7045)	(140, 34.7623)	(141, 34.7092)	(142, 34.6285)	(143, 34.7034)	(144, 34.68)	(145, 34.6702)	(146, 34.6377)	(147, 34.6682)	(148, 34.7579)	(149, 34.6833)	(150, 34.5894)	(151, 33.8747)
reports | SRR30333762	(1, 35.5163)	(2, 35.8532)	(3, 35.908)	(4, 35.8873)	(5, 35.928)	(6, 35.9458)	(7, 35.8789)	(8, 35.9827)	(9, 36.0166)	(10, 35.9384)	(11, 36.0221)	(12, 35.9464)	(13, 35.996)	(14, 35.9475)	(15, 35.9357)	(16, 35.9613)	(17, 35.9429)	(18, 35.944)	(19, 35.9403)	(20, 35.9448)	(21, 35.9585)	(22, 35.9383)	(23, 35.9174)	(24, 35.9063)	(25, 35.9093)	(26, 35.8619)	(27, 35.8595)	(28, 35.8612)	(29, 35.8591)	(30, 35.8459)	(31, 35.8396)	(32, 35.8244)	(33, 35.8269)	(34, 35.8213)	(35, 35.7939)	(36, 35.7923)	(37, 35.8062)	(38, 35.778)	(39, 35.7894)	(40, 35.7865)	(41, 35.772)	(42, 35.7756)	(43, 35.7801)	(44, 35.7607)	(45, 35.7478)	(46, 35.7873)	(47, 35.7453)	(48, 35.7511)	(49, 35.7444)	(50, 35.7229)	(51, 35.705)	(52, 35.7281)	(53, 35.7157)	(54, 35.6897)	(55, 35.6902)	(56, 35.6743)	(57, 35.6513)	(58, 35.6446)	(59, 35.6593)	(60, 35.6316)	(61, 35.6387)	(62, 35.6379)	(63, 35.6249)	(64, 35.6294)	(65, 35.6165)	(66, 35.6116)	(67, 35.5745)	(68, 35.5841)	(69, 35.5683)	(70, 35.5571)	(71, 35.551)	(72, 35.5363)	(73, 35.5159)	(74, 35.5266)	(75, 35.505)	(76, 35.4981)	(77, 35.5151)	(78, 35.4888)	(79, 35.4928)	(80, 35.4508)	(81, 35.4526)	(82, 35.4574)	(83, 35.4491)	(84, 35.4441)	(85, 35.4176)	(86, 35.4191)	(87, 35.3904)	(88, 35.393)	(89, 35.3533)	(90, 35.3723)	(91, 35.3844)	(92, 35.3651)	(93, 35.3442)	(94, 35.2976)	(95, 35.2849)	(96, 35.3106)	(97, 35.3161)	(98, 35.2892)	(99, 35.2458)	(100, 35.3029)	(101, 35.2634)	(102, 35.2506)	(103, 35.2163)	(104, 35.2225)	(105, 35.208)	(106, 35.1801)	(107, 35.1677)	(108, 35.165)	(109, 35.1634)	(110, 35.1114)	(111, 35.1168)	(112, 35.1064)	(113, 35.1098)	(114, 35.0829)	(115, 35.0663)	(116, 35.0303)	(117, 35.0171)	(118, 35.0328)	(119, 35.0153)	(120, 34.9817)	(121, 34.9611)	(122, 34.9528)	(123, 34.9299)	(124, 34.8856)	(125, 34.9067)	(126, 34.9035)	(127, 34.9284)	(128, 34.9069)	(129, 34.8415)	(130, 34.803)	(131, 34.8189)	(132, 34.8203)	(133, 34.7693)	(134, 34.7757)	(135, 34.7505)	(136, 34.7152)	(137, 34.7355)	(138, 34.6845)	(139, 34.6309)	(140, 34.6932)	(141, 34.6541)	(142, 34.5546)	(143, 34.6359)	(144, 34.6227)	(145, 34.5977)	(146, 34.5672)	(147, 34.5862)	(148, 34.6823)	(149, 34.6249)	(150, 34.5275)	(151, 33.8389)
reports | SRR30333763	(1, 35.3383)	(2, 35.8734)	(3, 35.9164)	(4, 35.9063)	(5, 35.9459)	(6, 35.9764)	(7, 35.8869)	(8, 35.994)	(9, 36.0305)	(10, 35.9524)	(11, 36.0262)	(12, 35.9466)	(13, 36.0037)	(14, 35.9501)	(15, 35.9349)	(16, 35.9627)	(17, 35.9496)	(18, 35.9577)	(19, 35.9422)	(20, 35.9473)	(21, 35.9694)	(22, 35.9466)	(23, 35.9312)	(24, 35.9152)	(25, 35.9183)	(26, 35.8692)	(27, 35.8619)	(28, 35.8655)	(29, 35.8632)	(30, 35.8568)	(31, 35.8454)	(32, 35.8267)	(33, 35.8369)	(34, 35.83)	(35, 35.8046)	(36, 35.8066)	(37, 35.8258)	(38, 35.7868)	(39, 35.7972)	(40, 35.7988)	(41, 35.7741)	(42, 35.7857)	(43, 35.7849)	(44, 35.7587)	(45, 35.7583)	(46, 35.7916)	(47, 35.7488)	(48, 35.765)	(49, 35.7594)	(50, 35.7328)	(51, 35.7069)	(52, 35.7415)	(53, 35.7363)	(54, 35.6896)	(55, 35.6928)	(56, 35.6918)	(57, 35.6612)	(58, 35.653)	(59, 35.6766)	(60, 35.6352)	(61, 35.6366)	(62, 35.6552)	(63, 35.6264)	(64, 35.6504)	(65, 35.6274)	(66, 35.6295)	(67, 35.5845)	(68, 35.5974)	(69, 35.5802)	(70, 35.5747)	(71, 35.5627)	(72, 35.549)	(73, 35.5279)	(74, 35.534)	(75, 35.5151)	(76, 35.5119)	(77, 35.5248)	(78, 35.4959)	(79, 35.5124)	(80, 35.4718)	(81, 35.4696)	(82, 35.477)	(83, 35.4711)	(84, 35.4685)	(85, 35.4305)	(86, 35.4282)	(87, 35.4065)	(88, 35.4184)	(89, 35.3691)	(90, 35.4015)	(91, 35.4063)	(92, 35.3827)	(93, 35.3553)	(94, 35.3074)	(95, 35.2963)	(96, 35.328)	(97, 35.3384)	(98, 35.3009)	(99, 35.252)	(100, 35.3211)	(101, 35.2879)	(102, 35.2825)	(103, 35.2333)	(104, 35.2383)	(105, 35.213)	(106, 35.193)	(107, 35.1852)	(108, 35.177)	(109, 35.1787)	(110, 35.1347)	(111, 35.1505)	(112, 35.1411)	(113, 35.1369)	(114, 35.0887)	(115, 35.0712)	(116, 35.0552)	(117, 35.0391)	(118, 35.0408)	(119, 35.0375)	(120, 35.0162)	(121, 34.97)	(122, 34.9532)	(123, 34.9207)	(124, 34.8992)	(125, 34.9223)	(126, 34.9062)	(127, 34.9479)	(128, 34.9415)	(129, 34.8678)	(130, 34.8273)	(131, 34.8603)	(132, 34.8772)	(133, 34.7912)	(134, 34.7812)	(135, 34.7841)	(136, 34.7383)	(137, 34.7487)	(138, 34.6908)	(139, 34.6366)	(140, 34.7159)	(141, 34.6925)	(142, 34.5718)	(143, 34.6616)	(144, 34.6464)	(145, 34.5913)	(146, 34.579)	(147, 34.5873)	(148, 34.6794)	(149, 34.6295)	(150, 34.5383)	(151, 33.8538)
reports | SRR30333764	(1, 35.4736)	(2, 35.928)	(3, 35.9561)	(4, 35.9483)	(5, 35.9799)	(6, 36.0016)	(7, 35.9444)	(8, 36.0354)	(9, 36.062)	(10, 35.9837)	(11, 36.0611)	(12, 35.9912)	(13, 36.0384)	(14, 35.9897)	(15, 35.9758)	(16, 36.0021)	(17, 35.9871)	(18, 35.9888)	(19, 35.9792)	(20, 35.9865)	(21, 36.0005)	(22, 35.9801)	(23, 35.9611)	(24, 35.9493)	(25, 35.9526)	(26, 35.9058)	(27, 35.9034)	(28, 35.9081)	(29, 35.9031)	(30, 35.8885)	(31, 35.8805)	(32, 35.8651)	(33, 35.8712)	(34, 35.8631)	(35, 35.8366)	(36, 35.8372)	(37, 35.85)	(38, 35.8215)	(39, 35.8311)	(40, 35.8287)	(41, 35.811)	(42, 35.8154)	(43, 35.8192)	(44, 35.7977)	(45, 35.7856)	(46, 35.8226)	(47, 35.7812)	(48, 35.7893)	(49, 35.7846)	(50, 35.7586)	(51, 35.7405)	(52, 35.767)	(53, 35.7568)	(54, 35.7243)	(55, 35.7305)	(56, 35.7178)	(57, 35.6923)	(58, 35.6848)	(59, 35.699)	(60, 35.6687)	(61, 35.6743)	(62, 35.6775)	(63, 35.662)	(64, 35.6708)	(65, 35.6559)	(66, 35.6507)	(67, 35.6124)	(68, 35.6251)	(69, 35.6109)	(70, 35.5989)	(71, 35.5922)	(72, 35.5745)	(73, 35.5555)	(74, 35.5615)	(75, 35.5426)	(76, 35.5404)	(77, 35.5534)	(78, 35.5256)	(79, 35.5316)	(80, 35.4904)	(81, 35.4914)	(82, 35.4984)	(83, 35.49)	(84, 35.4822)	(85, 35.4588)	(86, 35.4579)	(87, 35.4291)	(88, 35.4333)	(89, 35.3918)	(90, 35.4132)	(91, 35.4205)	(92, 35.4024)	(93, 35.3777)	(94, 35.3319)	(95, 35.3211)	(96, 35.3493)	(97, 35.3549)	(98, 35.3273)	(99, 35.2785)	(100, 35.3388)	(101, 35.2977)	(102, 35.2866)	(103, 35.2521)	(104, 35.2595)	(105, 35.2401)	(106, 35.2132)	(107, 35.2041)	(108, 35.1991)	(109, 35.1986)	(110, 35.1485)	(111, 35.1518)	(112, 35.1407)	(113, 35.1452)	(114, 35.1199)	(115, 35.0993)	(116, 35.0616)	(117, 35.0526)	(118, 35.0667)	(119, 35.0462)	(120, 35.0172)	(121, 34.9898)	(122, 34.9849)	(123, 34.9622)	(124, 34.9213)	(125, 34.9396)	(126, 34.9301)	(127, 34.9635)	(128, 34.9432)	(129, 34.8781)	(130, 34.8387)	(131, 34.8563)	(132, 34.8627)	(133, 34.8039)	(134, 34.8119)	(135, 34.7891)	(136, 34.7539)	(137, 34.7737)	(138, 34.7175)	(139, 34.6631)	(140, 34.7255)	(141, 34.6916)	(142, 34.5902)	(143, 34.6711)	(144, 34.6563)	(145, 34.6301)	(146, 34.5995)	(147, 34.6159)	(148, 34.7096)	(149, 34.6508)	(150, 34.5539)	(151, 33.8461)
reports | SRR30333765	(1, 35.5471)	(2, 35.8943)	(3, 35.9753)	(4, 35.9702)	(5, 35.9561)	(6, 35.9804)	(7, 35.9487)	(8, 36.0299)	(9, 36.0638)	(10, 35.9665)	(11, 36.0647)	(12, 35.9962)	(13, 36.0298)	(14, 35.9907)	(15, 35.9793)	(16, 35.9948)	(17, 35.9662)	(18, 35.9632)	(19, 35.9668)	(20, 35.9669)	(21, 35.9728)	(22, 35.9544)	(23, 35.9337)	(24, 35.9282)	(25, 35.9359)	(26, 35.9017)	(27, 35.8937)	(28, 35.8978)	(29, 35.8923)	(30, 35.8696)	(31, 35.8703)	(32, 35.8597)	(33, 35.8573)	(34, 35.8419)	(35, 35.8141)	(36, 35.8105)	(37, 35.8204)	(38, 35.7994)	(39, 35.8104)	(40, 35.7996)	(41, 35.7883)	(42, 35.783)	(43, 35.7902)	(44, 35.7792)	(45, 35.7524)	(46, 35.7832)	(47, 35.749)	(48, 35.7491)	(49, 35.7404)	(50, 35.7161)	(51, 35.7088)	(52, 35.7128)	(53, 35.7027)	(54, 35.7049)	(55, 35.6984)	(56, 35.671)	(57, 35.6538)	(58, 35.6445)	(59, 35.6526)	(60, 35.6305)	(61, 35.6386)	(62, 35.6252)	(63, 35.6219)	(64, 35.6092)	(65, 35.5991)	(66, 35.5984)	(67, 35.5573)	(68, 35.5783)	(69, 35.5632)	(70, 35.5413)	(71, 35.5384)	(72, 35.5176)	(73, 35.49)	(74, 35.5045)	(75, 35.4974)	(76, 35.4809)	(77, 35.5126)	(78, 35.4792)	(79, 35.4639)	(80, 35.4172)	(81, 35.4282)	(82, 35.4315)	(83, 35.4184)	(84, 35.4085)	(85, 35.3952)	(86, 35.3856)	(87, 35.3579)	(88, 35.3668)	(89, 35.3277)	(90, 35.3273)	(91, 35.3444)	(92, 35.3327)	(93, 35.3211)	(94, 35.2723)	(95, 35.2562)	(96, 35.2809)	(97, 35.2742)	(98, 35.2522)	(99, 35.2189)	(100, 35.2703)	(101, 35.2059)	(102, 35.2006)	(103, 35.1726)	(104, 35.1819)	(105, 35.1565)	(106, 35.1423)	(107, 35.1391)	(108, 35.1296)	(109, 35.1377)	(110, 35.0759)	(111, 35.0518)	(112, 35.0374)	(113, 35.0501)	(114, 35.0312)	(115, 35.0157)	(116, 34.9718)	(117, 34.9713)	(118, 34.9926)	(119, 34.9676)	(120, 34.9201)	(121, 34.9065)	(122, 34.9242)	(123, 34.9126)	(124, 34.8418)	(125, 34.8702)	(126, 34.8737)	(127, 34.8693)	(128, 34.8475)	(129, 34.7929)	(130, 34.7392)	(131, 34.7246)	(132, 34.7334)	(133, 34.7228)	(134, 34.7359)	(135, 34.6869)	(136, 34.6358)	(137, 34.659)	(138, 34.6177)	(139, 34.5661)	(140, 34.6264)	(141, 34.5623)	(142, 34.4801)	(143, 34.5628)	(144, 34.5354)	(145, 34.522)	(146, 34.4893)	(147, 34.5258)	(148, 34.6149)	(149, 34.5426)	(150, 34.451)	(151, 33.7513)
reports | SRR30333766	(1, 35.4151)	(2, 35.8772)	(3, 35.9283)	(4, 35.9608)	(5, 35.9926)	(6, 36.0221)	(7, 35.9579)	(8, 36.0458)	(9, 36.0777)	(10, 36.014)	(11, 36.0774)	(12, 36.0093)	(13, 36.059)	(14, 36.0137)	(15, 36.001)	(16, 36.0206)	(17, 36.0062)	(18, 36.0115)	(19, 36.0068)	(20, 36.0143)	(21, 36.0242)	(22, 36.0035)	(23, 35.9885)	(24, 35.9732)	(25, 35.9731)	(26, 35.9319)	(27, 35.9273)	(28, 35.9302)	(29, 35.9247)	(30, 35.9159)	(31, 35.9076)	(32, 35.8897)	(33, 35.8944)	(34, 35.8887)	(35, 35.868)	(36, 35.8643)	(37, 35.8741)	(38, 35.8456)	(39, 35.8532)	(40, 35.8532)	(41, 35.8314)	(42, 35.8415)	(43, 35.8419)	(44, 35.8233)	(45, 35.8141)	(46, 35.8424)	(47, 35.8008)	(48, 35.8069)	(49, 35.8072)	(50, 35.7862)	(51, 35.7652)	(52, 35.7896)	(53, 35.7779)	(54, 35.7503)	(55, 35.7534)	(56, 35.747)	(57, 35.7229)	(58, 35.7096)	(59, 35.7237)	(60, 35.6981)	(61, 35.6987)	(62, 35.7021)	(63, 35.6864)	(64, 35.6927)	(65, 35.6782)	(66, 35.6777)	(67, 35.6441)	(68, 35.6538)	(69, 35.6366)	(70, 35.6275)	(71, 35.6215)	(72, 35.6024)	(73, 35.5843)	(74, 35.5893)	(75, 35.574)	(76, 35.5665)	(77, 35.5802)	(78, 35.5503)	(79, 35.5572)	(80, 35.5287)	(81, 35.5217)	(82, 35.5299)	(83, 35.5216)	(84, 35.5096)	(85, 35.4906)	(86, 35.497)	(87, 35.4617)	(88, 35.4601)	(89, 35.4248)	(90, 35.4427)	(91, 35.4525)	(92, 35.4337)	(93, 35.4003)	(94, 35.3593)	(95, 35.3561)	(96, 35.3869)	(97, 35.3867)	(98, 35.3568)	(99, 35.3128)	(100, 35.3617)	(101, 35.3222)	(102, 35.3194)	(103, 35.287)	(104, 35.2905)	(105, 35.2751)	(106, 35.2522)	(107, 35.241)	(108, 35.2429)	(109, 35.2326)	(110, 35.184)	(111, 35.1882)	(112, 35.1729)	(113, 35.1694)	(114, 35.1587)	(115, 35.1364)	(116, 35.0937)	(117, 35.0862)	(118, 35.0991)	(119, 35.083)	(120, 35.0605)	(121, 35.0297)	(122, 35.0159)	(123, 35.0001)	(124, 34.9677)	(125, 34.9793)	(126, 34.9783)	(127, 35.0015)	(128, 34.9784)	(129, 34.9189)	(130, 34.8833)	(131, 34.8871)	(132, 34.9028)	(133, 34.8539)	(134, 34.8411)	(135, 34.839)	(136, 34.8072)	(137, 34.8123)	(138, 34.7563)	(139, 34.7045)	(140, 34.7606)	(141, 34.7326)	(142, 34.6414)	(143, 34.7101)	(144, 34.7042)	(145, 34.673)	(146, 34.6417)	(147, 34.6731)	(148, 34.7631)	(149, 34.683)	(150, 34.6021)	(151, 33.8862)
reports | SRR30333767	(1, 35.4228)	(2, 35.8663)	(3, 35.9077)	(4, 35.8826)	(5, 35.9125)	(6, 35.9327)	(7, 35.8838)	(8, 35.9793)	(9, 36.0028)	(10, 35.9198)	(11, 35.9978)	(12, 35.9393)	(13, 35.9742)	(14, 35.9261)	(15, 35.9171)	(16, 35.9392)	(17, 35.9287)	(18, 35.9236)	(19, 35.9223)	(20, 35.9241)	(21, 35.9368)	(22, 35.9134)	(23, 35.8942)	(24, 35.8827)	(25, 35.8875)	(26, 35.8444)	(27, 35.8382)	(28, 35.8439)	(29, 35.837)	(30, 35.8216)	(31, 35.8185)	(32, 35.8053)	(33, 35.8069)	(34, 35.7961)	(35, 35.7719)	(36, 35.7737)	(37, 35.7839)	(38, 35.7556)	(39, 35.7686)	(40, 35.764)	(41, 35.7438)	(42, 35.7482)	(43, 35.7504)	(44, 35.7317)	(45, 35.7191)	(46, 35.7579)	(47, 35.7156)	(48, 35.7211)	(49, 35.7162)	(50, 35.6923)	(51, 35.6746)	(52, 35.6962)	(53, 35.6859)	(54, 35.659)	(55, 35.6625)	(56, 35.6466)	(57, 35.6228)	(58, 35.6159)	(59, 35.6299)	(60, 35.6011)	(61, 35.6064)	(62, 35.608)	(63, 35.5923)	(64, 35.598)	(65, 35.5841)	(66, 35.5805)	(67, 35.5448)	(68, 35.5542)	(69, 35.5386)	(70, 35.5258)	(71, 35.5219)	(72, 35.5056)	(73, 35.4817)	(74, 35.4903)	(75, 35.4711)	(76, 35.4662)	(77, 35.4828)	(78, 35.4542)	(79, 35.459)	(80, 35.4183)	(81, 35.4175)	(82, 35.4238)	(83, 35.4163)	(84, 35.4079)	(85, 35.3835)	(86, 35.3844)	(87, 35.3555)	(88, 35.3584)	(89, 35.3206)	(90, 35.337)	(91, 35.3472)	(92, 35.3277)	(93, 35.3057)	(94, 35.2568)	(95, 35.2478)	(96, 35.2748)	(97, 35.2799)	(98, 35.2539)	(99, 35.207)	(100, 35.2661)	(101, 35.2262)	(102, 35.2117)	(103, 35.1791)	(104, 35.1858)	(105, 35.1688)	(106, 35.1415)	(107, 35.1271)	(108, 35.1274)	(109, 35.1235)	(110, 35.074)	(111, 35.0795)	(112, 35.0672)	(113, 35.0707)	(114, 35.0456)	(115, 35.025)	(116, 34.9885)	(117, 34.9748)	(118, 34.9935)	(119, 34.9736)	(120, 34.9416)	(121, 34.9212)	(122, 34.9141)	(123, 34.8906)	(124, 34.8435)	(125, 34.8645)	(126, 34.8597)	(127, 34.886)	(128, 34.8668)	(129, 34.8013)	(130, 34.762)	(131, 34.7773)	(132, 34.7795)	(133, 34.7295)	(134, 34.7352)	(135, 34.7136)	(136, 34.6738)	(137, 34.6932)	(138, 34.6431)	(139, 34.5894)	(140, 34.6514)	(141, 34.6108)	(142, 34.5116)	(143, 34.5935)	(144, 34.5816)	(145, 34.5589)	(146, 34.5266)	(147, 34.543)	(148, 34.6449)	(149, 34.5871)	(150, 34.4878)	(151, 33.7828)
reports | SRR30333768	(1, 35.2811)	(2, 35.7451)	(3, 35.8082)	(4, 35.8115)	(5, 35.8225)	(6, 35.8246)	(7, 35.8009)	(8, 35.8833)	(9, 35.8997)	(10, 35.8254)	(11, 35.9149)	(12, 35.843)	(13, 35.8818)	(14, 35.849)	(15, 35.84)	(16, 35.8594)	(17, 35.8288)	(18, 35.814)	(19, 35.8334)	(20, 35.8313)	(21, 35.8381)	(22, 35.8151)	(23, 35.7896)	(24, 35.7918)	(25, 35.8028)	(26, 35.7542)	(27, 35.7613)	(28, 35.7671)	(29, 35.7581)	(30, 35.7283)	(31, 35.7268)	(32, 35.7199)	(33, 35.7129)	(34, 35.7092)	(35, 35.6689)	(36, 35.6694)	(37, 35.6755)	(38, 35.6578)	(39, 35.6638)	(40, 35.6475)	(41, 35.6465)	(42, 35.6416)	(43, 35.6526)	(44, 35.6503)	(45, 35.6025)	(46, 35.6585)	(47, 35.6119)	(48, 35.615)	(49, 35.5974)	(50, 35.583)	(51, 35.5774)	(52, 35.5755)	(53, 35.5606)	(54, 35.5864)	(55, 35.5772)	(56, 35.5113)	(57, 35.5026)	(58, 35.5039)	(59, 35.4975)	(60, 35.4968)	(61, 35.5179)	(62, 35.483)	(63, 35.5026)	(64, 35.4724)	(65, 35.4666)	(66, 35.4548)	(67, 35.4291)	(68, 35.4282)	(69, 35.4184)	(70, 35.3973)	(71, 35.4116)	(72, 35.3772)	(73, 35.3574)	(74, 35.3815)	(75, 35.3489)	(76, 35.3325)	(77, 35.3787)	(78, 35.3592)	(79, 35.3257)	(80, 35.2694)	(81, 35.2851)	(82, 35.2844)	(83, 35.2753)	(84, 35.2566)	(85, 35.2599)	(86, 35.2588)	(87, 35.2242)	(88, 35.209)	(89, 35.1687)	(90, 35.1708)	(91, 35.2018)	(92, 35.1809)	(93, 35.1801)	(94, 35.1273)	(95, 35.11)	(96, 35.1441)	(97, 35.1259)	(98, 35.1174)	(99, 35.0905)	(100, 35.1353)	(101, 35.0695)	(102, 35.0565)	(103, 35.0335)	(104, 35.0457)	(105, 35.0431)	(106, 34.9933)	(107, 34.9867)	(108, 35.0021)	(109, 34.9732)	(110, 34.8904)	(111, 34.8866)	(112, 34.8821)	(113, 34.8957)	(114, 34.9016)	(115, 34.8995)	(116, 34.8202)	(117, 34.8083)	(118, 34.8666)	(119, 34.8084)	(120, 34.7519)	(121, 34.7874)	(122, 34.8029)	(123, 34.7811)	(124, 34.6845)	(125, 34.7139)	(126, 34.7524)	(127, 34.7201)	(128, 34.6709)	(129, 34.6185)	(130, 34.5562)	(131, 34.5386)	(132, 34.5341)	(133, 34.5313)	(134, 34.5873)	(135, 34.4861)	(136, 34.4433)	(137, 34.5306)	(138, 34.4634)	(139, 34.4474)	(140, 34.4845)	(141, 34.3957)	(142, 34.3454)	(143, 34.4221)	(144, 34.3782)	(145, 34.4018)	(146, 34.3448)	(147, 34.4028)	(148, 34.5372)	(149, 34.4682)	(150, 34.3341)	(151, 33.5654)
