Sample	0	1	2	3	4	5	6	7	8	9	10	11	12	13	14	15	16	17	18	19	20	21	22	23	24	25	26	27	28	29	30	31	32	33	34	35	36	37	38	39	40	41	42	43	44	45	46	47	48	49	50	51	52	53	54	55	56	57	58	59	60	61	62	63	64	65	66	67	68	69	70	71	72	73	74	75	76	77	78	79	80	81	82	83	84	85	86	87	88	89	90	91	92	93	94	95	96	97	98	99	100	101	102	103	104	105	106	107	108	109	110	111	112	113	114	115	116	117	118	119	120	121	122	123	124	125	126	127	128	129	130	131	132	133	134	135	136	137	138	139	140	141	142	143	144	145	146	147	148	149	150
reports | SRR30333743	(1, 80.1539)	(2, 54.8287)	(3, 65.8317)	(4, 59.9505)	(5, 53.2185)	(6, 51.924400000000006)	(7, 43.1017)	(8, 49.1971)	(9, 47.2054)	(10, 45.7084)	(11, 54.9837)	(12, 53.6774)	(13, 53.0154)	(14, 51.1634)	(15, 52.323600000000006)	(16, 53.3045)	(17, 52.040699999999994)	(18, 52.2838)	(19, 53.1038)	(20, 51.9555)	(21, 52.481100000000005)	(22, 52.939099999999996)	(23, 51.832)	(24, 52.345200000000006)	(25, 53.1015)	(26, 51.9375)	(27, 52.3184)	(28, 53.107000000000006)	(29, 51.9822)	(30, 52.5049)	(31, 53.2718)	(32, 52.034400000000005)	(33, 52.434000000000005)	(34, 53.1683)	(35, 52.1227)	(36, 52.5919)	(37, 53.3238)	(38, 52.2032)	(39, 52.6633)	(40, 53.3316)	(41, 52.32560000000001)	(42, 52.648399999999995)	(43, 53.315400000000004)	(44, 52.220200000000006)	(45, 52.7822)	(46, 53.4397)	(47, 52.315999999999995)	(48, 52.7605)	(49, 53.5333)	(50, 52.4285)	(51, 52.835100000000004)	(52, 53.4584)	(53, 52.3623)	(54, 52.780499999999996)	(55, 53.43130000000001)	(56, 52.416700000000006)	(57, 52.788900000000005)	(58, 53.4372)	(59, 52.4779)	(60, 52.8605)	(61, 53.50470000000001)	(62, 52.4411)	(63, 52.9151)	(64, 53.5785)	(65, 52.49700000000001)	(66, 52.927400000000006)	(67, 53.52869999999999)	(68, 52.5317)	(69, 52.8493)	(70, 53.5451)	(71, 52.595400000000005)	(72, 52.93560000000001)	(73, 53.5707)	(74, 52.611200000000004)	(75, 53.0266)	(76, 53.619099999999996)	(77, 52.6798)	(78, 53.0592)	(79, 53.5891)	(80, 52.7104)	(81, 53.0625)	(82, 53.7066)	(83, 52.783199999999994)	(84, 53.0985)	(85, 53.7377)	(86, 52.718900000000005)	(87, 53.0869)	(88, 53.7195)	(89, 52.69540000000001)	(90, 53.117599999999996)	(91, 53.6775)	(92, 52.7378)	(93, 53.076100000000004)	(94, 53.732800000000005)	(95, 52.7651)	(96, 53.03639999999999)	(97, 53.7402)	(98, 52.795899999999996)	(99, 53.2481)	(100, 53.7954)	(101, 52.8997)	(102, 53.010999999999996)	(103, 53.7061)	(104, 52.71789999999999)	(105, 53.100899999999996)	(106, 53.5624)	(107, 52.56570000000001)	(108, 52.931700000000006)	(109, 53.6671)	(110, 52.559999999999995)	(111, 53.0482)	(112, 53.67659999999999)	(113, 52.6073)	(114, 53.059400000000004)	(115, 53.501)	(116, 52.515699999999995)	(117, 52.98929999999999)	(118, 53.3815)	(119, 52.4649)	(120, 52.779900000000005)	(121, 53.3876)	(122, 52.429899999999996)	(123, 52.679500000000004)	(124, 53.2365)	(125, 52.5044)	(126, 52.7777)	(127, 53.2567)	(128, 52.321200000000005)	(129, 52.6045)	(130, 53.2263)	(131, 52.1903)	(132, 52.3564)	(133, 52.956)	(134, 52.0876)	(135, 52.375499999999995)	(136, 52.830200000000005)	(137, 51.98700000000001)	(138, 52.209799999999994)	(139, 52.720800000000004)	(140, 51.9409)	(141, 52.174200000000006)	(142, 52.6397)	(143, 51.8804)	(144, 52.105999999999995)	(145, 52.5648)	(146, 51.817899999999995)	(147, 52.014300000000006)	(148, 52.376599999999996)	(149, 51.659)	(150, 51.8896)	(151, 52.1424)
reports | SRR30333744	(1, 81.7822)	(2, 54.649499999999996)	(3, 65.1329)	(4, 58.6304)	(5, 52.7392)	(6, 51.365700000000004)	(7, 42.8265)	(8, 49.7549)	(9, 47.6301)	(10, 45.6827)	(11, 55.7918)	(12, 54.189699999999995)	(13, 53.223600000000005)	(14, 51.2783)	(15, 52.5003)	(16, 53.4532)	(17, 52.1832)	(18, 52.4002)	(19, 53.225500000000004)	(20, 52.074200000000005)	(21, 52.5663)	(22, 53.0616)	(23, 51.9413)	(24, 52.515699999999995)	(25, 53.2077)	(26, 52.0312)	(27, 52.4174)	(28, 53.1772)	(29, 52.0576)	(30, 52.603500000000004)	(31, 53.3327)	(32, 52.051899999999996)	(33, 52.493900000000004)	(34, 53.2196)	(35, 52.2227)	(36, 52.630900000000004)	(37, 53.32900000000001)	(38, 52.2336)	(39, 52.6736)	(40, 53.359500000000004)	(41, 52.3248)	(42, 52.6505)	(43, 53.305)	(44, 52.2384)	(45, 52.8085)	(46, 53.457)	(47, 52.3454)	(48, 52.7641)	(49, 53.5188)	(50, 52.41630000000001)	(51, 52.847)	(52, 53.380300000000005)	(53, 52.3614)	(54, 52.7718)	(55, 53.400800000000004)	(56, 52.389300000000006)	(57, 52.7778)	(58, 53.3739)	(59, 52.4491)	(60, 52.82)	(61, 53.4539)	(62, 52.3935)	(63, 52.8464)	(64, 53.505)	(65, 52.4188)	(66, 52.8609)	(67, 53.468199999999996)	(68, 52.432)	(69, 52.75959999999999)	(70, 53.4651)	(71, 52.5112)	(72, 52.849000000000004)	(73, 53.494)	(74, 52.4944)	(75, 52.9392)	(76, 53.5235)	(77, 52.5847)	(78, 52.9563)	(79, 53.5092)	(80, 52.6024)	(81, 52.9589)	(82, 53.6006)	(83, 52.6693)	(84, 53.0261)	(85, 53.6466)	(86, 52.6222)	(87, 53.002700000000004)	(88, 53.6361)	(89, 52.5716)	(90, 53.0334)	(91, 53.6023)	(92, 52.6613)	(93, 53.0207)	(94, 53.6917)	(95, 52.6875)	(96, 53.02289999999999)	(97, 53.70740000000001)	(98, 52.7284)	(99, 53.197799999999994)	(100, 53.7775)	(101, 52.8704)	(102, 52.979600000000005)	(103, 53.7067)	(104, 52.7188)	(105, 53.1554)	(106, 53.630500000000005)	(107, 52.654599999999995)	(108, 53.07730000000001)	(109, 53.790800000000004)	(110, 52.6932)	(111, 53.2047)	(112, 53.839499999999994)	(113, 52.738)	(114, 53.2629)	(115, 53.779999999999994)	(116, 52.7254)	(117, 53.2644)	(118, 53.709399999999995)	(119, 52.7441)	(120, 53.123)	(121, 53.752599999999994)	(122, 52.769299999999994)	(123, 53.0934)	(124, 53.6917)	(125, 52.9212)	(126, 53.2614)	(127, 53.8698)	(128, 52.822599999999994)	(129, 53.1953)	(130, 53.8768)	(131, 52.794700000000006)	(132, 53.0103)	(133, 53.731700000000004)	(134, 52.7934)	(135, 53.166500000000006)	(136, 53.674699999999994)	(137, 52.814899999999994)	(138, 53.126200000000004)	(139, 53.6833)	(140, 52.82130000000001)	(141, 53.140299999999996)	(142, 53.7296)	(143, 52.8463)	(144, 53.1937)	(145, 53.7355)	(146, 52.8959)	(147, 53.1898)	(148, 53.6208)	(149, 52.8223)	(150, 53.1451)	(151, 53.4849)
reports | SRR30333745	(1, 80.9834)	(2, 55.8798)	(3, 65.8064)	(4, 59.6651)	(5, 53.3261)	(6, 52.150600000000004)	(7, 43.053799999999995)	(8, 49.6121)	(9, 47.551100000000005)	(10, 45.8405)	(11, 55.3788)	(12, 53.99549999999999)	(13, 53.2485)	(14, 51.46619999999999)	(15, 52.588)	(16, 53.540600000000005)	(17, 52.322199999999995)	(18, 52.4881)	(19, 53.3004)	(20, 52.225100000000005)	(21, 52.6702)	(22, 53.1543)	(23, 52.074799999999996)	(24, 52.5924)	(25, 53.293800000000005)	(26, 52.1701)	(27, 52.5192)	(28, 53.2613)	(29, 52.16030000000001)	(30, 52.6902)	(31, 53.4174)	(32, 52.220200000000006)	(33, 52.6355)	(34, 53.319)	(35, 52.3408)	(36, 52.768)	(37, 53.457600000000006)	(38, 52.376599999999996)	(39, 52.807)	(40, 53.46189999999999)	(41, 52.525299999999994)	(42, 52.8122)	(43, 53.438399999999994)	(44, 52.4224)	(45, 52.938300000000005)	(46, 53.581999999999994)	(47, 52.5)	(48, 52.9228)	(49, 53.6538)	(50, 52.5952)	(51, 52.9891)	(52, 53.5423)	(53, 52.531099999999995)	(54, 52.9156)	(55, 53.5394)	(56, 52.5933)	(57, 52.956599999999995)	(58, 53.55799999999999)	(59, 52.6667)	(60, 53.01050000000001)	(61, 53.6184)	(62, 52.6062)	(63, 53.027899999999995)	(64, 53.693900000000006)	(65, 52.632)	(66, 53.074)	(67, 53.685300000000005)	(68, 52.63719999999999)	(69, 52.936499999999995)	(70, 53.65)	(71, 52.737199999999994)	(72, 53.053)	(73, 53.68000000000001)	(74, 52.723200000000006)	(75, 53.147999999999996)	(76, 53.7307)	(77, 52.82599999999999)	(78, 53.169)	(79, 53.7161)	(80, 52.831799999999994)	(81, 53.185300000000005)	(82, 53.7873)	(83, 52.903800000000004)	(84, 53.223699999999994)	(85, 53.8464)	(86, 52.8407)	(87, 53.223600000000005)	(88, 53.8187)	(89, 52.8215)	(90, 53.2536)	(91, 53.7995)	(92, 52.874500000000005)	(93, 53.2442)	(94, 53.884)	(95, 52.9362)	(96, 53.2286)	(97, 53.8911)	(98, 52.9527)	(99, 53.4301)	(100, 53.97579999999999)	(101, 53.09739999999999)	(102, 53.1845)	(103, 53.894)	(104, 52.9466)	(105, 53.3406)	(106, 53.7992)	(107, 52.822100000000006)	(108, 53.2288)	(109, 53.924499999999995)	(110, 52.875099999999996)	(111, 53.345600000000005)	(112, 53.9779)	(113, 52.906699999999994)	(114, 53.399300000000004)	(115, 53.8925)	(116, 52.89430000000001)	(117, 53.3612)	(118, 53.8009)	(119, 52.8862)	(120, 53.2702)	(121, 53.8458)	(122, 52.8675)	(123, 53.196200000000005)	(124, 53.739000000000004)	(125, 52.9945)	(126, 53.3257)	(127, 53.8709)	(128, 52.8919)	(129, 53.2223)	(130, 53.8386)	(131, 52.818299999999994)	(132, 53.017199999999995)	(133, 53.6621)	(134, 52.772200000000005)	(135, 53.1359)	(136, 53.5703)	(137, 52.754599999999996)	(138, 53.047999999999995)	(139, 53.549800000000005)	(140, 52.756099999999996)	(141, 53.0334)	(142, 53.5528)	(143, 52.695499999999996)	(144, 53.0078)	(145, 53.493500000000004)	(146, 52.70049999999999)	(147, 52.9799)	(148, 53.36840000000001)	(149, 52.6216)	(150, 52.899499999999996)	(151, 53.1895)
reports | SRR30333746	(1, 80.518)	(2, 55.7283)	(3, 66.14020000000001)	(4, 60.155)	(5, 53.3254)	(6, 52.140299999999996)	(7, 42.6804)	(8, 49.3634)	(9, 47.2476)	(10, 45.3606)	(11, 55.1797)	(12, 53.734300000000005)	(13, 53.1312)	(14, 51.4671)	(15, 52.4621)	(16, 53.4349)	(17, 52.2038)	(18, 52.34609999999999)	(19, 53.114)	(20, 52.073800000000006)	(21, 52.51)	(22, 52.971999999999994)	(23, 51.8563)	(24, 52.3713)	(25, 53.1083)	(26, 52.036300000000004)	(27, 52.3325)	(28, 53.05839999999999)	(29, 52.0023)	(30, 52.532999999999994)	(31, 53.245799999999996)	(32, 52.0769)	(33, 52.44029999999999)	(34, 53.1138)	(35, 52.1821)	(36, 52.5656)	(37, 53.2691)	(38, 52.2228)	(39, 52.598299999999995)	(40, 53.2574)	(41, 52.3132)	(42, 52.62)	(43, 53.2258)	(44, 52.243399999999994)	(45, 52.7327)	(46, 53.3849)	(47, 52.323600000000006)	(48, 52.729899999999994)	(49, 53.4483)	(50, 52.3963)	(51, 52.7856)	(52, 53.354800000000004)	(53, 52.357)	(54, 52.730999999999995)	(55, 53.345600000000005)	(56, 52.404399999999995)	(57, 52.7274)	(58, 53.3184)	(59, 52.4791)	(60, 52.771699999999996)	(61, 53.386599999999994)	(62, 52.415)	(63, 52.81550000000001)	(64, 53.467200000000005)	(65, 52.4291)	(66, 52.8261)	(67, 53.4286)	(68, 52.44370000000001)	(69, 52.7066)	(70, 53.376400000000004)	(71, 52.5238)	(72, 52.796299999999995)	(73, 53.4257)	(74, 52.4958)	(75, 52.8979)	(76, 53.47579999999999)	(77, 52.591699999999996)	(78, 52.9095)	(79, 53.477399999999996)	(80, 52.640299999999996)	(81, 52.901900000000005)	(82, 53.537400000000005)	(83, 52.6605)	(84, 52.954100000000004)	(85, 53.6111)	(86, 52.6107)	(87, 52.986)	(88, 53.5794)	(89, 52.607800000000005)	(90, 52.977399999999996)	(91, 53.52440000000001)	(92, 52.657)	(93, 52.9784)	(94, 53.6239)	(95, 52.7051)	(96, 52.9353)	(97, 53.6473)	(98, 52.712199999999996)	(99, 53.1616)	(100, 53.739599999999996)	(101, 52.8772)	(102, 52.9352)	(103, 53.6575)	(104, 52.70590000000001)	(105, 53.11900000000001)	(106, 53.56340000000001)	(107, 52.6284)	(108, 53.0065)	(109, 53.7047)	(110, 52.6557)	(111, 53.150200000000005)	(112, 53.759100000000004)	(113, 52.7533)	(114, 53.2034)	(115, 53.7034)	(116, 52.7267)	(117, 53.1961)	(118, 53.6702)	(119, 52.762)	(120, 53.0826)	(121, 53.6987)	(122, 52.77309999999999)	(123, 53.053799999999995)	(124, 53.6446)	(125, 52.928399999999996)	(126, 53.22710000000001)	(127, 53.8284)	(128, 52.79580000000001)	(129, 53.17380000000001)	(130, 53.845600000000005)	(131, 52.761)	(132, 52.9943)	(133, 53.667500000000004)	(134, 52.7705)	(135, 53.1525)	(136, 53.6509)	(137, 52.8018)	(138, 53.0851)	(139, 53.644099999999995)	(140, 52.837999999999994)	(141, 53.114399999999996)	(142, 53.7049)	(143, 52.8617)	(144, 53.18000000000001)	(145, 53.7062)	(146, 52.8648)	(147, 53.1592)	(148, 53.6242)	(149, 52.874900000000004)	(150, 53.1417)	(151, 53.5084)
reports | SRR30333747	(1, 82.4822)	(2, 50.956599999999995)	(3, 64.6324)	(4, 57.2639)	(5, 50.929500000000004)	(6, 49.0423)	(7, 41.0136)	(8, 48.3381)	(9, 46.1261)	(10, 44.107400000000005)	(11, 54.58460000000001)	(12, 52.794700000000006)	(13, 51.8489)	(14, 49.966899999999995)	(15, 51.1656)	(16, 52.2042)	(17, 50.982499999999995)	(18, 51.2195)	(19, 51.9548)	(20, 50.754)	(21, 51.2271)	(22, 51.662200000000006)	(23, 50.4538)	(24, 51.0834)	(25, 51.8153)	(26, 50.6128)	(27, 51.1174)	(28, 51.8325)	(29, 50.67080000000001)	(30, 51.27739999999999)	(31, 51.9922)	(32, 50.6772)	(33, 51.1628)	(34, 51.847699999999996)	(35, 50.8278)	(36, 51.27850000000001)	(37, 51.97389999999999)	(38, 50.8151)	(39, 51.3343)	(40, 51.918699999999994)	(41, 50.81)	(42, 51.275999999999996)	(43, 51.818299999999994)	(44, 50.7504)	(45, 51.34459999999999)	(46, 52.0068)	(47, 50.8819)	(48, 51.3708)	(49, 52.0697)	(50, 50.9424)	(51, 51.4266)	(52, 51.9927)	(53, 50.8531)	(54, 51.3926)	(55, 51.96039999999999)	(56, 50.9055)	(57, 51.370000000000005)	(58, 51.9378)	(59, 50.9875)	(60, 51.369699999999995)	(61, 51.9972)	(62, 50.963800000000006)	(63, 51.416799999999995)	(64, 52.067600000000006)	(65, 50.949299999999994)	(66, 51.42529999999999)	(67, 52.0572)	(68, 50.9459)	(69, 51.3824)	(70, 52.0295)	(71, 51.0356)	(72, 51.44030000000001)	(73, 52.04220000000001)	(74, 51.0204)	(75, 51.546800000000005)	(76, 52.077200000000005)	(77, 51.081900000000005)	(78, 51.573100000000004)	(79, 52.0928)	(80, 51.18000000000001)	(81, 51.5304)	(82, 52.1462)	(83, 51.1639)	(84, 51.586)	(85, 52.2601)	(86, 51.1201)	(87, 51.605000000000004)	(88, 52.176)	(89, 51.1234)	(90, 51.583999999999996)	(91, 52.1861)	(92, 51.18470000000001)	(93, 51.570800000000006)	(94, 52.1988)	(95, 51.1819)	(96, 51.5575)	(97, 52.198699999999995)	(98, 51.190000000000005)	(99, 51.688)	(100, 52.1984)	(101, 51.3292)	(102, 51.42679999999999)	(103, 52.1806)	(104, 51.1541)	(105, 51.681900000000006)	(106, 52.186299999999996)	(107, 51.144)	(108, 51.682700000000004)	(109, 52.2691)	(110, 51.1978)	(111, 51.7344)	(112, 52.303900000000006)	(113, 51.2013)	(114, 51.6931)	(115, 52.2787)	(116, 51.178900000000006)	(117, 51.79430000000001)	(118, 52.256499999999996)	(119, 51.250099999999996)	(120, 51.6993)	(121, 52.2585)	(122, 51.268899999999995)	(123, 51.632999999999996)	(124, 52.1787)	(125, 51.338300000000004)	(126, 51.76070000000001)	(127, 52.355399999999996)	(128, 51.3339)	(129, 51.7244)	(130, 52.37270000000001)	(131, 51.2887)	(132, 51.507400000000004)	(133, 52.227599999999995)	(134, 51.25619999999999)	(135, 51.7398)	(136, 52.2195)	(137, 51.312599999999996)	(138, 51.691900000000004)	(139, 52.2231)	(140, 51.306700000000006)	(141, 51.6628)	(142, 52.25450000000001)	(143, 51.321000000000005)	(144, 51.7817)	(145, 52.264500000000005)	(146, 51.3353)	(147, 51.7234)	(148, 52.20550000000001)	(149, 51.329)	(150, 51.686299999999996)	(151, 52.077600000000004)
reports | SRR30333748	(1, 83.36200000000001)	(2, 50.2348)	(3, 64.4187)	(4, 57.1217)	(5, 50.8747)	(6, 49.4288)	(7, 41.355199999999996)	(8, 48.542699999999996)	(9, 46.4474)	(10, 44.5745)	(11, 55.04900000000001)	(12, 53.295899999999996)	(13, 52.3617)	(14, 50.286699999999996)	(15, 51.5817)	(16, 52.6534)	(17, 51.2888)	(18, 51.6)	(19, 52.453700000000005)	(20, 51.0903)	(21, 51.7219)	(22, 52.1675)	(23, 50.862399999999994)	(24, 51.609700000000004)	(25, 52.364599999999996)	(26, 50.9906)	(27, 51.5969)	(28, 52.3551)	(29, 51.0115)	(30, 51.7037)	(31, 52.494099999999996)	(32, 51.0509)	(33, 51.6006)	(34, 52.3448)	(35, 51.195100000000004)	(36, 51.755700000000004)	(37, 52.443200000000004)	(38, 51.220200000000006)	(39, 51.7706)	(40, 52.4271)	(41, 51.2081)	(42, 51.7387)	(43, 52.390899999999995)	(44, 51.14189999999999)	(45, 51.825500000000005)	(46, 52.5208)	(47, 51.260099999999994)	(48, 51.8215)	(49, 52.579299999999996)	(50, 51.3278)	(51, 51.8776)	(52, 52.5011)	(53, 51.2532)	(54, 51.850300000000004)	(55, 52.4825)	(56, 51.310100000000006)	(57, 51.8599)	(58, 52.4703)	(59, 51.37199999999999)	(60, 51.815999999999995)	(61, 52.5026)	(62, 51.3215)	(63, 51.8603)	(64, 52.5688)	(65, 51.344500000000004)	(66, 51.8858)	(67, 52.5543)	(68, 51.3133)	(69, 51.845600000000005)	(70, 52.5219)	(71, 51.3942)	(72, 51.8784)	(73, 52.5562)	(74, 51.380700000000004)	(75, 51.98009999999999)	(76, 52.5721)	(77, 51.45570000000001)	(78, 51.992799999999995)	(79, 52.5601)	(80, 51.5262)	(81, 51.9451)	(82, 52.6585)	(83, 51.5049)	(84, 52.0207)	(85, 52.701)	(86, 51.478100000000005)	(87, 52.0317)	(88, 52.655300000000004)	(89, 51.4673)	(90, 52.0141)	(91, 52.6548)	(92, 51.532)	(93, 52.0091)	(94, 52.6575)	(95, 51.547200000000004)	(96, 52.007000000000005)	(97, 52.6748)	(98, 51.5703)	(99, 52.079699999999995)	(100, 52.71510000000001)	(101, 51.6504)	(102, 51.8834)	(103, 52.661899999999996)	(104, 51.523799999999994)	(105, 52.0856)	(106, 52.6424)	(107, 51.513799999999996)	(108, 52.1028)	(109, 52.74529999999999)	(110, 51.5692)	(111, 52.1379)	(112, 52.7713)	(113, 51.554199999999994)	(114, 52.104099999999995)	(115, 52.7394)	(116, 51.5122)	(117, 52.217999999999996)	(118, 52.7273)	(119, 51.5775)	(120, 52.112)	(121, 52.7023)	(122, 51.6312)	(123, 52.07190000000001)	(124, 52.674)	(125, 51.6729)	(126, 52.19160000000001)	(127, 52.8196)	(128, 51.674600000000005)	(129, 52.1695)	(130, 52.825599999999994)	(131, 51.632400000000004)	(132, 51.9648)	(133, 52.7262)	(134, 51.607800000000005)	(135, 52.156000000000006)	(136, 52.700199999999995)	(137, 51.6835)	(138, 52.127599999999994)	(139, 52.735)	(140, 51.6686)	(141, 52.0864)	(142, 52.729899999999994)	(143, 51.692800000000005)	(144, 52.224000000000004)	(145, 52.7486)	(146, 51.690599999999996)	(147, 52.1682)	(148, 52.683400000000006)	(149, 51.7041)	(150, 52.1104)	(151, 52.5792)
reports | SRR30333749	(1, 76.576)	(2, 57.2126)	(3, 65.0821)	(4, 60.377700000000004)	(5, 53.319799999999994)	(6, 52.3014)	(7, 41.8934)	(8, 46.9194)	(9, 45.1797)	(10, 44.3693)	(11, 51.5221)	(12, 50.7776)	(13, 50.613)	(14, 49.494)	(15, 50.450300000000006)	(16, 51.3405)	(17, 50.428)	(18, 50.5614)	(19, 51.260600000000004)	(20, 50.316399999999994)	(21, 50.740399999999994)	(22, 51.1753)	(23, 50.299099999999996)	(24, 50.763999999999996)	(25, 51.3235)	(26, 50.416000000000004)	(27, 50.784600000000005)	(28, 51.3694)	(29, 50.484700000000004)	(30, 50.932500000000005)	(31, 51.53489999999999)	(32, 50.5981)	(33, 50.949)	(34, 51.4161)	(35, 50.6471)	(36, 51.014)	(37, 51.602199999999996)	(38, 50.7766)	(39, 51.1397)	(40, 51.65840000000001)	(41, 50.8122)	(42, 51.099399999999996)	(43, 51.6125)	(44, 50.7664)	(45, 51.2037)	(46, 51.74530000000001)	(47, 50.897800000000004)	(48, 51.243399999999994)	(49, 51.817)	(50, 50.9582)	(51, 51.2978)	(52, 51.776199999999996)	(53, 50.8808)	(54, 51.3113)	(55, 51.79820000000001)	(56, 51.0045)	(57, 51.329)	(58, 51.7525)	(59, 51.0494)	(60, 51.3455)	(61, 51.820100000000004)	(62, 50.997800000000005)	(63, 51.3473)	(64, 51.9469)	(65, 51.069900000000004)	(66, 51.397000000000006)	(67, 51.906600000000005)	(68, 51.093900000000005)	(69, 51.390499999999996)	(70, 51.885400000000004)	(71, 51.1307)	(72, 51.4409)	(73, 51.916)	(74, 51.134)	(75, 51.5674)	(76, 51.9799)	(77, 51.2343)	(78, 51.5525)	(79, 52.03020000000001)	(80, 51.306)	(81, 51.5814)	(82, 52.09310000000001)	(83, 51.3077)	(84, 51.5809)	(85, 52.145799999999994)	(86, 51.3093)	(87, 51.631800000000005)	(88, 52.1023)	(89, 51.3344)	(90, 51.666599999999995)	(91, 52.109300000000005)	(92, 51.308699999999995)	(93, 51.6162)	(94, 52.1567)	(95, 51.314899999999994)	(96, 51.5842)	(97, 52.0787)	(98, 51.3323)	(99, 51.678999999999995)	(100, 52.135299999999994)	(101, 51.4016)	(102, 51.5532)	(103, 52.0841)	(104, 51.2505)	(105, 51.577600000000004)	(106, 51.979600000000005)	(107, 51.1876)	(108, 51.585300000000004)	(109, 52.037299999999995)	(110, 51.2533)	(111, 51.599799999999995)	(112, 52.039899999999996)	(113, 51.211)	(114, 51.60829999999999)	(115, 51.9709)	(116, 51.1486)	(117, 51.5308)	(118, 51.9126)	(119, 51.1106)	(120, 51.4814)	(121, 51.8823)	(122, 51.1451)	(123, 51.3809)	(124, 51.7699)	(125, 51.1263)	(126, 51.404399999999995)	(127, 51.81980000000001)	(128, 51.038799999999995)	(129, 51.31679999999999)	(130, 51.822100000000006)	(131, 50.954)	(132, 51.1422)	(133, 51.6524)	(134, 50.893299999999996)	(135, 51.2271)	(136, 51.5506)	(137, 50.8986)	(138, 51.1562)	(139, 51.511700000000005)	(140, 50.8215)	(141, 51.045300000000005)	(142, 51.4717)	(143, 50.7849)	(144, 51.0677)	(145, 51.441700000000004)	(146, 50.760000000000005)	(147, 51.00749999999999)	(148, 51.318200000000004)	(149, 50.6567)	(150, 50.85229999999999)	(151, 51.1431)
reports | SRR30333750	(1, 82.6004)	(2, 51.780899999999995)	(3, 65.1678)	(4, 58.28680000000001)	(5, 51.558899999999994)	(6, 50.02569999999999)	(7, 41.0738)	(8, 48.1248)	(9, 46.1703)	(10, 44.0021)	(11, 54.3875)	(12, 52.817899999999995)	(13, 52.0872)	(14, 50.308)	(15, 51.4466)	(16, 52.502700000000004)	(17, 51.1985)	(18, 51.4247)	(19, 52.1907)	(20, 50.9717)	(21, 51.5072)	(22, 51.928799999999995)	(23, 50.66929999999999)	(24, 51.3266)	(25, 52.0912)	(26, 50.8655)	(27, 51.4065)	(28, 52.0707)	(29, 50.8607)	(30, 51.5505)	(31, 52.3014)	(32, 50.92060000000001)	(33, 51.4534)	(34, 52.133700000000005)	(35, 51.080499999999994)	(36, 51.632)	(37, 52.276199999999996)	(38, 51.1172)	(39, 51.623799999999996)	(40, 52.245799999999996)	(41, 51.1441)	(42, 51.619499999999995)	(43, 52.180400000000006)	(44, 51.0676)	(45, 51.6934)	(46, 52.3405)	(47, 51.1659)	(48, 51.7158)	(49, 52.3819)	(50, 51.2466)	(51, 51.7252)	(52, 52.3405)	(53, 51.1591)	(54, 51.7273)	(55, 52.2859)	(56, 51.2239)	(57, 51.7282)	(58, 52.2856)	(59, 51.292899999999996)	(60, 51.725)	(61, 52.3292)	(62, 51.2231)	(63, 51.7355)	(64, 52.392)	(65, 51.2536)	(66, 51.750600000000006)	(67, 52.3935)	(68, 51.2474)	(69, 51.700900000000004)	(70, 52.3355)	(71, 51.311499999999995)	(72, 51.7614)	(73, 52.387499999999996)	(74, 51.3166)	(75, 51.8556)	(76, 52.395199999999996)	(77, 51.3825)	(78, 51.85999999999999)	(79, 52.417199999999994)	(80, 51.4591)	(81, 51.8333)	(82, 52.4818)	(83, 51.4429)	(84, 51.8934)	(85, 52.5721)	(86, 51.39660000000001)	(87, 51.900400000000005)	(88, 52.4988)	(89, 51.4184)	(90, 51.8863)	(91, 52.4755)	(92, 51.4516)	(93, 51.8998)	(94, 52.4814)	(95, 51.4471)	(96, 51.8559)	(97, 52.510400000000004)	(98, 51.495599999999996)	(99, 51.9925)	(100, 52.520500000000006)	(101, 51.612899999999996)	(102, 51.767399999999995)	(103, 52.5011)	(104, 51.454100000000004)	(105, 51.9794)	(106, 52.487399999999994)	(107, 51.40670000000001)	(108, 51.9725)	(109, 52.5788)	(110, 51.4563)	(111, 52.044599999999996)	(112, 52.6239)	(113, 51.496399999999994)	(114, 51.9943)	(115, 52.5924)	(116, 51.444)	(117, 52.090599999999995)	(118, 52.5867)	(119, 51.54220000000001)	(120, 52.0102)	(121, 52.5655)	(122, 51.546099999999996)	(123, 51.971500000000006)	(124, 52.5454)	(125, 51.605599999999995)	(126, 52.0813)	(127, 52.675799999999995)	(128, 51.6123)	(129, 52.074200000000005)	(130, 52.691)	(131, 51.563)	(132, 51.8645)	(133, 52.5698)	(134, 51.5356)	(135, 52.0759)	(136, 52.56420000000001)	(137, 51.5915)	(138, 52.0163)	(139, 52.593)	(140, 51.6211)	(141, 51.9945)	(142, 52.6207)	(143, 51.6178)	(144, 52.1351)	(145, 52.591699999999996)	(146, 51.609300000000005)	(147, 52.0744)	(148, 52.5639)	(149, 51.6181)	(150, 52.0236)	(151, 52.4294)
reports | SRR30333751	(1, 82.0496)	(2, 53.3157)	(3, 65.2905)	(4, 58.4264)	(5, 51.9578)	(6, 50.3691)	(7, 41.575)	(8, 48.894)	(9, 46.6756)	(10, 44.5247)	(11, 54.9208)	(12, 53.1578)	(13, 52.3115)	(14, 50.587700000000005)	(15, 51.713699999999996)	(16, 52.724000000000004)	(17, 51.4846)	(18, 51.6539)	(19, 52.451499999999996)	(20, 51.2973)	(21, 51.760600000000004)	(22, 52.19049999999999)	(23, 51.0288)	(24, 51.6061)	(25, 52.319)	(26, 51.2004)	(27, 51.67119999999999)	(28, 52.3621)	(29, 51.2464)	(30, 51.79820000000001)	(31, 52.513)	(32, 51.2672)	(33, 51.682399999999994)	(34, 52.352)	(35, 51.4063)	(36, 51.846199999999996)	(37, 52.477799999999995)	(38, 51.4195)	(39, 51.8742)	(40, 52.471900000000005)	(41, 51.4246)	(42, 51.836800000000004)	(43, 52.428200000000004)	(44, 51.3614)	(45, 51.9213)	(46, 52.537299999999995)	(47, 51.4788)	(48, 51.9209)	(49, 52.644400000000005)	(50, 51.5528)	(51, 51.9961)	(52, 52.5448)	(53, 51.471199999999996)	(54, 51.9725)	(55, 52.5313)	(56, 51.5102)	(57, 51.9684)	(58, 52.511799999999994)	(59, 51.607499999999995)	(60, 51.9548)	(61, 52.546400000000006)	(62, 51.544500000000006)	(63, 51.981)	(64, 52.6085)	(65, 51.5703)	(66, 52.0159)	(67, 52.6049)	(68, 51.565099999999994)	(69, 51.9591)	(70, 52.5898)	(71, 51.657799999999995)	(72, 52.0179)	(73, 52.6145)	(74, 51.6178)	(75, 52.1255)	(76, 52.6184)	(77, 51.68129999999999)	(78, 52.1436)	(79, 52.6269)	(80, 51.7743)	(81, 52.08239999999999)	(82, 52.723)	(83, 51.754)	(84, 52.148)	(85, 52.7976)	(86, 51.7089)	(87, 52.1756)	(88, 52.7436)	(89, 51.7133)	(90, 52.146499999999996)	(91, 52.7384)	(92, 51.7949)	(93, 52.171299999999995)	(94, 52.76220000000001)	(95, 51.794200000000004)	(96, 52.1706)	(97, 52.756499999999996)	(98, 51.8205)	(99, 52.2108)	(100, 52.778400000000005)	(101, 51.9196)	(102, 52.0496)	(103, 52.7854)	(104, 51.7698)	(105, 52.2465)	(106, 52.723)	(107, 51.757600000000004)	(108, 52.256899999999995)	(109, 52.8338)	(110, 51.82299999999999)	(111, 52.308600000000006)	(112, 52.897400000000005)	(113, 51.8289)	(114, 52.2955)	(115, 52.8565)	(116, 51.780499999999996)	(117, 52.35379999999999)	(118, 52.8347)	(119, 51.8549)	(120, 52.2787)	(121, 52.815)	(122, 51.8825)	(123, 52.2421)	(124, 52.7822)	(125, 51.9454)	(126, 52.357699999999994)	(127, 52.9192)	(128, 51.951800000000006)	(129, 52.365899999999996)	(130, 52.941300000000005)	(131, 51.912499999999994)	(132, 52.1478)	(133, 52.828900000000004)	(134, 51.875800000000005)	(135, 52.3411)	(136, 52.81869999999999)	(137, 51.954)	(138, 52.3071)	(139, 52.845200000000006)	(140, 51.9539)	(141, 52.285000000000004)	(142, 52.85959999999999)	(143, 51.9607)	(144, 52.417)	(145, 52.85680000000001)	(146, 51.9756)	(147, 52.3509)	(148, 52.813500000000005)	(149, 51.9721)	(150, 52.273)	(151, 52.7049)
reports | SRR30333752	(1, 82.8158)	(2, 51.7687)	(3, 64.89869999999999)	(4, 57.6833)	(5, 51.3922)	(6, 49.6409)	(7, 41.410799999999995)	(8, 48.7132)	(9, 46.630500000000005)	(10, 44.4384)	(11, 54.97840000000001)	(12, 53.2851)	(13, 52.32750000000001)	(14, 50.3401)	(15, 51.5856)	(16, 52.6341)	(17, 51.377700000000004)	(18, 51.6166)	(19, 52.404399999999995)	(20, 51.1667)	(21, 51.70439999999999)	(22, 52.11789999999999)	(23, 50.940200000000004)	(24, 51.5576)	(25, 52.2978)	(26, 51.061800000000005)	(27, 51.5799)	(28, 52.3056)	(29, 51.111)	(30, 51.7417)	(31, 52.475899999999996)	(32, 51.1397)	(33, 51.627599999999994)	(34, 52.3114)	(35, 51.2818)	(36, 51.7869)	(37, 52.456599999999995)	(38, 51.3055)	(39, 51.790499999999994)	(40, 52.4311)	(41, 51.309000000000005)	(42, 51.767300000000006)	(43, 52.343700000000005)	(44, 51.2401)	(45, 51.83219999999999)	(46, 52.5)	(47, 51.3411)	(48, 51.8684)	(49, 52.564299999999996)	(50, 51.40860000000001)	(51, 51.8853)	(52, 52.4668)	(53, 51.3059)	(54, 51.849199999999996)	(55, 52.46340000000001)	(56, 51.37819999999999)	(57, 51.8691)	(58, 52.4413)	(59, 51.4607)	(60, 51.8647)	(61, 52.4627)	(62, 51.3983)	(63, 51.873599999999996)	(64, 52.552299999999995)	(65, 51.410199999999996)	(66, 51.882099999999994)	(67, 52.5082)	(68, 51.3915)	(69, 51.8289)	(70, 52.477399999999996)	(71, 51.4726)	(72, 51.8775)	(73, 52.5254)	(74, 51.4486)	(75, 52.0038)	(76, 52.548899999999996)	(77, 51.5206)	(78, 51.9875)	(79, 52.5624)	(80, 51.603100000000005)	(81, 51.9357)	(82, 52.583800000000004)	(83, 51.5831)	(84, 52.0086)	(85, 52.69049999999999)	(86, 51.5602)	(87, 52.019800000000004)	(88, 52.631499999999996)	(89, 51.544500000000006)	(90, 52.0203)	(91, 52.6065)	(92, 51.6061)	(93, 52.015699999999995)	(94, 52.6419)	(95, 51.60209999999999)	(96, 52.000800000000005)	(97, 52.6613)	(98, 51.635200000000005)	(99, 52.1219)	(100, 52.673)	(101, 51.7658)	(102, 51.9079)	(103, 52.638)	(104, 51.6011)	(105, 52.111200000000004)	(106, 52.624)	(107, 51.572700000000005)	(108, 52.1066)	(109, 52.707899999999995)	(110, 51.61559999999999)	(111, 52.148799999999994)	(112, 52.75300000000001)	(113, 51.6212)	(114, 52.1278)	(115, 52.7408)	(116, 51.599799999999995)	(117, 52.2329)	(118, 52.6979)	(119, 51.6832)	(120, 52.1243)	(121, 52.7147)	(122, 51.6894)	(123, 52.093900000000005)	(124, 52.6383)	(125, 51.7393)	(126, 52.2119)	(127, 52.7956)	(128, 51.745200000000004)	(129, 52.174200000000006)	(130, 52.80049999999999)	(131, 51.688900000000004)	(132, 51.988)	(133, 52.662600000000005)	(134, 51.688)	(135, 52.173700000000004)	(136, 52.658899999999996)	(137, 51.744299999999996)	(138, 52.1413)	(139, 52.7226)	(140, 51.750099999999996)	(141, 52.12290000000001)	(142, 52.7066)	(143, 51.7595)	(144, 52.233200000000004)	(145, 52.707)	(146, 51.748099999999994)	(147, 52.17309999999999)	(148, 52.6494)	(149, 51.757799999999996)	(150, 52.117999999999995)	(151, 52.5328)
reports | SRR30333753	(1, 80.2724)	(2, 56.1137)	(3, 66.0424)	(4, 60.5038)	(5, 53.7052)	(6, 52.5274)	(7, 42.8488)	(8, 48.8866)	(9, 47.0195)	(10, 45.510600000000004)	(11, 54.4842)	(12, 53.3013)	(13, 52.895199999999996)	(14, 51.3297)	(15, 52.3652)	(16, 53.36109999999999)	(17, 52.09310000000001)	(18, 52.255799999999994)	(19, 53.044599999999996)	(20, 51.97389999999999)	(21, 52.4573)	(22, 52.9301)	(23, 51.8408)	(24, 52.318299999999994)	(25, 53.05839999999999)	(26, 51.9424)	(27, 52.31400000000001)	(28, 53.047)	(29, 51.928700000000006)	(30, 52.5065)	(31, 53.251099999999994)	(32, 52.04260000000001)	(33, 52.4305)	(34, 53.1639)	(35, 52.1575)	(36, 52.561400000000006)	(37, 53.2753)	(38, 52.1898)	(39, 52.6224)	(40, 53.3166)	(41, 52.2718)	(42, 52.6259)	(43, 53.24759999999999)	(44, 52.2365)	(45, 52.770300000000006)	(46, 53.4177)	(47, 52.3239)	(48, 52.7168)	(49, 53.4999)	(50, 52.403999999999996)	(51, 52.7987)	(52, 53.404700000000005)	(53, 52.3767)	(54, 52.7724)	(55, 53.4095)	(56, 52.426300000000005)	(57, 52.779900000000005)	(58, 53.4042)	(59, 52.49589999999999)	(60, 52.83330000000001)	(61, 53.4685)	(62, 52.4589)	(63, 52.841499999999996)	(64, 53.5332)	(65, 52.4769)	(66, 52.9156)	(67, 53.518)	(68, 52.524800000000006)	(69, 52.8206)	(70, 53.4857)	(71, 52.586200000000005)	(72, 52.9034)	(73, 53.5261)	(74, 52.609300000000005)	(75, 53.00899999999999)	(76, 53.582300000000004)	(77, 52.678599999999996)	(78, 53.0227)	(79, 53.5663)	(80, 52.708999999999996)	(81, 53.03210000000001)	(82, 53.6726)	(83, 52.7652)	(84, 53.0626)	(85, 53.7215)	(86, 52.6907)	(87, 53.0752)	(88, 53.659800000000004)	(89, 52.697300000000006)	(90, 53.101600000000005)	(91, 53.637100000000004)	(92, 52.7146)	(93, 53.058499999999995)	(94, 53.75410000000001)	(95, 52.768800000000006)	(96, 53.006699999999995)	(97, 53.7307)	(98, 52.7945)	(99, 53.250600000000006)	(100, 53.78380000000001)	(101, 52.943200000000004)	(102, 52.9949)	(103, 53.7268)	(104, 52.729400000000005)	(105, 53.1456)	(106, 53.607800000000005)	(107, 52.646300000000004)	(108, 53.01519999999999)	(109, 53.7594)	(110, 52.6731)	(111, 53.1831)	(112, 53.775099999999995)	(113, 52.726600000000005)	(114, 53.20740000000001)	(115, 53.65879999999999)	(116, 52.668499999999995)	(117, 53.1439)	(118, 53.5587)	(119, 52.65689999999999)	(120, 53.006600000000006)	(121, 53.597300000000004)	(122, 52.6439)	(123, 52.8747)	(124, 53.487700000000004)	(125, 52.794)	(126, 53.0449)	(127, 53.631499999999996)	(128, 52.6173)	(129, 52.9035)	(130, 53.60979999999999)	(131, 52.52250000000001)	(132, 52.661500000000004)	(133, 53.3972)	(134, 52.4785)	(135, 52.790099999999995)	(136, 53.251099999999994)	(137, 52.4255)	(138, 52.695499999999996)	(139, 53.203)	(140, 52.381699999999995)	(141, 52.6459)	(142, 53.196600000000004)	(143, 52.3531)	(144, 52.6278)	(145, 53.122400000000006)	(146, 52.3485)	(147, 52.5822)	(148, 53.0131)	(149, 52.2753)	(150, 52.456199999999995)	(151, 52.7848)
reports | SRR30333754	(1, 80.5006)	(2, 56.13740000000001)	(3, 65.63)	(4, 59.919500000000006)	(5, 53.4756)	(6, 52.277300000000004)	(7, 42.984)	(8, 48.9474)	(9, 47.0747)	(10, 45.7198)	(11, 54.4862)	(12, 53.2719)	(13, 52.7339)	(14, 51.193900000000006)	(15, 52.307)	(16, 53.2725)	(17, 52.0626)	(18, 52.219800000000006)	(19, 53.0601)	(20, 51.921499999999995)	(21, 52.383900000000004)	(22, 52.9242)	(23, 51.8205)	(24, 52.35959999999999)	(25, 53.05800000000001)	(26, 51.91440000000001)	(27, 52.31400000000001)	(28, 53.0727)	(29, 51.9578)	(30, 52.487700000000004)	(31, 53.272)	(32, 52.0162)	(33, 52.458099999999995)	(34, 53.1929)	(35, 52.1806)	(36, 52.5923)	(37, 53.303)	(38, 52.2103)	(39, 52.68429999999999)	(40, 53.3353)	(41, 52.291900000000005)	(42, 52.6606)	(43, 53.3123)	(44, 52.2584)	(45, 52.7864)	(46, 53.4744)	(47, 52.3435)	(48, 52.751599999999996)	(49, 53.5371)	(50, 52.42289999999999)	(51, 52.87929999999999)	(52, 53.4567)	(53, 52.386500000000005)	(54, 52.8079)	(55, 53.461999999999996)	(56, 52.4389)	(57, 52.812099999999994)	(58, 53.439800000000005)	(59, 52.5185)	(60, 52.841300000000004)	(61, 53.5164)	(62, 52.4579)	(63, 52.8786)	(64, 53.5751)	(65, 52.489399999999996)	(66, 52.9213)	(67, 53.557100000000005)	(68, 52.5497)	(69, 52.825900000000004)	(70, 53.5068)	(71, 52.5883)	(72, 52.9213)	(73, 53.532000000000004)	(74, 52.5869)	(75, 53.0025)	(76, 53.6096)	(77, 52.6774)	(78, 53.03489999999999)	(79, 53.5922)	(80, 52.6909)	(81, 53.0787)	(82, 53.6894)	(83, 52.755399999999995)	(84, 53.100899999999996)	(85, 53.729499999999994)	(86, 52.7127)	(87, 53.1122)	(88, 53.715599999999995)	(89, 52.6928)	(90, 53.0963)	(91, 53.6869)	(92, 52.7351)	(93, 53.08819999999999)	(94, 53.755399999999995)	(95, 52.7413)	(96, 53.068099999999994)	(97, 53.7596)	(98, 52.7925)	(99, 53.23290000000001)	(100, 53.7995)	(101, 52.917)	(102, 52.9977)	(103, 53.737)	(104, 52.747699999999995)	(105, 53.102199999999996)	(106, 53.6007)	(107, 52.613600000000005)	(108, 53.0088)	(109, 53.721)	(110, 52.635799999999996)	(111, 53.1338)	(112, 53.7399)	(113, 52.6686)	(114, 53.1529)	(115, 53.6048)	(116, 52.6062)	(117, 53.0587)	(118, 53.4766)	(119, 52.5759)	(120, 52.928399999999996)	(121, 53.4801)	(122, 52.513200000000005)	(123, 52.798199999999994)	(124, 53.3805)	(125, 52.613)	(126, 52.9233)	(127, 53.45569999999999)	(128, 52.485800000000005)	(129, 52.743300000000005)	(130, 53.4184)	(131, 52.342999999999996)	(132, 52.516600000000004)	(133, 53.188199999999995)	(134, 52.282799999999995)	(135, 52.5904)	(136, 53.028200000000005)	(137, 52.2168)	(138, 52.432100000000005)	(139, 52.952600000000004)	(140, 52.1624)	(141, 52.387499999999996)	(142, 52.915800000000004)	(143, 52.105500000000006)	(144, 52.341499999999996)	(145, 52.86189999999999)	(146, 52.0655)	(147, 52.306799999999996)	(148, 52.7018)	(149, 51.9203)	(150, 52.164100000000005)	(151, 52.4684)
reports | SRR30333755	(1, 80.3986)	(2, 55.5782)	(3, 65.788)	(4, 59.8904)	(5, 53.4849)	(6, 52.05610000000001)	(7, 42.8767)	(8, 49.001)	(9, 47.0983)	(10, 45.6039)	(11, 54.581)	(12, 53.3287)	(13, 52.700100000000006)	(14, 51.031800000000004)	(15, 52.13680000000001)	(16, 53.11090000000001)	(17, 51.8747)	(18, 52.086200000000005)	(19, 52.867799999999995)	(20, 51.769600000000004)	(21, 52.23330000000001)	(22, 52.7316)	(23, 51.6331)	(24, 52.1478)	(25, 52.879200000000004)	(26, 51.7288)	(27, 52.0845)	(28, 52.8783)	(29, 51.74419999999999)	(30, 52.2999)	(31, 53.044500000000006)	(32, 51.795100000000005)	(33, 52.249100000000006)	(34, 52.9276)	(35, 51.9213)	(36, 52.330799999999996)	(37, 53.0851)	(38, 51.9852)	(39, 52.4256)	(40, 53.1138)	(41, 52.0711)	(42, 52.4177)	(43, 53.0323)	(44, 52.004799999999996)	(45, 52.558800000000005)	(46, 53.1971)	(47, 52.103)	(48, 52.5393)	(49, 53.278499999999994)	(50, 52.198)	(51, 52.6076)	(52, 53.2009)	(53, 52.1402)	(54, 52.5672)	(55, 53.1756)	(56, 52.1773)	(57, 52.5672)	(58, 53.18730000000001)	(59, 52.2918)	(60, 52.6496)	(61, 53.26499999999999)	(62, 52.254400000000004)	(63, 52.6682)	(64, 53.3509)	(65, 52.284600000000005)	(66, 52.7278)	(67, 53.3037)	(68, 52.3282)	(69, 52.6241)	(70, 53.3064)	(71, 52.3802)	(72, 52.6986)	(73, 53.325500000000005)	(74, 52.434400000000004)	(75, 52.8093)	(76, 53.4214)	(77, 52.471599999999995)	(78, 52.8427)	(79, 53.3863)	(80, 52.5108)	(81, 52.840399999999995)	(82, 53.469)	(83, 52.5726)	(84, 52.9021)	(85, 53.53210000000001)	(86, 52.5405)	(87, 52.891200000000005)	(88, 53.47070000000001)	(89, 52.4644)	(90, 52.9156)	(91, 53.4447)	(92, 52.54990000000001)	(93, 52.8632)	(94, 53.5415)	(95, 52.5663)	(96, 52.831399999999995)	(97, 53.5324)	(98, 52.6061)	(99, 53.0478)	(100, 53.586999999999996)	(101, 52.729899999999994)	(102, 52.773)	(103, 53.481100000000005)	(104, 52.540600000000005)	(105, 52.9474)	(106, 53.369699999999995)	(107, 52.4314)	(108, 52.780499999999996)	(109, 53.5006)	(110, 52.431000000000004)	(111, 52.9195)	(112, 53.48309999999999)	(113, 52.4729)	(114, 52.9258)	(115, 53.337)	(116, 52.3497)	(117, 52.8089)	(118, 53.1606)	(119, 52.3464)	(120, 52.6656)	(121, 53.2086)	(122, 52.2779)	(123, 52.5034)	(124, 53.0415)	(125, 52.366800000000005)	(126, 52.6285)	(127, 53.1551)	(128, 52.2269)	(129, 52.45570000000001)	(130, 53.087399999999995)	(131, 52.0457)	(132, 52.17509999999999)	(133, 52.8214)	(134, 51.96960000000001)	(135, 52.2475)	(136, 52.675799999999995)	(137, 51.893699999999995)	(138, 52.103)	(139, 52.5799)	(140, 51.817)	(141, 52.0534)	(142, 52.5377)	(143, 51.74100000000001)	(144, 51.9606)	(145, 52.451800000000006)	(146, 51.651199999999996)	(147, 51.90820000000001)	(148, 52.2446)	(149, 51.578199999999995)	(150, 51.7672)	(151, 51.946999999999996)
reports | SRR30333756	(1, 79.3441)	(2, 56.110099999999996)	(3, 65.4832)	(4, 59.9429)	(5, 53.300000000000004)	(6, 52.0219)	(7, 42.6358)	(8, 48.2292)	(9, 46.3691)	(10, 45.2103)	(11, 53.490700000000004)	(12, 52.3753)	(13, 51.96960000000001)	(14, 50.549200000000006)	(15, 51.5725)	(16, 52.5389)	(17, 51.406600000000005)	(18, 51.5753)	(19, 52.3848)	(20, 51.2912)	(21, 51.7015)	(22, 52.270799999999994)	(23, 51.2066)	(24, 51.67810000000001)	(25, 52.37779999999999)	(26, 51.2369)	(27, 51.6525)	(28, 52.4157)	(29, 51.34570000000001)	(30, 51.833)	(31, 52.5751)	(32, 51.4083)	(33, 51.7737)	(34, 52.539199999999994)	(35, 51.5274)	(36, 51.8815)	(37, 52.6379)	(38, 51.5602)	(39, 51.998900000000006)	(40, 52.6657)	(41, 51.6818)	(42, 51.9968)	(43, 52.6318)	(44, 51.640600000000006)	(45, 52.1486)	(46, 52.809)	(47, 51.7243)	(48, 52.0908)	(49, 52.8546)	(50, 51.812599999999996)	(51, 52.1917)	(52, 52.762)	(53, 51.7598)	(54, 52.1412)	(55, 52.782300000000006)	(56, 51.8081)	(57, 52.1379)	(58, 52.7691)	(59, 51.8815)	(60, 52.180099999999996)	(61, 52.8252)	(62, 51.8522)	(63, 52.2329)	(64, 52.9046)	(65, 51.8834)	(66, 52.2556)	(67, 52.8718)	(68, 51.895199999999996)	(69, 52.1793)	(70, 52.847)	(71, 51.9281)	(72, 52.2503)	(73, 52.872600000000006)	(74, 51.98120000000001)	(75, 52.3486)	(76, 52.9377)	(77, 52.031099999999995)	(78, 52.392)	(79, 52.931700000000006)	(80, 52.0691)	(81, 52.3756)	(82, 53.046499999999995)	(83, 52.158300000000004)	(84, 52.4628)	(85, 53.1284)	(86, 52.111200000000004)	(87, 52.4327)	(88, 53.06269999999999)	(89, 52.083)	(90, 52.4775)	(91, 52.992700000000006)	(92, 52.1462)	(93, 52.4348)	(94, 53.13)	(95, 52.153400000000005)	(96, 52.433600000000006)	(97, 53.111200000000004)	(98, 52.208299999999994)	(99, 52.623)	(100, 53.1825)	(101, 52.347699999999996)	(102, 52.37779999999999)	(103, 53.125699999999995)	(104, 52.156000000000006)	(105, 52.500899999999994)	(106, 52.9962)	(107, 52.063199999999995)	(108, 52.4239)	(109, 53.1081)	(110, 52.109700000000004)	(111, 52.5242)	(112, 53.1775)	(113, 52.1308)	(114, 52.585899999999995)	(115, 53.081599999999995)	(116, 52.080400000000004)	(117, 52.513799999999996)	(118, 52.9388)	(119, 52.080000000000005)	(120, 52.3709)	(121, 52.948499999999996)	(122, 51.998400000000004)	(123, 52.2661)	(124, 52.8427)	(125, 52.14)	(126, 52.3903)	(127, 52.9511)	(128, 52.004799999999996)	(129, 52.2406)	(130, 52.926300000000005)	(131, 51.8892)	(132, 52.023399999999995)	(133, 52.6879)	(134, 51.845200000000006)	(135, 52.1452)	(136, 52.5547)	(137, 51.7335)	(138, 52.032500000000006)	(139, 52.49700000000001)	(140, 51.754)	(141, 51.951899999999995)	(142, 52.4867)	(143, 51.70869999999999)	(144, 51.9188)	(145, 52.4289)	(146, 51.6873)	(147, 51.9097)	(148, 52.2601)	(149, 51.5612)	(150, 51.7713)	(151, 52.1027)
reports | SRR30333757	(1, 81.3999)	(2, 48.6772)	(3, 62.0618)	(4, 53.3305)	(5, 47.9307)	(6, 45.7013)	(7, 38.4509)	(8, 46.6203)	(9, 44.4731)	(10, 41.5389)	(11, 53.4445)	(12, 52.1624)	(13, 50.7093)	(14, 47.591899999999995)	(15, 48.7782)	(16, 49.7172)	(17, 48.694700000000005)	(18, 48.8518)	(19, 49.6121)	(20, 48.5938)	(21, 48.923899999999996)	(22, 49.3089)	(23, 48.174099999999996)	(24, 48.620400000000004)	(25, 49.339)	(26, 48.2853)	(27, 48.7348)	(28, 49.4017)	(29, 48.4294)	(30, 48.912099999999995)	(31, 49.547799999999995)	(32, 48.2613)	(33, 48.8709)	(34, 49.4332)	(35, 48.5445)	(36, 49.0965)	(37, 49.6524)	(38, 48.6187)	(39, 48.9604)	(40, 49.545)	(41, 48.790099999999995)	(42, 48.9867)	(43, 49.6004)	(44, 48.5743)	(45, 49.0993)	(46, 49.7044)	(47, 48.565000000000005)	(48, 49.0277)	(49, 49.7679)	(50, 48.7178)	(51, 49.100500000000004)	(52, 49.673)	(53, 48.6506)	(54, 49.0019)	(55, 49.5524)	(56, 48.5921)	(57, 49.1319)	(58, 49.6021)	(59, 48.7704)	(60, 49.0394)	(61, 49.7102)	(62, 48.592600000000004)	(63, 49.0557)	(64, 49.7114)	(65, 48.653800000000004)	(66, 49.1292)	(67, 49.708400000000005)	(68, 48.6828)	(69, 49.0663)	(70, 49.6106)	(71, 48.7568)	(72, 49.128699999999995)	(73, 49.801899999999996)	(74, 48.7851)	(75, 49.165)	(76, 49.6873)	(77, 48.8089)	(78, 49.223800000000004)	(79, 49.666399999999996)	(80, 48.8427)	(81, 49.1515)	(82, 49.7465)	(83, 48.9082)	(84, 49.2775)	(85, 49.826)	(86, 48.8308)	(87, 49.1616)	(88, 49.7855)	(89, 48.7547)	(90, 49.2389)	(91, 49.7337)	(92, 48.8599)	(93, 49.2157)	(94, 49.8065)	(95, 48.894999999999996)	(96, 49.254799999999996)	(97, 49.938300000000005)	(98, 48.9968)	(99, 49.4172)	(100, 49.894800000000004)	(101, 49.1263)	(102, 49.2688)	(103, 49.841)	(104, 48.9061)	(105, 49.3504)	(106, 49.8607)	(107, 48.8389)	(108, 49.275000000000006)	(109, 49.8661)	(110, 48.9108)	(111, 49.4211)	(112, 50.0571)	(113, 48.9432)	(114, 49.400800000000004)	(115, 49.8987)	(116, 48.8966)	(117, 49.3915)	(118, 49.9431)	(119, 48.956)	(120, 49.2856)	(121, 49.9137)	(122, 48.9751)	(123, 49.4561)	(124, 49.9655)	(125, 49.1056)	(126, 49.4677)	(127, 50.0244)	(128, 49.0664)	(129, 49.4324)	(130, 50.0297)	(131, 48.9902)	(132, 49.2736)	(133, 49.972)	(134, 48.978)	(135, 49.386799999999994)	(136, 49.8846)	(137, 49.021300000000004)	(138, 49.2619)	(139, 49.9394)	(140, 49.0359)	(141, 49.404399999999995)	(142, 49.9227)	(143, 49.0436)	(144, 49.388)	(145, 49.8212)	(146, 49.0875)	(147, 49.3662)	(148, 49.8106)	(149, 49.0425)	(150, 49.3599)	(151, 49.717800000000004)
reports | SRR30333758	(1, 82.2663)	(2, 48.7613)	(3, 62.700199999999995)	(4, 54.9402)	(5, 48.749900000000004)	(6, 46.347)	(7, 38.1916)	(8, 46.1019)	(9, 44.6881)	(10, 41.7994)	(11, 52.55069999999999)	(12, 51.0054)	(13, 49.938)	(14, 47.8735)	(15, 49.2118)	(16, 50.2633)	(17, 49.2522)	(18, 49.496)	(19, 50.2401)	(20, 48.9921)	(21, 49.3678)	(22, 49.7276)	(23, 48.5234)	(24, 49.1514)	(25, 49.8747)	(26, 48.7357)	(27, 49.2749)	(28, 49.912600000000005)	(29, 48.786)	(30, 49.3688)	(31, 50.0129)	(32, 48.592400000000005)	(33, 49.3138)	(34, 49.9166)	(35, 48.9112)	(36, 49.582)	(37, 50.1018)	(38, 48.9692)	(39, 49.3747)	(40, 49.917899999999996)	(41, 49.088100000000004)	(42, 49.3622)	(43, 49.967600000000004)	(44, 48.8796)	(45, 49.5265)	(46, 50.0934)	(47, 48.839)	(48, 49.3756)	(49, 50.1325)	(50, 48.9751)	(51, 49.4293)	(52, 50.05)	(53, 48.9408)	(54, 49.3667)	(55, 49.8839)	(56, 48.8688)	(57, 49.4764)	(58, 49.9696)	(59, 49.002)	(60, 49.4022)	(61, 50.0653)	(62, 48.8104)	(63, 49.3676)	(64, 50.037600000000005)	(65, 48.9112)	(66, 49.5058)	(67, 50.0254)	(68, 48.8873)	(69, 49.366)	(70, 49.925399999999996)	(71, 48.9242)	(72, 49.418)	(73, 50.1484)	(74, 49.032399999999996)	(75, 49.487500000000004)	(76, 49.9842)	(77, 49.0385)	(78, 49.538)	(79, 49.9432)	(80, 49.0638)	(81, 49.4684)	(82, 50.066500000000005)	(83, 49.120999999999995)	(84, 49.583)	(85, 50.1189)	(86, 49.0515)	(87, 49.4519)	(88, 50.102000000000004)	(89, 48.9692)	(90, 49.5418)	(91, 50.0226)	(92, 49.0284)	(93, 49.4887)	(94, 50.055899999999994)	(95, 49.0636)	(96, 49.521)	(97, 50.236000000000004)	(98, 49.1928)	(99, 49.7484)	(100, 50.2104)	(101, 49.3653)	(102, 49.5661)	(103, 50.1451)	(104, 49.1267)	(105, 49.6515)	(106, 50.1431)	(107, 48.9903)	(108, 49.546099999999996)	(109, 50.1576)	(110, 49.0404)	(111, 49.7019)	(112, 50.353899999999996)	(113, 49.1375)	(114, 49.7012)	(115, 50.1759)	(116, 49.0971)	(117, 49.6928)	(118, 50.2143)	(119, 49.1774)	(120, 49.5661)	(121, 50.1723)	(122, 49.1441)	(123, 49.709599999999995)	(124, 50.2372)	(125, 49.303200000000004)	(126, 49.7381)	(127, 50.29090000000001)	(128, 49.2427)	(129, 49.715399999999995)	(130, 50.287000000000006)	(131, 49.183)	(132, 49.5278)	(133, 50.240899999999996)	(134, 49.152699999999996)	(135, 49.6348)	(136, 50.1129)	(137, 49.2318)	(138, 49.5361)	(139, 50.218799999999995)	(140, 49.227)	(141, 49.6784)	(142, 50.151599999999995)	(143, 49.2429)	(144, 49.666700000000006)	(145, 50.0861)	(146, 49.2676)	(147, 49.6386)	(148, 50.0976)	(149, 49.2846)	(150, 49.650800000000004)	(151, 49.9769)
reports | SRR30333759	(1, 81.38499999999999)	(2, 47.5628)	(3, 61.6123)	(4, 53.2577)	(5, 47.2565)	(6, 44.9278)	(7, 37.835499999999996)	(8, 45.9124)	(9, 43.783699999999996)	(10, 41.019)	(11, 52.849500000000006)	(12, 51.5115)	(13, 50.1302)	(14, 46.9949)	(15, 48.1513)	(16, 49.1691)	(17, 48.1511)	(18, 48.3067)	(19, 49.1375)	(20, 48.0608)	(21, 48.3543)	(22, 48.7642)	(23, 47.617399999999996)	(24, 48.017199999999995)	(25, 48.8064)	(26, 47.718199999999996)	(27, 48.2018)	(28, 48.8846)	(29, 47.8538)	(30, 48.3697)	(31, 49.0446)	(32, 47.6817)	(33, 48.356)	(34, 48.8982)	(35, 47.999700000000004)	(36, 48.5458)	(37, 49.137100000000004)	(38, 48.065400000000004)	(39, 48.3787)	(40, 48.9946)	(41, 48.2566)	(42, 48.4286)	(43, 49.063)	(44, 48.0184)	(45, 48.5688)	(46, 49.154399999999995)	(47, 47.9799)	(48, 48.4685)	(49, 49.2586)	(50, 48.159800000000004)	(51, 48.5289)	(52, 49.1736)	(53, 48.1041)	(54, 48.4282)	(55, 49.0086)	(56, 48.0408)	(57, 48.608000000000004)	(58, 49.1203)	(59, 48.221399999999996)	(60, 48.505700000000004)	(61, 49.1982)	(62, 48.0417)	(63, 48.512499999999996)	(64, 49.1997)	(65, 48.1119)	(66, 48.599)	(67, 49.1717)	(68, 48.1379)	(69, 48.526599999999995)	(70, 49.093900000000005)	(71, 48.186800000000005)	(72, 48.5993)	(73, 49.303799999999995)	(74, 48.2638)	(75, 48.6111)	(76, 49.148599999999995)	(77, 48.2832)	(78, 48.6988)	(79, 49.1301)	(80, 48.3212)	(81, 48.5892)	(82, 49.2297)	(83, 48.3987)	(84, 48.7542)	(85, 49.3118)	(86, 48.2665)	(87, 48.5852)	(88, 49.256299999999996)	(89, 48.206700000000005)	(90, 48.695)	(91, 49.2197)	(92, 48.3043)	(93, 48.6744)	(94, 49.280699999999996)	(95, 48.3372)	(96, 48.6719)	(97, 49.4293)	(98, 48.4439)	(99, 48.9223)	(100, 49.3641)	(101, 48.6103)	(102, 48.7207)	(103, 49.303000000000004)	(104, 48.341899999999995)	(105, 48.8133)	(106, 49.374)	(107, 48.2789)	(108, 48.715599999999995)	(109, 49.3544)	(110, 48.341899999999995)	(111, 48.8744)	(112, 49.5654)	(113, 48.422599999999996)	(114, 48.836)	(115, 49.3516)	(116, 48.317)	(117, 48.8469)	(118, 49.4095)	(119, 48.4121)	(120, 48.7434)	(121, 49.377300000000005)	(122, 48.4196)	(123, 48.9043)	(124, 49.4644)	(125, 48.5413)	(126, 48.9015)	(127, 49.494)	(128, 48.5228)	(129, 48.876799999999996)	(130, 49.4561)	(131, 48.4268)	(132, 48.7302)	(133, 49.444)	(134, 48.4286)	(135, 48.7858)	(136, 49.3412)	(137, 48.4207)	(138, 48.6813)	(139, 49.3819)	(140, 48.4311)	(141, 48.8271)	(142, 49.377500000000005)	(143, 48.4668)	(144, 48.792)	(145, 49.2355)	(146, 48.511500000000005)	(147, 48.7847)	(148, 49.251400000000004)	(149, 48.4742)	(150, 48.8128)	(151, 49.14)
reports | SRR30333760	(1, 81.0624)	(2, 48.6425)	(3, 62.3617)	(4, 53.812599999999996)	(5, 48.011199999999995)	(6, 45.756)	(7, 38.5547)	(8, 46.4974)	(9, 44.3549)	(10, 41.5205)	(11, 53.3543)	(12, 52.1379)	(13, 50.8011)	(14, 47.653)	(15, 48.836800000000004)	(16, 49.787)	(17, 48.7435)	(18, 48.9003)	(19, 49.688300000000005)	(20, 48.6289)	(21, 48.992000000000004)	(22, 49.3947)	(23, 48.1922)	(24, 48.6586)	(25, 49.377500000000005)	(26, 48.3321)	(27, 48.8014)	(28, 49.4499)	(29, 48.4552)	(30, 48.9649)	(31, 49.6326)	(32, 48.3076)	(33, 48.8866)	(34, 49.4632)	(35, 48.5893)	(36, 49.1397)	(37, 49.6828)	(38, 48.6627)	(39, 48.9844)	(40, 49.5762)	(41, 48.7938)	(42, 49.0139)	(43, 49.6445)	(44, 48.605)	(45, 49.1342)	(46, 49.717800000000004)	(47, 48.5828)	(48, 49.0355)	(49, 49.8116)	(50, 48.7419)	(51, 49.126799999999996)	(52, 49.7256)	(53, 48.702)	(54, 49.0302)	(55, 49.5783)	(56, 48.6333)	(57, 49.1717)	(58, 49.651)	(59, 48.7988)	(60, 49.0788)	(61, 49.7617)	(62, 48.6259)	(63, 49.0897)	(64, 49.7558)	(65, 48.7124)	(66, 49.1771)	(67, 49.737500000000004)	(68, 48.7025)	(69, 49.100899999999996)	(70, 49.6455)	(71, 48.789300000000004)	(72, 49.1581)	(73, 49.8519)	(74, 48.8207)	(75, 49.200300000000006)	(76, 49.7206)	(77, 48.8546)	(78, 49.262299999999996)	(79, 49.7307)	(80, 48.9016)	(81, 49.182199999999995)	(82, 49.830400000000004)	(83, 48.9592)	(84, 49.3348)	(85, 49.878)	(86, 48.8542)	(87, 49.2001)	(88, 49.8168)	(89, 48.8172)	(90, 49.2643)	(91, 49.8066)	(92, 48.8771)	(93, 49.2297)	(94, 49.855199999999996)	(95, 48.940400000000004)	(96, 49.2907)	(97, 49.9998)	(98, 49.0308)	(99, 49.465599999999995)	(100, 49.9255)	(101, 49.172399999999996)	(102, 49.3031)	(103, 49.8832)	(104, 48.9432)	(105, 49.4069)	(106, 49.8974)	(107, 48.8749)	(108, 49.2958)	(109, 49.9135)	(110, 48.9353)	(111, 49.4556)	(112, 50.0868)	(113, 48.9848)	(114, 49.410199999999996)	(115, 49.9216)	(116, 48.9068)	(117, 49.429)	(118, 49.9622)	(119, 48.9759)	(120, 49.3082)	(121, 49.9554)	(122, 48.9792)	(123, 49.4806)	(124, 50.011799999999994)	(125, 49.100100000000005)	(126, 49.4806)	(127, 50.0263)	(128, 49.0741)	(129, 49.4665)	(130, 50.031099999999995)	(131, 49.0328)	(132, 49.2681)	(133, 49.979600000000005)	(134, 48.9914)	(135, 49.384)	(136, 49.8876)	(137, 49.0272)	(138, 49.271300000000004)	(139, 49.9434)	(140, 49.0289)	(141, 49.378)	(142, 49.9033)	(143, 49.0362)	(144, 49.3949)	(145, 49.8229)	(146, 49.067)	(147, 49.3797)	(148, 49.798700000000004)	(149, 49.0484)	(150, 49.350699999999996)	(151, 49.693)
reports | SRR30333761	(1, 79.3174)	(2, 50.801700000000004)	(3, 62.2193)	(4, 54.1573)	(5, 48.356700000000004)	(6, 46.2264)	(7, 38.7744)	(8, 47.1381)	(9, 44.9522)	(10, 41.671200000000006)	(11, 53.894299999999994)	(12, 52.511799999999994)	(13, 50.950700000000005)	(14, 47.9186)	(15, 48.9592)	(16, 49.7905)	(17, 48.8334)	(18, 48.9096)	(19, 49.6386)	(20, 48.843399999999995)	(21, 49.1045)	(22, 49.4139)	(23, 48.4794)	(24, 48.7796)	(25, 49.4653)	(26, 48.6214)	(27, 48.9199)	(28, 49.5037)	(29, 48.688900000000004)	(30, 49.112)	(31, 49.633500000000005)	(32, 48.501)	(33, 49.048)	(34, 49.4693)	(35, 48.7672)	(36, 49.255500000000005)	(37, 49.686)	(38, 48.8462)	(39, 49.114999999999995)	(40, 49.6096)	(41, 49.0655)	(42, 49.168099999999995)	(43, 49.6763)	(44, 48.837399999999995)	(45, 49.273)	(46, 49.7892)	(47, 48.8133)	(48, 49.1928)	(49, 49.8466)	(50, 48.9647)	(51, 49.2593)	(52, 49.7756)	(53, 48.903)	(54, 49.1481)	(55, 49.6193)	(56, 48.8667)	(57, 49.303200000000004)	(58, 49.7387)	(59, 49.0441)	(60, 49.2681)	(61, 49.7937)	(62, 48.8516)	(63, 49.2379)	(64, 49.8299)	(65, 48.9392)	(66, 49.3051)	(67, 49.8068)	(68, 48.9653)	(69, 49.233399999999996)	(70, 49.7023)	(71, 49.012299999999996)	(72, 49.3622)	(73, 49.9105)	(74, 49.074200000000005)	(75, 49.3544)	(76, 49.8012)	(77, 49.0681)	(78, 49.406800000000004)	(79, 49.7917)	(80, 49.1274)	(81, 49.3412)	(82, 49.8841)	(83, 49.2006)	(84, 49.5086)	(85, 49.9645)	(86, 49.1093)	(87, 49.3609)	(88, 49.904399999999995)	(89, 49.0355)	(90, 49.4612)	(91, 49.8494)	(92, 49.1201)	(93, 49.4268)	(94, 49.9204)	(95, 49.161300000000004)	(96, 49.4314)	(97, 50.086299999999994)	(98, 49.2806)	(99, 49.6373)	(100, 50.0366)	(101, 49.402)	(102, 49.4832)	(103, 49.9718)	(104, 49.2021)	(105, 49.548199999999994)	(106, 50.0174)	(107, 49.1103)	(108, 49.466100000000004)	(109, 49.9834)	(110, 49.168099999999995)	(111, 49.6385)	(112, 50.1788)	(113, 49.2322)	(114, 49.6145)	(115, 49.995)	(116, 49.1332)	(117, 49.5897)	(118, 50.049699999999994)	(119, 49.2173)	(120, 49.485099999999996)	(121, 50.047799999999995)	(122, 49.227199999999996)	(123, 49.6514)	(124, 50.065099999999994)	(125, 49.3476)	(126, 49.6527)	(127, 50.105)	(128, 49.3118)	(129, 49.6113)	(130, 50.1143)	(131, 49.2308)	(132, 49.465199999999996)	(133, 50.0676)	(134, 49.2299)	(135, 49.5186)	(136, 49.9701)	(137, 49.2131)	(138, 49.432700000000004)	(139, 50.038700000000006)	(140, 49.239)	(141, 49.5506)	(142, 49.9932)	(143, 49.2534)	(144, 49.5096)	(145, 49.8978)	(146, 49.2768)	(147, 49.512)	(148, 49.8736)	(149, 49.259100000000004)	(150, 49.5225)	(151, 49.7584)
reports | SRR30333762	(1, 80.5771)	(2, 48.7981)	(3, 62.021)	(4, 53.747)	(5, 47.8716)	(6, 45.6821)	(7, 38.4019)	(8, 46.4572)	(9, 44.3241)	(10, 41.403)	(11, 53.3271)	(12, 52.0702)	(13, 50.6374)	(14, 47.5272)	(15, 48.6961)	(16, 49.6053)	(17, 48.573499999999996)	(18, 48.7053)	(19, 49.4932)	(20, 48.512)	(21, 48.8175)	(22, 49.1898)	(23, 48.071000000000005)	(24, 48.4908)	(25, 49.229800000000004)	(26, 48.1924)	(27, 48.6518)	(28, 49.2612)	(29, 48.3082)	(30, 48.789500000000004)	(31, 49.4165)	(32, 48.126400000000004)	(33, 48.7637)	(34, 49.286)	(35, 48.4381)	(36, 48.9587)	(37, 49.5064)	(38, 48.508)	(39, 48.8006)	(40, 49.3738)	(41, 48.668099999999995)	(42, 48.8672)	(43, 49.4676)	(44, 48.4679)	(45, 48.9683)	(46, 49.5635)	(47, 48.4246)	(48, 48.8864)	(49, 49.6348)	(50, 48.621199999999995)	(51, 48.9693)	(52, 49.560700000000004)	(53, 48.5657)	(54, 48.8737)	(55, 49.3873)	(56, 48.4666)	(57, 49.0362)	(58, 49.4871)	(59, 48.6813)	(60, 48.9158)	(61, 49.5908)	(62, 48.4713)	(63, 48.928700000000006)	(64, 49.5956)	(65, 48.5591)	(66, 49.0321)	(67, 49.560500000000005)	(68, 48.5875)	(69, 48.9435)	(70, 49.4815)	(71, 48.6358)	(72, 49.0415)	(73, 49.702600000000004)	(74, 48.709)	(75, 49.059000000000005)	(76, 49.5638)	(77, 48.728100000000005)	(78, 49.132799999999996)	(79, 49.5439)	(80, 48.7761)	(81, 49.0464)	(82, 49.6534)	(83, 48.8512)	(84, 49.186099999999996)	(85, 49.723)	(86, 48.7245)	(87, 49.0313)	(88, 49.6695)	(89, 48.6558)	(90, 49.1441)	(91, 49.6274)	(92, 48.7593)	(93, 49.1108)	(94, 49.687599999999996)	(95, 48.7989)	(96, 49.157000000000004)	(97, 49.8628)	(98, 48.9134)	(99, 49.3487)	(100, 49.7796)	(101, 49.0719)	(102, 49.1764)	(103, 49.7389)	(104, 48.8313)	(105, 49.2787)	(106, 49.7736)	(107, 48.7701)	(108, 49.1746)	(109, 49.736399999999996)	(110, 48.7994)	(111, 49.3274)	(112, 49.9929)	(113, 48.876799999999996)	(114, 49.2869)	(115, 49.7847)	(116, 48.8185)	(117, 49.268)	(118, 49.8123)	(119, 48.8608)	(120, 49.1815)	(121, 49.802)	(122, 48.892)	(123, 49.3733)	(124, 49.893100000000004)	(125, 49.025800000000004)	(126, 49.3457)	(127, 49.8819)	(128, 48.9957)	(129, 49.3558)	(130, 49.9082)	(131, 48.923100000000005)	(132, 49.1919)	(133, 49.8515)	(134, 48.8878)	(135, 49.2779)	(136, 49.7535)	(137, 48.9349)	(138, 49.1421)	(139, 49.8292)	(140, 48.934)	(141, 49.269200000000005)	(142, 49.7777)	(143, 48.9406)	(144, 49.2742)	(145, 49.6933)	(146, 49.0041)	(147, 49.2855)	(148, 49.6805)	(149, 48.9726)	(150, 49.254)	(151, 49.5887)
reports | SRR30333763	(1, 80.2242)	(2, 50.13570000000001)	(3, 61.8433)	(4, 53.584900000000005)	(5, 48.060399999999994)	(6, 45.7969)	(7, 38.5945)	(8, 46.9657)	(9, 44.8166)	(10, 41.5607)	(11, 53.660399999999996)	(12, 52.290800000000004)	(13, 50.7295)	(14, 47.6962)	(15, 48.8117)	(16, 49.6788)	(17, 48.6841)	(18, 48.796)	(19, 49.5572)	(20, 48.6479)	(21, 48.9292)	(22, 49.270199999999996)	(23, 48.2901)	(24, 48.64)	(25, 49.3087)	(26, 48.4028)	(27, 48.7663)	(28, 49.3368)	(29, 48.504000000000005)	(30, 48.9386)	(31, 49.5004)	(32, 48.3111)	(33, 48.89)	(34, 49.3699)	(35, 48.6078)	(36, 49.107099999999996)	(37, 49.5863)	(38, 48.6601)	(39, 48.956300000000006)	(40, 49.484)	(41, 48.881)	(42, 49.0037)	(43, 49.566500000000005)	(44, 48.6852)	(45, 49.1076)	(46, 49.6598)	(47, 48.6214)	(48, 49.0323)	(49, 49.7225)	(50, 48.7964)	(51, 49.0937)	(52, 49.6449)	(53, 48.734)	(54, 49.0152)	(55, 49.499300000000005)	(56, 48.6841)	(57, 49.1732)	(58, 49.602000000000004)	(59, 48.8539)	(60, 49.0878)	(61, 49.6761)	(62, 48.652)	(63, 49.0782)	(64, 49.6848)	(65, 48.7705)	(66, 49.17)	(67, 49.6778)	(68, 48.763400000000004)	(69, 49.113600000000005)	(70, 49.5866)	(71, 48.8232)	(72, 49.192)	(73, 49.7916)	(74, 48.895300000000006)	(75, 49.189)	(76, 49.6744)	(77, 48.9227)	(78, 49.2612)	(79, 49.6494)	(80, 48.928700000000006)	(81, 49.1838)	(82, 49.7376)	(83, 49.0417)	(84, 49.3318)	(85, 49.826)	(86, 48.9212)	(87, 49.196600000000004)	(88, 49.7657)	(89, 48.836)	(90, 49.277)	(91, 49.7392)	(92, 48.9688)	(93, 49.2535)	(94, 49.769600000000004)	(95, 48.9969)	(96, 49.2774)	(97, 49.927)	(98, 49.088300000000004)	(99, 49.4675)	(100, 49.8807)	(101, 49.2434)	(102, 49.3255)	(103, 49.8226)	(104, 48.986200000000004)	(105, 49.4001)	(106, 49.877500000000005)	(107, 48.9274)	(108, 49.2997)	(109, 49.869400000000006)	(110, 48.9927)	(111, 49.472)	(112, 50.057399999999994)	(113, 49.0772)	(114, 49.4382)	(115, 49.8915)	(116, 48.9795)	(117, 49.4244)	(118, 49.9029)	(119, 49.0428)	(120, 49.3391)	(121, 49.9108)	(122, 49.0575)	(123, 49.5024)	(124, 49.9577)	(125, 49.1986)	(126, 49.5042)	(127, 49.999700000000004)	(128, 49.1571)	(129, 49.4768)	(130, 50.0128)	(131, 49.0618)	(132, 49.3123)	(133, 49.932)	(134, 49.0844)	(135, 49.4052)	(136, 49.8491)	(137, 49.105900000000005)	(138, 49.3056)	(139, 49.916)	(140, 49.1233)	(141, 49.4244)	(142, 49.8862)	(143, 49.1072)	(144, 49.3841)	(145, 49.7631)	(146, 49.1597)	(147, 49.4269)	(148, 49.759100000000004)	(149, 49.1458)	(150, 49.3896)	(151, 49.6733)
reports | SRR30333764	(1, 79.2535)	(2, 50.711)	(3, 61.9466)	(4, 53.7086)	(5, 48.112500000000004)	(6, 45.8412)	(7, 38.6136)	(8, 47.2255)	(9, 44.9861)	(10, 41.582)	(11, 53.904300000000006)	(12, 52.4141)	(13, 50.749599999999994)	(14, 47.7824)	(15, 48.8785)	(16, 49.6891)	(17, 48.7568)	(18, 48.8459)	(19, 49.547000000000004)	(20, 48.768499999999996)	(21, 49.0285)	(22, 49.3083)	(23, 48.437200000000004)	(24, 48.7417)	(25, 49.396699999999996)	(26, 48.572199999999995)	(27, 48.8622)	(28, 49.408)	(29, 48.6537)	(30, 49.0618)	(31, 49.547799999999995)	(32, 48.467)	(33, 48.977)	(34, 49.378499999999995)	(35, 48.7368)	(36, 49.2162)	(37, 49.6534)	(38, 48.8145)	(39, 49.0809)	(40, 49.5602)	(41, 49.0251)	(42, 49.1103)	(43, 49.6302)	(44, 48.8463)	(45, 49.208200000000005)	(46, 49.7423)	(47, 48.7872)	(48, 49.1828)	(49, 49.8049)	(50, 48.936800000000005)	(51, 49.205)	(52, 49.7012)	(53, 48.8731)	(54, 49.1293)	(55, 49.5674)	(56, 48.8474)	(57, 49.2568)	(58, 49.668099999999995)	(59, 49.0356)	(60, 49.205)	(61, 49.7436)	(62, 48.8192)	(63, 49.2083)	(64, 49.7459)	(65, 48.8977)	(66, 49.2714)	(67, 49.734899999999996)	(68, 48.9253)	(69, 49.1986)	(70, 49.6476)	(71, 48.9825)	(72, 49.3018)	(73, 49.864599999999996)	(74, 49.0517)	(75, 49.2902)	(76, 49.743300000000005)	(77, 49.0488)	(78, 49.369600000000005)	(79, 49.741)	(80, 49.1301)	(81, 49.3078)	(82, 49.808)	(83, 49.1713)	(84, 49.4423)	(85, 49.8943)	(86, 49.0928)	(87, 49.3023)	(88, 49.84)	(89, 49.0032)	(90, 49.406299999999995)	(91, 49.7581)	(92, 49.107)	(93, 49.3694)	(94, 49.8463)	(95, 49.152699999999996)	(96, 49.3752)	(97, 50.021499999999996)	(98, 49.2415)	(99, 49.5894)	(100, 49.9818)	(101, 49.3755)	(102, 49.4043)	(103, 49.8942)	(104, 49.1379)	(105, 49.512499999999996)	(106, 49.932500000000005)	(107, 49.0673)	(108, 49.4204)	(109, 49.9497)	(110, 49.1504)	(111, 49.5815)	(112, 50.096399999999996)	(113, 49.223099999999995)	(114, 49.5346)	(115, 49.9535)	(116, 49.1182)	(117, 49.5413)	(118, 49.984899999999996)	(119, 49.195299999999996)	(120, 49.424099999999996)	(121, 49.9872)	(122, 49.2121)	(123, 49.614200000000004)	(124, 50.0305)	(125, 49.3375)	(126, 49.6135)	(127, 50.0879)	(128, 49.2936)	(129, 49.5524)	(130, 50.0736)	(131, 49.2053)	(132, 49.4161)	(133, 50.003)	(134, 49.2265)	(135, 49.5176)	(136, 49.9381)	(137, 49.24)	(138, 49.390499999999996)	(139, 50.0015)	(140, 49.254)	(141, 49.5435)	(142, 49.9695)	(143, 49.2432)	(144, 49.5045)	(145, 49.8765)	(146, 49.3063)	(147, 49.5209)	(148, 49.8543)	(149, 49.2857)	(150, 49.5143)	(151, 49.7477)
reports | SRR30333765	(1, 79.9552)	(2, 50.871900000000004)	(3, 62.3495)	(4, 54.149499999999996)	(5, 48.4496)	(6, 46.2545)	(7, 38.6027)	(8, 46.999)	(9, 44.7746)	(10, 41.4584)	(11, 53.50279999999999)	(12, 52.0961)	(13, 50.6239)	(14, 47.7569)	(15, 48.8305)	(16, 49.661699999999996)	(17, 48.7243)	(18, 48.8223)	(19, 49.5474)	(20, 48.6684)	(21, 48.9623)	(22, 49.2621)	(23, 48.3464)	(24, 48.6451)	(25, 49.330600000000004)	(26, 48.4743)	(27, 48.8157)	(28, 49.3542)	(29, 48.5892)	(30, 48.9831)	(31, 49.5121)	(32, 48.4148)	(33, 48.897200000000005)	(34, 49.3562)	(35, 48.6558)	(36, 49.1452)	(37, 49.6021)	(38, 48.7369)	(39, 49.0102)	(40, 49.5141)	(41, 48.938500000000005)	(42, 49.0319)	(43, 49.5724)	(44, 48.7406)	(45, 49.1488)	(46, 49.6728)	(47, 48.7255)	(48, 49.0687)	(49, 49.7311)	(50, 48.8342)	(51, 49.1319)	(52, 49.647400000000005)	(53, 48.7923)	(54, 49.0446)	(55, 49.5143)	(56, 48.7448)	(57, 49.18)	(58, 49.6113)	(59, 48.9339)	(60, 49.1203)	(61, 49.6659)	(62, 48.7211)	(63, 49.121700000000004)	(64, 49.6898)	(65, 48.8069)	(66, 49.180600000000005)	(67, 49.684400000000004)	(68, 48.8274)	(69, 49.1329)	(70, 49.5827)	(71, 48.9045)	(72, 49.1969)	(73, 49.769200000000005)	(74, 48.942099999999996)	(75, 49.2162)	(76, 49.6478)	(77, 48.9531)	(78, 49.2734)	(79, 49.6522)	(80, 48.991099999999996)	(81, 49.2198)	(82, 49.7259)	(83, 49.0752)	(84, 49.343599999999995)	(85, 49.8145)	(86, 49.0043)	(87, 49.2182)	(88, 49.7794)	(89, 48.9071)	(90, 49.3071)	(91, 49.737700000000004)	(92, 49.0145)	(93, 49.297200000000004)	(94, 49.7975)	(95, 49.0431)	(96, 49.3062)	(97, 49.9374)	(98, 49.153400000000005)	(99, 49.4906)	(100, 49.9139)	(101, 49.2784)	(102, 49.3622)	(103, 49.841800000000006)	(104, 49.0645)	(105, 49.4213)	(106, 49.879)	(107, 49.0007)	(108, 49.3467)	(109, 49.8814)	(110, 49.0549)	(111, 49.5103)	(112, 50.052600000000005)	(113, 49.132999999999996)	(114, 49.4717)	(115, 49.913999999999994)	(116, 49.0686)	(117, 49.4784)	(118, 49.931799999999996)	(119, 49.118)	(120, 49.3727)	(121, 49.9415)	(122, 49.1555)	(123, 49.5504)	(124, 49.9846)	(125, 49.2501)	(126, 49.5424)	(127, 50.023300000000006)	(128, 49.2197)	(129, 49.5256)	(130, 50.0428)	(131, 49.1589)	(132, 49.390699999999995)	(133, 49.9847)	(134, 49.160900000000005)	(135, 49.4627)	(136, 49.8892)	(137, 49.1858)	(138, 49.3622)	(139, 49.96)	(140, 49.1898)	(141, 49.4844)	(142, 49.9274)	(143, 49.1824)	(144, 49.4803)	(145, 49.8645)	(146, 49.2528)	(147, 49.467800000000004)	(148, 49.8408)	(149, 49.2085)	(150, 49.472)	(151, 49.7516)
reports | SRR30333766	(1, 79.0335)	(2, 51.2603)	(3, 61.89320000000001)	(4, 53.794)	(5, 48.175200000000004)	(6, 45.9335)	(7, 38.556200000000004)	(8, 47.2363)	(9, 45.0602)	(10, 41.4933)	(11, 53.7899)	(12, 52.351000000000006)	(13, 50.642399999999995)	(14, 47.646)	(15, 48.7344)	(16, 49.5152)	(17, 48.5954)	(18, 48.7064)	(19, 49.3827)	(20, 48.6189)	(21, 48.8672)	(22, 49.154199999999996)	(23, 48.3188)	(24, 48.593399999999995)	(25, 49.2256)	(26, 48.4302)	(27, 48.7301)	(28, 49.2392)	(29, 48.5381)	(30, 48.9163)	(31, 49.3684)	(32, 48.2976)	(33, 48.8447)	(34, 49.2063)	(35, 48.5951)	(36, 49.058)	(37, 49.443799999999996)	(38, 48.632799999999996)	(39, 48.897800000000004)	(40, 49.3672)	(41, 48.8739)	(42, 48.9233)	(43, 49.4506)	(44, 48.6747)	(45, 49.0568)	(46, 49.543)	(47, 48.6199)	(48, 48.9855)	(49, 49.5974)	(50, 48.7763)	(51, 49.0377)	(52, 49.4824)	(53, 48.705999999999996)	(54, 48.936800000000005)	(55, 49.3457)	(56, 48.6795)	(57, 49.1165)	(58, 49.4747)	(59, 48.8558)	(60, 49.0165)	(61, 49.528)	(62, 48.6418)	(63, 49.0233)	(64, 49.5579)	(65, 48.7371)	(66, 49.1088)	(67, 49.5419)	(68, 48.743700000000004)	(69, 49.019)	(70, 49.4336)	(71, 48.8195)	(72, 49.148199999999996)	(73, 49.649)	(74, 48.8883)	(75, 49.1427)	(76, 49.5417)	(77, 48.8834)	(78, 49.186)	(79, 49.5265)	(80, 48.918499999999995)	(81, 49.1062)	(82, 49.5882)	(83, 49.0315)	(84, 49.2768)	(85, 49.6939)	(86, 48.905)	(87, 49.115700000000004)	(88, 49.629)	(89, 48.816500000000005)	(90, 49.2481)	(91, 49.6019)	(92, 48.9444)	(93, 49.2187)	(94, 49.6668)	(95, 48.9828)	(96, 49.2181)	(97, 49.8324)	(98, 49.086400000000005)	(99, 49.4521)	(100, 49.7735)	(101, 49.210300000000004)	(102, 49.2585)	(103, 49.696600000000004)	(104, 48.9724)	(105, 49.3601)	(106, 49.7626)	(107, 48.9331)	(108, 49.2552)	(109, 49.7587)	(110, 48.9821)	(111, 49.44)	(112, 49.946200000000005)	(113, 49.056)	(114, 49.4174)	(115, 49.7793)	(116, 48.953799999999994)	(117, 49.3644)	(118, 49.8229)	(119, 49.0297)	(120, 49.2925)	(121, 49.7989)	(122, 49.0759)	(123, 49.4496)	(124, 49.8889)	(125, 49.1872)	(126, 49.4681)	(127, 49.9202)	(128, 49.166399999999996)	(129, 49.4423)	(130, 49.9227)	(131, 49.0854)	(132, 49.2892)	(133, 49.8527)	(134, 49.1042)	(135, 49.358000000000004)	(136, 49.7453)	(137, 49.0978)	(138, 49.236000000000004)	(139, 49.8324)	(140, 49.0984)	(141, 49.4127)	(142, 49.7926)	(143, 49.1035)	(144, 49.3616)	(145, 49.7037)	(146, 49.1771)	(147, 49.3647)	(148, 49.6934)	(149, 49.1457)	(150, 49.386)	(151, 49.5984)
reports | SRR30333767	(1, 79.27459999999999)	(2, 51.198)	(3, 62.1883)	(4, 53.9659)	(5, 48.4483)	(6, 46.2149)	(7, 38.8588)	(8, 47.3195)	(9, 45.144600000000004)	(10, 41.726200000000006)	(11, 53.9015)	(12, 52.5949)	(13, 50.9942)	(14, 47.918)	(15, 49.0223)	(16, 49.7997)	(17, 48.8616)	(18, 48.963)	(19, 49.6601)	(20, 48.842999999999996)	(21, 49.1094)	(22, 49.426500000000004)	(23, 48.5095)	(24, 48.8447)	(25, 49.4618)	(26, 48.6325)	(27, 48.9528)	(28, 49.4919)	(29, 48.727199999999996)	(30, 49.121500000000005)	(31, 49.6143)	(32, 48.5534)	(33, 49.0708)	(34, 49.4801)	(35, 48.8084)	(36, 49.2857)	(37, 49.6779)	(38, 48.8682)	(39, 49.148599999999995)	(40, 49.5963)	(41, 49.0548)	(42, 49.1697)	(43, 49.6983)	(44, 48.8754)	(45, 49.284)	(46, 49.769200000000005)	(47, 48.8429)	(48, 49.186800000000005)	(49, 49.8353)	(50, 48.9731)	(51, 49.259100000000004)	(52, 49.7316)	(53, 48.918800000000005)	(54, 49.173899999999996)	(55, 49.5975)	(56, 48.858200000000004)	(57, 49.2914)	(58, 49.7127)	(59, 49.0438)	(60, 49.2323)	(61, 49.7723)	(62, 48.847)	(63, 49.2466)	(64, 49.7844)	(65, 48.955)	(66, 49.3068)	(67, 49.7921)	(68, 48.9525)	(69, 49.228100000000005)	(70, 49.7023)	(71, 49.0237)	(72, 49.3591)	(73, 49.8838)	(74, 49.085)	(75, 49.3525)	(76, 49.773)	(77, 49.0798)	(78, 49.425999999999995)	(79, 49.7554)	(80, 49.1175)	(81, 49.3529)	(82, 49.8286)	(83, 49.2242)	(84, 49.474000000000004)	(85, 49.9099)	(86, 49.1086)	(87, 49.3456)	(88, 49.873400000000004)	(89, 49.0149)	(90, 49.4485)	(91, 49.8357)	(92, 49.132)	(93, 49.4296)	(94, 49.878699999999995)	(95, 49.1788)	(96, 49.4392)	(97, 50.0549)	(98, 49.2793)	(99, 49.628299999999996)	(100, 49.999)	(101, 49.3969)	(102, 49.4706)	(103, 49.9496)	(104, 49.18)	(105, 49.5699)	(106, 49.993300000000005)	(107, 49.1227)	(108, 49.4627)	(109, 49.960300000000004)	(110, 49.187799999999996)	(111, 49.6182)	(112, 50.1545)	(113, 49.233)	(114, 49.6119)	(115, 49.9825)	(116, 49.175999999999995)	(117, 49.5662)	(118, 50.0125)	(119, 49.2128)	(120, 49.4879)	(121, 50.038700000000006)	(122, 49.215399999999995)	(123, 49.6556)	(124, 50.081399999999995)	(125, 49.3557)	(126, 49.6616)	(127, 50.098699999999994)	(128, 49.346000000000004)	(129, 49.6289)	(130, 50.1201)	(131, 49.2373)	(132, 49.4847)	(133, 50.0444)	(134, 49.2333)	(135, 49.5659)	(136, 49.9683)	(137, 49.2662)	(138, 49.4472)	(139, 50.023799999999994)	(140, 49.2767)	(141, 49.5636)	(142, 49.961299999999994)	(143, 49.2658)	(144, 49.5272)	(145, 49.9115)	(146, 49.3275)	(147, 49.5346)	(148, 49.858200000000004)	(149, 49.283300000000004)	(150, 49.5505)	(151, 49.7949)
reports | SRR30333768	(1, 81.4951)	(2, 50.131800000000005)	(3, 62.757799999999996)	(4, 55.18729999999999)	(5, 49.3198)	(6, 46.9294)	(7, 38.4636)	(8, 46.291700000000006)	(9, 44.7075)	(10, 41.5697)	(11, 52.6752)	(12, 51.220200000000006)	(13, 49.9828)	(14, 47.864200000000004)	(15, 49.079299999999996)	(16, 49.9237)	(17, 48.8818)	(18, 49.0779)	(19, 49.812400000000004)	(20, 48.8495)	(21, 49.190400000000004)	(22, 49.5037)	(23, 48.5109)	(24, 48.9554)	(25, 49.6165)	(26, 48.5916)	(27, 49.0385)	(28, 49.5788)	(29, 48.6756)	(30, 49.2245)	(31, 49.8089)	(32, 48.5257)	(33, 49.1826)	(34, 49.6456)	(35, 48.8352)	(36, 49.438500000000005)	(37, 49.8662)	(38, 48.8636)	(39, 49.1942)	(40, 49.7336)	(41, 49.079)	(42, 49.2582)	(43, 49.8131)	(44, 48.8414)	(45, 49.3709)	(46, 49.9296)	(47, 48.7894)	(48, 49.29)	(49, 49.9734)	(50, 48.938500000000005)	(51, 49.309599999999996)	(52, 49.8707)	(53, 48.9107)	(54, 49.2417)	(55, 49.7054)	(56, 48.8363)	(57, 49.397200000000005)	(58, 49.828)	(59, 49.0223)	(60, 49.315)	(61, 49.920500000000004)	(62, 48.808)	(63, 49.2994)	(64, 49.9074)	(65, 48.903200000000005)	(66, 49.4681)	(67, 49.8867)	(68, 48.944900000000004)	(69, 49.3077)	(70, 49.782399999999996)	(71, 48.993199999999995)	(72, 49.4219)	(73, 49.9813)	(74, 49.091)	(75, 49.4331)	(76, 49.8467)	(77, 49.0654)	(78, 49.469)	(79, 49.8389)	(80, 49.0993)	(81, 49.4196)	(82, 49.9723)	(83, 49.1772)	(84, 49.5551)	(85, 50.0287)	(86, 49.0967)	(87, 49.412)	(88, 49.9973)	(89, 49.0218)	(90, 49.5469)	(91, 49.9027)	(92, 49.0847)	(93, 49.4936)	(94, 49.974000000000004)	(95, 49.1177)	(96, 49.471399999999996)	(97, 50.1829)	(98, 49.2484)	(99, 49.742)	(100, 50.1234)	(101, 49.4174)	(102, 49.554700000000004)	(103, 50.0529)	(104, 49.2039)	(105, 49.6453)	(106, 50.0679)	(107, 49.0966)	(108, 49.5431)	(109, 50.096799999999995)	(110, 49.1055)	(111, 49.7372)	(112, 50.28280000000001)	(113, 49.2396)	(114, 49.703199999999995)	(115, 50.099000000000004)	(116, 49.1632)	(117, 49.6608)	(118, 50.1489)	(119, 49.235099999999996)	(120, 49.57)	(121, 50.0918)	(122, 49.214999999999996)	(123, 49.7268)	(124, 50.2157)	(125, 49.3818)	(126, 49.7459)	(127, 50.244299999999996)	(128, 49.3397)	(129, 49.717099999999995)	(130, 50.269299999999994)	(131, 49.2826)	(132, 49.5777)	(133, 50.1903)	(134, 49.2864)	(135, 49.6541)	(136, 50.097)	(137, 49.3139)	(138, 49.5362)	(139, 50.167399999999994)	(140, 49.3332)	(141, 49.6898)	(142, 50.129599999999996)	(143, 49.3523)	(144, 49.6918)	(145, 50.0177)	(146, 49.3935)	(147, 49.6838)	(148, 50.0596)	(149, 49.3954)	(150, 49.6656)	(151, 49.9551)
