Sample	0	1	2	3	4	5	6	7	8	9	10	11	12	13	14	15	16	17	18	19	20	21	22	23	24	25	26	27	28	29	30	31	32	33	34	35	36	37
fastp | SRR35329977_1	(1, 0.0)	(2, 0.09634472114323363)	(3, 0.0)	(4, 0.0)	(5, 0.0)	(6, 0.0)	(7, 0.0)	(8, 0.0007792595913349268)	(9, 0.0)	(10, 0.025226222616612306)	(15, 9.693500194637036e-05)	(20, 1.578528701420251e-05)	(25, 0.0)	(30, 0.0009660178058091664)	(35, 0.0001614130534469524)	(40, 0.012347178595650512)	(45, 0.033148782274089454)	(50, 0.0013493253760230545)	(55, 0.01659087709702219)	(60, 0.015997678732691912)	(65, 9.834170209670476e-05)	(70, 0.06568130346297352)	(75, 2.481645916008333e-06)	(80, 0.0005610105694050029)	(85, 0.0005667072184076235)	(90, 0.049259272258407705)	(95, 0.017087402420819246)	(100, 0.00020229921881633465)	(105, 6.812962484923947e-05)	(110, 0.001998735331192459)	(115, 0.001465698281732055)	(120, 0.02134797666819949)	(125, 0.018665853321668736)	(130, 7.211667942182356e-07)	(135, 0.001903140625057523)	(140, 0.034903577449037555)	(145, 0.0)	(150, 0.0019631199134292356)
fastp | SRR35329977_2	(1, 0.042870393922726756)	(2, 3.557247777848454e-05)	(3, 0.0)	(4, 0.0)	(5, 0.08375317564958068)	(6, 0.0)	(7, 0.0)	(8, 0.0009271077021017532)	(9, 0.0)	(10, 0.004145305301124026)	(15, 0.08453354688084617)	(20, 1.356200715304723e-05)	(25, 0.019290954699272164)	(30, 0.00014540368512922696)	(35, 0.002268276445696009)	(40, 0.0017367908362939824)	(45, 1.6234303971619056e-05)	(50, 0.036700461178754674)	(55, 0.08356933870744056)	(60, 0.06657035426794256)	(65, 3.530247366108694e-05)	(70, 1.5470133974790557e-05)	(75, 0.03350455689666493)	(80, 3.1858454669974766e-06)	(85, 4.401454995660753e-05)	(90, 0.0014896952490803907)	(95, 0.03175346244195868)	(100, 0.017009409161055696)	(105, 0.0002549935570413666)	(110, 0.00015224043191515747)	(115, 0.001646464234073516)	(120, 4.3612763444688825e-06)	(125, 0.033343842133860234)	(130, 0.00417242847771218)	(135, 0.0007513518652478238)	(140, 0.0342905250032042)	(145, 0.0013016771777448056)	(150, 0.0)
fastp | SRR35329978_1	(1, 0.0)	(2, 0.09689742558412533)	(3, 0.0)	(4, 0.0)	(5, 0.0)	(6, 0.0)	(7, 0.0)	(8, 0.0007824957398405114)	(9, 0.0)	(10, 0.024307252038470686)	(15, 9.976820682966521e-05)	(20, 1.6301994580010653e-05)	(25, 0.0)	(30, 0.0009464973510822376)	(35, 0.00017541413140807302)	(40, 0.012201690434322725)	(45, 0.032650901775163055)	(50, 0.0013681974283229247)	(55, 0.0168197940358394)	(60, 0.015747301634455788)	(65, 0.00010911301230383305)	(70, 0.06565050016167505)	(75, 6.647486894313401e-07)	(80, 0.0005186947421817544)	(85, 0.0006237785748630037)	(90, 0.048915236674415)	(95, 0.01697723422836053)	(100, 0.00020437564153569717)	(105, 6.593274264904441e-05)	(110, 0.0020307812212858735)	(115, 0.0014691844701018252)	(120, 0.021524138633852576)	(125, 0.018720548043546646)	(130, 0.0)	(135, 0.0018686330571382533)	(140, 0.03527240688533115)	(145, 0.0)	(150, 0.0018798286670443465)
fastp | SRR35329978_2	(1, 0.04288239674271802)	(2, 3.260398916002131e-05)	(3, 0.0)	(4, 0.0)	(5, 0.08310756836889431)	(6, 0.0)	(7, 0.0)	(8, 0.0009406250872666148)	(9, 0.0)	(10, 0.004244713348743174)	(15, 0.08497479882808873)	(20, 1.597595468841044e-05)	(25, 0.019535658224901567)	(30, 0.00016106496467644809)	(35, 0.002362907895467459)	(40, 0.0017859569905100598)	(45, 1.3698432166494033e-05)	(50, 0.036899534202320554)	(55, 0.08407259485373064)	(60, 0.06652451941316914)	(65, 3.084466966274287e-05)	(70, 1.4499567034689954e-05)	(75, 0.03393401001876263)	(80, 2.014754294182663e-06)	(85, 3.4757343277622785e-05)	(90, 0.0015282749046973511)	(95, 0.030728957429146154)	(100, 0.017076137372810343)	(105, 0.00030211315623285766)	(110, 0.0001459718404854132)	(115, 0.0016801272242403043)	(120, 6.158436455601716e-06)	(125, 0.033570065014649056)	(130, 0.004194349744117533)	(135, 0.0007822047775793199)	(140, 0.034462787504353914)	(145, 0.001304385736666574)	(150, 0.0)
fastp | SRR35329979_1	(1, 0.0)	(2, 0.09371630265588152)	(3, 0.0)	(4, 0.0)	(5, 0.0)	(6, 0.0)	(7, 0.0)	(8, 0.0007588816410360158)	(9, 0.0)	(10, 0.02267069622402034)	(15, 9.374420271621373e-05)	(20, 1.3392028959459105e-05)	(25, 0.0)	(30, 0.0009294105749111955)	(35, 0.00014820880695077697)	(40, 0.01124794700689775)	(45, 0.03276127665343603)	(50, 0.001318844575060658)	(55, 0.01685861405510733)	(60, 0.015248240411334197)	(65, 8.773429164909223e-05)	(70, 0.06528125822494499)	(75, 1.810240695440892e-06)	(80, 0.0005233254928457163)	(85, 0.0005871505915854819)	(90, 0.04913361397095526)	(95, 0.01714730927337747)	(100, 0.0002096563939372498)	(105, 6.344590249775098e-05)	(110, 0.0020024450379940713)	(115, 0.0014441835409565507)	(120, 0.02140917344720169)	(125, 0.01863533253867315)	(130, 3.586055914199797e-07)	(135, 0.001852363571063849)	(140, 0.03522541044722783)	(145, 0.0)	(150, 0.0018676032854514023)
fastp | SRR35329979_2	(1, 0.04155323385637502)	(2, 3.4596074811936016e-05)	(3, 0.0)	(4, 0.0)	(5, 0.0811344914484697)	(6, 0.0)	(7, 0.0)	(8, 0.0009642260850810555)	(9, 0.0)	(10, 0.00418500904983097)	(15, 0.08547306243036913)	(20, 1.0936823650224933e-05)	(25, 0.019499686966903084)	(30, 0.00013883183218029555)	(35, 0.002234996510610861)	(40, 0.001721975939308353)	(45, 1.2279670641997189e-05)	(50, 0.036813248617000555)	(55, 0.08401318376616361)	(60, 0.06659712050534054)	(65, 3.5436989668098955e-05)	(70, 1.2150353715022176e-05)	(75, 0.03386784051352583)	(80, 1.3684700611457056e-06)	(85, 3.5538313699076546e-05)	(90, 0.001499241564775935)	(95, 0.029340244493651614)	(100, 0.01710133094146817)	(105, 0.00025158790574703467)	(110, 0.00014536689905760984)	(115, 0.0015805533988923885)	(120, 2.1662063070811028e-06)	(125, 0.03355390042644108)	(130, 0.004229116151050993)	(135, 0.0006748774234895009)	(140, 0.0344365535489001)	(145, 0.001319667652443213)	(150, 0.0)
fastp | SRR35329980_1	(1, 0.0)	(2, 0.09434338573564682)	(3, 0.0)	(4, 0.0)	(5, 0.0)	(6, 0.0)	(7, 0.0)	(8, 0.0006310765033973094)	(9, 0.0)	(10, 0.023648869033509736)	(15, 8.096830609625856e-05)	(20, 1.6329742405968115e-05)	(25, 0.0)	(30, 0.0009488292635900664)	(35, 0.0001578574304901001)	(40, 0.011888212493003444)	(45, 0.032824602245246894)	(50, 0.0013162284045874675)	(55, 0.01674344047280152)	(60, 0.015870408379210103)	(65, 9.9445048784802e-05)	(70, 0.06550058316726785)	(75, 2.41322919835646e-06)	(80, 0.0005326711116038232)	(85, 0.0005591104115909228)	(90, 0.04931285342357982)	(95, 0.01689946973720943)	(100, 0.00020582960089644183)	(105, 6.262008466370199e-05)	(110, 0.0019422976025585798)	(115, 0.0014979051164497623)	(120, 0.021452944377410858)	(125, 0.018483808146264675)	(130, 5.519863352470791e-07)	(135, 0.0018420259756382921)	(140, 0.03509964746951231)	(145, 0.0)	(150, 0.0019377948567559358)
fastp | SRR35329980_2	(1, 0.042322950083634646)	(2, 1.871116317350513e-05)	(3, 0.0)	(4, 0.0)	(5, 0.08271014528622848)	(6, 0.0)	(7, 0.0)	(8, 0.0008998368471622012)	(9, 0.0)	(10, 0.004080054180724491)	(15, 0.08461494169729132)	(20, 9.185480103357063e-06)	(25, 0.019215343970289393)	(30, 0.00012009251546361239)	(35, 0.0021828207651031738)	(40, 0.0017335085269106919)	(45, 1.2930901976215458e-05)	(50, 0.036493779013975464)	(55, 0.08383643168494201)	(60, 0.06633123513235141)	(65, 3.246339332940895e-05)	(70, 1.2340488008917484e-05)	(75, 0.03334374946409862)	(80, 1.737747743657935e-06)	(85, 3.833924978304733e-05)	(90, 0.00142883434329898)	(95, 0.031007419882254115)	(100, 0.016791871627794074)	(105, 0.0002625062997546589)	(110, 0.00015014602872348736)	(115, 0.001556400592834052)	(120, 4.75698008694361e-06)	(125, 0.03350352330707058)	(130, 0.004087096937091621)	(135, 0.0007111948881779949)	(140, 0.0344863761985666)	(145, 0.0012959781877430103)	(150, 0.0)
fastp | SRR35329981_1	(1, 0.0)	(2, 0.09453367846435733)	(3, 0.0)	(4, 1.3172671701296917e-06)	(5, 0.0)	(6, 0.0)	(7, 0.0)	(8, 0.0007429386839531462)	(9, 0.0)	(10, 0.02188586712483678)	(15, 7.956293707583339e-05)	(20, 1.0801590795063472e-05)	(25, 0.0)	(30, 0.0009365813130214007)	(35, 0.00015807668102200528)	(40, 0.011353186358476687)	(45, 0.033013949704203883)	(50, 0.0013363055490408352)	(55, 0.01677464738680532)	(60, 0.015205115618367087)	(65, 9.351419843608767e-05)	(70, 0.0656507714700954)	(75, 2.4219435187163355e-06)	(80, 0.0005118197329345846)	(85, 0.0005599077972111031)	(90, 0.049229469491853535)	(95, 0.01722428436997541)	(100, 0.00020531462647359103)	(105, 6.484046665816698e-05)	(110, 0.0020140487704756365)	(115, 0.0014570691422481736)	(120, 0.021542540435399687)	(125, 0.018823571519583648)	(130, 4.4579422614629323e-07)	(135, 0.0018495886500354683)	(140, 0.03556996521525359)	(145, 0.0)	(150, 0.001973242556030276)
fastp | SRR35329981_2	(1, 0.04222236460416701)	(2, 4.3469816614279825e-05)	(3, 0.0)	(4, 0.0)	(5, 0.08145189819779937)	(6, 0.0)	(7, 0.0)	(8, 0.000986633110427139)	(9, 0.0)	(10, 0.0042618862022376055)	(15, 0.08503012273873967)	(20, 1.1855404531167227e-05)	(25, 0.01964862056308851)	(30, 0.0001480621959650164)	(35, 0.0022845108648435974)	(40, 0.001768548069463256)	(45, 1.2650511469798385e-05)	(50, 0.03704254368985514)	(55, 0.08460694347617598)	(60, 0.06660701366331853)	(65, 3.369722944881861e-05)	(70, 1.3061448844251834e-05)	(75, 0.03388145937331139)	(80, 1.3600821228466432e-06)	(85, 3.8110389671001845e-05)	(90, 0.001520874102913977)	(95, 0.028983591101308562)	(100, 0.017065615747500294)	(105, 0.00029145692290413755)	(110, 0.00013973907016034314)	(115, 0.0015627705524219073)	(120, 3.831469723701338e-06)	(125, 0.03395610335907348)	(130, 0.004235237138153574)	(135, 0.0006749205316175698)	(140, 0.03468524999829532)	(145, 0.0013414156470090465)	(150, 0.0)
fastp | SRR35329982_1	(1, 0.0)	(2, 0.09416897388783232)	(3, 0.0)	(4, 0.0)	(5, 0.0)	(6, 0.0)	(7, 0.0)	(8, 0.000788036963840794)	(9, 0.0)	(10, 0.020805907794768038)	(15, 8.284491158326296e-05)	(20, 1.27009620545769e-05)	(25, 0.0)	(30, 0.0009413180236823433)	(35, 0.0001506834011841637)	(40, 0.010787672652091901)	(45, 0.03235362255352872)	(50, 0.001372295280482924)	(55, 0.016961613951184496)	(60, 0.014615400915104812)	(65, 0.00010737245368081107)	(70, 0.06525641647167137)	(75, 1.4730077154523828e-06)	(80, 0.0005381541579672891)	(85, 0.0005564505101027442)	(90, 0.049112313387710035)	(95, 0.017415719312375257)	(100, 0.00020507811184205957)	(105, 6.399284564136617e-05)	(110, 0.0019929777562503123)	(115, 0.0014050844555452057)	(120, 0.02171175376087247)	(125, 0.018784793753029085)	(130, 4.891292994178056e-07)	(135, 0.0017867657621450418)	(140, 0.03532190731625738)	(145, 0.0)	(150, 0.0018649058508743732)
fastp | SRR35329982_2	(1, 0.04129111629765802)	(2, 3.463898742157336e-05)	(3, 0.0)	(4, 0.0)	(5, 0.07896823157433187)	(6, 0.0)	(7, 0.0)	(8, 0.0010175202555087175)	(9, 0.0)	(10, 0.004266657275652299)	(15, 0.08601582222347949)	(20, 1.0391696226472009e-05)	(25, 0.019613171994551863)	(30, 0.00016684582771785025)	(35, 0.002299837329881643)	(40, 0.001752389181282706)	(45, 1.2994275680823813e-05)	(50, 0.03671648693828629)	(55, 0.08480096407230557)	(60, 0.06670230156605607)	(65, 3.4585777032825326e-05)	(70, 1.050973382645238e-05)	(75, 0.03432241896862412)	(80, 1.1908926874720165e-06)	(85, 3.8980797080305665e-05)	(90, 0.0015541821398576301)	(95, 0.0270637563222699)	(100, 0.01738793525616779)	(105, 0.0002703067149528369)	(110, 0.00011623751044450866)	(115, 0.0016066768773312437)	(120, 2.0987877746015095e-06)	(125, 0.03426622242826594)	(130, 0.004275164403402866)	(135, 0.0006700667092357566)	(140, 0.03455335675795383)	(145, 0.0012877958934884343)	(150, 0.0)
fastp | SRR35329983_1	(1, 0.0)	(2, 0.09813230335166165)	(3, 0.0)	(4, 0.0)	(5, 0.0)	(6, 0.0)	(7, 0.0)	(8, 0.0008042059053975851)	(9, 0.0)	(10, 0.025125458334652774)	(15, 9.119252285058855e-05)	(20, 1.3870707359151007e-05)	(25, 0.0)	(30, 0.0009857095925477027)	(35, 0.00015464802702260598)	(40, 0.012357198240197076)	(45, 0.03291808192164749)	(50, 0.001361706851784409)	(55, 0.016682760907276696)	(60, 0.01572421769350598)	(65, 0.00010402983152315284)	(70, 0.06618749422078714)	(75, 3.305642338099698e-06)	(80, 0.0005569440936242678)	(85, 0.0005693428423451282)	(90, 0.049453773278300396)	(95, 0.01710153608868916)	(100, 0.00019894467219720575)	(105, 7.049407847636498e-05)	(110, 0.0020771662744070375)	(115, 0.0014657808768698986)	(120, 0.021289365802316405)	(125, 0.018775562621399972)	(130, 9.926951583710862e-07)	(135, 0.0019516612224933097)	(140, 0.03539423132513317)	(145, 0.0)	(150, 0.0019489759805452701)
fastp | SRR35329983_2	(1, 0.04347581392794321)	(2, 3.984139347841247e-05)	(3, 0.0)	(4, 0.0)	(5, 0.08295568365071823)	(6, 0.0)	(7, 0.0)	(8, 0.0009576690506477664)	(9, 0.0)	(10, 0.004192199958228512)	(15, 0.08468037330618373)	(20, 1.1509735893763602e-05)	(25, 0.019413087874147944)	(30, 0.0001605475071362113)	(35, 0.0022926094646792904)	(40, 0.0017904618220292046)	(45, 1.6237560301722923e-05)	(50, 0.03684500039103674)	(55, 0.08440959738653747)	(60, 0.06642546055294929)	(65, 3.9494285122007186e-05)	(70, 1.6695961271118032e-05)	(75, 0.033613090413912104)	(80, 2.73080934052338e-06)	(85, 4.98439717537535e-05)	(90, 0.0015378750862185741)	(95, 0.03123415401252159)	(100, 0.017322471582375626)	(105, 0.00025722847457029476)	(110, 0.00015150134209580458)	(115, 0.0016408723265144691)	(120, 5.102128259689689e-06)	(125, 0.033576092798006316)	(130, 0.004140389815015103)	(135, 0.0007538054073403548)	(140, 0.03452353338153573)	(145, 0.0012907681164130895)	(150, 0.0)
fastp | SRR35329984_1	(1, 0.0)	(2, 0.09432109926072507)	(3, 0.0)	(4, 0.0)	(5, 0.0)	(6, 0.0)	(7, 0.0)	(8, 0.0007648608692918862)	(9, 0.0)	(10, 0.022476174667787882)	(15, 9.896226159697648e-05)	(20, 1.4760472916159205e-05)	(25, 0.0)	(30, 0.0009081074802601185)	(35, 0.00017813590975515383)	(40, 0.011077998935760596)	(45, 0.03306683379055066)	(50, 0.001377389049918862)	(55, 0.01682483232085972)	(60, 0.015217929349637348)	(65, 9.454164616238441e-05)	(70, 0.06590339955866181)	(75, 1.707241427385086e-06)	(80, 0.0005210423001898211)	(85, 0.0006080895070807212)	(90, 0.04954891391745078)	(95, 0.017323360455955086)	(100, 0.00021639435768916823)	(105, 6.371073358730462e-05)	(110, 0.0020007343952058465)	(115, 0.001502178654645991)	(120, 0.021882560500084712)	(125, 0.01858594764451162)	(130, 0.0)	(135, 0.0018689197976577067)	(140, 0.035514102820833685)	(145, 0.0)	(150, 0.0018209777143988384)
fastp | SRR35329984_2	(1, 0.04155911789132689)	(2, 3.186920288716192e-05)	(3, 0.0)	(4, 0.0)	(5, 0.08159186869700549)	(6, 0.0)	(7, 0.0)	(8, 0.0010131051865182)	(9, 0.0)	(10, 0.0041902969817214685)	(15, 0.08566877840950737)	(20, 1.2747681154864766e-05)	(25, 0.019678729584882163)	(30, 0.0001576697823188509)	(35, 0.0022799038033572637)	(40, 0.0017734653054107049)	(45, 1.5100370400341188e-05)	(50, 0.03724279058226681)	(55, 0.08495981455170877)	(60, 0.06695064635838134)	(65, 4.04960041023532e-05)	(70, 1.5248376845864305e-05)	(75, 0.034089954360839794)	(80, 6.898109459973499e-07)	(85, 5.074522619359107e-05)	(90, 0.0015702278900123865)	(95, 0.028942860892993597)	(100, 0.017404069395233698)	(105, 0.0002661973841977736)	(110, 0.00015210389556006095)	(115, 0.0016374608277697413)	(120, 2.435832332969472e-06)	(125, 0.03405372796806093)	(130, 0.004206368929444387)	(135, 0.0007335217468195916)	(140, 0.03459832829883604)	(145, 0.00134533958629513)	(150, 0.0)
fastp | SRR35329985_1	(1, 0.0)	(2, 0.09628697366046995)	(3, 0.0)	(4, 0.0)	(5, 0.0)	(6, 0.0)	(7, 0.0)	(8, 0.0007344680781542825)	(9, 0.0)	(10, 0.024585333654158544)	(15, 9.494343449311456e-05)	(20, 1.540591578567519e-05)	(25, 0.0)	(30, 0.0009544535825253994)	(35, 0.00017412675111857088)	(40, 0.01238133748370719)	(45, 0.03303042500684241)	(50, 0.0013340632719011907)	(55, 0.0166975808976141)	(60, 0.015707228735001813)	(65, 0.00010389130585679083)	(70, 0.06573048510623467)	(75, 2.186008983615232e-06)	(80, 0.0005308281596795362)	(85, 0.0005815410459959365)	(90, 0.0492745580288596)	(95, 0.017126927967681914)	(100, 0.0002163325018886658)	(105, 5.680230949373326e-05)	(110, 0.002018302655446859)	(115, 0.001452988065182763)	(120, 0.02160425299939849)	(125, 0.0185854098058022)	(130, 0.0)	(135, 0.0018792911453870988)	(140, 0.03554880906509818)	(145, 7.739071687825909e-07)	(150, 0.0019041081266634957)
fastp | SRR35329985_2	(1, 0.04281232341416877)	(2, 3.7619096685951055e-05)	(3, 0.0)	(4, 0.0)	(5, 0.08233924571776449)	(6, 0.0)	(7, 0.0)	(8, 0.0009279377182534592)	(9, 0.0)	(10, 0.004106213972549381)	(15, 0.08448604216864275)	(20, 8.240373559779754e-06)	(25, 0.01950962181844551)	(30, 0.000156926572301249)	(35, 0.002279804411914187)	(40, 0.0017428603478610227)	(45, 1.5410421693323726e-05)	(50, 0.0366065847582636)	(55, 0.08396283633572563)	(60, 0.06645765814856391)	(65, 3.3495499935409514e-05)	(70, 1.9881558399254615e-05)	(75, 0.03365580743102533)	(80, 1.4707603629214443e-06)	(85, 4.3971618377314845e-05)	(90, 0.0015326523544533625)	(95, 0.03106729282869761)	(100, 0.017131456760233532)	(105, 0.00026634109944961203)	(110, 0.00014268361496745736)	(115, 0.0016375746607811621)	(120, 9.23399198868089e-06)	(125, 0.033568692639629805)	(130, 0.004101179027575532)	(135, 0.0007711015532228368)	(140, 0.034708313447845154)	(145, 0.0012984937900196196)	(150, 0.0)
fastp | SRR35329986_1	(1, 0.0)	(2, 0.0954254122126336)	(3, 0.0)	(4, 0.0)	(5, 0.0)	(6, 0.0)	(7, 0.0)	(8, 0.0006456218899350222)	(9, 0.0)	(10, 0.023472457716670798)	(15, 7.561980147305234e-05)	(20, 1.319779554010819e-05)	(25, 3.566971767596808e-07)	(30, 0.000932052877924426)	(35, 0.0001762121476688046)	(40, 0.011919996564586715)	(45, 0.03268466691418437)	(50, 0.0013280499241127076)	(55, 0.01658448387133585)	(60, 0.01558822053639378)	(65, 9.714964344234655e-05)	(70, 0.06551418887881538)	(75, 1.8093462606153983e-06)	(80, 0.0005294211617329729)	(85, 0.0005729348057927765)	(90, 0.049346036641449494)	(95, 0.016914280526305073)	(100, 0.00021197743400813135)	(105, 6.749358304759175e-05)	(110, 0.0020322955753814937)	(115, 0.0015021086222980198)	(120, 0.021652575744271516)	(125, 0.018600456172348994)	(130, 1.160197588610526e-06)	(135, 0.0018610820871426972)	(140, 0.0351839604947691)	(145, 7.467721817923081e-07)	(150, 0.0020256018214782952)
fastp | SRR35329986_2	(1, 0.04289640247711921)	(2, 3.388623179216968e-05)	(3, 0.0)	(4, 0.0)	(5, 0.08238277994441588)	(6, 0.0)	(7, 0.0)	(8, 0.00088282551248021)	(9, 0.0)	(10, 0.004158018989487599)	(15, 0.08468419012886934)	(20, 9.630823772511382e-06)	(25, 0.019423944760448418)	(30, 0.00014303662605120863)	(35, 0.002214815430127198)	(40, 0.0017105540614814156)	(45, 1.7483094035386647e-05)	(50, 0.03677124976762095)	(55, 0.08400828634104561)	(60, 0.06620820119333344)	(65, 3.118751686299179e-05)	(70, 1.5107264980496143e-05)	(75, 0.033671570797588646)	(80, 1.459809197390626e-06)	(85, 4.6926460221378196e-05)	(90, 0.001481903092012251)	(95, 0.030791589117207703)	(100, 0.017210416500346635)	(105, 0.00024969823613832967)	(110, 0.00015254785224999313)	(115, 0.0015757601971434284)	(120, 7.499938950496943e-06)	(125, 0.033605815807805854)	(130, 0.0041639624257143355)	(135, 0.0007123304181237214)	(140, 0.03433152882927787)	(145, 0.001336636504439039)	(150, 0.0)
fastp | SRR35329987_1	(1, 0.0)	(2, 0.09239689399368872)	(3, 0.0)	(4, 0.0)	(5, 0.0)	(6, 0.0)	(7, 0.0)	(8, 0.0006060335172968515)	(9, 0.0)	(10, 0.022592786648555352)	(15, 7.64388051286009e-05)	(20, 1.0001338988788904e-05)	(25, 0.0)	(30, 0.0009184596062215288)	(35, 0.00015526250250348878)	(40, 0.012065744387187296)	(45, 0.032993562834892284)	(50, 0.0012936549387311059)	(55, 0.016922317432094047)	(60, 0.01573667772393624)	(65, 9.076733514861139e-05)	(70, 0.06572756547322003)	(75, 1.692423727854164e-06)	(80, 0.0005165562380834175)	(85, 0.0005431977719661182)	(90, 0.049357655533454614)	(95, 0.01723547629954494)	(100, 0.0002000269940429001)	(105, 7.54198322888911e-05)	(110, 0.0019242573295978236)	(115, 0.0014996445910824493)	(120, 0.02164483883603894)	(125, 0.01891522100458258)	(130, 3.8635051598792034e-07)	(135, 0.0018700910058846673)	(140, 0.03539366336016015)	(145, 0.0)	(150, 0.0019091861082924904)
fastp | SRR35329987_2	(1, 0.04129362366775914)	(2, 3.5719067817103226e-05)	(3, 0.0)	(4, 0.0)	(5, 0.0829456286492832)	(6, 0.0)	(7, 0.0)	(8, 0.0009001205089910013)	(9, 0.0)	(10, 0.00413483929050787)	(15, 0.0853083259218252)	(20, 1.1430101701473034e-05)	(25, 0.019420457172159025)	(30, 0.00012882781858669472)	(35, 0.002180617792715278)	(40, 0.0017225747599529675)	(45, 1.0718872677200044e-05)	(50, 0.036939166509678566)	(55, 0.08434354045028637)	(60, 0.0668444723917472)	(65, 3.2550246367309933e-05)	(70, 1.0566806781884182e-05)	(75, 0.033871095931594375)	(80, 1.2191456634385274e-06)	(85, 3.480755894280556e-05)	(90, 0.00145393421751943)	(95, 0.030969451573125934)	(100, 0.017190795235664313)	(105, 0.00027204135892950894)	(110, 0.00014237771494376856)	(115, 0.0015466393794978793)	(120, 3.66851535383731e-06)	(125, 0.03362665088999394)	(130, 0.004146754248180413)	(135, 0.0007192666613493158)	(140, 0.03476130067440656)	(145, 0.0012710625005189218)	(150, 0.0)
fastp | SRR35329988_1	(1, 0.0)	(2, 0.09600588924059876)	(3, 0.0)	(4, 0.0)	(5, 0.0)	(6, 0.0)	(7, 0.0)	(8, 0.000695282840572197)	(9, 0.0)	(10, 0.023360203849131293)	(15, 8.284912352612628e-05)	(20, 1.2021245374379106e-05)	(25, 0.0)	(30, 0.0009405855256337774)	(35, 0.00015270654861142163)	(40, 0.011910108412887723)	(45, 0.0329752643787426)	(50, 0.001334647983277303)	(55, 0.016749423568447927)	(60, 0.01569164835830375)	(65, 0.00011445798130268704)	(70, 0.06584975260323273)	(75, 2.973915106599541e-06)	(80, 0.0005259477489221231)	(85, 0.0005460565108980454)	(90, 0.04965632379085706)	(95, 0.01711745915606995)	(100, 0.00019640376107023453)	(105, 6.542301743771638e-05)	(110, 0.0019351556284829471)	(115, 0.0014550493992518925)	(120, 0.021525018495122263)	(125, 0.0187543177864831)	(130, 0.0)	(135, 0.001866184933360051)	(140, 0.03516700931072483)	(145, 0.0)	(150, 0.002009342043834197)
fastp | SRR35329988_2	(1, 0.043243993495401596)	(2, 3.4114344981346115e-05)	(3, 0.0)	(4, 0.0)	(5, 0.0832682426216114)	(6, 0.0)	(7, 0.0)	(8, 0.000825242250024944)	(9, 0.0)	(10, 0.004157076609869748)	(15, 0.08478681832106673)	(20, 7.4726660435329584e-06)	(25, 0.01928305227607498)	(30, 0.00014328145554776668)	(35, 0.002224352451069721)	(40, 0.0016874287832672418)	(45, 1.4625433245552674e-05)	(50, 0.03692841241330511)	(55, 0.08401535971596055)	(60, 0.06623436999113394)	(65, 3.202920812776846e-05)	(70, 1.5093214181463298e-05)	(75, 0.03362651211560051)	(80, 6.6717506296031e-07)	(85, 4.4305105301634806e-05)	(90, 0.001459650624168864)	(95, 0.03082298278993387)	(100, 0.017294962737785316)	(105, 0.00027107413078116216)	(110, 0.00013802661387638632)	(115, 0.0015719922590368286)	(120, 2.3258644043659658e-06)	(125, 0.033665939431996875)	(130, 0.0041604221896809354)	(135, 0.0007136251399915257)	(140, 0.03440395702890693)	(145, 0.001283033775377712)	(150, 0.0)
fastp | SRR35329989_1	(1, 0.0)	(2, 0.09514286970649777)	(3, 0.0)	(4, 0.0)	(5, 0.0)	(6, 0.0)	(7, 0.0)	(8, 0.0007596676120890831)	(9, 0.0)	(10, 0.02410971820104551)	(15, 8.764094054836191e-05)	(20, 1.4550426423087114e-05)	(25, 0.0)	(30, 0.0009731899468111427)	(35, 0.00015904329838746)	(40, 0.011795733882788382)	(45, 0.032755399233940975)	(50, 0.0013814901887366285)	(55, 0.016756309458423893)	(60, 0.015578704938065473)	(65, 9.498477203453848e-05)	(70, 0.06547516137672289)	(75, 2.0628682690452067e-06)	(80, 0.0005321406020372355)	(85, 0.0005673932453563741)	(90, 0.04925879650305462)	(95, 0.016920849506422676)	(100, 0.00021324159450645627)	(105, 7.118470240745264e-05)	(110, 0.001991387483935475)	(115, 0.0015315240433662184)	(120, 0.021386188450968357)	(125, 0.01880582421323137)	(130, 0.0)	(135, 0.0018567623730931632)	(140, 0.035096756276786205)	(145, 0.0)	(150, 0.0019301211363951553)
fastp | SRR35329989_2	(1, 0.041876465627654555)	(2, 3.891393113151205e-05)	(3, 0.0)	(4, 0.0)	(5, 0.08272594185544703)	(6, 0.0)	(7, 0.0)	(8, 0.0009576210878450357)	(9, 0.0)	(10, 0.004138750362343686)	(15, 0.08455658852867728)	(20, 1.3196898383730172e-05)	(25, 0.019447829251490363)	(30, 0.0001471973004597117)	(35, 0.0022885664889882255)	(40, 0.0017161442573738533)	(45, 1.2524063888675396e-05)	(50, 0.03688720507497399)	(55, 0.08399321555458185)	(60, 0.06679285715975321)	(65, 2.8579825207422162e-05)	(70, 1.058637446661278e-05)	(75, 0.03387578457934178)	(80, 1.3878992011002377e-06)	(85, 3.3757198326951056e-05)	(90, 0.001484820369336801)	(95, 0.030623191170045104)	(100, 0.017121068118529575)	(105, 0.00028728936537915226)	(110, 0.0001460535696806912)	(115, 0.0016369404887805093)	(120, 1.453736634248469e-06)	(125, 0.03354729887725666)	(130, 0.00409491773327277)	(135, 0.0007260545008654273)	(140, 0.03434270020987661)	(145, 0.001253430314518682)	(150, 0.0)
fastp | SRR35329990_1	(1, 0.0)	(2, 0.09807383320761852)	(3, 0.0)	(4, 0.0)	(5, 0.0)	(6, 0.0)	(7, 0.0)	(8, 0.0008315264777318495)	(9, 0.0)	(10, 0.024372126786699658)	(15, 8.229540398170881e-05)	(20, 1.9545158445655844e-05)	(25, 0.0)	(30, 0.0009683466809499175)	(35, 0.0001765969624739513)	(40, 0.011955647664419321)	(45, 0.032815494631902246)	(50, 0.0014048591096598965)	(55, 0.0167510962717827)	(60, 0.015635769885448694)	(65, 0.00010459781405205421)	(70, 0.06567767456256386)	(75, 2.7911785555370463e-06)	(80, 0.0005427444081969917)	(85, 0.0006107275101460501)	(90, 0.04917505245092862)	(95, 0.017110142862852146)	(100, 0.00020863369026950763)	(105, 6.766045335153101e-05)	(110, 0.0020656271666867248)	(115, 0.0014981985931262621)	(120, 0.021434400042858927)	(125, 0.018760548019964133)	(130, 0.0)	(135, 0.0018858938487667683)	(140, 0.03520954216376093)	(145, 0.0)	(150, 0.002015969784254814)
fastp | SRR35329990_2	(1, 0.04351198036774558)	(2, 3.600423924199761e-05)	(3, 0.0)	(4, 0.0)	(5, 0.08238798631118824)	(6, 0.0)	(7, 0.0)	(8, 0.0010304070373543125)	(9, 0.0)	(10, 0.004169290904223323)	(15, 0.08422900307776238)	(20, 1.4401695696799043e-05)	(25, 0.019465263324290268)	(30, 0.0001525907013873766)	(35, 0.0023095142164710866)	(40, 0.0017634119127446087)	(45, 1.4406489275493812e-05)	(50, 0.036570859201059645)	(55, 0.08389566684958327)	(60, 0.06631230186537862)	(65, 3.828602278334991e-05)	(70, 1.489042554848519e-05)	(75, 0.03366305500349722)	(80, 1.4091203291214714e-06)	(85, 4.144048823296979e-05)	(90, 0.0015155232519610757)	(95, 0.030538211300618595)	(100, 0.017111327799472578)	(105, 0.00027527409082004294)	(110, 0.00014937113414229805)	(115, 0.0016245964790054276)	(120, 6.424935550483042e-06)	(125, 0.03351433507481953)	(130, 0.004184626676335365)	(135, 0.0007629674187187154)	(140, 0.0344654151690342)	(145, 0.0012862107243708635)	(150, 0.0)
fastp | SRR35329991_1	(1, 0.0)	(2, 0.09753765377492339)	(3, 0.0)	(4, 0.0)	(5, 0.0)	(6, 0.0)	(7, 0.0)	(8, 0.0007669437550609415)	(9, 0.0)	(10, 0.024286037861466995)	(15, 0.0001033908080263241)	(20, 1.4196946773763907e-05)	(25, 0.0)	(30, 0.0009814453315784351)	(35, 0.0001678992430963234)	(40, 0.012079867853851156)	(45, 0.032677825023984065)	(50, 0.0014121035656711723)	(55, 0.016682664631990203)	(60, 0.015592773043245935)	(65, 9.895421020882706e-05)	(70, 0.06560992957119312)	(75, 2.2050676360396003e-06)	(80, 0.0005419269553554305)	(85, 0.000589899028174769)	(90, 0.04949104536517879)	(95, 0.01715288154622141)	(100, 0.00021390275510660143)	(105, 7.670893502319134e-05)	(110, 0.0020457768363752638)	(115, 0.0014754944833378011)	(120, 0.02145370323401025)	(125, 0.018664536195592957)	(130, 5.182983872114268e-07)	(135, 0.0018817592717276213)	(140, 0.03503474912316189)	(145, 0.0)	(150, 0.0020052668003925633)
fastp | SRR35329991_2	(1, 0.04303680962755452)	(2, 2.314719582678898e-05)	(3, 0.0)	(4, 0.0)	(5, 0.08187934737129487)	(6, 0.0)	(7, 0.0)	(8, 0.0009660096391713266)	(9, 0.0)	(10, 0.004130694252609916)	(15, 0.08476379660059048)	(20, 1.4814205329144947e-05)	(25, 0.019594255582015715)	(30, 0.00014721746855198768)	(35, 0.0023284066893889616)	(40, 0.0017677736911862899)	(45, 1.2349912020924876e-05)	(50, 0.036640449529659704)	(55, 0.083819199146453)	(60, 0.06671084503309446)	(65, 4.0086721562479724e-05)	(70, 1.0612316192849794e-05)	(75, 0.03368719616951133)	(80, 1.5914953797218055e-06)	(85, 3.4881218518267094e-05)	(90, 0.0014935915420870441)	(95, 0.03043844361584388)	(100, 0.017177361350415175)	(105, 0.00028413020866806656)	(110, 0.00014293590656706254)	(115, 0.0016545569135218226)	(120, 4.0130310251664536e-06)	(125, 0.033306417505931336)	(130, 0.004104281143258313)	(135, 0.000740940950449346)	(140, 0.03441130910533028)	(145, 0.00134713439745719)	(150, 0.0)
fastp | SRR35329992_1	(1, 0.0)	(2, 0.09552572656334778)	(3, 0.0)	(4, 0.0)	(5, 0.0)	(6, 0.0)	(7, 0.0)	(8, 0.0007666570109087271)	(9, 0.0)	(10, 0.02284716793744121)	(15, 7.916424023448606e-05)	(20, 9.468148333692685e-06)	(25, 0.0)	(30, 0.0009313009826303688)	(35, 0.0001470226287025308)	(40, 0.011534024282276038)	(45, 0.03303212700739497)	(50, 0.0012975356813027313)	(55, 0.016779112331896055)	(60, 0.015516036026846914)	(65, 9.787354331895725e-05)	(70, 0.06580404356371061)	(75, 3.7363424440476515e-06)	(80, 0.0005161431771054947)	(85, 0.0005608156319427504)	(90, 0.04952108383149591)	(95, 0.01708222505417655)	(100, 0.0001996804081148997)	(105, 6.625408348569205e-05)	(110, 0.0019753851786453278)	(115, 0.0014866953732476861)	(120, 0.021580710156790833)	(125, 0.018866977700613685)	(130, 0.0)	(135, 0.0019177129545343632)	(140, 0.03559217183314345)	(145, 0.0)	(150, 0.0019328584029765605)
fastp | SRR35329992_2	(1, 0.042941997755102025)	(2, 3.156049444564228e-05)	(3, 0.0)	(4, 0.0)	(5, 0.08178113123227057)	(6, 0.0)	(7, 0.0)	(8, 0.0009349796479521525)	(9, 0.0)	(10, 0.004163355225620977)	(15, 0.08534641508814662)	(20, 1.2887201898637264e-05)	(25, 0.01939076778740262)	(30, 0.0001336070879443855)	(35, 0.0022153679689374426)	(40, 0.0017552226468363489)	(45, 1.60476872864944e-05)	(50, 0.037034444999784505)	(55, 0.08418086177708288)	(60, 0.06659875174725674)	(65, 3.065811194692231e-05)	(70, 1.5911187527476797e-05)	(75, 0.03354621982014749)	(80, 1.6149773125160926e-06)	(85, 3.707029682636419e-05)	(90, 0.0014902989742169696)	(95, 0.030135212973422455)	(100, 0.01710880529756432)	(105, 0.00026484505150849315)	(110, 0.00014969600337672528)	(115, 0.0015311424263424278)	(120, 2.9678517622743914e-06)	(125, 0.03376025011567991)	(130, 0.0041851592092461)	(135, 0.0006772135552210327)	(140, 0.03464958033292316)	(145, 0.001278963230278947)	(150, 0.0)
fastp | SRR35329993_1	(1, 0.0)	(2, 0.09544448860338252)	(3, 0.0)	(4, 0.0)	(5, 0.0)	(6, 0.0)	(7, 0.0)	(8, 0.0007040827659488434)	(9, 0.0)	(10, 0.02391672041063952)	(15, 8.424714475318918e-05)	(20, 8.497550623520524e-06)	(25, 0.0)	(30, 0.0009347340203662372)	(35, 0.00015320251614082592)	(40, 0.012048217344596206)	(45, 0.03309572610558177)	(50, 0.0013475581958776188)	(55, 0.016693120565322125)	(60, 0.01587400129789794)	(65, 9.903628282253454e-05)	(70, 0.06610186931355762)	(75, 2.72171674966113e-06)	(80, 0.0005150623566661643)	(85, 0.0005756699743655402)	(90, 0.0497973940704327)	(95, 0.017066949385729127)	(100, 0.00019765449285078323)	(105, 6.228155178223158e-05)	(110, 0.0019700455083561563)	(115, 0.00147455378233536)	(120, 0.021445535939429865)	(125, 0.018641429745961918)	(130, 4.051212396813645e-07)	(135, 0.0018902798434635819)	(140, 0.03521498216395968)	(145, 0.0)	(150, 0.0018887414377692752)
fastp | SRR35329993_2	(1, 0.04285678960182408)	(2, 2.7920523477281718e-05)	(3, 0.0)	(4, 0.0)	(5, 0.08317645337462559)	(6, 0.0)	(7, 0.0)	(8, 0.0009165215315368565)	(9, 0.0)	(10, 0.004157730126508256)	(15, 0.08437169456661393)	(20, 1.2624932354944778e-05)	(25, 0.019383155759410985)	(30, 0.00013790415121042564)	(35, 0.0022271749313754305)	(40, 0.001716955548423927)	(45, 1.3843295670777402e-05)	(50, 0.03695710956916304)	(55, 0.0843649172444337)	(60, 0.06665350857638842)	(65, 2.882171100605201e-05)	(70, 1.1035567393378726e-05)	(75, 0.033567848300331285)	(80, 1.7489006541655464e-06)	(85, 4.02796222523319e-05)	(90, 0.001424308272949432)	(95, 0.031223644638014022)	(100, 0.01714587310381539)	(105, 0.00025502298345595517)	(110, 0.00015346810550470326)	(115, 0.0015240890353341414)	(120, 4.527875480526446e-06)	(125, 0.033874747735995955)	(130, 0.004090880524224969)	(135, 0.0007284332011877748)	(140, 0.034406845987631614)	(145, 0.0012291615383579133)	(150, 0.0)
fastp | SRR35329994_1	(1, 0.0)	(2, 0.09754901538989018)	(3, 0.0)	(4, 0.0)	(5, 0.0)	(6, 0.0)	(7, 0.0)	(8, 0.000800576743050198)	(9, 0.0)	(10, 0.024459510626348234)	(15, 0.00010558787752827414)	(20, 1.575938470571256e-05)	(25, 0.0)	(30, 0.0009654238537095976)	(35, 0.00017745535103593453)	(40, 0.012076671519285025)	(45, 0.032793067969421934)	(50, 0.0013649134023326342)	(55, 0.016632955349720334)	(60, 0.01573154760907801)	(65, 0.00010728987465330292)	(70, 0.06543812779075742)	(75, 1.2847689183307247e-06)	(80, 0.0005316554930403879)	(85, 0.0006127580779803631)	(90, 0.04905411314413434)	(95, 0.017070035579600254)	(100, 0.00021297665157799517)	(105, 6.206859995459061e-05)	(110, 0.002009707160341322)	(115, 0.0014638762787406686)	(120, 0.02131231583066207)	(125, 0.018473706199567463)	(130, 0.0)	(135, 0.0018502959662063097)	(140, 0.0350200980853354)	(145, 0.0)	(150, 0.001947184026723015)
fastp | SRR35329994_2	(1, 0.043007360861889575)	(2, 2.836689247028261e-05)	(3, 0.0)	(4, 0.0)	(5, 0.08240424668770041)	(6, 0.0)	(7, 0.0)	(8, 0.0008967089897550447)	(9, 0.0)	(10, 0.004153858620731717)	(15, 0.08434737882191476)	(20, 1.4498633929255556e-05)	(25, 0.01948301212397832)	(30, 0.00016389899211481003)	(35, 0.002350459752228509)	(40, 0.0017722232676125884)	(45, 1.5449539637455554e-05)	(50, 0.036585370354527406)	(55, 0.08337885150601186)	(60, 0.06628769633789013)	(65, 3.552403445951871e-05)	(70, 1.496999894362769e-05)	(75, 0.03325252623975448)	(80, 1.6223065699785362e-06)	(85, 3.785646378742517e-05)	(90, 0.001497415557907603)	(95, 0.03101314094475979)	(100, 0.017173847951516465)	(105, 0.00027063085844763237)	(110, 0.00014983270938901967)	(115, 0.0016507088453210131)	(120, 5.470535531511215e-06)	(125, 0.03335513784601246)	(130, 0.004077959997239437)	(135, 0.0007670541282740635)	(140, 0.034195803592863)	(145, 0.0012705690533023801)	(150, 1.8370793862075277e-06)
fastp | SRR35329995_1	(1, 0.0)	(2, 0.09771945178544378)	(3, 0.0)	(4, 0.0)	(5, 0.0)	(6, 0.0)	(7, 0.0)	(8, 0.0008157746340995836)	(9, 0.0)	(10, 0.024828161867524866)	(15, 9.527517181834689e-05)	(20, 1.156695376708365e-05)	(25, 0.0)	(30, 0.0009640178642768351)	(35, 0.00015767964431222462)	(40, 0.012076077406338032)	(45, 0.03289329691124988)	(50, 0.0013870950570512564)	(55, 0.016772929179254752)	(60, 0.01605304742366398)	(65, 9.836086430433e-05)	(70, 0.06589893500282841)	(75, 2.166898496945716e-06)	(80, 0.0005420366664405109)	(85, 0.0006072073863329153)	(90, 0.04927662449936799)	(95, 0.017197960008720883)	(100, 0.00019992579679813417)	(105, 6.765255859986844e-05)	(110, 0.002044450914622435)	(115, 0.0014520723901587397)	(120, 0.021340655425214544)	(125, 0.018682513470075157)	(130, 0.0)	(135, 0.001925866610126972)	(140, 0.03516863025359329)	(145, 0.0)	(150, 0.0018794032956768122)
fastp | SRR35329995_2	(1, 0.04339738417297673)	(2, 3.5005254821437356e-05)	(3, 0.0)	(4, 0.0)	(5, 0.08231713966401134)	(6, 0.0)	(7, 0.0)	(8, 0.000928400236568556)	(9, 0.0)	(10, 0.004165625323751046)	(15, 0.0847419384458163)	(20, 1.4002101928574943e-05)	(25, 0.019418480226771954)	(30, 0.0001588946837725946)	(35, 0.0023201784249475767)	(40, 0.0017611272724516254)	(45, 1.6746672779425522e-05)	(50, 0.03699230120405321)	(55, 0.08375078198745016)	(60, 0.0662373555497357)	(65, 3.366381508649994e-05)	(70, 1.3515754198083104e-05)	(75, 0.03371111069296644)	(80, 1.8749007767354564e-06)	(85, 4.499041716787681e-05)	(90, 0.0015053397262012435)	(95, 0.031051340902954305)	(100, 0.017043690937602704)	(105, 0.0002725638972756985)	(110, 0.0001579580665653542)	(115, 0.0016797466358311132)	(120, 3.955945744256863e-06)	(125, 0.03345869830455958)	(130, 0.004154713481015445)	(135, 0.0007668475826609397)	(140, 0.03437828267078095)	(145, 0.0012663604781068488)	(150, 0.0)
fastp | SRR35329996_1	(1, 0.0)	(2, 0.08892035482168203)	(3, 0.0)	(4, 1.5850613169875048e-06)	(5, 0.0)	(6, 0.0)	(7, 0.0)	(8, 0.0006276842815270519)	(9, 0.0)	(10, 0.020524324969144404)	(15, 6.340245267950018e-05)	(20, 8.876343375130026e-06)	(25, 0.0)	(30, 0.000932653419902507)	(35, 0.00013536740946748122)	(40, 0.011796770379762575)	(45, 0.03310244385089286)	(50, 0.001271477004886307)	(55, 0.016847894489944067)	(60, 0.01567173639595589)	(65, 9.156835434556401e-05)	(70, 0.06572907892089172)	(75, 1.613983668125086e-06)	(80, 0.0005081618336309514)	(85, 0.0004807267790111924)	(90, 0.049295873110059035)	(95, 0.017216129116907234)	(100, 0.00017085012788889002)	(105, 6.112853255422075e-05)	(110, 0.0018354959105167084)	(115, 0.0014880157961162396)	(120, 0.021784487365635728)	(125, 0.01885940309348601)	(130, 5.31201557737944e-07)	(135, 0.0019156583078036944)	(140, 0.035400752612245484)	(145, 0.0)	(150, 0.0019463830393167002)
fastp | SRR35329996_2	(1, 0.03977552868848445)	(2, 2.853110370577509e-05)	(3, 0.0)	(4, 0.0)	(5, 0.08346774389124502)	(6, 0.0)	(7, 0.0)	(8, 0.0008559331111732526)	(9, 0.0)	(10, 0.004223871397508303)	(15, 0.08508735954494284)	(20, 8.242318848335025e-06)	(25, 0.01941636710857014)	(30, 0.00015787339590287155)	(35, 0.0022486605838807463)	(40, 0.0016252057838353545)	(45, 1.0147650985598846e-05)	(50, 0.03699759475818963)	(55, 0.08397312806554583)	(60, 0.06689682353467805)	(65, 2.806706066632331e-05)	(70, 8.64695702341302e-06)	(75, 0.03405617496160993)	(80, 1.304147673440327e-06)	(85, 3.108796133943461e-05)	(90, 0.0014412048510374482)	(95, 0.03025459635574313)	(100, 0.017124003475676854)	(105, 0.00025975889240016463)	(110, 0.00013142748670382274)	(115, 0.0014901506147619763)	(120, 1.3694738142432664e-06)	(125, 0.03341447453219613)	(130, 0.004241338808099511)	(135, 0.0006742744862765272)	(140, 0.03442409640544911)	(145, 0.0013083037316737036)	(150, 0.0)
