Sample	0	1	2	3	4	5	6	7	8	9	10	11	12	13	14	15	16	17	18	19	20	21	22	23
fastp | SRR35329977_1	(18.0, 840.0)	(19.0, 9973.0)	(20.0, 40716.0)	(21.0, 78480.0)	(22.0, 113323.0)	(23.0, 147900.0)	(24.0, 183885.0)	(25.0, 223870.0)	(26.0, 267087.0)	(27.0, 308449.0)	(28.0, 355186.0)	(29.0, 406920.0)	(30.0, 461415.0)	(31.0, 538839.0)	(32.0, 642335.0)	(33.0, 766536.0)	(34.0, 1002125.0)	(35.0, 1339207.0)	(36.0, 2121866.0)	(37.0, 3585255.0)	(38.0, 8746617.0)	(39.0, 52608442.0)	(40.0, 16007920.0)	
fastp | SRR35329977_2	(17.0, 1.0)	(18.0, 7261.0)	(19.0, 39716.0)	(20.0, 101995.0)	(21.0, 155244.0)	(22.0, 197481.0)	(23.0, 234592.0)	(24.0, 267729.0)	(25.0, 302814.0)	(26.0, 335354.0)	(27.0, 363328.0)	(28.0, 401558.0)	(29.0, 445087.0)	(30.0, 490888.0)	(31.0, 564115.0)	(32.0, 656086.0)	(33.0, 789326.0)	(34.0, 1029659.0)	(35.0, 1381823.0)	(36.0, 2196966.0)	(37.0, 3788646.0)	(38.0, 10351605.0)	(39.0, 58545468.0)	(40.0, 7310444.0)
fastp | SRR35329978_1	(18.0, 580.0)	(19.0, 7344.0)	(20.0, 30051.0)	(21.0, 56803.0)	(22.0, 81272.0)	(23.0, 105096.0)	(24.0, 129347.0)	(25.0, 156350.0)	(26.0, 185963.0)	(27.0, 213330.0)	(28.0, 244620.0)	(29.0, 280370.0)	(30.0, 318412.0)	(31.0, 372127.0)	(32.0, 442022.0)	(33.0, 542725.0)	(34.0, 690257.0)	(35.0, 907581.0)	(36.0, 1428516.0)	(37.0, 2425946.0)	(38.0, 6002039.0)	(39.0, 36623966.0)	(40.0, 10097470.0)	
fastp | SRR35329978_2	(17.0, 2.0)	(18.0, 4657.0)	(19.0, 25438.0)	(20.0, 66518.0)	(21.0, 101380.0)	(22.0, 129109.0)	(23.0, 152996.0)	(24.0, 173843.0)	(25.0, 197533.0)	(26.0, 218283.0)	(27.0, 236813.0)	(28.0, 260704.0)	(29.0, 288649.0)	(30.0, 318099.0)	(31.0, 365389.0)	(32.0, 424088.0)	(33.0, 508406.0)	(34.0, 658930.0)	(35.0, 883266.0)	(36.0, 1400310.0)	(37.0, 2402627.0)	(38.0, 6411340.0)	(39.0, 39914878.0)	(40.0, 6198929.0)
fastp | SRR35329979_1	(18.0, 787.0)	(19.0, 9958.0)	(20.0, 40637.0)	(21.0, 77777.0)	(22.0, 111406.0)	(23.0, 145958.0)	(24.0, 180180.0)	(25.0, 219101.0)	(26.0, 262038.0)	(27.0, 301532.0)	(28.0, 346045.0)	(29.0, 398615.0)	(30.0, 449779.0)	(31.0, 524252.0)	(32.0, 616076.0)	(33.0, 736811.0)	(34.0, 965743.0)	(35.0, 1295957.0)	(36.0, 2056301.0)	(37.0, 3495156.0)	(38.0, 8706996.0)	(39.0, 54158326.0)	(40.0, 14506110.0)	
fastp | SRR35329979_2	(17.0, 1.0)	(18.0, 7493.0)	(19.0, 42138.0)	(20.0, 107248.0)	(21.0, 163196.0)	(22.0, 206565.0)	(23.0, 245165.0)	(24.0, 278425.0)	(25.0, 312214.0)	(26.0, 343938.0)	(27.0, 372582.0)	(28.0, 406780.0)	(29.0, 449810.0)	(30.0, 496515.0)	(31.0, 572090.0)	(32.0, 664239.0)	(33.0, 796044.0)	(34.0, 1037983.0)	(35.0, 1387832.0)	(36.0, 2201076.0)	(37.0, 3769083.0)	(38.0, 10280866.0)	(39.0, 59410465.0)	(40.0, 6053793.0)
fastp | SRR35329980_1	(17.0, 1.0)	(18.0, 602.0)	(19.0, 6725.0)	(20.0, 27222.0)	(21.0, 53108.0)	(22.0, 76386.0)	(23.0, 99241.0)	(24.0, 122200.0)	(25.0, 149009.0)	(26.0, 176718.0)	(27.0, 203728.0)	(28.0, 235591.0)	(29.0, 271588.0)	(30.0, 308925.0)	(31.0, 367709.0)	(32.0, 428383.0)	(33.0, 505355.0)	(34.0, 657561.0)	(35.0, 881668.0)	(36.0, 1393173.0)	(37.0, 2366569.0)	(38.0, 5925589.0)	(39.0, 36245796.0)	(40.0, 8285588.0)
fastp | SRR35329980_2	(17.0, 4.0)	(18.0, 4631.0)	(19.0, 26081.0)	(20.0, 65569.0)	(21.0, 99221.0)	(22.0, 125166.0)	(23.0, 150004.0)	(24.0, 170742.0)	(25.0, 193661.0)	(26.0, 214372.0)	(27.0, 232697.0)	(28.0, 255384.0)	(29.0, 283987.0)	(30.0, 312697.0)	(31.0, 360635.0)	(32.0, 421097.0)	(33.0, 503556.0)	(34.0, 660045.0)	(35.0, 883973.0)	(36.0, 1405808.0)	(37.0, 2414657.0)	(38.0, 6571570.0)	(39.0, 38813761.0)	(40.0, 4619117.0)
fastp | SRR35329981_1	(18.0, 696.0)	(19.0, 8091.0)	(20.0, 33220.0)	(21.0, 63838.0)	(22.0, 93063.0)	(23.0, 122293.0)	(24.0, 152341.0)	(25.0, 185375.0)	(26.0, 221901.0)	(27.0, 257456.0)	(28.0, 295152.0)	(29.0, 342628.0)	(30.0, 391908.0)	(31.0, 471934.0)	(32.0, 567976.0)	(33.0, 676172.0)	(34.0, 858508.0)	(35.0, 1123735.0)	(36.0, 1771495.0)	(37.0, 3019572.0)	(38.0, 7606339.0)	(39.0, 46739787.0)	(40.0, 10911264.0)	
fastp | SRR35329981_2	(17.0, 1.0)	(18.0, 6465.0)	(19.0, 35279.0)	(20.0, 88452.0)	(21.0, 134358.0)	(22.0, 168548.0)	(23.0, 200144.0)	(24.0, 227059.0)	(25.0, 256212.0)	(26.0, 283266.0)	(27.0, 305942.0)	(28.0, 334296.0)	(29.0, 369965.0)	(30.0, 405782.0)	(31.0, 467853.0)	(32.0, 543287.0)	(33.0, 649307.0)	(34.0, 845117.0)	(35.0, 1131182.0)	(36.0, 1798427.0)	(37.0, 3106942.0)	(38.0, 8365123.0)	(39.0, 50250436.0)	(40.0, 5941301.0)
fastp | SRR35329982_1	(18.0, 522.0)	(19.0, 6996.0)	(20.0, 28565.0)	(21.0, 56257.0)	(22.0, 82408.0)	(23.0, 107825.0)	(24.0, 134557.0)	(25.0, 165591.0)	(26.0, 197534.0)	(27.0, 229502.0)	(28.0, 266103.0)	(29.0, 308092.0)	(30.0, 352228.0)	(31.0, 422914.0)	(32.0, 509858.0)	(33.0, 610243.0)	(34.0, 783267.0)	(35.0, 1032774.0)	(36.0, 1637916.0)	(37.0, 2804759.0)	(38.0, 6998245.0)	(39.0, 41218986.0)	(40.0, 11330948.0)	
fastp | SRR35329982_2	(17.0, 3.0)	(18.0, 6724.0)	(19.0, 35392.0)	(20.0, 89860.0)	(21.0, 137006.0)	(22.0, 171793.0)	(23.0, 201835.0)	(24.0, 228283.0)	(25.0, 256841.0)	(26.0, 281307.0)	(27.0, 304685.0)	(28.0, 334013.0)	(29.0, 369651.0)	(30.0, 407578.0)	(31.0, 469051.0)	(32.0, 546265.0)	(33.0, 658508.0)	(34.0, 860704.0)	(35.0, 1154317.0)	(36.0, 1841185.0)	(37.0, 3184352.0)	(38.0, 8729462.0)	(39.0, 43956472.0)	(40.0, 5060803.0)
fastp | SRR35329983_1	(18.0, 599.0)	(19.0, 7836.0)	(20.0, 31634.0)	(21.0, 61299.0)	(22.0, 88346.0)	(23.0, 114868.0)	(24.0, 141259.0)	(25.0, 173521.0)	(26.0, 205948.0)	(27.0, 237702.0)	(28.0, 272825.0)	(29.0, 312949.0)	(30.0, 354920.0)	(31.0, 416298.0)	(32.0, 497011.0)	(33.0, 595684.0)	(34.0, 767429.0)	(35.0, 1021970.0)	(36.0, 1597796.0)	(37.0, 2696622.0)	(38.0, 6539347.0)	(39.0, 39200961.0)	(40.0, 12431890.0)	
fastp | SRR35329983_2	(17.0, 3.0)	(18.0, 5415.0)	(19.0, 30108.0)	(20.0, 77718.0)	(21.0, 121385.0)	(22.0, 154235.0)	(23.0, 183595.0)	(24.0, 210752.0)	(25.0, 237981.0)	(26.0, 264007.0)	(27.0, 286139.0)	(28.0, 315905.0)	(29.0, 351571.0)	(30.0, 388403.0)	(31.0, 449297.0)	(32.0, 521661.0)	(33.0, 631388.0)	(34.0, 824157.0)	(35.0, 1107957.0)	(36.0, 1767042.0)	(37.0, 3044471.0)	(38.0, 8236481.0)	(39.0, 43178904.0)	(40.0, 5380139.0)
fastp | SRR35329984_1	(17.0, 1.0)	(18.0, 486.0)	(19.0, 6218.0)	(20.0, 24946.0)	(21.0, 48728.0)	(22.0, 70265.0)	(23.0, 93054.0)	(24.0, 116518.0)	(25.0, 141486.0)	(26.0, 169438.0)	(27.0, 196602.0)	(28.0, 227079.0)	(29.0, 260950.0)	(30.0, 298166.0)	(31.0, 355289.0)	(32.0, 421794.0)	(33.0, 505243.0)	(34.0, 642370.0)	(35.0, 859355.0)	(36.0, 1363020.0)	(37.0, 2324522.0)	(38.0, 5809268.0)	(39.0, 35792172.0)	(40.0, 9891716.0)
fastp | SRR35329984_2	(17.0, 4.0)	(18.0, 5059.0)	(19.0, 28173.0)	(20.0, 71185.0)	(21.0, 107561.0)	(22.0, 134490.0)	(23.0, 158687.0)	(24.0, 180968.0)	(25.0, 203058.0)	(26.0, 223787.0)	(27.0, 242020.0)	(28.0, 264528.0)	(29.0, 292744.0)	(30.0, 321594.0)	(31.0, 369188.0)	(32.0, 426307.0)	(33.0, 507712.0)	(34.0, 661521.0)	(35.0, 882263.0)	(36.0, 1396191.0)	(37.0, 2383668.0)	(38.0, 6416089.0)	(39.0, 39244532.0)	(40.0, 5097357.0)
fastp | SRR35329985_1	(18.0, 515.0)	(19.0, 6760.0)	(20.0, 26707.0)	(21.0, 51487.0)	(22.0, 73258.0)	(23.0, 95600.0)	(24.0, 117822.0)	(25.0, 142963.0)	(26.0, 168967.0)	(27.0, 194269.0)	(28.0, 222150.0)	(29.0, 255131.0)	(30.0, 287792.0)	(31.0, 335315.0)	(32.0, 398885.0)	(33.0, 478617.0)	(34.0, 627583.0)	(35.0, 825594.0)	(36.0, 1283443.0)	(37.0, 2179191.0)	(38.0, 5392806.0)	(39.0, 33658177.0)	(40.0, 8999680.0)	
fastp | SRR35329985_2	(18.0, 4094.0)	(19.0, 23486.0)	(20.0, 60966.0)	(21.0, 93759.0)	(22.0, 119047.0)	(23.0, 141300.0)	(24.0, 163196.0)	(25.0, 182793.0)	(26.0, 203631.0)	(27.0, 220065.0)	(28.0, 241590.0)	(29.0, 267354.0)	(30.0, 294426.0)	(31.0, 338152.0)	(32.0, 395036.0)	(33.0, 472551.0)	(34.0, 616019.0)	(35.0, 824656.0)	(36.0, 1307701.0)	(37.0, 2244877.0)	(38.0, 5979582.0)	(39.0, 37319192.0)	(40.0, 4309239.0)	
fastp | SRR35329986_1	(17.0, 1.0)	(18.0, 558.0)	(19.0, 6283.0)	(20.0, 25228.0)	(21.0, 48471.0)	(22.0, 69938.0)	(23.0, 90351.0)	(24.0, 112320.0)	(25.0, 136497.0)	(26.0, 162021.0)	(27.0, 186915.0)	(28.0, 215901.0)	(29.0, 248872.0)	(30.0, 283278.0)	(31.0, 337972.0)	(32.0, 397025.0)	(33.0, 465084.0)	(34.0, 604609.0)	(35.0, 811407.0)	(36.0, 1282178.0)	(37.0, 2186489.0)	(38.0, 5475934.0)	(39.0, 34338393.0)	(40.0, 8584245.0)
fastp | SRR35329986_2	(17.0, 1.0)	(18.0, 4235.0)	(19.0, 24023.0)	(20.0, 61042.0)	(21.0, 93036.0)	(22.0, 117260.0)	(23.0, 140159.0)	(24.0, 160421.0)	(25.0, 180802.0)	(26.0, 200527.0)	(27.0, 216935.0)	(28.0, 239493.0)	(29.0, 266596.0)	(30.0, 293745.0)	(31.0, 339032.0)	(32.0, 393088.0)	(33.0, 471703.0)	(34.0, 614633.0)	(35.0, 819940.0)	(36.0, 1306403.0)	(37.0, 2243073.0)	(38.0, 6064932.0)	(39.0, 37296220.0)	(40.0, 4522671.0)
fastp | SRR35329987_1	(17.0, 4.0)	(18.0, 815.0)	(19.0, 9970.0)	(20.0, 43188.0)	(21.0, 83259.0)	(22.0, 119187.0)	(23.0, 151746.0)	(24.0, 184378.0)	(25.0, 221969.0)	(26.0, 261912.0)	(27.0, 298927.0)	(28.0, 343759.0)	(29.0, 393543.0)	(30.0, 449130.0)	(31.0, 536254.0)	(32.0, 634770.0)	(33.0, 758630.0)	(34.0, 968284.0)	(35.0, 1296029.0)	(36.0, 2072506.0)	(37.0, 3534972.0)	(38.0, 8851228.0)	(39.0, 51827482.0)	(40.0, 10946812.0)
fastp | SRR35329987_2	(17.0, 2.0)	(18.0, 4527.0)	(19.0, 25462.0)	(20.0, 65896.0)	(21.0, 103083.0)	(22.0, 136224.0)	(23.0, 166221.0)	(24.0, 193716.0)	(25.0, 223229.0)	(26.0, 251629.0)	(27.0, 276083.0)	(28.0, 307755.0)	(29.0, 346488.0)	(30.0, 386758.0)	(31.0, 452951.0)	(32.0, 532337.0)	(33.0, 644865.0)	(34.0, 851344.0)	(35.0, 1156732.0)	(36.0, 1872232.0)	(37.0, 3286883.0)	(38.0, 9106708.0)	(39.0, 57137987.0)	(40.0, 6459642.0)
fastp | SRR35329988_1	(17.0, 2.0)	(18.0, 596.0)	(19.0, 7221.0)	(20.0, 29146.0)	(21.0, 56036.0)	(22.0, 80243.0)	(23.0, 103603.0)	(24.0, 129033.0)	(25.0, 156616.0)	(26.0, 186098.0)	(27.0, 214831.0)	(28.0, 246848.0)	(29.0, 284114.0)	(30.0, 320410.0)	(31.0, 375094.0)	(32.0, 443919.0)	(33.0, 534665.0)	(34.0, 696190.0)	(35.0, 925678.0)	(36.0, 1455893.0)	(37.0, 2463581.0)	(38.0, 6057971.0)	(39.0, 37203588.0)	(40.0, 9586306.0)
fastp | SRR35329988_2	(18.0, 4698.0)	(19.0, 26076.0)	(20.0, 67870.0)	(21.0, 104532.0)	(22.0, 133643.0)	(23.0, 159112.0)	(24.0, 182180.0)	(25.0, 205894.0)	(26.0, 227914.0)	(27.0, 248251.0)	(28.0, 274777.0)	(29.0, 305292.0)	(30.0, 337307.0)	(31.0, 390124.0)	(32.0, 454057.0)	(33.0, 546380.0)	(34.0, 715236.0)	(35.0, 962279.0)	(36.0, 1534953.0)	(37.0, 2632427.0)	(38.0, 7117523.0)	(39.0, 40618252.0)	(40.0, 4308905.0)	
fastp | SRR35329989_1	(18.0, 439.0)	(19.0, 6342.0)	(20.0, 26199.0)	(21.0, 50690.0)	(22.0, 73751.0)	(23.0, 96496.0)	(24.0, 120736.0)	(25.0, 146268.0)	(26.0, 175206.0)	(27.0, 202191.0)	(28.0, 233848.0)	(29.0, 267725.0)	(30.0, 304964.0)	(31.0, 356638.0)	(32.0, 422310.0)	(33.0, 511274.0)	(34.0, 672188.0)	(35.0, 910090.0)	(36.0, 1446432.0)	(37.0, 2461577.0)	(38.0, 6046806.0)	(39.0, 34801419.0)	(40.0, 9771208.0)	
fastp | SRR35329989_2	(17.0, 2.0)	(18.0, 4536.0)	(19.0, 25091.0)	(20.0, 63366.0)	(21.0, 98062.0)	(22.0, 123976.0)	(23.0, 148325.0)	(24.0, 169691.0)	(25.0, 191762.0)	(26.0, 212877.0)	(27.0, 231594.0)	(28.0, 255077.0)	(29.0, 282568.0)	(30.0, 313081.0)	(31.0, 360696.0)	(32.0, 420734.0)	(33.0, 503918.0)	(34.0, 660199.0)	(35.0, 888268.0)	(36.0, 1418012.0)	(37.0, 2448956.0)	(38.0, 6727347.0)	(39.0, 39051764.0)	(40.0, 4504895.0)
fastp | SRR35329990_1	(18.0, 561.0)	(19.0, 7180.0)	(20.0, 29874.0)	(21.0, 56934.0)	(22.0, 80493.0)	(23.0, 104002.0)	(24.0, 127081.0)	(25.0, 154142.0)	(26.0, 181664.0)	(27.0, 208961.0)	(28.0, 238026.0)	(29.0, 272734.0)	(30.0, 307089.0)	(31.0, 357528.0)	(32.0, 420931.0)	(33.0, 507037.0)	(34.0, 659313.0)	(35.0, 882639.0)	(36.0, 1376749.0)	(37.0, 2332090.0)	(38.0, 5718279.0)	(39.0, 34428086.0)	(40.0, 9875072.0)	
fastp | SRR35329990_2	(18.0, 4403.0)	(19.0, 24016.0)	(20.0, 61269.0)	(21.0, 94114.0)	(22.0, 119469.0)	(23.0, 142158.0)	(24.0, 164096.0)	(25.0, 185657.0)	(26.0, 207100.0)	(27.0, 224940.0)	(28.0, 247087.0)	(29.0, 276142.0)	(30.0, 305223.0)	(31.0, 351146.0)	(32.0, 409765.0)	(33.0, 492732.0)	(34.0, 643520.0)	(35.0, 860372.0)	(36.0, 1347841.0)	(37.0, 2291441.0)	(38.0, 6227357.0)	(39.0, 38236133.0)	(40.0, 5410484.0)	
fastp | SRR35329991_1	(17.0, 1.0)	(18.0, 697.0)	(19.0, 8450.0)	(20.0, 34955.0)	(21.0, 66696.0)	(22.0, 94753.0)	(23.0, 121028.0)	(24.0, 146976.0)	(25.0, 176235.0)	(26.0, 209128.0)	(27.0, 238809.0)	(28.0, 272543.0)	(29.0, 312590.0)	(30.0, 354835.0)	(31.0, 428754.0)	(32.0, 506968.0)	(33.0, 607258.0)	(34.0, 742210.0)	(35.0, 979954.0)	(36.0, 1543372.0)	(37.0, 2612507.0)	(38.0, 6410248.0)	(39.0, 38018890.0)	(40.0, 10914809.0)
fastp | SRR35329991_2	(17.0, 3.0)	(18.0, 4280.0)	(19.0, 23126.0)	(20.0, 59476.0)	(21.0, 92380.0)	(22.0, 118832.0)	(23.0, 145672.0)	(24.0, 168298.0)	(25.0, 191341.0)	(26.0, 214409.0)	(27.0, 235120.0)	(28.0, 260235.0)	(29.0, 291985.0)	(30.0, 325178.0)	(31.0, 376673.0)	(32.0, 440698.0)	(33.0, 529598.0)	(34.0, 693395.0)	(35.0, 936635.0)	(36.0, 1499203.0)	(37.0, 2617423.0)	(38.0, 7106381.0)	(39.0, 42676550.0)	(40.0, 5795775.0)
fastp | SRR35329992_1	(17.0, 1.0)	(18.0, 632.0)	(19.0, 8149.0)	(20.0, 33224.0)	(21.0, 63904.0)	(22.0, 91949.0)	(23.0, 120241.0)	(24.0, 150348.0)	(25.0, 183679.0)	(26.0, 219303.0)	(27.0, 253330.0)	(28.0, 291850.0)	(29.0, 334362.0)	(30.0, 379194.0)	(31.0, 443382.0)	(32.0, 522308.0)	(33.0, 629210.0)	(34.0, 823356.0)	(35.0, 1110679.0)	(36.0, 1762666.0)	(37.0, 2999020.0)	(38.0, 7454978.0)	(39.0, 46348175.0)	(40.0, 11820496.0)
fastp | SRR35329992_2	(17.0, 2.0)	(18.0, 5760.0)	(19.0, 32195.0)	(20.0, 83610.0)	(21.0, 129335.0)	(22.0, 163045.0)	(23.0, 194201.0)	(24.0, 222756.0)	(25.0, 252104.0)	(26.0, 278005.0)	(27.0, 302323.0)	(28.0, 334040.0)	(29.0, 369057.0)	(30.0, 408360.0)	(31.0, 470278.0)	(32.0, 548766.0)	(33.0, 659310.0)	(34.0, 862698.0)	(35.0, 1157947.0)	(36.0, 1839470.0)	(37.0, 3156490.0)	(38.0, 8525151.0)	(39.0, 50628040.0)	(40.0, 5421493.0)
fastp | SRR35329993_1	(17.0, 1.0)	(18.0, 799.0)	(19.0, 9663.0)	(20.0, 39013.0)	(21.0, 75003.0)	(22.0, 107894.0)	(23.0, 139360.0)	(24.0, 173534.0)	(25.0, 209565.0)	(26.0, 249137.0)	(27.0, 287981.0)	(28.0, 332067.0)	(29.0, 382705.0)	(30.0, 442267.0)	(31.0, 547910.0)	(32.0, 637164.0)	(33.0, 745437.0)	(34.0, 925038.0)	(35.0, 1231016.0)	(36.0, 1945545.0)	(37.0, 3304544.0)	(38.0, 8195904.0)	(39.0, 49670346.0)	(40.0, 12724786.0)
fastp | SRR35329993_2	(17.0, 4.0)	(18.0, 6625.0)	(19.0, 36789.0)	(20.0, 93667.0)	(21.0, 142950.0)	(22.0, 179696.0)	(23.0, 213451.0)	(24.0, 245759.0)	(25.0, 276099.0)	(26.0, 304515.0)	(27.0, 329525.0)	(28.0, 362156.0)	(29.0, 400776.0)	(30.0, 442286.0)	(31.0, 509525.0)	(32.0, 591298.0)	(33.0, 707790.0)	(34.0, 925602.0)	(35.0, 1239937.0)	(36.0, 1980815.0)	(37.0, 3427462.0)	(38.0, 9253146.0)	(39.0, 54488675.0)	(40.0, 6218131.0)
fastp | SRR35329994_1	(18.0, 543.0)	(19.0, 6790.0)	(20.0, 27784.0)	(21.0, 54719.0)	(22.0, 79313.0)	(23.0, 102821.0)	(24.0, 127697.0)	(25.0, 156288.0)	(26.0, 186249.0)	(27.0, 216306.0)	(28.0, 249728.0)	(29.0, 286868.0)	(30.0, 326063.0)	(31.0, 389416.0)	(32.0, 474970.0)	(33.0, 555697.0)	(34.0, 713706.0)	(35.0, 940515.0)	(36.0, 1481476.0)	(37.0, 2519245.0)	(38.0, 6165128.0)	(39.0, 37132722.0)	(40.0, 11260210.0)	
fastp | SRR35329994_2	(17.0, 1.0)	(18.0, 5163.0)	(19.0, 28003.0)	(20.0, 71221.0)	(21.0, 109133.0)	(22.0, 137577.0)	(23.0, 164434.0)	(24.0, 187548.0)	(25.0, 210634.0)	(26.0, 233990.0)	(27.0, 253911.0)	(28.0, 279004.0)	(29.0, 309543.0)	(30.0, 342121.0)	(31.0, 395145.0)	(32.0, 458933.0)	(33.0, 549456.0)	(34.0, 718302.0)	(35.0, 960353.0)	(36.0, 1527485.0)	(37.0, 2641143.0)	(38.0, 7119750.0)	(39.0, 41670352.0)	(40.0, 5081052.0)
fastp | SRR35329995_1	(18.0, 558.0)	(19.0, 7717.0)	(20.0, 32447.0)	(21.0, 62846.0)	(22.0, 89957.0)	(23.0, 115424.0)	(24.0, 142197.0)	(25.0, 171819.0)	(26.0, 204916.0)	(27.0, 234178.0)	(28.0, 266713.0)	(29.0, 306675.0)	(30.0, 345008.0)	(31.0, 403680.0)	(32.0, 479554.0)	(33.0, 575893.0)	(34.0, 751143.0)	(35.0, 998954.0)	(36.0, 1566688.0)	(37.0, 2655370.0)	(38.0, 6482956.0)	(39.0, 38535588.0)	(40.0, 11274140.0)	
fastp | SRR35329995_2	(17.0, 3.0)	(18.0, 4150.0)	(19.0, 24193.0)	(20.0, 63268.0)	(21.0, 98660.0)	(22.0, 126393.0)	(23.0, 152482.0)	(24.0, 176530.0)	(25.0, 200665.0)	(26.0, 223502.0)	(27.0, 244264.0)	(28.0, 269602.0)	(29.0, 301574.0)	(30.0, 332718.0)	(31.0, 384134.0)	(32.0, 450079.0)	(33.0, 540742.0)	(34.0, 708743.0)	(35.0, 957050.0)	(36.0, 1525421.0)	(37.0, 2647221.0)	(38.0, 7194402.0)	(39.0, 43870157.0)	(40.0, 5208468.0)
fastp | SRR35329996_1	(17.0, 3.0)	(18.0, 682.0)	(19.0, 8202.0)	(20.0, 35356.0)	(21.0, 69861.0)	(22.0, 97777.0)	(23.0, 123015.0)	(24.0, 147612.0)	(25.0, 176238.0)	(26.0, 205955.0)	(27.0, 234763.0)	(28.0, 269038.0)	(29.0, 306813.0)	(30.0, 350630.0)	(31.0, 424541.0)	(32.0, 499710.0)	(33.0, 587476.0)	(34.0, 763840.0)	(35.0, 1038070.0)	(36.0, 1673914.0)	(37.0, 2886454.0)	(38.0, 7253812.0)	(39.0, 38890314.0)	(40.0, 7044966.0)
fastp | SRR35329996_2	(17.0, 1.0)	(18.0, 2573.0)	(19.0, 13237.0)	(20.0, 34912.0)	(21.0, 56595.0)	(22.0, 76913.0)	(23.0, 96601.0)	(24.0, 115588.0)	(25.0, 134847.0)	(26.0, 154167.0)	(27.0, 171883.0)	(28.0, 194285.0)	(29.0, 221162.0)	(30.0, 250596.0)	(31.0, 296040.0)	(32.0, 351341.0)	(33.0, 432577.0)	(34.0, 578668.0)	(35.0, 798502.0)	(36.0, 1315286.0)	(37.0, 2379033.0)	(38.0, 6801910.0)	(39.0, 43038669.0)	(40.0, 5573656.0)
