Sample	0	1	2	3	4	5	6	7	8	9	10	11	12	13	14	15	16	17	18	19	20	21	22	23	24	25	26	27	28	29	30	31	32	33	34	35	36	37	38	39	40	41	42	43	44	45	46	47	48	49	50	51	52	53	54	55	56	57	58	59	60	61	62	63	64	65	66	67	68	69	70	71	72	73	74	75	76	77	78	79	80	81	82	83	84	85	86	87	88	89	90	91	92	93	94	95	96	97	98	99	100	101	102	103	104	105	106	107	108	109	110	111	112	113	114	115	116	117	118	119	120	121	122	123	124	125	126	127	128	129	130	131	132	133	134	135	136	137	138	139	140	141	142	143	144	145	146	147	148	149	150
reports | SRR35329977	(1, 0.0)	(2, 0.107259)	(3, 2.4027999999999998e-05)	(4, 4.368730000000001e-06)	(5, 0.0)	(6, 0.0)	(7, 0.0)	(8, 0.0077490400000000004)	(9, 0.0)	(10, 0.00324269)	(11, 0.12493599999999999)	(12, 0.0)	(13, 0.0)	(14, 0.000253387)	(15, 0.0)	(16, 0.0)	(17, 0.0006673240000000001)	(18, 3.2765500000000004e-06)	(19, 0.0)	(20, 0.0)	(21, 6.553100000000001e-06)	(22, 0.0)	(23, 9.502000000000001e-05)	(24, 0.0)	(25, 0.0)	(26, 0.0)	(27, 0.0)	(28, 1.09218e-06)	(29, 0.0)	(30, 0.010711)	(31, 0.000136523)	(32, 0.0008977750000000001)	(33, 0.0)	(34, 0.0)	(35, 0.0)	(36, 0.000992795)	(37, 6.007009999999999e-05)	(38, 1.0921800000000001e-05)	(39, 1.09218e-06)	(40, 0.00135758)	(41, 0.00011358700000000001)	(42, 0.0619268)	(43, 0.0)	(44, 0.000128878)	(45, 0.0836809)	(46, 0.0)	(47, 0.00434907)	(48, 0.0823594)	(49, 0.0)	(50, 4.368730000000001e-06)	(51, 0.00272172)	(52, 0.0116165)	(53, 0.0031127200000000002)	(54, 0.0)	(55, 0.0)	(56, 0.08299390000000001)	(57, 2.2935900000000002e-05)	(58, 0.0)	(59, 0.00017256499999999999)	(60, 0.0)	(61, 0.0)	(62, 6.007009999999999e-05)	(63, 0.0)	(64, 0.0821737)	(65, 0.00135649)	(66, 4.47795e-05)	(67, 1.09218e-06)	(68, 9.82965e-06)	(69, 0.0028058199999999997)	(70, 0.00046527000000000005)	(71, 0.168429)	(72, 0.159023)	(73, 0.00884778)	(74, 0.0014810000000000001)	(75, 0.00231215)	(76, 5.0240399999999994e-05)	(77, 0.0)	(78, 0.000102665)	(79, 0.0)	(80, 0.0)	(81, 5.46092e-06)	(82, 0.0)	(83, 0.0)	(84, 0.00900396)	(85, 0.00413828)	(86, 1.4198400000000001e-05)	(87, 0.00010703399999999999)	(88, 0.000185671)	(89, 0.00285169)	(90, 0.163245)	(91, 2.5120199999999997e-05)	(92, 0.00221604)	(93, 1.09218e-06)	(94, 0.08062609999999999)	(95, 0.000318918)	(96, 0.0877329)	(97, 0.000220621)	(98, 0.00199433)	(99, 0.000100481)	(100, 0.0)	(101, 0.0005744880000000001)	(102, 3.2765499999999997e-05)	(103, 0.0)	(104, 0.00129642)	(105, 1.2013999999999999e-05)	(106, 0.0)	(107, 0.000151813)	(108, 0.0)	(109, 0.00408804)	(110, 0.0)	(111, 0.00207624)	(112, 0.006456990000000001)	(113, 0.0154948)	(114, 0.0)	(115, 0.0)	(116, 0.0)	(117, 0.0)	(118, 0.010801700000000001)	(119, 0.0)	(120, 6.553100000000001e-06)	(121, 0.000741593)	(122, 0.0)	(123, 0.11339900000000001)	(124, 0.0159939)	(125, 8.73747e-06)	(126, 0.00916779)	(127, 0.0917609)	(128, 0.00477393)	(129, 0.000400831)	(130, 0.0025841099999999997)	(131, 0.000659679)	(132, 0.0)	(133, 8.9559e-05)	(134, 0.000313457)	(135, 0.0)	(136, 0.00019987)	(137, 0.00830496)	(138, 0.00121123)	(139, 0.012700999999999999)	(140, 0.17307)	(141, 0.000755791)	(142, 0.000168196)	(143, 0.00473462)	(144, 0.00249455)	(145, 0.000146353)	(146, 2.07515e-05)	(147, 0.0)	(148, 7.64528e-05)	(149, 0.0)	(150, 0.0100929)	(151, 1.09218e-06)
reports | SRR35329978	(1, 0.0)	(2, 0.10739)	(3, 1.60176e-05)	(4, 9.61057e-06)	(5, 0.0)	(6, 0.0)	(7, 0.0)	(8, 0.00797036)	(9, 0.0)	(10, 0.0033637000000000003)	(11, 0.120303)	(12, 0.0)	(13, 0.0)	(14, 0.000270698)	(15, 0.0)	(16, 1.60176e-06)	(17, 0.0006903590000000001)	(18, 0.0)	(19, 0.0)	(20, 0.0)	(21, 1.60176e-06)	(22, 0.0)	(23, 9.77074e-05)	(24, 0.0)	(25, 0.0)	(26, 0.0)	(27, 0.0)	(28, 0.0)	(29, 0.0)	(30, 0.010341)	(31, 0.00014095499999999998)	(32, 0.000876163)	(33, 0.0)	(34, 0.0)	(35, 0.0)	(36, 0.00106517)	(37, 4.48493e-05)	(38, 4.80528e-06)	(39, 3.20352e-06)	(40, 0.00128782)	(41, 0.000120132)	(42, 0.0612129)	(43, 1.60176e-06)	(44, 0.000129743)	(45, 0.0830577)	(46, 0.0)	(47, 0.00403804)	(48, 0.0805286)	(49, 0.0)	(50, 8.00881e-06)	(51, 0.00260286)	(52, 0.011712100000000001)	(53, 0.00295685)	(54, 0.0)	(55, 0.0)	(56, 0.0840108)	(57, 1.92211e-05)	(58, 0.0)	(59, 0.000177796)	(60, 0.0)	(61, 0.0)	(62, 3.68405e-05)	(63, 0.0)	(64, 0.08081050000000001)	(65, 0.00129262)	(66, 3.68405e-05)	(67, 0.0)	(68, 4.80528e-06)	(69, 0.0026300900000000003)	(70, 0.000520572)	(71, 0.169008)	(72, 0.158022)	(73, 0.00839964)	(74, 0.00158414)	(75, 0.00216238)	(76, 3.20352e-05)	(77, 0.0)	(78, 0.000115327)	(79, 0.0)	(80, 0.0)	(81, 0.0)	(82, 0.0)	(83, 0.0)	(84, 0.00858384)	(85, 0.00452978)	(86, 1.76194e-05)	(87, 0.000112123)	(88, 0.000270698)	(89, 0.00281109)	(90, 0.162744)	(91, 3.04335e-05)	(92, 0.00261728)	(93, 0.0)	(94, 0.0793705)	(95, 0.000313945)	(96, 0.08738409999999999)	(97, 0.000206627)	(98, 0.00188047)	(99, 0.000129743)	(100, 0.0)	(101, 0.000528581)	(102, 4.48493e-05)	(103, 0.0)	(104, 0.00131024)	(105, 8.00881e-06)	(106, 0.0)	(107, 0.000131344)	(108, 0.0)	(109, 0.00384263)	(110, 0.0)	(111, 0.0020006)	(112, 0.006607269999999999)	(113, 0.0154778)	(114, 0.0)	(115, 0.0)	(116, 0.0)	(117, 0.0)	(118, 0.0106661)	(119, 0.0)	(120, 0.0)	(121, 0.000885774)	(122, 0.0)	(123, 0.11423)	(124, 0.0160945)	(125, 1.1212300000000001e-05)	(126, 0.009208530000000001)	(127, 0.0918001)	(128, 0.0047316)	(129, 0.000370007)	(130, 0.0025468)	(131, 0.0006214829999999999)	(132, 0.0)	(133, 0.000120132)	(134, 0.000333166)	(135, 0.0)	(136, 0.00019061)	(137, 0.008285909999999999)	(138, 0.00117249)	(139, 0.012584999999999999)	(140, 0.17432)	(141, 0.000802482)	(142, 0.000150566)	(143, 0.004368)	(144, 0.00264291)	(145, 0.00013935300000000002)	(146, 1.92211e-05)	(147, 0.0)	(148, 6.40705e-05)	(149, 0.0)	(150, 0.00953849)	(151, 0.0)
reports | SRR35329979	(1, 0.0)	(2, 0.10441700000000001)	(3, 1.64301e-05)	(4, 7.66739e-06)	(5, 0.0)	(6, 0.0)	(7, 0.0)	(8, 0.00769258)	(9, 0.0)	(10, 0.00324221)	(11, 0.11215599999999999)	(12, 0.0)	(13, 0.0)	(14, 0.000253024)	(15, 0.0)	(16, 3.28602e-06)	(17, 0.000655014)	(18, 1.0953400000000002e-06)	(19, 0.0)	(20, 0.0)	(21, 1.0953400000000002e-06)	(22, 0.0)	(23, 8.43413e-05)	(24, 0.0)	(25, 0.0)	(26, 0.0)	(27, 1.0953400000000002e-06)	(28, 0.0)	(29, 0.0)	(30, 0.0102568)	(31, 0.000147871)	(32, 0.000892703)	(33, 0.0)	(34, 0.0)	(35, 0.0)	(36, 0.0009321360000000001)	(37, 6.02438e-05)	(38, 7.66739e-06)	(39, 1.0953400000000002e-06)	(40, 0.00136041)	(41, 0.000102962)	(42, 0.056362999999999996)	(43, 2.1906800000000003e-06)	(44, 0.000134727)	(45, 0.08347819999999999)	(46, 0.0)	(47, 0.00410644)	(48, 0.0805054)	(49, 1.0953400000000002e-06)	(50, 6.572049999999999e-06)	(51, 0.00254667)	(52, 0.0116358)	(53, 0.00297057)	(54, 0.0)	(55, 0.0)	(56, 0.0842131)	(57, 1.64301e-05)	(58, 0.0)	(59, 0.000139108)	(60, 0.0)	(61, 0.0)	(62, 5.80531e-05)	(63, 0.0)	(64, 0.0782161)	(65, 0.00125745)	(66, 2.40975e-05)	(67, 2.1906800000000003e-06)	(68, 6.572049999999999e-06)	(69, 0.00264087)	(70, 0.000495094)	(71, 0.168377)	(72, 0.156853)	(73, 0.00831255)	(74, 0.0015028099999999998)	(75, 0.00222245)	(76, 3.17649e-05)	(77, 0.0)	(78, 9.41994e-05)	(79, 0.0)	(80, 0.0)	(81, 4.3813700000000005e-06)	(82, 0.0)	(83, 0.0)	(84, 0.008550239999999999)	(85, 0.00414915)	(86, 1.53348e-05)	(87, 0.000139108)	(88, 0.00020702)	(89, 0.00281284)	(90, 0.164514)	(91, 2.6288199999999997e-05)	(92, 0.00226517)	(93, 1.0953400000000002e-06)	(94, 0.0787036)	(95, 0.000327507)	(96, 0.08825820000000001)	(97, 0.00025521500000000004)	(98, 0.0018982299999999999)	(99, 8.43413e-05)	(100, 3.28602e-06)	(101, 0.00054548)	(102, 4.1623000000000005e-05)	(103, 0.0)	(104, 0.00132536)	(105, 8.76273e-06)	(106, 0.0)	(107, 0.000152252)	(108, 0.0)	(109, 0.00379864)	(110, 0.0)	(111, 0.00203405)	(112, 0.006543569999999999)	(113, 0.0154662)	(114, 0.0)	(115, 0.0)	(116, 0.0)	(117, 0.0)	(118, 0.0106599)	(119, 0.0)	(120, 4.3813700000000005e-06)	(121, 0.0006955420000000001)	(122, 0.0)	(123, 0.114128)	(124, 0.0157324)	(125, 1.20488e-05)	(126, 0.0089347)	(127, 0.0918882)	(128, 0.00455772)	(129, 0.000365844)	(130, 0.00266278)	(131, 0.0006440609999999999)	(132, 0.0)	(133, 9.09133e-05)	(134, 0.00034503299999999996)	(135, 0.0)	(136, 0.000180731)	(137, 0.00835855)	(138, 0.00122569)	(139, 0.0123445)	(140, 0.174461)	(141, 0.000748118)	(142, 0.00012925)	(143, 0.00438794)	(144, 0.00266278)	(145, 0.000164301)	(146, 1.53348e-05)	(147, 0.0)	(148, 4.8195e-05)	(149, 0.0)	(150, 0.00947142)	(151, 1.0953400000000002e-06)
reports | SRR35329980	(1, 0.0)	(2, 0.104579)	(3, 2.50958e-05)	(4, 3.3460999999999996e-06)	(5, 0.0)	(6, 0.0)	(7, 0.0)	(8, 0.00777801)	(9, 0.0)	(10, 0.0031285999999999996)	(11, 0.117291)	(12, 0.0)	(13, 0.0)	(14, 0.000204112)	(15, 0.0)	(16, 0.0)	(17, 0.000614009)	(18, 1.6730499999999998e-06)	(19, 0.0)	(20, 0.0)	(21, 3.3460999999999996e-06)	(22, 0.0)	(23, 9.034470000000001e-05)	(24, 0.0)	(25, 0.0)	(26, 0.0)	(27, 0.0)	(28, 0.0)	(29, 0.0)	(30, 0.0105218)	(31, 0.000173997)	(32, 0.0008097560000000001)	(33, 0.0)	(34, 0.0)	(35, 0.0)	(36, 0.00103562)	(37, 6.6922e-05)	(38, 1.3384399999999998e-05)	(39, 0.0)	(40, 0.00118954)	(41, 8.36525e-05)	(42, 0.05960069999999999)	(43, 1.6730499999999998e-06)	(44, 0.000113767)	(45, 0.08337649999999999)	(46, 0.0)	(47, 0.004264609999999999)	(48, 0.08090699999999999)	(49, 0.0)	(50, 1.3384399999999998e-05)	(51, 0.00267688)	(52, 0.0110773)	(53, 0.0030449500000000003)	(54, 0.0)	(55, 0.0)	(56, 0.0837044)	(57, 2.34227e-05)	(58, 0.0)	(59, 0.00011711399999999999)	(60, 0.0)	(61, 0.0)	(62, 6.85951e-05)	(63, 0.0)	(64, 0.0814341)	(65, 0.00130498)	(66, 2.50958e-05)	(67, 1.6730499999999998e-06)	(68, 8.36525e-06)	(69, 0.00273376)	(70, 0.00051028)	(71, 0.16739199999999999)	(72, 0.15878299999999998)	(73, 0.008586090000000001)	(74, 0.0015208)	(75, 0.00217831)	(76, 3.3461e-05)	(77, 0.0)	(78, 8.03064e-05)	(79, 0.0)	(80, 0.0)	(81, 6.692199999999999e-06)	(82, 0.0)	(83, 0.0)	(84, 0.00873667)	(85, 0.004073879999999999)	(86, 1.5057500000000001e-05)	(87, 0.000130498)	(88, 0.000163959)	(89, 0.00259156)	(90, 0.163854)	(91, 3.01149e-05)	(92, 0.00224691)	(93, 3.3460999999999996e-06)	(94, 0.0802378)	(95, 0.000354687)	(96, 0.0868447)	(97, 0.00020578500000000002)	(98, 0.00194408)	(99, 7.19412e-05)	(100, 0.0)	(101, 0.000537049)	(102, 5.3537599999999994e-05)	(103, 0.0)	(104, 0.00132506)	(105, 8.36525e-06)	(106, 0.0)	(107, 0.000157267)	(108, 0.0)	(109, 0.003908249999999999)	(110, 0.0)	(111, 0.00198424)	(112, 0.0061585)	(113, 0.0148316)	(114, 0.0)	(115, 0.0)	(116, 0.0)	(117, 0.0)	(118, 0.0108916)	(119, 0.0)	(120, 5.01915e-06)	(121, 0.0006391050000000001)	(122, 0.0)	(123, 0.114626)	(124, 0.0150089)	(125, 6.692199999999999e-06)	(126, 0.00897926)	(127, 0.0906676)	(128, 0.00456743)	(129, 0.00035636)	(130, 0.00235565)	(131, 0.000615683)	(132, 0.0)	(133, 8.86717e-05)	(134, 0.000304495)	(135, 0.0)	(136, 0.000133844)	(137, 0.00777968)	(138, 0.00108748)	(139, 0.0124642)	(140, 0.173786)	(141, 0.000675912)	(142, 0.000133844)	(143, 0.00450887)	(144, 0.00248448)	(145, 0.000160613)	(146, 1.17114e-05)	(147, 0.0)	(148, 5.5210699999999996e-05)	(149, 0.0)	(150, 0.00979404)	(151, 0.0)
reports | SRR35329981	(1, 0.0)	(2, 0.104629)	(3, 1.94126e-05)	(4, 1.16475e-05)	(5, 0.0)	(6, 0.0)	(7, 0.0)	(8, 0.00789185)	(9, 0.0)	(10, 0.0030995399999999996)	(11, 0.10835199999999999)	(12, 0.0)	(13, 0.0)	(14, 0.000217421)	(15, 0.0)	(16, 0.0)	(17, 0.000557787)	(18, 0.0)	(19, 0.0)	(20, 0.0)	(21, 1.03534e-05)	(22, 0.0)	(23, 6.60027e-05)	(24, 0.0)	(25, 0.0)	(26, 0.0)	(27, 1.29417e-06)	(28, 1.29417e-06)	(29, 0.0)	(30, 0.010577300000000001)	(31, 0.000122946)	(32, 0.000842505)	(33, 0.0)	(34, 0.0)	(35, 0.0)	(36, 0.000944744)	(37, 8.67094e-05)	(38, 1.16475e-05)	(39, 6.47085e-06)	(40, 0.00127735)	(41, 0.00010353399999999999)	(42, 0.056869699999999995)	(43, 0.0)	(44, 0.00012424)	(45, 0.08408349999999999)	(46, 0.0)	(47, 0.00425394)	(48, 0.08112899999999999)	(49, 1.29417e-06)	(50, 7.765019999999999e-06)	(51, 0.00256634)	(52, 0.0110574)	(53, 0.0029584700000000004)	(54, 0.0)	(55, 0.0)	(56, 0.0839075)	(57, 1.81184e-05)	(58, 0.0)	(59, 0.000161771)	(60, 0.0)	(61, 0.0)	(62, 8.41211e-05)	(63, 0.0)	(64, 0.07807209999999999)	(65, 0.0012411100000000001)	(66, 3.2354299999999996e-05)	(67, 1.29417e-06)	(68, 7.765019999999999e-06)	(69, 0.0026194)	(70, 0.000474961)	(71, 0.16958299999999998)	(72, 0.157605)	(73, 0.0085687)	(74, 0.00149865)	(75, 0.0021729099999999997)	(76, 4.9178500000000004e-05)	(77, 0.0)	(78, 9.835700000000001e-05)	(79, 0.0)	(80, 0.0)	(81, 1.29417e-06)	(82, 0.0)	(83, 0.0)	(84, 0.00878224)	(85, 0.00392004)	(86, 9.05919e-06)	(87, 0.000119064)	(88, 0.000183772)	(89, 0.00264399)	(90, 0.164802)	(91, 1.553e-05)	(92, 0.00221562)	(93, 0.0)	(94, 0.0789677)	(95, 0.00030283599999999996)	(96, 0.0883284)	(97, 0.000244598)	(98, 0.0018933700000000001)	(99, 9.447439999999999e-05)	(100, 0.0)	(101, 0.0005254330000000001)	(102, 4.78843e-05)	(103, 0.0)	(104, 0.00126052)	(105, 1.16475e-05)	(106, 0.0)	(107, 0.000152712)	(108, 0.0)	(109, 0.00387216)	(110, 0.0)	(111, 0.00201244)	(112, 0.006265080000000001)	(113, 0.014877799999999998)	(114, 0.0)	(115, 0.0)	(116, 0.0)	(117, 0.0)	(118, 0.0105591)	(119, 0.0)	(120, 1.29417e-06)	(121, 0.000729912)	(122, 0.0)	(123, 0.11460999999999999)	(124, 0.015177999999999999)	(125, 3.8825099999999995e-06)	(126, 0.0088586)	(127, 0.09238690000000001)	(128, 0.00452313)	(129, 0.000371427)	(130, 0.00247187)	(131, 0.00063932)	(132, 0.0)	(133, 9.57686e-05)	(134, 0.000353309)	(135, 0.0)	(136, 0.00014883)	(137, 0.007843969999999999)	(138, 0.00116993)	(139, 0.012360600000000001)	(140, 0.175697)	(141, 0.000672969)	(142, 0.000130711)	(143, 0.00451536)	(144, 0.00257152)	(145, 0.00015400600000000002)	(146, 1.553e-05)	(147, 0.0)	(148, 5.82377e-05)	(149, 0.0)	(150, 0.00983828)	(151, 1.29417e-06)
reports | SRR35329982	(1, 0.0)	(2, 0.10441199999999999)	(3, 2.26105e-05)	(4, 9.89208e-06)	(5, 0.0)	(6, 0.0)	(7, 0.0)	(8, 0.00792355)	(9, 0.0)	(10, 0.0032827599999999996)	(11, 0.10306)	(12, 0.0)	(13, 0.0)	(14, 0.00018936299999999998)	(15, 0.0)	(16, 0.0)	(17, 0.000603417)	(18, 1.41315e-06)	(19, 0.0)	(20, 0.0)	(21, 1.41315e-06)	(22, 0.0)	(23, 8.196290000000001e-05)	(24, 0.0)	(25, 0.0)	(26, 0.0)	(27, 0.0)	(28, 0.0)	(29, 0.0)	(30, 0.0102199)	(31, 0.000135663)	(32, 0.000856371)	(33, 0.0)	(34, 0.0)	(35, 0.0)	(36, 0.0009298549999999999)	(37, 4.94604e-05)	(38, 7.065769999999999e-06)	(39, 4.23946e-06)	(40, 0.00135663)	(41, 8.90287e-05)	(42, 0.0539683)	(43, 4.23946e-06)	(44, 0.000125771)	(45, 0.0828348)	(46, 0.0)	(47, 0.0040713)	(48, 0.0794899)	(49, 1.41315e-06)	(50, 7.065769999999999e-06)	(51, 0.00260444)	(52, 0.0116557)	(53, 0.00286305)	(54, 0.0)	(55, 0.0)	(56, 0.0848217)	(57, 1.13052e-05)	(58, 0.0)	(59, 0.000137076)	(60, 0.0)	(61, 0.0)	(62, 5.65262e-05)	(63, 0.0)	(64, 0.0749353)	(65, 0.00130575)	(66, 2.82631e-05)	(67, 0.0)	(68, 1.41315e-06)	(69, 0.00255074)	(70, 0.000490364)	(71, 0.169419)	(72, 0.155576)	(73, 0.00830087)	(74, 0.00144848)	(75, 0.00213104)	(76, 1.97842e-05)	(77, 0.0)	(78, 9.32682e-05)	(79, 0.0)	(80, 0.0)	(81, 0.0)	(82, 0.0)	(83, 0.0)	(84, 0.00857502)	(85, 0.0038565)	(86, 1.55447e-05)	(87, 0.000131423)	(88, 0.00022469099999999998)	(89, 0.00288425)	(90, 0.16537100000000002)	(91, 2.54368e-05)	(92, 0.0020843999999999997)	(93, 1.41315e-06)	(94, 0.0775934)	(95, 0.000357528)	(96, 0.08963070000000001)	(97, 0.000219039)	(98, 0.00181308)	(99, 7.77235e-05)	(100, 2.82631e-06)	(101, 0.000544064)	(102, 3.6742e-05)	(103, 0.0)	(104, 0.00127184)	(105, 9.89208e-06)	(106, 0.0)	(107, 0.000154034)	(108, 0.0)	(109, 0.0037519199999999997)	(110, 0.0)	(111, 0.00193461)	(112, 0.0065895400000000005)	(113, 0.0156606)	(114, 0.0)	(115, 0.0)	(116, 0.0)	(117, 0.0)	(118, 0.0104701)	(119, 0.0)	(120, 7.065769999999999e-06)	(121, 0.000611896)	(122, 0.0)	(123, 0.115678)	(124, 0.0159347)	(125, 1.13052e-05)	(126, 0.0088096)	(127, 0.0928117)	(128, 0.004510790000000001)	(129, 0.000366007)	(130, 0.00267086)	(131, 0.0006203749999999999)	(132, 0.0)	(133, 8.33761e-05)	(134, 0.000310894)	(135, 0.0)	(136, 0.00016816500000000001)	(137, 0.0085411)	(138, 0.00124358)	(139, 0.0121856)	(140, 0.176325)	(141, 0.000642985)	(142, 0.00011305199999999999)	(143, 0.00432566)	(144, 0.00254085)	(145, 0.000154034)	(146, 9.89208e-06)	(147, 0.0)	(148, 5.36998e-05)	(149, 0.0)	(150, 0.009411600000000001)	(151, 1.41315e-06)
reports | SRR35329983	(1, 0.0)	(2, 0.10881400000000001)	(3, 8.69234e-06)	(4, 5.79489e-06)	(5, 0.0)	(6, 0.0)	(7, 0.0)	(8, 0.00774777)	(9, 0.0)	(10, 0.00325818)	(11, 0.12438900000000001)	(12, 0.0)	(13, 0.0)	(14, 0.000237591)	(15, 0.0)	(16, 0.0)	(17, 0.000640336)	(18, 1.44872e-06)	(19, 0.0)	(20, 0.0)	(21, 8.69234e-06)	(22, 0.0)	(23, 8.402589999999999e-05)	(24, 0.0)	(25, 0.0)	(26, 0.0)	(27, 0.0)	(28, 2.89745e-06)	(29, 0.0)	(30, 0.0106684)	(31, 0.000166603)	(32, 0.000915593)	(33, 0.0)	(34, 0.0)	(35, 0.0)	(36, 0.0009677469999999999)	(37, 6.22951e-05)	(38, 1.30385e-05)	(39, 0.0)	(40, 0.00131544)	(41, 9.271830000000001e-05)	(42, 0.0618822)	(43, 1.44872e-06)	(44, 0.000126039)	(45, 0.08346239999999999)	(46, 0.0)	(47, 0.00433168)	(48, 0.0814298)	(49, 0.0)	(50, 1.01411e-05)	(51, 0.00270477)	(52, 0.0114652)	(53, 0.00307709)	(54, 0.0)	(55, 0.0)	(56, 0.0832175)	(57, 2.31796e-05)	(58, 0.0)	(59, 0.000165154)	(60, 0.0)	(61, 0.0)	(62, 6.37438e-05)	(63, 0.0)	(64, 0.0806794)	(65, 0.0012734299999999999)	(66, 3.18719e-05)	(67, 0.0)	(68, 2.89745e-06)	(69, 0.00278589)	(70, 0.000520092)	(71, 0.169637)	(72, 0.160109)	(73, 0.00861411)	(74, 0.00156897)	(75, 0.0022716)	(76, 5.36027e-05)	(77, 0.0)	(78, 8.11285e-05)	(79, 0.0)	(80, 0.0)	(81, 1.44872e-06)	(82, 0.0)	(83, 0.0)	(84, 0.008928479999999999)	(85, 0.00411437)	(86, 1.5935999999999998e-05)	(87, 0.00012893600000000001)	(88, 0.00025062900000000004)	(89, 0.00281197)	(90, 0.164708)	(91, 3.0423200000000004e-05)	(92, 0.00219626)	(93, 1.44872e-06)	(94, 0.0802332)	(95, 0.000311475)	(96, 0.0880737)	(97, 0.000243385)	(98, 0.0019441900000000002)	(99, 7.24361e-05)	(100, 0.0)	(101, 0.00055631)	(102, 3.7666799999999997e-05)	(103, 0.0)	(104, 0.00129806)	(105, 1.15898e-05)	(106, 0.0)	(107, 0.000172398)	(108, 0.0)	(109, 0.00404339)	(110, 0.0)	(111, 0.00212093)	(112, 0.0066583300000000005)	(113, 0.015494099999999998)	(114, 0.0)	(115, 0.0)	(116, 0.0)	(117, 0.0)	(118, 0.0107466)	(119, 0.0)	(120, 2.89745e-06)	(121, 0.000698284)	(122, 0.0)	(123, 0.113787)	(124, 0.0157172)	(125, 1.15898e-05)	(126, 0.0093008)	(127, 0.0921547)	(128, 0.004908269999999999)	(129, 0.00038680899999999995)	(130, 0.00255844)	(131, 0.000695387)	(132, 0.0)	(133, 8.402589999999999e-05)	(134, 0.000344796)	(135, 0.0)	(136, 0.000189783)	(137, 0.00824903)	(138, 0.00116767)	(139, 0.0129516)	(140, 0.17559)	(141, 0.0007374)	(142, 0.000176744)	(143, 0.004569269999999999)	(144, 0.00257873)	(145, 0.000141975)	(146, 1.44872e-05)	(147, 0.0)	(148, 8.11285e-05)	(149, 0.0)	(150, 0.009865800000000001)	(151, 1.44872e-06)
reports | SRR35329984	(1, 0.0)	(2, 0.104447)	(3, 3.1310000000000003e-05)	(4, 8.239470000000001e-06)	(5, 0.0)	(6, 0.0)	(7, 0.0)	(8, 0.00798405)	(9, 0.0)	(10, 0.0032513)	(11, 0.111347)	(12, 0.0)	(13, 0.0)	(14, 0.000205987)	(15, 0.0)	(16, 1.6478899999999999e-06)	(17, 0.000710243)	(18, 1.6478899999999999e-06)	(19, 0.0)	(20, 0.0)	(21, 0.0)	(22, 0.0)	(23, 0.00010381700000000001)	(24, 0.0)	(25, 0.0)	(26, 0.0)	(27, 0.0)	(28, 0.0)	(29, 0.0)	(30, 0.0102581)	(31, 0.000164789)	(32, 0.000858553)	(33, 0.0)	(34, 0.0)	(35, 0.0)	(36, 0.0010942)	(37, 5.1084699999999996e-05)	(38, 9.88737e-06)	(39, 6.591579999999999e-06)	(40, 0.00130513)	(41, 0.000105465)	(42, 0.055685700000000005)	(43, 4.94368e-06)	(44, 0.000123592)	(45, 0.0848155)	(46, 0.0)	(47, 0.00415434)	(48, 0.080877)	(49, 0.0)	(50, 8.239470000000001e-06)	(51, 0.0026415799999999997)	(52, 0.0115913)	(53, 0.00304201)	(54, 0.0)	(55, 0.0)	(56, 0.0841497)	(57, 1.81268e-05)	(58, 0.0)	(59, 0.000169733)	(60, 0.0)	(61, 0.0)	(62, 5.7676299999999995e-05)	(63, 0.0)	(64, 0.07817120000000001)	(65, 0.00122933)	(66, 3.29579e-05)	(67, 3.2957899999999996e-06)	(68, 4.94368e-06)	(69, 0.00272067)	(70, 0.000517439)	(71, 0.169728)	(72, 0.158668)	(73, 0.00844216)	(74, 0.00152925)	(75, 0.00227245)	(76, 4.7788900000000006e-05)	(77, 0.0)	(78, 0.000115353)	(79, 0.0)	(80, 0.0)	(81, 1.6478899999999999e-06)	(82, 0.0)	(83, 0.0)	(84, 0.008695940000000001)	(85, 0.00429441)	(86, 1.4831100000000001e-05)	(87, 0.000123592)	(88, 0.000253776)	(89, 0.0027453900000000003)	(90, 0.165831)	(91, 2.96621e-05)	(92, 0.00237791)	(93, 3.2957899999999996e-06)	(94, 0.079529)	(95, 0.000379016)	(96, 0.0890473)	(97, 0.000237297)	(98, 0.0018851900000000001)	(99, 0.000102169)	(100, 1.6478899999999999e-06)	(101, 0.000537214)	(102, 5.93242e-05)	(103, 0.0)	(104, 0.00140895)	(105, 4.94368e-06)	(106, 0.0)	(107, 0.000135127)	(108, 0.0)	(109, 0.00395989)	(110, 0.0)	(111, 0.00192474)	(112, 0.00643338)	(113, 0.015407800000000001)	(114, 0.0)	(115, 0.0)	(116, 0.0)	(117, 0.0)	(118, 0.0108745)	(119, 0.0)	(120, 3.2957899999999996e-06)	(121, 0.0007728629999999999)	(122, 0.0)	(123, 0.115803)	(124, 0.0155957)	(125, 1.15353e-05)	(126, 0.008786569999999999)	(127, 0.09221779999999999)	(128, 0.00444602)	(129, 0.000354297)	(130, 0.00254929)	(131, 0.000616313)	(132, 0.0)	(133, 9.88737e-05)	(134, 0.00030321300000000004)	(135, 0.0)	(136, 0.000202691)	(137, 0.00824936)	(138, 0.00114858)	(139, 0.012234)	(140, 0.175605)	(141, 0.000761327)	(142, 0.000168085)	(143, 0.00451029)	(144, 0.00251798)	(145, 0.00014336699999999998)	(146, 2.14226e-05)	(147, 0.0)	(148, 6.92116e-05)	(149, 0.0)	(150, 0.00945068)	(151, 3.2957899999999996e-06)
reports | SRR35329985	(1, 0.0)	(2, 0.10698999999999999)	(3, 3.69854e-05)	(4, 1.40897e-05)	(5, 0.0)	(6, 0.0)	(7, 0.0)	(8, 0.007849720000000001)	(9, 0.0)	(10, 0.0031226300000000004)	(11, 0.121772)	(12, 0.0)	(13, 0.0)	(14, 0.000216629)	(15, 0.0)	(16, 1.76121e-06)	(17, 0.000667499)	(18, 3.52242e-06)	(19, 0.0)	(20, 0.0)	(21, 1.76121e-06)	(22, 0.0)	(23, 8.806060000000001e-05)	(24, 0.0)	(25, 0.0)	(26, 0.0)	(27, 3.52242e-06)	(28, 0.0)	(29, 0.0)	(30, 0.0106448)	(31, 0.000135613)	(32, 0.0008242470000000001)	(33, 0.0)	(34, 0.0)	(35, 0.0)	(36, 0.00104264)	(37, 3.17018e-05)	(38, 7.04485e-06)	(39, 3.52242e-06)	(40, 0.00121876)	(41, 9.33442e-05)	(42, 0.0621144)	(43, 3.52242e-06)	(44, 0.000112718)	(45, 0.0835783)	(46, 0.0)	(47, 0.00435371)	(48, 0.0816674)	(49, 1.76121e-06)	(50, 1.40897e-05)	(51, 0.0026206800000000002)	(52, 0.0112242)	(53, 0.00306099)	(54, 0.0)	(55, 0.0)	(56, 0.0835272)	(57, 1.05673e-05)	(58, 0.0)	(59, 0.000167315)	(60, 0.0)	(61, 0.0)	(62, 2.6418199999999997e-05)	(63, 0.0)	(64, 0.0806846)	(65, 0.00134733)	(66, 2.81794e-05)	(67, 5.28363e-06)	(68, 3.52242e-06)	(69, 0.00277919)	(70, 0.000472005)	(71, 0.16858299999999998)	(72, 0.15918)	(73, 0.00867044)	(74, 0.00147766)	(75, 0.00225259)	(76, 3.52242e-05)	(77, 0.0)	(78, 0.00011624000000000001)	(79, 0.0)	(80, 0.0)	(81, 0.0)	(82, 0.0)	(83, 0.0)	(84, 0.00892406)	(85, 0.00393983)	(86, 3.3463e-05)	(87, 0.000142658)	(88, 0.000357526)	(89, 0.00274397)	(90, 0.163965)	(91, 4.93139e-05)	(92, 0.00213811)	(93, 1.76121e-06)	(94, 0.08004349999999999)	(95, 0.00037866)	(96, 0.08820320000000001)	(97, 0.000190211)	(98, 0.00200074)	(99, 9.86278e-05)	(100, 1.76121e-06)	(101, 0.000563588)	(102, 3.3463e-05)	(103, 0.0)	(104, 0.00132091)	(105, 1.40897e-05)	(106, 0.0)	(107, 0.000147942)	(108, 0.0)	(109, 0.00399971)	(110, 0.0)	(111, 0.0019479)	(112, 0.006564029999999999)	(113, 0.0153296)	(114, 0.0)	(115, 0.0)	(116, 0.0)	(117, 0.0)	(118, 0.0106624)	(119, 0.0)	(120, 1.05673e-05)	(121, 0.0006569319999999999)	(122, 0.0)	(123, 0.11476399999999999)	(124, 0.015611400000000001)	(125, 8.806060000000001e-06)	(126, 0.00905263)	(127, 0.0913347)	(128, 0.004697150000000001)	(129, 0.000357526)	(130, 0.00250973)	(131, 0.0006463650000000001)	(132, 0.0)	(133, 0.000132091)	(134, 0.000338153)	(135, 0.0)	(136, 0.000183166)	(137, 0.00820548)	(138, 0.00111485)	(139, 0.0125962)	(140, 0.174723)	(141, 0.000706246)	(142, 0.000183166)	(143, 0.00470596)	(144, 0.0026242)	(145, 0.00016026999999999998)	(146, 1.23285e-05)	(147, 0.0)	(148, 6.34036e-05)	(149, 0.0)	(150, 0.009899769999999999)	(151, 1.76121e-06)
reports | SRR35329986	(1, 0.0)	(2, 0.10574499999999999)	(3, 1.57841e-05)	(4, 5.26138e-06)	(5, 0.0)	(6, 0.0)	(7, 0.0)	(8, 0.00775703)	(9, 0.0)	(10, 0.00281659)	(11, 0.11633299999999999)	(12, 0.0)	(13, 0.0)	(14, 0.00021747000000000002)	(15, 0.0)	(16, 1.75379e-06)	(17, 0.00055946)	(18, 1.75379e-06)	(19, 0.0)	(20, 0.0)	(21, 3.50759e-06)	(22, 0.0)	(23, 8.41821e-05)	(24, 0.0)	(25, 0.0)	(26, 0.0)	(27, 1.75379e-06)	(28, 0.0)	(29, 0.0)	(30, 0.0105)	(31, 0.000187656)	(32, 0.000819022)	(33, 0.0)	(34, 0.0)	(35, 0.0)	(36, 0.0010628)	(37, 3.50759e-05)	(38, 1.57841e-05)	(39, 3.50759e-06)	(40, 0.0012083600000000001)	(41, 9.645869999999999e-05)	(42, 0.0597781)	(43, 1.75379e-06)	(44, 0.00011399699999999999)	(45, 0.08298080000000001)	(46, 0.0)	(47, 0.00425646)	(48, 0.0807622)	(49, 0.0)	(50, 8.76897e-06)	(51, 0.00266051)	(52, 0.011338299999999999)	(53, 0.0029411100000000003)	(54, 0.0)	(55, 0.0)	(56, 0.082851)	(57, 2.63069e-05)	(58, 0.0)	(59, 0.000154334)	(60, 0.0)	(61, 0.0)	(62, 3.68297e-05)	(63, 0.0)	(64, 0.079859)	(65, 0.00132061)	(66, 2.10455e-05)	(67, 1.75379e-06)	(68, 3.50759e-06)	(69, 0.00266401)	(70, 0.000506847)	(71, 0.168454)	(72, 0.158099)	(73, 0.00860587)	(74, 0.00155386)	(75, 0.00220978)	(76, 4.0337300000000004e-05)	(77, 0.0)	(78, 9.996629999999999e-05)	(79, 0.0)	(80, 0.0)	(81, 1.75379e-06)	(82, 0.0)	(83, 0.0)	(84, 0.008856659999999999)	(85, 0.0041652600000000005)	(86, 1.05228e-05)	(87, 0.00013854999999999998)	(88, 0.00021922400000000001)	(89, 0.00265524)	(90, 0.164357)	(91, 1.75379e-05)	(92, 0.0024377699999999997)	(93, 0.0)	(94, 0.0799835)	(95, 0.000308668)	(96, 0.0867672)	(97, 0.00021747000000000002)	(98, 0.0019397000000000001)	(99, 8.41821e-05)	(100, 1.75379e-06)	(101, 0.000526138)	(102, 4.7352400000000004e-05)	(103, 0.0)	(104, 0.00132061)	(105, 5.26138e-06)	(106, 0.0)	(107, 0.000154334)	(108, 0.0)	(109, 0.0039372700000000005)	(110, 0.0)	(111, 0.00201511)	(112, 0.00632418)	(113, 0.015128200000000001)	(114, 0.0)	(115, 0.0)	(116, 0.0)	(117, 0.0)	(118, 0.010747300000000001)	(119, 0.0)	(120, 1.75379e-06)	(121, 0.000782192)	(122, 0.0)	(123, 0.114395)	(124, 0.015212400000000001)	(125, 5.26138e-06)	(126, 0.008849649999999999)	(127, 0.09157259999999999)	(128, 0.00455986)	(129, 0.000333221)	(130, 0.00246759)	(131, 0.000620843)	(132, 0.0)	(133, 9.996629999999999e-05)	(134, 0.000347251)	(135, 0.0)	(136, 0.000150826)	(137, 0.007979759999999999)	(138, 0.00109261)	(139, 0.012330899999999999)	(140, 0.173747)	(141, 0.000733086)	(142, 0.000159595)	(143, 0.00451251)	(144, 0.0026271800000000002)	(145, 0.000180641)	(146, 1.57841e-05)	(147, 0.0)	(148, 6.66442e-05)	(149, 0.0)	(150, 0.00986334)	(151, 1.75379e-06)
reports | SRR35329987	(1, 0.0)	(2, 0.10281000000000001)	(3, 1.40828e-05)	(4, 7.04138e-06)	(5, 0.0)	(6, 0.0)	(7, 0.0)	(8, 0.0077830799999999995)	(9, 0.0)	(10, 0.00302545)	(11, 0.1121)	(12, 0.0)	(13, 0.0)	(14, 0.000179555)	(15, 0.0)	(16, 1.17356e-06)	(17, 0.000580914)	(18, 0.0)	(19, 0.0)	(20, 0.0)	(21, 2.34713e-06)	(22, 0.0)	(23, 7.041379999999999e-05)	(24, 0.0)	(25, 0.0)	(26, 0.0)	(27, 0.0)	(28, 0.0)	(29, 0.0)	(30, 0.0104459)	(31, 0.000137307)	(32, 0.00086609)	(33, 0.0)	(34, 0.0)	(35, 0.0)	(36, 0.00101396)	(37, 4.92897e-05)	(38, 1.40828e-05)	(39, 2.34713e-06)	(40, 0.00126041)	(41, 8.801729999999999e-05)	(42, 0.060584099999999995)	(43, 0.0)	(44, 0.000131439)	(45, 0.08385820000000001)	(46, 0.0)	(47, 0.00424713)	(48, 0.0815251)	(49, 0.0)	(50, 7.04138e-06)	(51, 0.0027109300000000003)	(52, 0.0110303)	(53, 0.0030465699999999997)	(54, 0.0)	(55, 0.0)	(56, 0.0845611)	(57, 2.4644799999999998e-05)	(58, 0.0)	(59, 0.000146695)	(60, 0.0)	(61, 0.0)	(62, 4.4595399999999997e-05)	(63, 0.0)	(64, 0.080794)	(65, 0.0013003099999999998)	(66, 2.34713e-05)	(67, 1.17356e-06)	(68, 5.8678200000000005e-06)	(69, 0.00277196)	(70, 0.000491723)	(71, 0.169077)	(72, 0.158602)	(73, 0.00850951)	(74, 0.00149629)	(75, 0.00227671)	(76, 3.40334e-05)	(77, 0.0)	(78, 8.56702e-05)	(79, 0.0)	(80, 0.0)	(81, 4.69426e-06)	(82, 0.0)	(83, 0.0)	(84, 0.00877122)	(85, 0.00404762)	(86, 7.04138e-06)	(87, 9.623220000000001e-05)	(88, 0.000163125)	(89, 0.0026593000000000003)	(90, 0.165122)	(91, 1.40828e-05)	(92, 0.0022673299999999997)	(93, 1.17356e-06)	(94, 0.0794714)	(95, 0.00030277900000000004)	(96, 0.0884116)	(97, 0.00019950599999999998)	(98, 0.00197511)	(99, 7.15874e-05)	(100, 0.0)	(101, 0.00055979)	(102, 4.10747e-05)	(103, 0.0)	(104, 0.0013449)	(105, 4.69426e-06)	(106, 0.0)	(107, 0.000168993)	(108, 0.0)	(109, 0.0039995099999999995)	(110, 0.0)	(111, 0.00206313)	(112, 0.0061846800000000006)	(113, 0.014599099999999999)	(114, 0.0)	(115, 0.0)	(116, 0.0)	(117, 0.0)	(118, 0.0108766)	(119, 0.0)	(120, 3.52069e-06)	(121, 0.000687708)	(122, 0.0)	(123, 0.115458)	(124, 0.014943000000000001)	(125, 1.17356e-05)	(126, 0.00916436)	(127, 0.0924264)	(128, 0.00470012)	(129, 0.000382582)	(130, 0.0024128500000000002)	(131, 0.000646634)	(132, 0.0)	(133, 9.388510000000001e-05)	(134, 0.000352069)	(135, 0.0)	(136, 0.00014786900000000002)	(137, 0.00775374)	(138, 0.0011395300000000001)	(139, 0.0126229)	(140, 0.175295)	(141, 0.000707659)	(142, 0.000129092)	(143, 0.004558120000000001)	(144, 0.00244101)	(145, 0.000166646)	(146, 1.5256299999999998e-05)	(147, 0.0)	(148, 6.33724e-05)	(149, 0.0)	(150, 0.009715930000000001)	(151, 4.69426e-06)
reports | SRR35329988	(1, 0.0)	(2, 0.106263)	(3, 2.71442e-05)	(4, 4.79015e-06)	(5, 0.0)	(6, 0.0)	(7, 0.0)	(8, 0.00804586)	(9, 0.0)	(10, 0.00309284)	(11, 0.115687)	(12, 0.0)	(13, 0.0)	(14, 0.000268248)	(15, 0.0)	(16, 0.0)	(17, 0.0005748179999999999)	(18, 0.0)	(19, 0.0)	(20, 0.0)	(21, 1.59672e-06)	(22, 0.0)	(23, 6.706210000000001e-05)	(24, 0.0)	(25, 0.0)	(26, 0.0)	(27, 0.0)	(28, 0.0)	(29, 0.0)	(30, 0.010902400000000001)	(31, 0.000156478)	(32, 0.0008334859999999999)	(33, 0.0)	(34, 0.0)	(35, 0.0)	(36, 0.000919709)	(37, 6.2272e-05)	(38, 6.386869999999999e-06)	(39, 1.59672e-06)	(40, 0.0013125)	(41, 8.143259999999999e-05)	(42, 0.059827399999999996)	(43, 0.0)	(44, 0.00011177)	(45, 0.0839219)	(46, 0.0)	(47, 0.00446282)	(48, 0.081217)	(49, 0.0)	(50, 6.386869999999999e-06)	(51, 0.0027351800000000002)	(52, 0.0109982)	(53, 0.0032030099999999996)	(54, 0.0)	(55, 0.0)	(56, 0.0837366)	(57, 2.2354e-05)	(58, 0.0)	(59, 0.000156478)	(60, 0.0)	(61, 0.0)	(62, 6.0675300000000005e-05)	(63, 0.0)	(64, 0.0805496)	(65, 0.00143385)	(66, 1.1177e-05)	(67, 0.0)	(68, 7.98359e-06)	(69, 0.00286132)	(70, 0.00053969)	(71, 0.16894499999999998)	(72, 0.159198)	(73, 0.00886178)	(74, 0.0015232700000000002)	(75, 0.0023631399999999997)	(76, 4.31114e-05)	(77, 0.0)	(78, 7.82391e-05)	(79, 0.0)	(80, 0.0)	(81, 4.79015e-06)	(82, 0.0)	(83, 0.0)	(84, 0.00920188)	(85, 0.00394389)	(86, 1.27737e-05)	(87, 0.00011017299999999999)	(88, 0.000148495)	(89, 0.0027319799999999997)	(90, 0.164356)	(91, 2.2354e-05)	(92, 0.00216994)	(93, 1.59672e-06)	(94, 0.0811963)	(95, 0.00030018300000000004)	(96, 0.0880414)	(97, 0.000239508)	(98, 0.0020917)	(99, 7.50457e-05)	(100, 3.19343e-06)	(101, 0.0006243160000000001)	(102, 4.47081e-05)	(103, 0.0)	(104, 0.00119115)	(105, 6.386869999999999e-06)	(106, 0.0)	(107, 0.000148495)	(108, 0.0)	(109, 0.00412272)	(110, 0.0)	(111, 0.00200388)	(112, 0.00629266)	(113, 0.014693000000000001)	(114, 0.0)	(115, 0.0)	(116, 0.0)	(117, 0.0)	(118, 0.010888)	(119, 0.0)	(120, 3.19343e-06)	(121, 0.000673815)	(122, 0.0)	(123, 0.114438)	(124, 0.0152279)	(125, 3.19343e-06)	(126, 0.00916356)	(127, 0.0921418)	(128, 0.00470393)	(129, 0.000378422)	(130, 0.00250844)	(131, 0.000633897)	(132, 0.0)	(133, 7.82391e-05)	(134, 0.00038480899999999995)	(135, 0.0)	(136, 0.000126141)	(137, 0.00789098)	(138, 0.00115602)	(139, 0.0125566)	(140, 0.17404899999999998)	(141, 0.000672218)	(142, 0.000156478)	(143, 0.00474864)	(144, 0.0025818900000000003)	(145, 0.000175639)	(146, 2.39508e-05)	(147, 0.0)	(148, 7.3449e-05)	(149, 0.0)	(150, 0.00995394)	(151, 1.59672e-06)
reports | SRR35329989	(1, 0.0)	(2, 0.105726)	(3, 2.1617499999999998e-05)	(4, 3.3257599999999997e-06)	(5, 0.0)	(6, 0.0)	(7, 0.0)	(8, 0.00778229)	(9, 0.0)	(10, 0.00318775)	(11, 0.11940500000000001)	(12, 0.0)	(13, 0.0)	(14, 0.00023280399999999998)	(15, 0.0)	(16, 0.0)	(17, 0.000620255)	(18, 0.0)	(19, 0.0)	(20, 0.0)	(21, 3.3257599999999997e-06)	(22, 0.0)	(23, 8.64699e-05)	(24, 0.0)	(25, 0.0)	(26, 0.0)	(27, 1.6628799999999999e-06)	(28, 0.0)	(29, 0.0)	(30, 0.0104645)	(31, 0.00014965899999999998)	(32, 0.00085971)	(33, 0.0)	(34, 0.0)	(35, 0.0)	(36, 0.00096946)	(37, 4.98865e-05)	(38, 8.31441e-06)	(39, 0.0)	(40, 0.00129539)	(41, 8.64699e-05)	(42, 0.0591304)	(43, 0.0)	(44, 0.00011640199999999999)	(45, 0.0831873)	(46, 0.0)	(47, 0.0041189600000000005)	(48, 0.0808377)	(49, 0.0)	(50, 9.97729e-06)	(51, 0.00269387)	(52, 0.0115204)	(53, 0.00290007)	(54, 0.0)	(55, 0.0)	(56, 0.0837876)	(57, 1.82917e-05)	(58, 0.0)	(59, 0.000156311)	(60, 0.0)	(61, 0.0)	(62, 5.15493e-05)	(63, 0.0)	(64, 0.0798649)	(65, 0.00126213)	(66, 3.3257600000000005e-05)	(67, 1.6628799999999999e-06)	(68, 4.98865e-06)	(69, 0.00261239)	(70, 0.000500528)	(71, 0.168199)	(72, 0.157962)	(73, 0.00847239)	(74, 0.00144172)	(75, 0.00214512)	(76, 3.65834e-05)	(77, 0.0)	(78, 7.98183e-05)	(79, 0.0)	(80, 0.0)	(81, 3.3257599999999997e-06)	(82, 0.0)	(83, 0.0)	(84, 0.00860375)	(85, 0.00411397)	(86, 1.33031e-05)	(87, 0.00010309900000000001)	(88, 0.00013801900000000002)	(89, 0.0027670399999999997)	(90, 0.163797)	(91, 1.33031e-05)	(92, 0.00216175)	(93, 1.6628799999999999e-06)	(94, 0.0801809)	(95, 0.000279364)	(96, 0.0874028)	(97, 0.00023280399999999998)	(98, 0.00183416)	(99, 7.64926e-05)	(100, 0.0)	(101, 0.000515493)	(102, 3.65834e-05)	(103, 0.0)	(104, 0.00132033)	(105, 6.65153e-06)	(106, 0.0)	(107, 0.000169614)	(108, 0.0)	(109, 0.00376809)	(110, 0.0)	(111, 0.00202206)	(112, 0.00647693)	(113, 0.015414899999999999)	(114, 0.0)	(115, 0.0)	(116, 0.0)	(117, 0.0)	(118, 0.010853600000000001)	(119, 0.0)	(120, 4.98865e-06)	(121, 0.0007300049999999999)	(122, 0.0)	(123, 0.113816)	(124, 0.0158057)	(125, 3.3257599999999997e-06)	(126, 0.0090677)	(127, 0.0928786)	(128, 0.0045829)	(129, 0.000364171)	(130, 0.00253091)	(131, 0.00058866)	(132, 0.0)	(133, 8.4807e-05)	(134, 0.000314285)	(135, 0.0)	(136, 0.000189569)	(137, 0.00840421)	(138, 0.00117399)	(139, 0.0124683)	(140, 0.174219)	(141, 0.000653513)	(142, 0.000147997)	(143, 0.004441560000000001)	(144, 0.00252592)	(145, 0.000146334)	(146, 1.1640199999999999e-05)	(147, 0.0)	(148, 6.485240000000001e-05)	(149, 0.0)	(150, 0.00971123)	(151, 0.0)
reports | SRR35329990	(1, 0.0)	(2, 0.10896499999999999)	(3, 2.6971499999999997e-05)	(4, 6.7428800000000006e-06)	(5, 0.0)	(6, 0.0)	(7, 0.0)	(8, 0.00795491)	(9, 0.0)	(10, 0.0031978099999999997)	(11, 0.120834)	(12, 0.0)	(13, 0.0)	(14, 0.00024105800000000002)	(15, 0.0)	(16, 0.0)	(17, 0.000603488)	(18, 1.6857200000000001e-06)	(19, 0.0)	(20, 0.0)	(21, 3.3714400000000003e-06)	(22, 0.0)	(23, 0.000111257)	(24, 0.0)	(25, 0.0)	(26, 0.0)	(27, 0.0)	(28, 0.0)	(29, 0.0)	(30, 0.0106706)	(31, 0.000146658)	(32, 0.0008968029999999999)	(33, 0.0)	(34, 0.0)	(35, 0.0)	(36, 0.00108055)	(37, 5.22573e-05)	(38, 1.34858e-05)	(39, 6.7428800000000006e-06)	(40, 0.00131318)	(41, 0.000114629)	(42, 0.0600639)	(43, 1.6857200000000001e-06)	(44, 0.00010451500000000001)	(45, 0.08336389999999999)	(46, 0.0)	(47, 0.00439973)	(48, 0.0810325)	(49, 0.0)	(50, 3.3714400000000003e-06)	(51, 0.00271064)	(52, 0.0120158)	(53, 0.0030815)	(54, 0.0)	(55, 0.0)	(56, 0.08368590000000001)	(57, 2.1914399999999998e-05)	(58, 0.0)	(59, 0.000170258)	(60, 0.0)	(61, 0.0)	(62, 4.88859e-05)	(63, 0.0)	(64, 0.0803178)	(65, 0.0013957800000000001)	(66, 2.36001e-05)	(67, 0.0)	(68, 0.0)	(69, 0.0027527800000000002)	(70, 0.000495602)	(71, 0.169231)	(72, 0.15822)	(73, 0.008743830000000001)	(74, 0.00153232)	(75, 0.0022487500000000003)	(76, 2.1914399999999998e-05)	(77, 0.0)	(78, 0.00010114299999999999)	(79, 0.0)	(80, 0.0)	(81, 0.0)	(82, 0.0)	(83, 0.0)	(84, 0.00893263)	(85, 0.00449919)	(86, 1.51715e-05)	(87, 0.000116315)	(88, 0.000219144)	(89, 0.00288932)	(90, 0.16419799999999998)	(91, 3.20287e-05)	(92, 0.00254375)	(93, 1.6857200000000001e-06)	(94, 0.0791075)	(95, 0.000347258)	(96, 0.0877063)	(97, 0.000254544)	(98, 0.0020532099999999998)	(99, 0.000116315)	(100, 1.6857200000000001e-06)	(101, 0.000537745)	(102, 4.38287e-05)	(103, 0.0)	(104, 0.00132666)	(105, 1.6857200000000001e-06)	(106, 0.0)	(107, 0.000170258)	(108, 0.0)	(109, 0.0040507799999999995)	(110, 0.0)	(111, 0.00208692)	(112, 0.006602960000000001)	(113, 0.0157901)	(114, 0.0)	(115, 0.0)	(116, 0.0)	(117, 0.0)	(118, 0.010706)	(119, 0.0)	(120, 6.7428800000000006e-06)	(121, 0.0008580310000000001)	(122, 0.0)	(123, 0.114007)	(124, 0.0163987)	(125, 1.6857200000000001e-06)	(126, 0.00915177)	(127, 0.0922224)	(128, 0.00470653)	(129, 0.000391087)	(130, 0.00264321)	(131, 0.000709688)	(132, 0.0)	(133, 0.000111257)	(134, 0.000325344)	(135, 0.0)	(136, 0.000136543)	(137, 0.00844208)	(138, 0.0012457500000000001)	(139, 0.012685)	(140, 0.174753)	(141, 0.000820945)	(142, 0.000144972)	(143, 0.0046913599999999995)	(144, 0.00259264)	(145, 0.00015340000000000002)	(146, 5.05716e-06)	(147, 0.0)	(148, 6.237159999999999e-05)	(149, 0.0)	(150, 0.010025)	(151, 0.0)
reports | SRR35329991	(1, 0.0)	(2, 0.10817500000000001)	(3, 2.7333700000000002e-05)	(4, 4.55562e-06)	(5, 0.0)	(6, 0.0)	(7, 0.0)	(8, 0.00800878)	(9, 0.0)	(10, 0.0034152)	(11, 0.12037)	(12, 0.0)	(13, 0.0)	(14, 0.00021107700000000003)	(15, 0.0)	(16, 1.5185399999999998e-06)	(17, 0.0007850849999999999)	(18, 3.0370799999999996e-06)	(19, 0.0)	(20, 0.0)	(21, 0.0)	(22, 0.0)	(23, 9.56681e-05)	(24, 0.0)	(25, 0.0)	(26, 0.0)	(27, 0.0)	(28, 0.0)	(29, 0.0)	(30, 0.0106237)	(31, 0.000167039)	(32, 0.0008686049999999999)	(33, 0.0)	(34, 0.0)	(35, 0.0)	(36, 0.00117383)	(37, 8.04826e-05)	(38, 6.074159999999999e-06)	(39, 1.5185399999999998e-06)	(40, 0.0013226499999999999)	(41, 0.00011389100000000001)	(42, 0.060588199999999995)	(43, 1.5185399999999998e-06)	(44, 0.000100224)	(45, 0.0826557)	(46, 0.0)	(47, 0.00415473)	(48, 0.0811432)	(49, 0.0)	(50, 1.21483e-05)	(51, 0.00271211)	(52, 0.0118401)	(53, 0.00303253)	(54, 0.0)	(55, 0.0)	(56, 0.0833087)	(57, 2.2778099999999998e-05)	(58, 0.0)	(59, 0.000179188)	(60, 0.0)	(61, 0.0)	(62, 6.68158e-05)	(63, 0.0)	(64, 0.0800666)	(65, 0.0013120200000000001)	(66, 3.49264e-05)	(67, 3.0370799999999996e-06)	(68, 1.5185399999999998e-06)	(69, 0.0026863)	(70, 0.000502637)	(71, 0.168821)	(72, 0.15812700000000002)	(73, 0.008599500000000001)	(74, 0.0015549900000000002)	(75, 0.0021791099999999997)	(76, 4.85933e-05)	(77, 0.0)	(78, 0.00010933500000000001)	(79, 0.0)	(80, 0.0)	(81, 0.0)	(82, 0.0)	(83, 0.0)	(84, 0.00881968)	(85, 0.00447818)	(86, 1.36669e-05)	(87, 0.00010781600000000001)	(88, 0.000268782)	(89, 0.00284726)	(90, 0.16472399999999998)	(91, 3.94821e-05)	(92, 0.002457)	(93, 3.0370799999999996e-06)	(94, 0.0800423)	(95, 0.00041456200000000005)	(96, 0.0882864)	(97, 0.0002293)	(98, 0.0019270300000000001)	(99, 0.00011389100000000001)	(100, 1.5185399999999998e-06)	(101, 0.000536045)	(102, 3.6445e-05)	(103, 0.0)	(104, 0.00147147)	(105, 9.11124e-06)	(106, 0.0)	(107, 0.000180706)	(108, 0.0)	(109, 0.00397098)	(110, 0.0)	(111, 0.00202877)	(112, 0.00672865)	(113, 0.0155969)	(114, 0.0)	(115, 0.0)	(116, 0.0)	(117, 0.0)	(118, 0.0108485)	(119, 0.0)	(120, 1.5185399999999998e-06)	(121, 0.00078053)	(122, 0.0)	(123, 0.114811)	(124, 0.0157898)	(125, 4.55562e-06)	(126, 0.0091401)	(127, 0.0919689)	(128, 0.00469533)	(129, 0.00038419100000000004)	(130, 0.0026452999999999997)	(131, 0.0006362680000000001)	(132, 0.0)	(133, 0.000103261)	(134, 0.000312819)	(135, 0.0)	(136, 0.000189818)	(137, 0.008289709999999999)	(138, 0.00121635)	(139, 0.012763299999999998)	(140, 0.174093)	(141, 0.000700047)	(142, 0.000147298)	(143, 0.00450703)	(144, 0.00261948)	(145, 0.00015185399999999999)	(146, 1.6703899999999998e-05)	(147, 0.0)	(148, 6.83343e-05)	(149, 0.0)	(150, 0.00975359)	(151, 0.0)
reports | SRR35329992	(1, 0.0)	(2, 0.10560000000000001)	(3, 2.5863399999999997e-05)	(4, 6.46584e-06)	(5, 0.0)	(6, 0.0)	(7, 0.0)	(8, 0.00816248)	(9, 0.0)	(10, 0.00293549)	(11, 0.113166)	(12, 0.0)	(13, 0.0)	(14, 0.000225011)	(15, 0.0)	(16, 1.29317e-06)	(17, 0.0005495960000000001)	(18, 0.0)	(19, 0.0)	(20, 0.0)	(21, 0.0)	(22, 0.0)	(23, 5.94857e-05)	(24, 0.0)	(25, 0.0)	(26, 0.0)	(27, 0.0)	(28, 0.0)	(29, 0.0)	(30, 0.0107643)	(31, 0.000138369)	(32, 0.0008289209999999999)	(33, 0.0)	(34, 0.0)	(35, 0.0)	(36, 0.000898752)	(37, 5.172670000000001e-05)	(38, 7.75901e-06)	(39, 3.8795e-06)	(40, 0.0012117)	(41, 9.828079999999999e-05)	(42, 0.057826600000000006)	(43, 1.29317e-06)	(44, 0.00010604000000000001)	(45, 0.0843159)	(46, 0.0)	(47, 0.00439548)	(48, 0.08115280000000001)	(49, 0.0)	(50, 7.75901e-06)	(51, 0.00261349)	(52, 0.010853600000000001)	(53, 0.00320576)	(54, 0.0)	(55, 0.0)	(56, 0.0838723)	(57, 2.3277e-05)	(58, 0.0)	(59, 0.00016164600000000002)	(60, 0.0)	(61, 0.0)	(62, 5.0433600000000004e-05)	(63, 0.0)	(64, 0.0797316)	(65, 0.00133067)	(66, 2.5863399999999997e-05)	(67, 0.0)	(68, 3.8795e-06)	(69, 0.00288506)	(70, 0.0005056290000000001)	(71, 0.16883)	(72, 0.159057)	(73, 0.00874699)	(74, 0.00156603)	(75, 0.0023949500000000003)	(76, 4.39677e-05)	(77, 0.0)	(78, 9.828079999999999e-05)	(79, 0.0)	(80, 0.0)	(81, 3.8795e-06)	(82, 0.0)	(83, 0.0)	(84, 0.00900692)	(85, 0.00398037)	(86, 9.05218e-06)	(87, 0.000107333)	(88, 0.000137076)	(89, 0.0025747)	(90, 0.16514500000000001)	(91, 1.03453e-05)	(92, 0.0022333)	(93, 1.29317e-06)	(94, 0.0799385)	(95, 0.000250875)	(96, 0.0877984)	(97, 0.000206907)	(98, 0.00201217)	(99, 7.88833e-05)	(100, 0.0)	(101, 0.000558649)	(102, 4.65541e-05)	(103, 0.0)	(104, 0.0012298)	(105, 2.58634e-06)	(106, 0.0)	(107, 0.000175871)	(108, 0.0)	(109, 0.00413814)	(110, 0.0)	(111, 0.00204579)	(112, 0.006218850000000001)	(113, 0.0148326)	(114, 0.0)	(115, 0.0)	(116, 0.0)	(117, 0.0)	(118, 0.0108355)	(119, 0.0)	(120, 2.58634e-06)	(121, 0.000682793)	(122, 0.0)	(123, 0.114999)	(124, 0.015009800000000002)	(125, 5.17267e-06)	(126, 0.00907157)	(127, 0.091749)	(128, 0.0046554100000000005)	(129, 0.00044226300000000003)	(130, 0.0023949500000000003)	(131, 0.000691845)	(132, 0.0)	(133, 9.44013e-05)	(134, 0.000373726)	(135, 0.0)	(136, 0.000146128)	(137, 0.00771504)	(138, 0.0010642800000000001)	(139, 0.0124817)	(140, 0.175034)	(141, 0.000676327)	(142, 0.000153887)	(143, 0.00467092)	(144, 0.00258116)	(145, 0.00017975)	(146, 1.68112e-05)	(147, 0.0)	(148, 6.595160000000001e-05)	(149, 0.0)	(150, 0.0099186)	(151, 0.0)
reports | SRR35329993	(1, 0.0)	(2, 0.105636)	(3, 2.3833499999999998e-05)	(4, 9.53338e-06)	(5, 0.0)	(6, 0.0)	(7, 0.0)	(8, 0.007828100000000001)	(9, 0.0)	(10, 0.00306379)	(11, 0.11846999999999999)	(12, 0.0)	(13, 0.0)	(14, 0.000266935)	(15, 0.0)	(16, 1.19167e-06)	(17, 0.000620862)	(18, 1.19167e-06)	(19, 0.0)	(20, 0.0)	(21, 1.19167e-06)	(22, 0.0)	(23, 5.2433600000000006e-05)	(24, 0.0)	(25, 0.0)	(26, 0.0)	(27, 0.0)	(28, 0.0)	(29, 0.0)	(30, 0.0105296)	(31, 0.000143001)	(32, 0.000737646)	(33, 0.0)	(34, 0.0)	(35, 0.0)	(36, 0.000960488)	(37, 4.29002e-05)	(38, 1.19167e-05)	(39, 4.76669e-06)	(40, 0.00116188)	(41, 0.000109634)	(42, 0.060415399999999994)	(43, 0.0)	(44, 0.000131084)	(45, 0.0836471)	(46, 0.0)	(47, 0.004294790000000001)	(48, 0.0822135)	(49, 0.0)	(50, 2.38335e-06)	(51, 0.00273012)	(52, 0.0112983)	(53, 0.00307452)	(54, 0.0)	(55, 0.0)	(56, 0.08343139999999999)	(57, 1.90668e-05)	(58, 0.0)	(59, 0.00014180899999999998)	(60, 0.0)	(61, 0.0)	(62, 5.1241899999999995e-05)	(63, 0.0)	(64, 0.0815378)	(65, 0.00132872)	(66, 2.74085e-05)	(67, 0.0)	(68, 8.34171e-06)	(69, 0.00279328)	(70, 0.00054102)	(71, 0.169769)	(72, 0.15965000000000001)	(73, 0.00855979)	(74, 0.00158969)	(75, 0.00231542)	(76, 3.2175199999999996e-05)	(77, 0.0)	(78, 9.05671e-05)	(79, 0.0)	(80, 0.0)	(81, 3.5750199999999998e-06)	(82, 0.0)	(83, 0.0)	(84, 0.0087588)	(85, 0.00438059)	(86, 8.34171e-06)	(87, 9.77172e-05)	(88, 0.000138234)	(89, 0.00262049)	(90, 0.165204)	(91, 2.3833499999999998e-05)	(92, 0.00254661)	(93, 1.19167e-06)	(94, 0.0814187)	(95, 0.000307452)	(96, 0.0876678)	(97, 0.00019066799999999998)	(98, 0.00201274)	(99, 8.81838e-05)	(100, 0.0)	(101, 0.000594645)	(102, 3.45585e-05)	(103, 0.0)	(104, 0.0012989199999999998)	(105, 7.1500399999999996e-06)	(106, 0.0)	(107, 0.00016564299999999999)	(108, 0.0)	(109, 0.0039635)	(110, 0.0)	(111, 0.0020282300000000002)	(112, 0.00629561)	(113, 0.0148292)	(114, 0.0)	(115, 0.0)	(116, 0.0)	(117, 0.0)	(118, 0.01088)	(119, 0.0)	(120, 1.19167e-06)	(121, 0.0008675380000000001)	(122, 0.0)	(123, 0.114093)	(124, 0.0153309)	(125, 1.19167e-06)	(126, 0.00917112)	(127, 0.09119039999999999)	(128, 0.00471307)	(129, 0.00041112700000000006)	(130, 0.0023762)	(131, 0.0006494620000000001)	(132, 0.0)	(133, 8.46088e-05)	(134, 0.000375377)	(135, 0.0)	(136, 0.000175176)	(137, 0.00791152)	(138, 0.0010451)	(139, 0.0125531)	(140, 0.17443599999999998)	(141, 0.000755521)	(142, 0.00014180899999999998)	(143, 0.00459271)	(144, 0.00263002)	(145, 0.000151342)	(146, 1.19167e-05)	(147, 0.0)	(148, 6.07753e-05)	(149, 0.0)	(150, 0.009890890000000001)	(151, 0.0)
reports | SRR35329994	(1, 0.0)	(2, 0.108059)	(3, 2.78746e-05)	(4, 9.29153e-06)	(5, 0.0)	(6, 0.0)	(7, 0.0)	(8, 0.00796904)	(9, 0.0)	(10, 0.0031839)	(11, 0.121109)	(12, 1.5485899999999998e-06)	(13, 0.0)	(14, 0.000233837)	(15, 0.0)	(16, 1.5485899999999998e-06)	(17, 0.0007293849999999999)	(18, 1.5485899999999998e-06)	(19, 0.0)	(20, 0.0)	(21, 4.64577e-06)	(22, 0.0)	(23, 9.13667e-05)	(24, 0.0)	(25, 0.0)	(26, 0.0)	(27, 1.5485899999999998e-06)	(28, 0.0)	(29, 0.0)	(30, 0.0105536)	(31, 0.00016415)	(32, 0.000868758)	(33, 0.0)	(34, 0.0)	(35, 0.0)	(36, 0.00106853)	(37, 6.504070000000001e-05)	(38, 9.29153e-06)	(39, 9.29153e-06)	(40, 0.00133643)	(41, 0.00010995)	(42, 0.060514200000000004)	(43, 1.5485899999999998e-06)	(44, 0.000108401)	(45, 0.083232)	(46, 0.0)	(47, 0.00420906)	(48, 0.0810624)	(49, 0.0)	(50, 4.64577e-06)	(51, 0.00260163)	(52, 0.0116779)	(53, 0.0029841299999999998)	(54, 0.0)	(55, 0.0)	(56, 0.0832072)	(57, 2.32288e-05)	(58, 0.0)	(59, 0.000176539)	(60, 0.0)	(61, 0.0)	(62, 6.0394999999999994e-05)	(63, 0.0)	(64, 0.0806691)	(65, 0.00132559)	(66, 5.72978e-05)	(67, 3.0971799999999996e-06)	(68, 4.64577e-06)	(69, 0.00265583)	(70, 0.000540457)	(71, 0.16779)	(72, 0.15814799999999998)	(73, 0.00868294)	(74, 0.00155169)	(75, 0.00215254)	(76, 4.18119e-05)	(77, 0.0)	(78, 0.000103755)	(79, 0.0)	(80, 0.0)	(81, 1.5485899999999998e-06)	(82, 0.0)	(83, 0.0)	(84, 0.00882696)	(85, 0.00436702)	(86, 1.54859e-05)	(87, 0.00011769300000000001)	(88, 0.000218351)	(89, 0.00283701)	(90, 0.162309)	(91, 2.16802e-05)	(92, 0.00242664)	(93, 0.0)	(94, 0.0804074)	(95, 0.00032675200000000003)	(96, 0.087853)	(97, 0.0002199)	(98, 0.00192799)	(99, 9.13667e-05)	(100, 1.5485899999999998e-06)	(101, 0.0005234230000000001)	(102, 4.95548e-05)	(103, 0.0)	(104, 0.0013441800000000002)	(105, 6.194359999999999e-06)	(106, 0.0)	(107, 0.000167248)	(108, 0.0)	(109, 0.00390709)	(110, 0.0)	(111, 0.00201162)	(112, 0.00651801)	(113, 0.0154828)	(114, 0.0)	(115, 0.0)	(116, 0.0)	(117, 0.0)	(118, 0.0105227)	(119, 0.0)	(120, 9.29153e-06)	(121, 0.000726288)	(122, 0.0)	(123, 0.11358399999999999)	(124, 0.0158746)	(125, 4.64577e-06)	(126, 0.00889509)	(127, 0.0916501)	(128, 0.00463957)	(129, 0.00035153)	(130, 0.00255982)	(131, 0.000602401)	(132, 0.0)	(133, 9.756109999999999e-05)	(134, 0.000315912)	(135, 0.0)	(136, 0.00019357400000000001)	(137, 0.00843671)	(138, 0.00122648)	(139, 0.012343799999999999)	(140, 0.17355199999999998)	(141, 0.0006658930000000001)	(142, 0.000161053)	(143, 0.00455905)	(144, 0.0025815)	(145, 0.00015331)	(146, 1.85831e-05)	(147, 0.0)	(148, 8.6721e-05)	(149, 0.0)	(150, 0.009739069999999999)	(151, 0.0)
reports | SRR35329995	(1, 0.0)	(2, 0.108592)	(3, 1.94779e-05)	(4, 4.49489e-06)	(5, 0.0)	(6, 0.0)	(7, 0.0)	(8, 0.007780659999999999)	(9, 0.0)	(10, 0.0032318299999999998)	(11, 0.12304799999999999)	(12, 0.0)	(13, 0.0)	(14, 0.000217253)	(15, 0.0)	(16, 0.0)	(17, 0.000674234)	(18, 0.0)	(19, 0.0)	(20, 0.0)	(21, 1.4983e-06)	(22, 0.0)	(23, 6.742340000000001e-05)	(24, 0.0)	(25, 0.0)	(26, 0.0)	(27, 0.0)	(28, 1.4983e-06)	(29, 0.0)	(30, 0.0104312)	(31, 0.000167809)	(32, 0.0008585250000000001)	(33, 0.0)	(34, 0.0)	(35, 0.0)	(36, 0.0009828839999999998)	(37, 5.5437e-05)	(38, 5.993190000000001e-06)	(39, 1.4983e-06)	(40, 0.001317)	(41, 0.00010937599999999999)	(42, 0.0604863)	(43, 1.4983e-06)	(44, 0.00013185)	(45, 0.0838193)	(46, 0.0)	(47, 0.0041368)	(48, 0.0809575)	(49, 0.0)	(50, 7.49149e-06)	(51, 0.00259056)	(52, 0.0119235)	(53, 0.00298461)	(54, 0.0)	(55, 0.0)	(56, 0.0838672)	(57, 1.94779e-05)	(58, 0.0)	(59, 0.000161816)	(60, 0.0)	(61, 0.0)	(62, 4.9443799999999996e-05)	(63, 0.0)	(64, 0.0822011)	(65, 0.00129603)	(66, 2.54711e-05)	(67, 1.4983e-06)	(68, 4.49489e-06)	(69, 0.00260554)	(70, 0.000530398)	(71, 0.16875900000000002)	(72, 0.15957600000000002)	(73, 0.008403949999999999)	(74, 0.00154774)	(75, 0.00214706)	(76, 2.84677e-05)	(77, 0.0)	(78, 0.000110874)	(79, 0.0)	(80, 0.0)	(81, 4.49489e-06)	(82, 0.0)	(83, 0.0)	(84, 0.008690129999999999)	(85, 0.00432708)	(86, 1.34847e-05)	(87, 0.000115369)	(88, 0.00020376900000000002)	(89, 0.00287673)	(90, 0.164476)	(91, 1.64813e-05)	(92, 0.00237031)	(93, 1.4983e-06)	(94, 0.07971690000000001)	(95, 0.000301158)	(96, 0.0885674)	(97, 0.000205267)	(98, 0.00192232)	(99, 0.00010188399999999999)	(100, 0.0)	(101, 0.000506425)	(102, 5.3938700000000006e-05)	(103, 0.0)	(104, 0.00124658)	(105, 4.49489e-06)	(106, 0.0)	(107, 0.000146833)	(108, 0.0)	(109, 0.00384014)	(110, 0.0)	(111, 0.00205566)	(112, 0.00663446)	(113, 0.0158175)	(114, 0.0)	(115, 0.0)	(116, 0.0)	(117, 0.0)	(118, 0.010497099999999999)	(119, 0.0)	(120, 2.9966e-06)	(121, 0.000806084)	(122, 0.0)	(123, 0.11383199999999999)	(124, 0.0161247)	(125, 5.993190000000001e-06)	(126, 0.00912463)	(127, 0.0921453)	(128, 0.00473013)	(129, 0.000362588)	(130, 0.0026699700000000002)	(131, 0.000666743)	(132, 0.0)	(133, 9.589109999999999e-05)	(134, 0.000328127)	(135, 0.0)	(136, 0.000173803)	(137, 0.00860323)	(138, 0.00119265)	(139, 0.0127235)	(140, 0.174227)	(141, 0.000743156)	(142, 0.000152826)	(143, 0.00447542)	(144, 0.00258007)	(145, 0.00015882)	(146, 7.49149e-06)	(147, 0.0)	(148, 5.84336e-05)	(149, 0.0)	(150, 0.00965653)	(151, 1.4983e-06)
reports | SRR35329996	(1, 0.0)	(2, 0.0983452)	(3, 1.40851e-05)	(4, 4.69503e-06)	(5, 0.0)	(6, 0.0)	(7, 0.0)	(8, 0.00731329)	(9, 0.0)	(10, 0.00279041)	(11, 0.101913)	(12, 0.0)	(13, 0.0)	(14, 0.000205016)	(15, 0.0)	(16, 1.56501e-06)	(17, 0.000519583)	(18, 1.56501e-06)	(19, 0.0)	(20, 0.0)	(21, 1.56501e-06)	(22, 0.0)	(23, 5.634029999999999e-05)	(24, 0.0)	(25, 0.0)	(26, 0.0)	(27, 3.13002e-06)	(28, 0.0)	(29, 0.0)	(30, 0.0103917)	(31, 0.00016276099999999998)	(32, 0.0007793740000000001)	(33, 0.0)	(34, 0.0)	(35, 0.0)	(36, 0.0008873599999999999)	(37, 4.53853e-05)	(38, 6.26004e-06)	(39, 0.0)	(40, 0.00115967)	(41, 6.88604e-05)	(42, 0.05910410000000001)	(43, 1.56501e-06)	(44, 0.00011894100000000001)	(45, 0.0841615)	(46, 0.0)	(47, 0.00426778)	(48, 0.081767)	(49, 0.0)	(50, 4.69503e-06)	(51, 0.00258383)	(52, 0.010166300000000001)	(53, 0.00307211)	(54, 0.0)	(55, 0.0)	(56, 0.0842131)	(57, 1.25201e-05)	(58, 0.0)	(59, 0.00011894100000000001)	(60, 0.0)	(61, 0.0)	(62, 3.75602e-05)	(63, 0.0)	(64, 0.0804493)	(65, 0.00130991)	(66, 1.25201e-05)	(67, 3.13002e-06)	(68, 3.13002e-06)	(69, 0.00275755)	(70, 0.000522713)	(71, 0.169616)	(72, 0.15809299999999998)	(73, 0.00855434)	(74, 0.00143355)	(75, 0.00219727)	(76, 1.87801e-05)	(77, 0.0)	(78, 6.416540000000001e-05)	(79, 0.0)	(80, 0.0)	(81, 3.13002e-06)	(82, 0.0)	(83, 0.0)	(84, 0.00864824)	(85, 0.0035917)	(86, 3.13002e-06)	(87, 6.26004e-05)	(88, 7.35554e-05)	(89, 0.00242107)	(90, 0.16489199999999998)	(91, 6.26004e-06)	(92, 0.0020016500000000002)	(93, 0.0)	(94, 0.0795322)	(95, 0.000287962)	(96, 0.08805049999999999)	(97, 0.000192496)	(98, 0.00197191)	(99, 7.042539999999999e-05)	(100, 0.0)	(101, 0.000532103)	(102, 3.91252e-05)	(103, 0.0)	(104, 0.00118471)	(105, 1.56501e-06)	(106, 0.0)	(107, 0.000165891)	(108, 0.0)	(109, 0.00392661)	(110, 0.0)	(111, 0.00205173)	(112, 0.00585313)	(113, 0.0138926)	(114, 0.0)	(115, 0.0)	(116, 0.0)	(117, 0.0)	(118, 0.01075)	(119, 0.0)	(120, 3.13002e-06)	(121, 0.000621309)	(122, 0.0)	(123, 0.115416)	(124, 0.0140006)	(125, 7.82505e-06)	(126, 0.00911931)	(127, 0.0915765)	(128, 0.00468877)	(129, 0.00036621200000000004)	(130, 0.00230839)	(131, 0.000635394)	(132, 0.0)	(133, 7.19904e-05)	(134, 0.000341172)	(135, 0.0)	(136, 0.000115811)	(137, 0.0072992)	(138, 0.00101882)	(139, 0.0127642)	(140, 0.174697)	(141, 0.000641654)	(142, 9.70306e-05)	(143, 0.00464025)	(144, 0.00234908)	(145, 0.00015493600000000002)	(146, 7.82505e-06)	(147, 0.0)	(148, 5.1645300000000005e-05)	(149, 0.0)	(150, 0.00981417)	(151, 1.56501e-06)
