Sample	0	1	2	3	4	5	6	7	8	9	10	11	12	13	14	15	16	17	18	19	20	21	22	23	24	25	26	27	28	29	30	31	32	33	34	35	36	37	38	39	40	41	42	43	44	45	46	47	48	49	50	51	52	53	54	55	56	57	58	59	60	61	62	63	64	65	66	67	68	69	70	71	72	73	74	75	76	77	78	79	80	81	82	83	84	85	86	87	88	89	90	91	92	93	94	95	96	97	98	99	100	101	102	103	104	105	106	107	108	109	110	111	112	113	114	115	116	117	118	119	120	121	122	123	124	125	126	127	128	129	130	131	132	133	134	135	136	137	138	139	140	141	142	143	144	145	146	147	148	149	150
reports | SRR35329977	(1, 0.0428704)	(2, 3.55725e-05)	(3, 0.0)	(4, 0.0)	(5, 0.0837532)	(6, 0.0)	(7, 0.0)	(8, 0.0009271080000000001)	(9, 0.0)	(10, 0.0)	(11, 0.0)	(12, 0.000173416)	(13, 4.66889e-05)	(14, 0.0205064)	(15, 0.0)	(16, 0.00289582)	(17, 0.164966)	(18, 0.254806)	(19, 0.0)	(20, 0.0)	(21, 6.781e-05)	(22, 0.0)	(23, 0.0)	(24, 0.0)	(25, 0.0)	(26, 0.0)	(27, 0.010585)	(28, 0.0858697)	(29, 0.0)	(30, 3.7795799999999995e-05)	(31, 0.0)	(32, 0.0)	(33, 0.000422428)	(34, 0.000266798)	(35, 0.0)	(36, 0.0067234)	(37, 0.00461792)	(38, 0.0)	(39, 0.0)	(40, 0.0)	(41, 0.0)	(42, 0.000284609)	(43, 0.00569565)	(44, 0.0027039300000000002)	(45, 1.11185e-06)	(46, 0.0)	(47, 0.0)	(48, 0.0)	(49, 8.00666e-05)	(50, 0.08305)	(51, 0.0)	(52, 0.08235300000000001)	(53, 0.000889954)	(54, 0.0171952)	(55, 0.008311309999999999)	(56, 0.0)	(57, 0.16392500000000002)	(58, 0.163087)	(59, 0.0825757)	(60, 0.08367300000000001)	(61, 0.08307679999999999)	(62, 0.16600499999999999)	(63, 0.0)	(64, 0.0)	(65, 0.000168511)	(66, 7.81577e-06)	(67, 0.0)	(68, 0.0)	(69, 0.0)	(70, 7.49844e-05)	(71, 0.0)	(72, 2.24183e-06)	(73, 0.0)	(74, 0.0)	(75, 1.34922e-05)	(76, 0.0)	(77, 0.167467)	(78, 0.0)	(79, 0.0)	(80, 1.13342e-06)	(81, 0.0)	(82, 0.0)	(83, 1.4820099999999999e-05)	(84, 0.0)	(85, 0.0)	(86, 0.00021247600000000002)	(87, 6.911620000000001e-06)	(88, 0.0)	(89, 0.0)	(90, 1.51315e-05)	(91, 1.05171e-05)	(92, 0.0)	(93, 0.0)	(94, 0.007489)	(95, 0.0)	(96, 2.2735100000000002e-05)	(97, 0.0)	(98, 0.0)	(99, 0.160737)	(100, 0.0820733)	(101, 0.0)	(102, 0.0)	(103, 0.00173938)	(104, 0.0)	(105, 0.000254107)	(106, 0.0)	(107, 0.0)	(108, 0.000820845)	(109, 0.000207009)	(110, 7.511120000000001e-05)	(111, 0.0)	(112, 0.0)	(113, 0.000123464)	(114, 0.000575413)	(115, 0.0)	(116, 0.0035855800000000005)	(117, 0.0)	(118, 0.0046596)	(119, 0.0)	(120, 0.0)	(121, 0.0)	(122, 0.0)	(123, 0.0)	(124, 2.24362e-05)	(125, 0.00041291900000000004)	(126, 0.163879)	(127, 0.0)	(128, 0.0)	(129, 0.0)	(130, 0.0)	(131, 8.89429e-06)	(132, 0.0)	(133, 0.0)	(134, 0.0215266)	(135, 0.00363956)	(136, 0.0)	(137, 0.0)	(138, 0.0)	(139, 0.0)	(140, 0.0)	(141, 0.167875)	(142, 3.40143e-05)	(143, 0.0)	(144, 0.000662689)	(145, 0.0009773940000000001)	(146, 0.0)	(147, 0.0)	(148, 0.0)	(149, 0.00570416)	(150, 0.0)	(151, 0.0)
reports | SRR35329978	(1, 0.0428824)	(2, 3.2604e-05)	(3, 0.0)	(4, 0.0)	(5, 0.0831076)	(6, 0.0)	(7, 0.0)	(8, 0.000940625)	(9, 0.0)	(10, 0.0)	(11, 0.0)	(12, 0.00017280100000000001)	(13, 5.2166399999999996e-05)	(14, 0.0209986)	(15, 0.0)	(16, 0.00301587)	(17, 0.166125)	(18, 0.255733)	(19, 0.0)	(20, 1.6301999999999999e-06)	(21, 7.49892e-05)	(22, 3.2603999999999997e-06)	(23, 0.0)	(24, 0.0)	(25, 0.0)	(26, 0.0)	(27, 0.011065799999999999)	(28, 0.08661250000000001)	(29, 0.0)	(30, 4.8905999999999996e-05)	(31, 0.0)	(32, 0.0)	(33, 0.000500477)	(34, 0.000255946)	(35, 0.0)	(36, 0.007042679999999999)	(37, 0.00477178)	(38, 0.0)	(39, 0.0)	(40, 0.0)	(41, 0.0)	(42, 0.000311407)	(43, 0.0059120399999999995)	(44, 0.00270667)	(45, 4.89178e-06)	(46, 0.0)	(47, 0.0)	(48, 0.0)	(49, 6.36075e-05)	(50, 0.0821114)	(51, 0.0)	(52, 0.0837192)	(53, 0.0009611180000000001)	(54, 0.017687)	(55, 0.00838091)	(56, 0.0)	(57, 0.163901)	(58, 0.164666)	(59, 0.0834854)	(60, 0.0831823)	(61, 0.0835235)	(62, 0.165794)	(63, 0.0)	(64, 0.0)	(65, 0.000154015)	(66, 0.0)	(67, 0.0)	(68, 0.0)	(69, 0.0)	(70, 7.07081e-05)	(71, 0.0)	(72, 1.64749e-06)	(73, 0.0)	(74, 0.0)	(75, 1.6535599999999998e-05)	(76, 0.0)	(77, 0.169574)	(78, 0.0)	(79, 0.0)	(80, 0.0)	(81, 0.0)	(82, 0.0)	(83, 6.731160000000001e-06)	(84, 3.37441e-06)	(85, 0.0)	(86, 0.00016974)	(87, 3.40655e-06)	(88, 0.0)	(89, 0.0)	(90, 2.4137299999999997e-05)	(91, 3.4640100000000005e-06)	(92, 0.0)	(93, 0.0)	(94, 0.007690570000000001)	(95, 0.0)	(96, 3.20192e-05)	(97, 8.95261e-06)	(98, 0.0)	(99, 0.155784)	(100, 0.0820781)	(101, 0.0)	(102, 0.0)	(103, 0.00193239)	(104, 0.0)	(105, 0.000325093)	(106, 0.0)	(107, 0.0)	(108, 0.0009741190000000001)	(109, 0.00021938399999999999)	(110, 9.686590000000001e-05)	(111, 0.0)	(112, 0.0)	(113, 0.00011304199999999999)	(114, 0.000531983)	(115, 0.0)	(116, 0.00368316)	(117, 0.0)	(118, 0.00473051)	(119, 0.0)	(120, 0.0)	(121, 0.0)	(122, 0.0)	(123, 0.0)	(124, 3.17357e-05)	(125, 0.000450977)	(126, 0.164849)	(127, 0.0)	(128, 0.0)	(129, 0.0)	(130, 0.0)	(131, 5.44725e-06)	(132, 0.0)	(133, 0.0)	(134, 0.02168)	(135, 0.00378551)	(136, 0.0)	(137, 0.0)	(138, 0.0)	(139, 0.0)	(140, 0.0)	(141, 0.168536)	(142, 7.21466e-05)	(143, 0.0)	(144, 0.00068363)	(145, 0.000994404)	(146, 0.0)	(147, 0.0)	(148, 0.0)	(149, 0.0057029)	(150, 0.0)	(151, 0.0)
reports | SRR35329979	(1, 0.0415532)	(2, 3.45961e-05)	(3, 0.0)	(4, 0.0)	(5, 0.0811345)	(6, 0.0)	(7, 0.0)	(8, 0.000964226)	(9, 0.0)	(10, 0.0)	(11, 0.0)	(12, 0.00017298)	(13, 3.57121e-05)	(14, 0.0207164)	(15, 0.0)	(16, 0.00268733)	(17, 0.165935)	(18, 0.258743)	(19, 0.0)	(20, 0.0)	(21, 5.4684099999999994e-05)	(22, 0.0)	(23, 0.0)	(24, 0.0)	(25, 0.0)	(26, 0.0)	(27, 0.010917900000000001)	(28, 0.0865806)	(29, 0.0)	(30, 5.24521e-05)	(31, 0.0)	(32, 0.0)	(33, 0.00040511400000000004)	(34, 0.00023659699999999998)	(35, 0.0)	(36, 0.00694175)	(37, 0.00423316)	(38, 0.0)	(39, 0.0)	(40, 0.0)	(41, 0.0)	(42, 0.00023885199999999998)	(43, 0.00566676)	(44, 0.00270455)	(45, 5.5812e-06)	(46, 0.0)	(47, 0.0)	(48, 0.0)	(49, 5.58219e-05)	(50, 0.08232479999999999)	(51, 0.0)	(52, 0.0834024)	(53, 0.0008711519999999999)	(54, 0.0174535)	(55, 0.00784382)	(56, 0.0)	(57, 0.164633)	(58, 0.164451)	(59, 0.0831875)	(60, 0.0828159)	(61, 0.08381369999999999)	(62, 0.166261)	(63, 0.0)	(64, 0.0)	(65, 0.00017252499999999998)	(66, 3.36252e-06)	(67, 0.0)	(68, 0.0)	(69, 1.1226e-06)	(70, 6.06576e-05)	(71, 0.0)	(72, 0.0)	(73, 0.0)	(74, 0.0)	(75, 1.01536e-05)	(76, 0.0)	(77, 0.169298)	(78, 0.0)	(79, 0.0)	(80, 0.0)	(81, 0.0)	(82, 0.0)	(83, 6.854569999999999e-06)	(84, 0.0)	(85, 0.0)	(86, 0.000174865)	(87, 2.30717e-06)	(88, 0.0)	(89, 0.0)	(90, 1.39764e-05)	(91, 3.50693e-06)	(92, 0.0)	(93, 0.0)	(94, 0.00754168)	(95, 0.0)	(96, 2.15196e-05)	(97, 0.0)	(98, 0.0)	(99, 0.148414)	(100, 0.08249200000000001)	(101, 0.0)	(102, 0.0)	(103, 0.00183119)	(104, 0.0)	(105, 0.000256971)	(106, 0.0)	(107, 0.0)	(108, 0.000798893)	(109, 0.000208657)	(110, 9.34016e-05)	(111, 0.0)	(112, 0.0)	(113, 9.23834e-05)	(114, 0.000552358)	(115, 0.0)	(116, 0.00362668)	(117, 0.0)	(118, 0.00428394)	(119, 0.0)	(120, 0.0)	(121, 0.0)	(122, 0.0)	(123, 0.0)	(124, 1.11427e-05)	(125, 0.000453815)	(126, 0.16484)	(127, 0.0)	(128, 0.0)	(129, 0.0)	(130, 0.0)	(131, 1.06125e-05)	(132, 0.0)	(133, 0.0)	(134, 0.021821399999999998)	(135, 0.0032663999999999996)	(136, 0.0)	(137, 0.0)	(138, 0.0)	(139, 0.0)	(140, 0.0)	(141, 0.168581)	(142, 4.6622800000000004e-05)	(143, 0.0)	(144, 0.000641068)	(145, 0.000988414)	(146, 0.0)	(147, 0.0)	(148, 0.0)	(149, 0.0057896399999999995)	(150, 0.0)	(151, 0.0)
reports | SRR35329980	(1, 0.042323)	(2, 1.8711199999999998e-05)	(3, 0.0)	(4, 0.0)	(5, 0.0827101)	(6, 0.0)	(7, 0.0)	(8, 0.000899837)	(9, 0.0)	(10, 0.0)	(11, 0.0)	(12, 0.00015139)	(13, 3.74223e-05)	(14, 0.0202115)	(15, 0.0)	(16, 0.00267059)	(17, 0.165235)	(18, 0.25516900000000003)	(19, 0.0)	(20, 0.0)	(21, 4.5927400000000003e-05)	(22, 0.0)	(23, 0.0)	(24, 0.0)	(25, 0.0)	(26, 0.0)	(27, 0.0105344)	(28, 0.0855423)	(29, 0.0)	(30, 5.10304e-05)	(31, 0.0)	(32, 0.0)	(33, 0.000357217)	(34, 0.000192218)	(35, 0.0)	(36, 0.0065627)	(37, 0.00435135)	(38, 0.0)	(39, 0.0)	(40, 0.0)	(41, 0.0)	(42, 0.000253476)	(43, 0.00553066)	(44, 0.0028836400000000002)	(45, 1.7013199999999998e-06)	(46, 0.0)	(47, 0.0)	(48, 0.0)	(49, 6.295799999999999e-05)	(50, 0.0821838)	(51, 0.0)	(52, 0.08253579999999999)	(53, 0.000811915)	(54, 0.0169247)	(55, 0.00779442)	(56, 0.0)	(57, 0.16347499999999998)	(58, 0.164938)	(59, 0.08302179999999999)	(60, 0.0828889)	(61, 0.083029)	(62, 0.16565200000000002)	(63, 0.0)	(64, 0.0)	(65, 0.00016216)	(66, 0.0)	(67, 0.0)	(68, 0.0)	(69, 0.0)	(70, 5.9898399999999996e-05)	(71, 0.0)	(72, 1.71381e-06)	(73, 0.0)	(74, 0.0)	(75, 2.23419e-05)	(76, 0.0)	(77, 0.16666)	(78, 0.0)	(79, 0.0)	(80, 0.0)	(81, 0.0)	(82, 0.0)	(83, 8.70446e-06)	(84, 0.0)	(85, 0.0)	(86, 0.000185839)	(87, 5.27469e-06)	(88, 0.0)	(89, 0.0)	(90, 1.42088e-05)	(91, 0.0)	(92, 0.0)	(93, 0.0)	(94, 0.00719139)	(95, 0.0)	(96, 2.0067699999999998e-05)	(97, 1.8348399999999998e-06)	(98, 0.0)	(99, 0.156941)	(100, 0.08110149999999999)	(101, 0.0)	(102, 0.0)	(103, 0.00164608)	(104, 0.0)	(105, 0.000317185)	(106, 0.0)	(107, 0.0)	(108, 0.0007946259999999999)	(109, 0.00020630599999999999)	(110, 0.000100188)	(111, 0.0)	(112, 0.0)	(113, 9.94188e-05)	(114, 0.000562835)	(115, 0.0)	(116, 0.0034422399999999996)	(117, 0.0)	(118, 0.004350430000000001)	(119, 0.0)	(120, 0.0)	(121, 0.0)	(122, 0.0)	(123, 0.0)	(124, 2.4480200000000003e-05)	(125, 0.00046192900000000003)	(126, 0.164577)	(127, 0.0)	(128, 0.0)	(129, 0.0)	(130, 0.0)	(131, 8.16511e-06)	(132, 0.0)	(133, 0.0)	(134, 0.0210967)	(135, 0.00344368)	(136, 0.0)	(137, 0.0)	(138, 0.0)	(139, 0.0)	(140, 0.0)	(141, 0.16877599999999998)	(142, 1.95716e-05)	(143, 0.0)	(144, 0.000696201)	(145, 0.000984321)	(146, 0.0)	(147, 0.0)	(148, 0.0)	(149, 0.00566867)	(150, 0.0)	(151, 0.0)
reports | SRR35329981	(1, 0.0422224)	(2, 4.34698e-05)	(3, 0.0)	(4, 0.0)	(5, 0.0814519)	(6, 0.0)	(7, 0.0)	(8, 0.000986633)	(9, 0.0)	(10, 0.0)	(11, 0.0)	(12, 0.000140948)	(13, 4.08353e-05)	(14, 0.0211276)	(15, 0.0)	(16, 0.00281237)	(17, 0.167006)	(18, 0.255332)	(19, 0.0)	(20, 0.0)	(21, 5.6642500000000005e-05)	(22, 2.63453e-06)	(23, 0.0)	(24, 0.0)	(25, 0.0)	(26, 0.0)	(27, 0.011182300000000001)	(28, 0.08706080000000001)	(29, 0.0)	(30, 6.58634e-05)	(31, 0.0)	(32, 0.0)	(33, 0.000439974)	(34, 0.000234479)	(35, 0.0)	(36, 0.00707134)	(37, 0.00435113)	(38, 0.0)	(39, 0.0)	(40, 0.0)	(41, 0.0)	(42, 0.00028325)	(43, 0.00573239)	(44, 0.00282745)	(45, 0.0)	(46, 0.0)	(47, 0.0)	(48, 0.0)	(49, 6.32608e-05)	(50, 0.0823062)	(51, 0.0)	(52, 0.0842375)	(53, 0.000986353)	(54, 0.0176619)	(55, 0.007937890000000001)	(56, 0.0)	(57, 0.16461699999999999)	(58, 0.166144)	(59, 0.0844162)	(60, 0.08307600000000001)	(61, 0.0839192)	(62, 0.165904)	(63, 0.0)	(64, 0.0)	(65, 0.000164258)	(66, 3.976850000000001e-06)	(67, 0.0)	(68, 0.0)	(69, 0.0)	(70, 6.25068e-05)	(71, 0.0)	(72, 2.66529e-06)	(73, 0.0)	(74, 0.0)	(75, 1.4716900000000001e-05)	(76, 0.0)	(77, 0.169298)	(78, 0.0)	(79, 0.0)	(80, 0.0)	(81, 0.0)	(82, 0.0)	(83, 6.81651e-06)	(84, 0.0)	(85, 0.0)	(86, 0.000187062)	(87, 2.76075e-06)	(88, 0.0)	(89, 0.0)	(90, 1.95691e-05)	(91, 5.61719e-06)	(92, 0.0)	(93, 0.0)	(94, 0.00765618)	(95, 0.0)	(96, 3.02922e-05)	(97, 1.45202e-06)	(98, 0.0)	(99, 0.14696)	(100, 0.0822246)	(101, 0.0)	(102, 0.0)	(103, 0.0017318)	(104, 0.0)	(105, 0.000305476)	(106, 0.0)	(107, 0.0)	(108, 0.000936764)	(109, 0.000223114)	(110, 9.814809999999999e-05)	(111, 0.0)	(112, 0.0)	(113, 8.31124e-05)	(114, 0.000528802)	(115, 0.0)	(116, 0.0035506300000000004)	(117, 0.0)	(118, 0.0042717)	(119, 0.0)	(120, 0.0)	(121, 0.0)	(122, 0.0)	(123, 0.0)	(124, 1.97337e-05)	(125, 0.000478569)	(126, 0.166767)	(127, 0.0)	(128, 0.0)	(129, 0.0)	(130, 0.0)	(131, 8.790010000000001e-06)	(132, 0.0)	(133, 0.0)	(134, 0.0218736)	(135, 0.0032682899999999997)	(136, 0.0)	(137, 0.0)	(138, 0.0)	(139, 0.0)	(140, 0.0)	(141, 0.169684)	(142, 2.37361e-05)	(143, 0.0)	(144, 0.0007298630000000001)	(145, 0.00107735)	(146, 0.0)	(147, 0.0)	(148, 0.0)	(149, 0.00580371)	(150, 0.0)	(151, 0.0)
reports | SRR35329982	(1, 0.041291100000000004)	(2, 3.4639000000000005e-05)	(3, 0.0)	(4, 0.0)	(5, 0.0789682)	(6, 0.0)	(7, 0.0)	(8, 0.00101752)	(9, 0.0)	(10, 0.0)	(11, 1.44329e-06)	(12, 0.00016309200000000002)	(13, 4.90719e-05)	(14, 0.021119699999999998)	(15, 0.0)	(16, 0.00298328)	(17, 0.16751)	(18, 0.25958600000000004)	(19, 0.0)	(20, 0.0)	(21, 5.19585e-05)	(22, 0.0)	(23, 0.0)	(24, 0.0)	(25, 0.0)	(26, 0.0)	(27, 0.0109806)	(28, 0.0870853)	(29, 0.0)	(30, 5.7731599999999995e-05)	(31, 0.0)	(32, 0.0)	(33, 0.000479179)	(34, 0.000297324)	(35, 0.0)	(36, 0.00707091)	(37, 0.0044282)	(38, 0.0)	(39, 0.0)	(40, 0.0)	(41, 0.0)	(42, 0.00025260800000000003)	(43, 0.0059314300000000006)	(44, 0.00257823)	(45, 8.66189e-06)	(46, 0.0)	(47, 0.0)	(48, 0.0)	(49, 5.631539999999999e-05)	(50, 0.0805239)	(51, 0.0)	(52, 0.0843753)	(53, 0.0009853120000000001)	(54, 0.0176785)	(55, 0.00808103)	(56, 0.0)	(57, 0.164348)	(58, 0.16806200000000002)	(59, 0.083591)	(60, 0.0829364)	(61, 0.0847402)	(62, 0.165704)	(63, 0.0)	(64, 0.0)	(65, 0.00016977399999999998)	(66, 1.45207e-06)	(67, 0.0)	(68, 0.0)	(69, 1.45541e-06)	(70, 5.24399e-05)	(71, 0.0)	(72, 0.0)	(73, 0.0)	(74, 0.0)	(75, 8.79036e-06)	(76, 0.0)	(77, 0.171515)	(78, 0.0)	(79, 0.0)	(80, 0.0)	(81, 0.0)	(82, 0.0)	(83, 5.96817e-06)	(84, 0.0)	(85, 0.0)	(86, 0.000191143)	(87, 3.02082e-06)	(88, 0.0)	(89, 0.0)	(90, 1.9880999999999998e-05)	(91, 3.07276e-06)	(92, 0.0)	(93, 0.0)	(94, 0.00782567)	(95, 0.0)	(96, 2.05095e-05)	(97, 1.5880500000000002e-06)	(98, 0.0)	(99, 0.137237)	(100, 0.08362620000000001)	(101, 0.0)	(102, 0.0)	(103, 0.0019191999999999998)	(104, 0.0)	(105, 0.000254383)	(106, 0.0)	(107, 0.0)	(108, 0.0009021489999999999)	(109, 0.000203371)	(110, 6.26341e-05)	(111, 0.0)	(112, 0.0)	(113, 8.352940000000001e-05)	(114, 0.000445314)	(115, 0.0)	(116, 0.0036452200000000002)	(117, 0.0)	(118, 0.00439689)	(119, 0.0)	(120, 0.0)	(121, 0.0)	(122, 0.0)	(123, 0.0)	(124, 1.0813e-05)	(125, 0.00041916699999999997)	(126, 0.16833099999999998)	(127, 0.0)	(128, 0.0)	(129, 0.0)	(130, 0.0)	(131, 7.233679999999999e-06)	(132, 0.0)	(133, 0.0)	(134, 0.022091299999999998)	(135, 0.0032440600000000004)	(136, 0.0)	(137, 0.0)	(138, 0.0)	(139, 0.0)	(140, 0.0)	(141, 0.169009)	(142, 5.51113e-05)	(143, 0.0)	(144, 0.000670847)	(145, 0.00104501)	(146, 0.0)	(147, 0.0)	(148, 0.0)	(149, 0.00556329)	(150, 0.0)	(151, 0.0)
reports | SRR35329983	(1, 0.0434758)	(2, 3.98414e-05)	(3, 0.0)	(4, 0.0)	(5, 0.0829557)	(6, 0.0)	(7, 0.0)	(8, 0.0009576690000000001)	(9, 0.0)	(10, 0.0)	(11, 1.47561e-06)	(12, 0.000177073)	(13, 5.9024300000000003e-05)	(14, 0.0207234)	(15, 0.0)	(16, 0.0029703999999999998)	(17, 0.166015)	(18, 0.254417)	(19, 0.0)	(20, 0.0)	(21, 5.75487e-05)	(22, 0.0)	(23, 0.0)	(24, 0.0)	(25, 0.0)	(26, 0.0)	(27, 0.010707)	(28, 0.0863584)	(29, 0.0)	(30, 7.5256e-05)	(31, 0.0)	(32, 0.0)	(33, 0.00045006599999999994)	(34, 0.00027742)	(35, 0.0)	(36, 0.006881)	(37, 0.0045819599999999995)	(38, 0.0)	(39, 0.0)	(40, 0.0)	(41, 0.0)	(42, 0.0002745)	(43, 0.00584735)	(44, 0.00283081)	(45, 8.85592e-06)	(46, 0.0)	(47, 0.0)	(48, 0.0)	(49, 7.23395e-05)	(50, 0.08301120000000001)	(51, 0.0)	(52, 0.0827477)	(53, 0.000968939)	(54, 0.0174781)	(55, 0.008514009999999999)	(56, 0.0)	(57, 0.16480799999999998)	(58, 0.165204)	(59, 0.0835883)	(60, 0.0822765)	(61, 0.0839596)	(62, 0.165772)	(63, 0.0)	(64, 0.0)	(65, 0.000183875)	(66, 1.18702e-05)	(67, 0.0)	(68, 0.0)	(69, 1.48672e-06)	(70, 7.73689e-05)	(71, 0.0)	(72, 5.9622e-06)	(73, 0.0)	(74, 0.0)	(75, 1.4958e-05)	(76, 0.0)	(77, 0.167983)	(78, 0.0)	(79, 0.0)	(80, 1.5106e-06)	(81, 0.0)	(82, 0.0)	(83, 1.06428e-05)	(84, 1.5241999999999997e-06)	(85, 0.0)	(86, 0.000245275)	(87, 3.07594e-06)	(88, 0.0)	(89, 0.0)	(90, 1.71122e-05)	(91, 9.37444e-06)	(92, 0.0)	(93, 0.0)	(94, 0.00773746)	(95, 0.0)	(96, 2.0842200000000002e-05)	(97, 3.22675e-06)	(98, 0.0)	(99, 0.158272)	(100, 0.08343479999999999)	(101, 0.0)	(102, 0.0)	(103, 0.0018227400000000002)	(104, 0.0)	(105, 0.00024077499999999998)	(106, 0.0)	(107, 0.0)	(108, 0.000847264)	(109, 0.000206107)	(110, 9.24578e-05)	(111, 0.0)	(112, 0.0)	(113, 0.00012215700000000002)	(114, 0.000555616)	(115, 0.0)	(116, 0.00358061)	(117, 0.0)	(118, 0.00463735)	(119, 0.0)	(120, 0.0)	(121, 0.0)	(122, 0.0)	(123, 0.0)	(124, 2.62927e-05)	(125, 0.000424887)	(126, 0.164879)	(127, 0.0)	(128, 0.0)	(129, 0.0)	(130, 0.0)	(131, 1.46792e-05)	(132, 0.0)	(133, 0.0)	(134, 0.0213939)	(135, 0.00364523)	(136, 0.0)	(137, 0.0)	(138, 0.0)	(139, 0.0)	(140, 0.0)	(141, 0.168936)	(142, 2.3617700000000003e-05)	(143, 0.0)	(144, 0.0006064950000000001)	(145, 0.0009740520000000001)	(146, 0.0)	(147, 0.0)	(148, 0.0)	(149, 0.00566063)	(150, 0.0)	(151, 0.0)
reports | SRR35329984	(1, 0.0415591)	(2, 3.18692e-05)	(3, 0.0)	(4, 0.0)	(5, 0.0815919)	(6, 0.0)	(7, 0.0)	(8, 0.00101311)	(9, 0.0)	(10, 0.0)	(11, 0.0)	(12, 0.00018282900000000002)	(13, 4.8642499999999994e-05)	(14, 0.02072)	(15, 0.0)	(16, 0.0029168700000000002)	(17, 0.16616599999999998)	(18, 0.259261)	(19, 0.0)	(20, 0.0)	(21, 6.37384e-05)	(22, 0.0)	(23, 0.0)	(24, 0.0)	(25, 0.0)	(26, 0.0)	(27, 0.0108976)	(28, 0.0874961)	(29, 0.0)	(30, 4.69651e-05)	(31, 0.0)	(32, 0.0)	(33, 0.00047133399999999996)	(34, 0.000270054)	(35, 0.0)	(36, 0.00682691)	(37, 0.00457255)	(38, 0.0)	(39, 0.0)	(40, 0.0)	(41, 0.0)	(42, 0.00032208000000000003)	(43, 0.00586974)	(44, 0.00267578)	(45, 6.71067e-06)	(46, 0.0)	(47, 0.0)	(48, 0.0)	(49, 6.87976e-05)	(50, 0.0830065)	(51, 0.0)	(52, 0.0846829)	(53, 0.000948481)	(54, 0.0175592)	(55, 0.00818845)	(56, 0.0)	(57, 0.16508)	(58, 0.167199)	(59, 0.0843963)	(60, 0.0833354)	(61, 0.0841373)	(62, 0.16716299999999998)	(63, 0.0)	(64, 0.0)	(65, 0.00019884599999999997)	(66, 3.3723600000000003e-06)	(67, 0.0)	(68, 0.0)	(69, 0.0)	(70, 7.60943e-05)	(71, 0.0)	(72, 0.0)	(73, 0.0)	(74, 0.0)	(75, 1.53016e-05)	(76, 0.0)	(77, 0.170382)	(78, 0.0)	(79, 0.0)	(80, 0.0)	(81, 0.0)	(82, 0.0)	(83, 3.4568e-06)	(84, 0.0)	(85, 0.0)	(86, 0.000249286)	(87, 3.4986e-06)	(88, 0.0)	(89, 0.0)	(90, 1.77069e-05)	(91, 5.3363300000000005e-06)	(92, 0.0)	(93, 0.0)	(94, 0.00790663)	(95, 0.0)	(96, 2.5572800000000004e-05)	(97, 1.8386200000000002e-06)	(98, 0.0)	(99, 0.14674600000000002)	(100, 0.0836843)	(101, 0.0)	(102, 0.0)	(103, 0.00193452)	(104, 0.0)	(105, 0.00029459500000000003)	(106, 0.0)	(107, 0.0)	(108, 0.0008202870000000001)	(109, 0.00022330800000000002)	(110, 8.29279e-05)	(111, 0.0)	(112, 0.0)	(113, 0.00012906)	(114, 0.0005618789999999999)	(115, 0.0)	(116, 0.0037646900000000002)	(117, 0.0)	(118, 0.0044304800000000005)	(119, 0.0)	(120, 0.0)	(121, 0.0)	(122, 0.0)	(123, 0.0)	(124, 1.2555000000000001e-05)	(125, 0.000479196)	(126, 0.167186)	(127, 0.0)	(128, 0.0)	(129, 0.0)	(130, 0.0)	(131, 0.0)	(132, 0.0)	(133, 0.0)	(134, 0.021755)	(135, 0.0035488000000000004)	(136, 0.0)	(137, 0.0)	(138, 0.0)	(139, 0.0)	(140, 0.0)	(141, 0.169189)	(142, 2.36838e-05)	(143, 0.0)	(144, 0.000702176)	(145, 0.00101601)	(146, 0.0)	(147, 0.0)	(148, 0.0)	(149, 0.005895399999999999)	(150, 0.0)	(151, 0.0)
reports | SRR35329985	(1, 0.0428123)	(2, 3.76191e-05)	(3, 0.0)	(4, 0.0)	(5, 0.0823392)	(6, 0.0)	(7, 0.0)	(8, 0.000927938)	(9, 0.0)	(10, 0.0)	(11, 0.0)	(12, 0.000159433)	(13, 7.8821e-05)	(14, 0.0202928)	(15, 0.0)	(16, 0.00295041)	(17, 0.16625500000000001)	(18, 0.25322500000000003)	(19, 0.0)	(20, 0.0)	(21, 4.1201899999999996e-05)	(22, 0.0)	(23, 0.0)	(24, 0.0)	(25, 0.0)	(26, 0.0)	(27, 0.0105638)	(28, 0.0869843)	(29, 0.0)	(30, 5.19502e-05)	(31, 0.0)	(32, 0.0)	(33, 0.000447852)	(34, 0.000284835)	(35, 0.0)	(36, 0.0068218)	(37, 0.00457716)	(38, 0.0)	(39, 0.0)	(40, 0.0)	(41, 0.0)	(42, 0.00026515400000000003)	(43, 0.00584429)	(44, 0.00260512)	(45, 8.958770000000001e-06)	(46, 0.0)	(47, 0.0)	(48, 0.0)	(49, 6.80992e-05)	(50, 0.0823053)	(51, 0.0)	(52, 0.0824809)	(53, 0.0009358369999999999)	(54, 0.0172958)	(55, 0.0081992)	(56, 0.0)	(57, 0.164516)	(58, 0.164135)	(59, 0.08301940000000001)	(60, 0.0831157)	(61, 0.0835122)	(62, 0.16555899999999998)	(63, 0.0)	(64, 0.0)	(65, 0.00016189)	(66, 3.59949e-06)	(67, 0.0)	(68, 0.0)	(69, 1.8030099999999998e-06)	(70, 9.743149999999999e-05)	(71, 0.0)	(72, 1.80725e-06)	(73, 0.0)	(74, 0.0)	(75, 5.43904e-06)	(76, 0.0)	(77, 0.168194)	(78, 0.0)	(79, 0.0)	(80, 0.0)	(81, 0.0)	(82, 0.0)	(83, 1.8422000000000001e-06)	(84, 5.53966e-06)	(85, 0.0)	(86, 0.00021538000000000001)	(87, 3.72529e-06)	(88, 0.0)	(89, 0.0)	(90, 2.63732e-05)	(91, 7.56732e-06)	(92, 0.0)	(93, 0.0)	(94, 0.0077009900000000004)	(95, 0.0)	(96, 1.9397399999999998e-05)	(97, 7.807330000000001e-06)	(98, 0.0)	(99, 0.157408)	(100, 0.08250529999999999)	(101, 0.0)	(102, 0.0)	(103, 0.0018304900000000002)	(104, 0.0)	(105, 0.00024739799999999996)	(106, 0.0)	(107, 0.0)	(108, 0.0008418019999999999)	(109, 0.000251239)	(110, 7.44912e-05)	(111, 0.0)	(112, 0.0)	(113, 0.000145327)	(114, 0.0005056640000000001)	(115, 0.0)	(116, 0.00363425)	(117, 0.0)	(118, 0.00456488)	(119, 0.0)	(120, 0.0)	(121, 0.0)	(122, 0.0)	(123, 0.0)	(124, 4.75675e-05)	(125, 0.000439845)	(126, 0.164856)	(127, 0.0)	(128, 0.0)	(129, 0.0)	(130, 0.0)	(131, 1.17865e-05)	(132, 0.0)	(133, 0.0)	(134, 0.0211867)	(135, 0.0037318399999999997)	(136, 0.0)	(137, 0.0)	(138, 0.0)	(139, 0.0)	(140, 0.0)	(141, 0.169792)	(142, 5.67252e-05)	(143, 0.0)	(144, 0.000676409)	(145, 0.0009698609999999999)	(146, 0.0)	(147, 0.0)	(148, 0.0)	(149, 0.0056995)	(150, 0.0)	(151, 0.0)
reports | SRR35329986	(1, 0.0428964)	(2, 3.38862e-05)	(3, 0.0)	(4, 0.0)	(5, 0.08238279999999999)	(6, 0.0)	(7, 0.0)	(8, 0.0008828260000000001)	(9, 0.0)	(10, 0.0)	(11, 0.0)	(12, 0.00014446200000000001)	(13, 3.21027e-05)	(14, 0.0206135)	(15, 0.0)	(16, 0.0026324300000000003)	(17, 0.16647800000000001)	(18, 0.254311)	(19, 0.0)	(20, 0.0)	(21, 4.815410000000001e-05)	(22, 0.0)	(23, 0.0)	(24, 0.0)	(25, 0.0)	(26, 0.0)	(27, 0.010478)	(28, 0.0866417)	(29, 0.0)	(30, 6.0638500000000006e-05)	(31, 0.0)	(32, 0.0)	(33, 0.000403073)	(34, 0.000251476)	(35, 0.0)	(36, 0.0067489099999999995)	(37, 0.00432511)	(38, 0.0)	(39, 0.0)	(40, 0.0)	(41, 0.0)	(42, 0.000267551)	(43, 0.00549922)	(44, 0.00278626)	(45, 0.0)	(46, 0.0)	(47, 0.0)	(48, 0.0)	(49, 8.74235e-05)	(50, 0.0824033)	(51, 0.0)	(52, 0.0833559)	(53, 0.000858505)	(54, 0.0172243)	(55, 0.007807390000000001)	(56, 0.0)	(57, 0.16442900000000002)	(58, 0.164543)	(59, 0.0833153)	(60, 0.0828113)	(61, 0.0827456)	(62, 0.16538799999999998)	(63, 0.0)	(64, 0.0)	(65, 0.00015040099999999999)	(66, 5.37416e-06)	(67, 0.0)	(68, 0.0)	(69, 0.0)	(70, 7.36178e-05)	(71, 0.0)	(72, 1.7983200000000001e-06)	(73, 0.0)	(74, 0.0)	(75, 1.80375e-05)	(76, 0.0)	(77, 0.168303)	(78, 0.0)	(79, 0.0)	(80, 1.8178499999999999e-06)	(81, 0.0)	(82, 0.0)	(83, 5.48465e-06)	(84, 0.0)	(85, 0.0)	(86, 0.00023204599999999997)	(87, 1.84705e-06)	(88, 0.0)	(89, 0.0)	(90, 1.49288e-05)	(91, 5.6202299999999996e-06)	(92, 0.0)	(93, 0.0)	(94, 0.007453830000000001)	(95, 0.0)	(96, 3.06825e-05)	(97, 1.92873e-06)	(98, 0.0)	(99, 0.155842)	(100, 0.08316839999999999)	(101, 0.0)	(102, 0.0)	(103, 0.0016379)	(104, 0.0)	(105, 0.00028230299999999997)	(106, 0.0)	(107, 0.0)	(108, 0.000768011)	(109, 0.000204111)	(110, 9.88649e-05)	(111, 0.0)	(112, 0.0)	(113, 0.000151192)	(114, 0.000524131)	(115, 0.0)	(116, 0.00342018)	(117, 0.0)	(118, 0.00447118)	(119, 0.0)	(120, 0.0)	(121, 0.0)	(122, 0.0)	(123, 0.0)	(124, 3.85978e-05)	(125, 0.000399413)	(126, 0.16515)	(127, 0.0)	(128, 0.0)	(129, 0.0)	(130, 0.0)	(131, 2.8607100000000003e-06)	(132, 0.0)	(133, 0.0)	(134, 0.0215004)	(135, 0.00344918)	(136, 0.0)	(137, 0.0)	(138, 0.0)	(139, 0.0)	(140, 0.0)	(141, 0.168038)	(142, 5.8276500000000004e-05)	(143, 0.0)	(144, 0.000639342)	(145, 0.00107076)	(146, 0.0)	(147, 0.0)	(148, 0.0)	(149, 0.00578636)	(150, 0.0)	(151, 0.0)
reports | SRR35329987	(1, 0.0412936)	(2, 3.57191e-05)	(3, 0.0)	(4, 0.0)	(5, 0.0829456)	(6, 0.0)	(7, 0.0)	(8, 0.000900121)	(9, 0.0)	(10, 0.0)	(11, 0.0)	(12, 0.000139304)	(13, 4.64348e-05)	(14, 0.0204885)	(15, 0.0)	(16, 0.00269798)	(17, 0.167074)	(18, 0.25677)	(19, 0.0)	(20, 0.0)	(21, 5.71505e-05)	(22, 0.0)	(23, 0.0)	(24, 0.0)	(25, 0.0)	(26, 0.0)	(27, 0.0106324)	(28, 0.0864699)	(29, 0.0)	(30, 4.52442e-05)	(31, 0.0)	(32, 0.0)	(33, 0.00038696199999999997)	(34, 0.000211937)	(35, 0.0)	(36, 0.00670349)	(37, 0.00419953)	(38, 0.0)	(39, 0.0)	(40, 0.0)	(41, 0.0)	(42, 0.000257206)	(43, 0.005645590000000001)	(44, 0.00271035)	(45, 8.33619e-06)	(46, 0.0)	(47, 0.0)	(48, 0.0)	(49, 4.52619e-05)	(50, 0.083203)	(51, 0.0)	(52, 0.0834275)	(53, 0.000829332)	(54, 0.017220700000000002)	(55, 0.007610540000000001)	(56, 0.0)	(57, 0.16511)	(58, 0.164898)	(59, 0.0841538)	(60, 0.0835513)	(61, 0.083593)	(62, 0.16698)	(63, 0.0)	(64, 0.0)	(65, 0.000155404)	(66, 7.176150000000001e-06)	(67, 0.0)	(68, 0.0)	(69, 0.0)	(70, 5.2749e-05)	(71, 0.0)	(72, 0.0)	(73, 0.0)	(74, 0.0)	(75, 4.81706e-06)	(76, 0.0)	(77, 0.169291)	(78, 0.0)	(79, 0.0)	(80, 2.42909e-06)	(81, 0.0)	(82, 0.0)	(83, 3.66433e-06)	(84, 0.0)	(85, 0.0)	(86, 0.00017102599999999999)	(87, 2.468e-06)	(88, 0.0)	(89, 0.0)	(90, 2.24418e-05)	(91, 7.50989e-06)	(92, 0.0)	(93, 0.0)	(94, 0.00730315)	(95, 0.0)	(96, 2.43419e-05)	(97, 1.28853e-06)	(98, 0.0)	(99, 0.156747)	(100, 0.08306519999999999)	(101, 0.0)	(102, 0.0)	(103, 0.0016440099999999998)	(104, 0.0)	(105, 0.000307486)	(106, 0.0)	(107, 0.0)	(108, 0.000841823)	(109, 0.00021725700000000002)	(110, 0.000101907)	(111, 0.0)	(112, 0.0)	(113, 8.462650000000001e-05)	(114, 0.000536208)	(115, 0.0)	(116, 0.0033939800000000004)	(117, 0.0)	(118, 0.00435054)	(119, 0.0)	(120, 0.0)	(121, 0.0)	(122, 0.0)	(123, 0.0)	(124, 1.8874799999999998e-05)	(125, 0.000410768)	(126, 0.165273)	(127, 0.0)	(128, 0.0)	(129, 0.0)	(130, 0.0)	(131, 9.52493e-06)	(132, 0.0)	(133, 0.0)	(134, 0.0213971)	(135, 0.00348461)	(136, 0.0)	(137, 0.0)	(138, 0.0)	(139, 0.0)	(140, 0.0)	(141, 0.170199)	(142, 2.73203e-05)	(143, 0.0)	(144, 0.000664774)	(145, 0.0009262519999999999)	(146, 0.0)	(147, 0.0)	(148, 0.0)	(149, 0.00559619)	(150, 0.0)	(151, 0.0)
reports | SRR35329988	(1, 0.043244000000000005)	(2, 3.41143e-05)	(3, 0.0)	(4, 0.0)	(5, 0.0832682)	(6, 0.0)	(7, 0.0)	(8, 0.000825242)	(9, 0.0)	(10, 0.0)	(11, 0.0)	(12, 0.00014620399999999998)	(13, 3.89878e-05)	(14, 0.0206002)	(15, 0.0)	(16, 0.0028786)	(17, 0.166182)	(18, 0.254873)	(19, 0.0)	(20, 0.0)	(21, 3.57388e-05)	(22, 1.6244899999999998e-06)	(23, 0.0)	(24, 0.0)	(25, 0.0)	(26, 0.0)	(27, 0.0107038)	(28, 0.0857115)	(29, 0.0)	(30, 3.57388e-05)	(31, 0.0)	(32, 0.0)	(33, 0.00042724699999999996)	(34, 0.000253426)	(35, 0.0)	(36, 0.00678898)	(37, 0.0043327)	(38, 0.0)	(39, 0.0)	(40, 0.0)	(41, 0.0)	(42, 0.0002762)	(43, 0.00544457)	(44, 0.0027167)	(45, 8.12445e-06)	(46, 0.0)	(47, 0.0)	(48, 0.0)	(49, 6.50091e-05)	(50, 0.0829112)	(51, 0.0)	(52, 0.0832943)	(53, 0.000887784)	(54, 0.017531099999999997)	(55, 0.0079523)	(56, 0.0)	(57, 0.163584)	(58, 0.164832)	(59, 0.0837723)	(60, 0.0823526)	(61, 0.0833921)	(62, 0.16531300000000002)	(63, 0.0)	(64, 0.0)	(65, 0.000159947)	(66, 0.0)	(67, 0.0)	(68, 0.0)	(69, 0.0)	(70, 7.36878e-05)	(71, 0.0)	(72, 1.6403900000000001e-06)	(73, 0.0)	(74, 0.0)	(75, 9.876229999999999e-06)	(76, 0.0)	(77, 0.168078)	(78, 0.0)	(79, 0.0)	(80, 1.6608900000000002e-06)	(81, 0.0)	(82, 0.0)	(83, 1.67149e-06)	(84, 0.0)	(85, 0.0)	(86, 0.000215693)	(87, 5.07171e-06)	(88, 0.0)	(89, 0.0)	(90, 1.5389e-05)	(91, 0.0)	(92, 0.0)	(93, 0.0)	(94, 0.00735262)	(95, 0.0)	(96, 1.93753e-05)	(97, 0.0)	(98, 0.0)	(99, 0.156173)	(100, 0.0834671)	(101, 0.0)	(102, 0.0)	(103, 0.0016730100000000002)	(104, 0.0)	(105, 0.000249159)	(106, 0.0)	(107, 0.0)	(108, 0.000888693)	(109, 0.00022610500000000002)	(110, 8.7497e-05)	(111, 0.0)	(112, 0.0)	(113, 0.000115377)	(114, 0.000498404)	(115, 0.0)	(116, 0.00342791)	(117, 0.0)	(118, 0.00444469)	(119, 0.0)	(120, 0.0)	(121, 0.0)	(122, 0.0)	(123, 0.0)	(124, 1.1978899999999998e-05)	(125, 0.000430354)	(126, 0.165355)	(127, 0.0)	(128, 0.0)	(129, 0.0)	(130, 0.0)	(131, 1.60199e-05)	(132, 0.0)	(133, 0.0)	(134, 0.021480199999999998)	(135, 0.00345354)	(136, 0.0)	(137, 0.0)	(138, 0.0)	(139, 0.0)	(140, 0.0)	(141, 0.168348)	(142, 1.92605e-05)	(143, 0.0)	(144, 0.000675533)	(145, 0.0010678)	(146, 0.0)	(147, 0.0)	(148, 0.0)	(149, 0.00551455)	(150, 0.0)	(151, 0.0)
reports | SRR35329989	(1, 0.0418765)	(2, 3.89139e-05)	(3, 0.0)	(4, 0.0)	(5, 0.0827259)	(6, 0.0)	(7, 0.0)	(8, 0.0009576210000000001)	(9, 0.0)	(10, 0.0)	(11, 0.0)	(12, 0.000170883)	(13, 4.22978e-05)	(14, 0.0204806)	(15, 0.0)	(16, 0.00302683)	(17, 0.164966)	(18, 0.25479)	(19, 0.0)	(20, 1.69191e-06)	(21, 6.09088e-05)	(22, 3.38382e-06)	(23, 0.0)	(24, 0.0)	(25, 0.0)	(26, 0.0)	(27, 0.0108079)	(28, 0.0864312)	(29, 0.0)	(30, 6.09088e-05)	(31, 0.0)	(32, 0.0)	(33, 0.000407755)	(34, 0.000267326)	(35, 0.0)	(36, 0.006764460000000001)	(37, 0.004678310000000001)	(38, 0.0)	(39, 0.0)	(40, 0.0)	(41, 0.0)	(42, 0.000277506)	(43, 0.00559427)	(44, 0.00270924)	(45, 6.76914e-06)	(46, 0.0)	(47, 0.0)	(48, 0.0)	(49, 5.5856299999999996e-05)	(50, 0.0829342)	(51, 0.0)	(52, 0.0832595)	(53, 0.0009059290000000001)	(54, 0.0173204)	(55, 0.0085016)	(56, 0.0)	(57, 0.163729)	(58, 0.164488)	(59, 0.0833056)	(60, 0.0837593)	(61, 0.0831694)	(62, 0.16693)	(63, 0.0)	(64, 0.0)	(65, 0.000139335)	(66, 3.4002899999999996e-06)	(67, 0.0)	(68, 0.0)	(69, 0.0)	(70, 5.2838600000000006e-05)	(71, 0.0)	(72, 0.0)	(73, 0.0)	(74, 0.0)	(75, 1.3703e-05)	(76, 0.0)	(77, 0.169319)	(78, 0.0)	(79, 0.0)	(80, 1.7278e-06)	(81, 0.0)	(82, 0.0)	(83, 5.21528e-06)	(84, 0.0)	(85, 0.0)	(86, 0.000168205)	(87, 0.0)	(88, 0.0)	(89, 0.0)	(90, 3.73268e-05)	(91, 5.35486e-06)	(92, 0.0)	(93, 0.0)	(94, 0.00745053)	(95, 0.0)	(96, 3.66016e-05)	(97, 0.0)	(98, 0.0)	(99, 0.155137)	(100, 0.0825637)	(101, 0.0)	(102, 0.0)	(103, 0.00171904)	(104, 0.0)	(105, 0.000319699)	(106, 0.0)	(107, 0.0)	(108, 0.0008932130000000001)	(109, 0.000230902)	(110, 0.00010748499999999999)	(111, 0.0)	(112, 0.0)	(113, 7.92742e-05)	(114, 0.000555226)	(115, 0.0)	(116, 0.0035014)	(117, 0.0)	(118, 0.00469837)	(119, 0.0)	(120, 0.0)	(121, 0.0)	(122, 0.0)	(123, 0.0)	(124, 7.49088e-06)	(125, 0.00047903999999999997)	(126, 0.164681)	(127, 0.0)	(128, 0.0)	(129, 0.0)	(130, 0.0)	(131, 8.363549999999999e-06)	(132, 0.0)	(133, 0.0)	(134, 0.021164600000000002)	(135, 0.0035123100000000003)	(136, 0.0)	(137, 0.0)	(138, 0.0)	(139, 0.0)	(140, 0.0)	(141, 0.168023)	(142, 1.00847e-05)	(143, 0.0)	(144, 0.000665879)	(145, 0.000934168)	(146, 0.0)	(147, 0.0)	(148, 0.0)	(149, 0.005505019999999999)	(150, 0.0)	(151, 0.0)
reports | SRR35329990	(1, 0.043512)	(2, 3.6004199999999997e-05)	(3, 0.0)	(4, 0.0)	(5, 0.082388)	(6, 0.0)	(7, 0.0)	(8, 0.00103041)	(9, 0.0)	(10, 0.0)	(11, 0.0)	(12, 0.000166305)	(13, 5.4863599999999994e-05)	(14, 0.0206253)	(15, 0.0)	(16, 0.00298835)	(17, 0.16506400000000002)	(18, 0.25309299999999996)	(19, 0.0)	(20, 0.0)	(21, 7.20085e-05)	(22, 0.0)	(23, 0.0)	(24, 0.0)	(25, 0.0)	(26, 0.0)	(27, 0.0109007)	(28, 0.0864256)	(29, 0.0)	(30, 7.54375e-05)	(31, 0.0)	(32, 0.0)	(33, 0.0004372)	(34, 0.00025032)	(35, 0.0)	(36, 0.006871889999999999)	(37, 0.004675599999999999)	(38, 0.0)	(39, 0.0)	(40, 0.0)	(41, 0.0)	(42, 0.00028806999999999997)	(43, 0.00582503)	(44, 0.00270427)	(45, 8.57447e-06)	(46, 0.0)	(47, 0.0)	(48, 0.0)	(49, 6.3464e-05)	(50, 0.08237080000000001)	(51, 0.0)	(52, 0.082351)	(53, 0.000990136)	(54, 0.0171253)	(55, 0.00843553)	(56, 0.0)	(57, 0.164292)	(58, 0.164243)	(59, 0.0825698)	(60, 0.0823279)	(61, 0.0836033)	(62, 0.165517)	(63, 0.0)	(64, 0.0)	(65, 0.000186024)	(66, 5.17043e-06)	(67, 0.0)	(68, 0.0)	(69, 0.0)	(70, 7.25831e-05)	(71, 0.0)	(72, 1.73126e-06)	(73, 0.0)	(74, 0.0)	(75, 8.68655e-06)	(76, 0.0)	(77, 0.168257)	(78, 0.0)	(79, 0.0)	(80, 1.75382e-06)	(81, 0.0)	(82, 0.0)	(83, 5.29559e-06)	(84, 0.0)	(85, 0.0)	(86, 0.00020468)	(87, 1.7857100000000002e-06)	(88, 0.0)	(89, 0.0)	(90, 1.98728e-05)	(91, 5.44365e-06)	(92, 0.0)	(93, 0.0)	(94, 0.00762599)	(95, 0.0)	(96, 3.16564e-05)	(97, 0.0)	(98, 0.0)	(99, 0.15477100000000002)	(100, 0.0823781)	(101, 0.0)	(102, 0.0)	(103, 0.00183564)	(104, 0.0)	(105, 0.000315763)	(106, 0.0)	(107, 0.0)	(108, 0.000863132)	(109, 0.000204155)	(110, 0.000103269)	(111, 0.0)	(112, 0.0)	(113, 0.00012017700000000001)	(114, 0.000535323)	(115, 0.0)	(116, 0.00346028)	(117, 0.0)	(118, 0.00467805)	(119, 0.0)	(120, 0.0)	(121, 0.0)	(122, 0.0)	(123, 0.0)	(124, 3.3103200000000005e-05)	(125, 0.000462636)	(126, 0.164549)	(127, 0.0)	(128, 0.0)	(129, 0.0)	(130, 0.0)	(131, 8.524960000000001e-06)	(132, 0.0)	(133, 0.0)	(134, 0.0216245)	(135, 0.00369119)	(136, 0.0)	(137, 0.0)	(138, 0.0)	(139, 0.0)	(140, 0.0)	(141, 0.16865)	(142, 4.79333e-05)	(143, 0.0)	(144, 0.00061426)	(145, 0.000980276)	(146, 0.0)	(147, 0.0)	(148, 0.0)	(149, 0.00562554)	(150, 0.0)	(151, 0.0)
reports | SRR35329991	(1, 0.0430368)	(2, 2.31472e-05)	(3, 0.0)	(4, 0.0)	(5, 0.08187929999999999)	(6, 0.0)	(7, 0.0)	(8, 0.0009660099999999999)	(9, 0.0)	(10, 0.0)	(11, 0.0)	(12, 0.000172832)	(13, 5.09238e-05)	(14, 0.020429700000000002)	(15, 0.0)	(16, 0.00310635)	(17, 0.16600600000000001)	(18, 0.25470699999999996)	(19, 0.0)	(20, 0.0)	(21, 7.4071e-05)	(22, 0.0)	(23, 0.0)	(24, 0.0)	(25, 0.0)	(26, 0.0)	(27, 0.0106477)	(28, 0.0873236)	(29, 0.0)	(30, 4.93807e-05)	(31, 0.0)	(32, 0.0)	(33, 0.00042437100000000005)	(34, 0.00026234)	(35, 0.0)	(36, 0.0068394599999999995)	(37, 0.0048024800000000005)	(38, 0.0)	(39, 0.0)	(40, 0.0)	(41, 0.0)	(42, 0.000285521)	(43, 0.00574458)	(44, 0.00280913)	(45, 1.54356e-06)	(46, 0.0)	(47, 0.0)	(48, 0.0)	(49, 6.0213699999999996e-05)	(50, 0.0822765)	(51, 0.0)	(52, 0.0828124)	(53, 0.000857345)	(54, 0.017235399999999998)	(55, 0.00854473)	(56, 0.0)	(57, 0.16401600000000002)	(58, 0.163491)	(59, 0.0831207)	(60, 0.083369)	(61, 0.08390399999999999)	(62, 0.16615200000000002)	(63, 0.0)	(64, 0.0)	(65, 0.000192387)	(66, 7.76288e-06)	(67, 0.0)	(68, 0.0)	(69, 0.0)	(70, 5.29531e-05)	(71, 0.0)	(72, 0.0)	(73, 0.0)	(74, 0.0)	(75, 1.0964099999999999e-05)	(76, 0.0)	(77, 0.16833099999999998)	(78, 0.0)	(79, 0.0)	(80, 0.0)	(81, 0.0)	(82, 0.0)	(83, 7.97542e-06)	(84, 0.0)	(85, 0.0)	(86, 0.00017213599999999998)	(87, 1.6143600000000001e-06)	(88, 0.0)	(89, 0.0)	(90, 1.6342499999999998e-05)	(91, 1.14917e-05)	(92, 0.0)	(93, 0.0)	(94, 0.00751329)	(95, 0.0)	(96, 3.8751600000000004e-05)	(97, 5.08727e-06)	(98, 0.0)	(99, 0.15429)	(100, 0.082728)	(101, 0.0)	(102, 0.0)	(103, 0.00180414)	(104, 0.0)	(105, 0.000307493)	(106, 0.0)	(107, 0.0)	(108, 0.0008964110000000001)	(109, 0.00022428200000000002)	(110, 9.91555e-05)	(111, 0.0)	(112, 0.0)	(113, 9.88248e-05)	(114, 0.0005280549999999999)	(115, 0.0)	(116, 0.00357084)	(117, 0.0)	(118, 0.00471539)	(119, 0.0)	(120, 0.0)	(121, 0.0)	(122, 0.0)	(123, 0.0)	(124, 2.0664600000000002e-05)	(125, 0.00047519500000000003)	(126, 0.163589)	(127, 0.0)	(128, 0.0)	(129, 0.0)	(130, 0.0)	(131, 5.11018e-06)	(132, 0.0)	(133, 0.0)	(134, 0.021198500000000002)	(135, 0.00358923)	(136, 0.0)	(137, 0.0)	(138, 0.0)	(139, 0.0)	(140, 0.0)	(141, 0.168362)	(142, 4.2892800000000004e-05)	(143, 0.0)	(144, 0.0006858470000000001)	(145, 0.000963385)	(146, 0.0)	(147, 0.0)	(148, 0.0)	(149, 0.00595284)	(150, 0.0)	(151, 0.0)
reports | SRR35329992	(1, 0.042942)	(2, 3.1560500000000004e-05)	(3, 0.0)	(4, 0.0)	(5, 0.0817811)	(6, 0.0)	(7, 0.0)	(8, 0.00093498)	(9, 0.0)	(10, 0.0)	(11, 0.0)	(12, 0.000149912)	(13, 6.1806e-05)	(14, 0.0206051)	(15, 0.0)	(16, 0.00269448)	(17, 0.165932)	(18, 0.258106)	(19, 0.0)	(20, 0.0)	(21, 6.4436e-05)	(22, 0.0)	(23, 0.0)	(24, 0.0)	(25, 0.0)	(26, 0.0)	(27, 0.0107542)	(28, 0.0861996)	(29, 0.0)	(30, 4.0765599999999995e-05)	(31, 0.0)	(32, 0.0)	(33, 0.000399771)	(34, 0.000227503)	(35, 0.0)	(36, 0.00681595)	(37, 0.00426082)	(38, 0.0)	(39, 0.0)	(40, 0.0)	(41, 0.0)	(42, 0.000266978)	(43, 0.00567376)	(44, 0.00283565)	(45, 1.05222e-05)	(46, 0.0)	(47, 0.0)	(48, 0.0)	(49, 6.97216e-05)	(50, 0.0835397)	(51, 0.0)	(52, 0.0833615)	(53, 0.000888293)	(54, 0.0173683)	(55, 0.00770083)	(56, 0.0)	(57, 0.164285)	(58, 0.165321)	(59, 0.08365030000000001)	(60, 0.08304729999999999)	(61, 0.08381480000000001)	(62, 0.16603600000000002)	(63, 0.0)	(64, 0.0)	(65, 0.00014521)	(66, 7.924479999999999e-06)	(67, 0.0)	(68, 0.0)	(69, 0.0)	(70, 7.81032e-05)	(71, 0.0)	(72, 1.3258100000000001e-06)	(73, 0.0)	(74, 0.0)	(75, 7.97877e-06)	(76, 0.0)	(77, 0.167678)	(78, 0.0)	(79, 0.0)	(80, 0.0)	(81, 0.0)	(82, 0.0)	(83, 8.09041e-06)	(84, 0.0)	(85, 0.0)	(86, 0.00017932400000000002)	(87, 5.45022e-06)	(88, 0.0)	(89, 0.0)	(90, 1.5144599999999999e-05)	(91, 8.293520000000001e-06)	(92, 0.0)	(93, 0.0)	(94, 0.00749487)	(95, 0.0)	(96, 3.25628e-05)	(97, 1.42413e-06)	(98, 0.0)	(99, 0.15255100000000002)	(100, 0.0825214)	(101, 0.0)	(102, 0.0)	(103, 0.00176194)	(104, 0.0)	(105, 0.000288873)	(106, 0.0)	(107, 0.0)	(108, 0.00084056)	(109, 0.000201351)	(110, 8.746760000000001e-05)	(111, 0.0)	(112, 0.0)	(113, 0.00010371100000000001)	(114, 0.0005697780000000001)	(115, 0.0)	(116, 0.00345191)	(117, 0.0)	(118, 0.00421311)	(119, 0.0)	(120, 0.0)	(121, 0.0)	(122, 0.0)	(123, 0.0)	(124, 1.5281300000000002e-05)	(125, 0.00043618899999999997)	(126, 0.165823)	(127, 0.0)	(128, 0.0)	(129, 0.0)	(130, 0.0)	(131, 8.51035e-06)	(132, 0.0)	(133, 0.0)	(134, 0.0216153)	(135, 0.0032767300000000003)	(136, 0.0)	(137, 0.0)	(138, 0.0)	(139, 0.0)	(140, 0.0)	(141, 0.169602)	(142, 1.7900300000000002e-05)	(143, 0.0)	(144, 0.0006362060000000001)	(145, 0.000991148)	(146, 0.0)	(147, 0.0)	(148, 0.0)	(149, 0.00557626)	(150, 0.0)	(151, 0.0)
reports | SRR35329993	(1, 0.0428568)	(2, 2.7920499999999998e-05)	(3, 0.0)	(4, 0.0)	(5, 0.0831765)	(6, 0.0)	(7, 0.0)	(8, 0.0009165219999999999)	(9, 0.0)	(10, 0.0)	(11, 0.0)	(12, 0.000150528)	(13, 4.24878e-05)	(14, 0.020595600000000002)	(15, 0.0)	(16, 0.0027665600000000004)	(17, 0.16532999999999998)	(18, 0.253762)	(19, 0.0)	(20, 2.4278699999999997e-06)	(21, 5.948289999999999e-05)	(22, 1.21394e-06)	(23, 0.0)	(24, 0.0)	(25, 0.0)	(26, 0.0)	(27, 0.010796700000000001)	(28, 0.086119)	(29, 0.0)	(30, 5.0985299999999994e-05)	(31, 0.0)	(32, 0.0)	(33, 0.00041031499999999996)	(34, 0.00022822400000000002)	(35, 0.0)	(36, 0.006769110000000001)	(37, 0.00436669)	(38, 0.0)	(39, 0.0)	(40, 0.0)	(41, 0.0)	(42, 0.00024888600000000003)	(43, 0.00546593)	(44, 0.00287026)	(45, 3.6426099999999995e-06)	(46, 0.0)	(47, 0.0)	(48, 0.0)	(49, 6.558080000000001e-05)	(50, 0.0836793)	(51, 0.0)	(52, 0.082894)	(53, 0.0008663089999999999)	(54, 0.017328)	(55, 0.0077789999999999995)	(56, 0.0)	(57, 0.164572)	(58, 0.165806)	(59, 0.0837348)	(60, 0.0830806)	(61, 0.0837504)	(62, 0.166322)	(63, 0.0)	(64, 0.0)	(65, 0.00014026299999999998)	(66, 3.66129e-06)	(67, 0.0)	(68, 0.0)	(69, 0.0)	(70, 5.38505e-05)	(71, 0.0)	(72, 1.2260499999999999e-06)	(73, 0.0)	(74, 0.0)	(75, 1.23029e-05)	(76, 0.0)	(77, 0.167731)	(78, 0.0)	(79, 0.0)	(80, 0.0)	(81, 0.0)	(82, 0.0)	(83, 8.76318e-06)	(84, 0.0)	(85, 0.0)	(86, 0.00019688800000000002)	(87, 3.7988100000000002e-06)	(88, 0.0)	(89, 0.0)	(90, 1.92164e-05)	(91, 5.14663e-06)	(92, 0.0)	(93, 0.0)	(94, 0.007164729999999999)	(95, 0.0)	(96, 2.7710099999999997e-05)	(97, 0.0)	(98, 0.0)	(99, 0.158223)	(100, 0.0827266)	(101, 0.0)	(102, 0.0)	(103, 0.00167516)	(104, 0.0)	(105, 0.000297027)	(106, 0.0)	(107, 0.0)	(108, 0.0008143839999999999)	(109, 0.000169404)	(110, 0.00010132600000000001)	(111, 0.0)	(112, 0.0)	(113, 0.00012351499999999999)	(114, 0.000554683)	(115, 0.0)	(116, 0.00331185)	(117, 0.0)	(118, 0.00432075)	(119, 0.0)	(120, 0.0)	(121, 0.0)	(122, 0.0)	(123, 0.0)	(124, 2.33157e-05)	(125, 0.000484069)	(126, 0.166362)	(127, 0.0)	(128, 0.0)	(129, 0.0)	(130, 0.0)	(131, 5.9911399999999995e-06)	(132, 0.0)	(133, 0.0)	(134, 0.0211318)	(135, 0.0035268200000000004)	(136, 0.0)	(137, 0.0)	(138, 0.0)	(139, 0.0)	(140, 0.0)	(141, 0.168384)	(142, 2.15903e-05)	(143, 0.0)	(144, 0.000639182)	(145, 0.000988024)	(146, 0.0)	(147, 0.0)	(148, 0.0)	(149, 0.00531911)	(150, 0.0)	(151, 0.0)
reports | SRR35329994	(1, 0.0430074)	(2, 2.83669e-05)	(3, 0.0)	(4, 0.0)	(5, 0.0824042)	(6, 0.0)	(7, 0.0)	(8, 0.000896709)	(9, 0.0)	(10, 0.0)	(11, 0.0)	(12, 0.000173353)	(13, 5.35819e-05)	(14, 0.0205424)	(15, 0.0)	(16, 0.0030636200000000004)	(17, 0.164444)	(18, 0.254229)	(19, 0.0)	(20, 1.57594e-06)	(21, 7.09172e-05)	(22, 0.0)	(23, 0.0)	(24, 0.0)	(25, 0.0)	(26, 0.0)	(27, 0.0110079)	(28, 0.0864071)	(29, 0.0)	(30, 6.61894e-05)	(31, 0.0)	(32, 0.0)	(33, 0.000507459)	(34, 0.000245851)	(35, 0.0)	(36, 0.00705572)	(37, 0.0046965)	(38, 0.0)	(39, 0.0)	(40, 0.0)	(41, 0.0)	(42, 0.00031838)	(43, 0.005677440000000001)	(44, 0.0028656199999999997)	(45, 9.45792e-06)	(46, 0.0)	(47, 0.0)	(48, 0.0)	(49, 6.779670000000001e-05)	(50, 0.0830361)	(51, 0.0)	(52, 0.0815153)	(53, 0.000941732)	(54, 0.0174151)	(55, 0.00842682)	(56, 0.0)	(57, 0.162796)	(58, 0.163532)	(59, 0.0822084)	(60, 0.0825793)	(61, 0.08314)	(62, 0.1656)	(63, 0.0)	(64, 0.0)	(65, 0.000172632)	(66, 4.75435e-06)	(67, 0.0)	(68, 0.0)	(69, 0.0)	(70, 7.15234e-05)	(71, 0.0)	(72, 3.18478e-06)	(73, 0.0)	(74, 0.0)	(75, 1.27852e-05)	(76, 0.0)	(77, 0.16617400000000002)	(78, 0.0)	(79, 0.0)	(80, 0.0)	(81, 0.0)	(82, 0.0)	(83, 6.50377e-06)	(84, 1.63014e-06)	(85, 0.0)	(86, 0.00018366299999999998)	(87, 3.29091e-06)	(88, 1.6516e-06)	(89, 0.0)	(90, 2.33136e-05)	(91, 6.69104e-06)	(92, 0.0)	(93, 0.0)	(94, 0.007531209999999999)	(95, 0.0)	(96, 2.23264e-05)	(97, 1.72849e-06)	(98, 0.0)	(99, 0.157209)	(100, 0.08270140000000001)	(101, 0.0)	(102, 0.0)	(103, 0.00180271)	(104, 0.0)	(105, 0.00027482900000000003)	(106, 0.0)	(107, 0.0)	(108, 0.0008954990000000001)	(109, 0.00019035700000000002)	(110, 8.36469e-05)	(111, 0.0)	(112, 0.0)	(113, 0.000102867)	(114, 0.000575817)	(115, 0.0)	(116, 0.0035599699999999995)	(117, 0.0)	(118, 0.00470785)	(119, 0.0)	(120, 0.0)	(121, 0.0)	(122, 0.0)	(123, 0.0)	(124, 2.8183700000000003e-05)	(125, 0.000488636)	(126, 0.163779)	(127, 0.0)	(128, 0.0)	(129, 0.0)	(130, 0.0)	(131, 5.2348e-06)	(132, 0.0)	(133, 0.0)	(134, 0.021069900000000003)	(135, 0.00371338)	(136, 0.0)	(137, 0.0)	(138, 0.0)	(139, 0.0)	(140, 0.0)	(141, 0.167274)	(142, 2.20158e-05)	(143, 0.0)	(144, 0.000730292)	(145, 0.0009298010000000001)	(146, 0.0)	(147, 0.0)	(148, 0.0)	(149, 0.00559574)	(150, 3.64378e-06)	(151, 0.0)
reports | SRR35329995	(1, 0.0433974)	(2, 3.50053e-05)	(3, 0.0)	(4, 0.0)	(5, 0.0823171)	(6, 0.0)	(7, 0.0)	(8, 0.0009283999999999999)	(9, 0.0)	(10, 0.0)	(11, 0.0)	(12, 0.000150675)	(13, 4.41371e-05)	(14, 0.0206333)	(15, 0.0)	(16, 0.00301958)	(17, 0.16600600000000001)	(18, 0.254685)	(19, 0.0)	(20, 0.0)	(21, 7.00105e-05)	(22, 0.0)	(23, 0.0)	(24, 0.0)	(25, 0.0)	(26, 0.0)	(27, 0.0108851)	(28, 0.0862073)	(29, 0.0)	(30, 4.41371e-05)	(31, 0.0)	(32, 0.0)	(33, 0.0004885579999999999)	(34, 0.000261783)	(35, 0.0)	(36, 0.00694342)	(37, 0.0046574)	(38, 0.0)	(39, 0.0)	(40, 0.0)	(41, 0.0)	(42, 0.000275508)	(43, 0.00573407)	(44, 0.00279635)	(45, 4.56687e-06)	(46, 0.0)	(47, 0.0)	(48, 0.0)	(49, 7.91741e-05)	(50, 0.0838805)	(51, 0.0)	(52, 0.0825557)	(53, 0.0008986889999999999)	(54, 0.0176109)	(55, 0.00857224)	(56, 0.0)	(57, 0.1635)	(58, 0.16431900000000002)	(59, 0.0824189)	(60, 0.08291699999999999)	(61, 0.082648)	(62, 0.165518)	(63, 0.0)	(64, 0.0)	(65, 0.000165067)	(66, 3.05847e-06)	(67, 0.0)	(68, 0.0)	(69, 0.0)	(70, 6.59256e-05)	(71, 0.0)	(72, 1.53573e-06)	(73, 0.0)	(74, 0.0)	(75, 1.2326400000000001e-05)	(76, 0.0)	(77, 0.16846999999999998)	(78, 0.0)	(79, 0.0)	(80, 0.0)	(81, 0.0)	(82, 0.0)	(83, 9.39427e-06)	(84, 0.0)	(85, 0.0)	(86, 0.00021941400000000002)	(87, 4.75114e-06)	(88, 0.0)	(89, 0.0)	(90, 1.44194e-05)	(91, 4.82749e-06)	(92, 0.0)	(93, 0.0)	(94, 0.0075808)	(95, 0.0)	(96, 1.65146e-05)	(97, 1.66208e-06)	(98, 0.0)	(99, 0.157394)	(100, 0.0820013)	(101, 0.0)	(102, 0.0)	(103, 0.00186715)	(104, 0.0)	(105, 0.00029439)	(106, 0.0)	(107, 0.0)	(108, 0.000863111)	(109, 0.00021268600000000002)	(110, 8.04628e-05)	(111, 0.0)	(112, 0.0)	(113, 0.00011062300000000001)	(114, 0.000613093)	(115, 0.0)	(116, 0.0036656899999999997)	(117, 0.0)	(118, 0.00474673)	(119, 0.0)	(120, 0.0)	(121, 0.0)	(122, 0.0)	(123, 0.0)	(124, 2.03891e-05)	(125, 0.000471504)	(126, 0.164239)	(127, 0.0)	(128, 0.0)	(129, 0.0)	(130, 0.0)	(131, 1.26563e-05)	(132, 0.0)	(133, 0.0)	(134, 0.0214711)	(135, 0.0037091)	(136, 0.0)	(137, 0.0)	(138, 0.0)	(139, 0.0)	(140, 0.0)	(141, 0.16828800000000002)	(142, 2.44299e-05)	(143, 0.0)	(144, 0.00055746)	(145, 0.000971368)	(146, 0.0)	(147, 0.0)	(148, 0.0)	(149, 0.0055324400000000004)	(150, 0.0)	(151, 0.0)
reports | SRR35329996	(1, 0.0397755)	(2, 2.85311e-05)	(3, 0.0)	(4, 0.0)	(5, 0.0834677)	(6, 0.0)	(7, 0.0)	(8, 0.000855933)	(9, 0.0)	(10, 0.0)	(11, 0.0)	(12, 0.00012205)	(13, 3.0116199999999998e-05)	(14, 0.0209672)	(15, 0.0)	(16, 0.00278178)	(17, 0.166026)	(18, 0.256629)	(19, 0.0)	(20, 0.0)	(21, 4.1211600000000004e-05)	(22, 0.0)	(23, 0.0)	(24, 0.0)	(25, 0.0)	(26, 0.0)	(27, 0.0108149)	(28, 0.086267)	(29, 0.0)	(30, 4.27967e-05)	(31, 0.0)	(32, 0.0)	(33, 0.000507226)	(34, 0.00023934900000000003)	(35, 0.0)	(36, 0.0070157100000000005)	(37, 0.00422753)	(38, 0.0)	(39, 0.0)	(40, 0.0)	(41, 0.0)	(42, 0.00020608199999999998)	(43, 0.00535671)	(44, 0.00256351)	(45, 4.75625e-06)	(46, 0.0)	(47, 0.0)	(48, 0.0)	(49, 4.5986500000000004e-05)	(50, 0.0829788)	(51, 0.0)	(52, 0.0834651)	(53, 0.0008614459999999999)	(54, 0.0176652)	(55, 0.00778446)	(56, 0.0)	(57, 0.16506400000000002)	(58, 0.164306)	(59, 0.0827781)	(60, 0.0837372)	(61, 0.0837499)	(62, 0.166878)	(63, 0.0)	(64, 0.0)	(65, 0.000135373)	(66, 4.78088e-06)	(67, 0.0)	(68, 0.0)	(69, 0.0)	(70, 4.31509e-05)	(71, 0.0)	(72, 0.0)	(73, 0.0)	(74, 0.0)	(75, 6.4273499999999995e-06)	(76, 0.0)	(77, 0.170209)	(78, 0.0)	(79, 0.0)	(80, 0.0)	(81, 0.0)	(82, 0.0)	(83, 6.53509e-06)	(84, 0.0)	(85, 0.0)	(86, 0.000154872)	(87, 0.0)	(88, 0.0)	(89, 0.0)	(90, 2.17466e-05)	(91, 8.40122e-06)	(92, 0.0)	(93, 0.0)	(94, 0.007246099999999999)	(95, 0.0)	(96, 1.20712e-05)	(97, 0.0)	(98, 0.0)	(99, 0.15335500000000002)	(100, 0.0826235)	(101, 0.0)	(102, 0.0)	(103, 0.00165075)	(104, 0.0)	(105, 0.000259069)	(106, 0.0)	(107, 0.0)	(108, 0.000856243)	(109, 0.000190906)	(110, 7.41262e-05)	(111, 0.0)	(112, 0.0)	(113, 7.27778e-05)	(114, 0.000521798)	(115, 0.0)	(116, 0.0033152399999999997)	(117, 0.0)	(118, 0.00414569)	(119, 0.0)	(120, 0.0)	(121, 0.0)	(122, 0.0)	(123, 0.0)	(124, 7.052699999999999e-06)	(125, 0.000386465)	(126, 0.16417700000000002)	(127, 0.0)	(128, 0.0)	(129, 0.0)	(130, 0.0)	(131, 7.85508e-06)	(132, 0.0)	(133, 0.0)	(134, 0.0219025)	(135, 0.003265)	(136, 0.0)	(137, 0.0)	(138, 0.0)	(139, 0.0)	(140, 0.0)	(141, 0.168644)	(142, 9.418949999999999e-06)	(143, 0.0)	(144, 0.000556009)	(145, 0.0009201489999999999)	(146, 0.0)	(147, 0.0)	(148, 0.0)	(149, 0.00579565)	(150, 0.0)	(151, 0.0)
