Sample	0	1	2	3	4	5	6	7	8	9	10	11	12	13	14	15	16	17	18	19	20	21	22	23	24	25	26	27	28	29	30	31	32	33	34	35	36	37
fastp | SRR35329977_1	(1, 29.896862769806962)	(2, 36.04030668544923)	(3, 38.22460300169905)	(4, 38.620676484922505)	(5, 38.61095622755474)	(6, 38.74802227584131)	(7, 38.763641328220295)	(8, 38.644121371248765)	(9, 38.66458207129779)	(10, 38.896264276208015)	(15, 39.1281358400873)	(20, 39.21315938895643)	(25, 39.1788289998311)	(30, 39.16918690441051)	(35, 39.164316018790004)	(40, 39.15115802571471)	(45, 39.123851736515846)	(50, 39.12790098891936)	(55, 39.09998412218884)	(60, 39.049753561416466)	(65, 39.05275494758122)	(70, 39.01515301912937)	(75, 39.00931581129178)	(80, 38.97383337721267)	(85, 38.924590464351944)	(90, 38.84840701059461)	(95, 38.80843851143608)	(100, 38.78245258951178)	(105, 38.78451539107194)	(110, 38.730364462888545)	(115, 38.66337374616096)	(120, 38.572577458691164)	(125, 38.53113992683727)	(130, 38.47199343565903)	(135, 38.3966452964843)	(140, 38.375728618376115)	(145, 38.46107549484715)	(150, 37.95035482942351)
fastp | SRR35329977_2	(1, 21.57856261755453)	(2, 33.66978795890748)	(3, 35.73512127202378)	(4, 36.90740988718789)	(5, 37.701965621734765)	(6, 38.23746231901918)	(7, 38.349598196635455)	(8, 38.597019631094284)	(9, 38.68713009764445)	(10, 38.84662422632918)	(15, 38.94661584456411)	(20, 39.04190095497207)	(25, 39.065137608906525)	(30, 39.069342340043605)	(35, 39.06610780029264)	(40, 39.06015470505759)	(45, 39.0586955205324)	(50, 39.02332327798891)	(55, 38.98700394388957)	(60, 38.97586190863028)	(65, 38.977579247665105)	(70, 38.946095530672274)	(75, 38.89340683610324)	(80, 38.876037769604764)	(85, 38.8347971385193)	(90, 38.78304043771966)	(95, 38.722077990422676)	(100, 38.69899198553216)	(105, 38.640684456028715)	(110, 38.579121858083724)	(115, 38.5216723656685)	(120, 38.45890687144544)	(125, 38.37650400520651)	(130, 38.29792790782176)	(135, 38.252107389933414)	(140, 38.15805153151099)	(145, 38.259759406235695)	(150, 37.61772324492397)
fastp | SRR35329978_1	(1, 29.610410124438506)	(2, 35.934104876306414)	(3, 38.380204474939895)	(4, 38.74871831680863)	(5, 38.75416478059382)	(6, 38.691922461127774)	(7, 38.695194564875884)	(8, 38.78087530527726)	(9, 38.75994310408267)	(10, 38.921884366463814)	(15, 39.14345475162143)	(20, 39.22426332794428)	(25, 39.19206449551594)	(30, 39.18161778645817)	(35, 39.17269050806938)	(40, 39.150603282553725)	(45, 39.112606629701794)	(50, 39.100357462566706)	(55, 39.07433174393372)	(60, 39.01820682473283)	(65, 39.039378351759254)	(70, 38.993024170626484)	(75, 38.98581441191273)	(80, 38.94713132100209)	(85, 38.895757473127254)	(90, 38.81930439859563)	(95, 38.77581583170074)	(100, 38.752052697514564)	(105, 38.74771717471768)	(110, 38.696188282011164)	(115, 38.626829182162716)	(120, 38.54298642136955)	(125, 38.499397868558006)	(130, 38.447494450307275)	(135, 38.373889739372736)	(140, 38.36327906648074)	(145, 38.46103569312412)	(150, 37.96095390740946)
fastp | SRR35329978_2	(1, 22.552826279245636)	(2, 34.09622684303708)	(3, 36.02942871925971)	(4, 37.11955504618705)	(5, 37.87804003466652)	(6, 38.40872928120414)	(7, 38.49481538700275)	(8, 38.708422313016)	(9, 38.79004123214583)	(10, 38.927804474920336)	(15, 39.008364814250925)	(20, 39.093439260651074)	(25, 39.113401594240514)	(30, 39.11674627730244)	(35, 39.11504240995865)	(40, 39.10660097478321)	(45, 39.10497154662987)	(50, 39.068906590477)	(55, 39.03330399867848)	(60, 39.01905694369329)	(65, 39.02262439336971)	(70, 38.99191066468873)	(75, 38.933610786103735)	(80, 38.92603366815278)	(85, 38.88701066479244)	(90, 38.83788023495352)	(95, 38.77943008210575)	(100, 38.756775326823934)	(105, 38.70140247897216)	(110, 38.642007460741965)	(115, 38.58658471811841)	(120, 38.524888848906315)	(125, 38.44476846340133)	(130, 38.369704229572484)	(135, 38.324556214072274)	(140, 38.23688517152037)	(145, 38.33978880177068)	(150, 37.70604381507401)
fastp | SRR35329979_1	(1, 29.059732980128985)	(2, 35.93591496757996)	(3, 38.38642844642833)	(4, 38.62375356898967)	(5, 38.65255573871263)	(6, 38.814873356994745)	(7, 38.82329554820723)	(8, 38.62257233623532)	(9, 38.68905803492666)	(10, 38.91988764400183)	(15, 39.1570153613603)	(20, 39.23464300271342)	(25, 39.200016617275935)	(30, 39.19184898901047)	(35, 39.18761966623827)	(40, 39.171194694894716)	(45, 39.14758238196829)	(50, 39.150382938183824)	(55, 39.131057910339244)	(60, 39.082095814707436)	(65, 39.07681464652509)	(70, 39.027614638530906)	(75, 39.02101984325705)	(80, 38.98343860167861)	(85, 38.934761019484064)	(90, 38.85839306996952)	(95, 38.817222287999755)	(100, 38.793011684000405)	(105, 38.79289328952065)	(110, 38.74014327008645)	(115, 38.67168447465923)	(120, 38.586494417181605)	(125, 38.543694515096455)	(130, 38.490247271984195)	(135, 38.41662477194789)	(140, 38.40139439983224)	(145, 38.489000553736716)	(150, 37.98620195135355)
fastp | SRR35329979_2	(1, 20.25518251153687)	(2, 33.549161742129314)	(3, 35.52479189875099)	(4, 36.82165773654555)	(5, 37.665702358741406)	(6, 38.19294556795322)	(7, 38.301149200137075)	(8, 38.54608850584363)	(9, 38.63962510979092)	(10, 38.8105257017532)	(15, 38.925520237637976)	(20, 39.02450161647927)	(25, 39.05255767386082)	(30, 39.06244365175025)	(35, 39.06027468589805)	(40, 39.05512029637358)	(45, 39.05209453809209)	(50, 39.01680023508772)	(55, 38.978897823369316)	(60, 38.96835224851823)	(65, 38.96913158043701)	(70, 38.93642015086307)	(75, 38.885124647981044)	(80, 38.86510957938064)	(85, 38.82275326770862)	(90, 38.769657529740805)	(95, 38.709733888876556)	(100, 38.68395863947872)	(105, 38.626833520819815)	(110, 38.56393023401749)	(115, 38.507403102758396)	(120, 38.44342471058685)	(125, 38.36307820013091)	(130, 38.28450075005774)	(135, 38.24020382353045)	(140, 38.149401973421426)	(145, 38.257998286929805)	(150, 37.62153843866794)
fastp | SRR35329980_1	(1, 27.984236729554034)	(2, 36.412039800004884)	(3, 38.483538607550955)	(4, 38.648360872338245)	(5, 38.62725980033318)	(6, 38.59940263761061)	(7, 38.805189490075726)	(8, 38.79929688551839)	(9, 38.71290734308542)	(10, 38.90147342415222)	(15, 39.16130603578748)	(20, 39.23760768933549)	(25, 39.201391117147445)	(30, 39.184117285613674)	(35, 39.17742263791939)	(40, 39.158734436196895)	(45, 39.13229975003212)	(50, 39.1191781370848)	(55, 39.0935294106266)	(60, 39.04382136851733)	(65, 39.038786591340354)	(70, 38.99789317039543)	(75, 38.98865830138007)	(80, 38.94861722725502)	(85, 38.89406151515046)	(90, 38.81342472381727)	(95, 38.76631862286856)	(100, 38.738057689429176)	(105, 38.73156660022467)	(110, 38.67429416818813)	(115, 38.59962487333932)	(120, 38.51025563259437)	(125, 38.463331671966024)	(130, 38.40593403414949)	(135, 38.329893650181326)	(140, 38.31690300930952)	(145, 38.41891762197032)	(150, 37.89840217677333)
fastp | SRR35329980_2	(1, 20.718482130031187)	(2, 33.71387363858214)	(3, 35.394309952289085)	(4, 36.69430992677386)	(5, 37.59776328456439)	(6, 38.16773341559441)	(7, 38.313064789018455)	(8, 38.53195440565819)	(9, 38.64713683907387)	(10, 38.83971852967339)	(15, 38.96113027672875)	(20, 39.064406371763425)	(25, 39.091559222489934)	(30, 39.101061622696754)	(35, 39.10065187186474)	(40, 39.09582170099779)	(45, 39.095944281065684)	(50, 39.061186063077685)	(55, 39.025685198535086)	(60, 39.01364905846466)	(65, 39.016631036386926)	(70, 38.98334793959463)	(75, 38.93198722606769)	(80, 38.913862696707824)	(85, 38.873774990904785)	(90, 38.823095046234094)	(95, 38.76315803138404)	(100, 38.73996658967783)	(105, 38.68256948359809)	(110, 38.62342435431607)	(115, 38.56554087557443)	(120, 38.50365989841733)	(125, 38.42135142970714)	(130, 38.34533756969793)	(135, 38.29711345006111)	(140, 38.20785909285651)	(145, 38.31277052047493)	(150, 37.66817792282532)
fastp | SRR35329981_1	(1, 27.8702085592227)	(2, 35.96740140492339)	(3, 38.45858311792502)	(4, 38.71759452946321)	(5, 38.66024432618781)	(6, 38.79850159278677)	(7, 38.65026860921773)	(8, 38.63675915181904)	(9, 38.747539858660396)	(10, 38.94387900458441)	(15, 39.16431522445758)	(20, 39.24740751809688)	(25, 39.215703439637494)	(30, 39.20470270467653)	(35, 39.19641382292386)	(40, 39.17610625948103)	(45, 39.14198651567865)	(50, 39.117204145651705)	(55, 39.07983342199537)	(60, 39.02054379720143)	(65, 39.04440440034241)	(70, 39.01828143437504)	(75, 39.01057981717584)	(80, 38.97146768121683)	(85, 38.91976408831245)	(90, 38.84329495912972)	(95, 38.79821537696667)	(100, 38.77381717564025)	(105, 38.76627276684569)	(110, 38.71315572372767)	(115, 38.63999396902792)	(120, 38.554179798295266)	(125, 38.508585183418276)	(130, 38.45394453592311)	(135, 38.37999584420817)	(140, 38.36706344374772)	(145, 38.46629069225035)	(150, 37.94815452352846)
fastp | SRR35329981_2	(1, 20.915072439683126)	(2, 33.75990911594196)	(3, 35.77468263608977)	(4, 36.9859637147693)	(5, 37.79270044037822)	(6, 38.29590669501566)	(7, 38.39480446644199)	(8, 38.614305700615944)	(9, 38.70937441348679)	(10, 38.86899717135317)	(15, 38.9700337183512)	(20, 39.06387753346043)	(25, 39.08389248075446)	(30, 39.08585715515082)	(35, 39.081630184293125)	(40, 39.07301499446882)	(45, 39.07254660319499)	(50, 39.03619765792237)	(55, 38.999717825490706)	(60, 38.9840453034108)	(65, 38.985712459485605)	(70, 38.956565016531826)	(75, 38.8938485029134)	(80, 38.88769085098324)	(85, 38.847967520454645)	(90, 38.79685696089548)	(95, 38.73675125725123)	(100, 38.711630570144585)	(105, 38.655007004001035)	(110, 38.59311302256018)	(115, 38.53478913019027)	(120, 38.47139406444147)	(125, 38.38822719431992)	(130, 38.31015374039096)	(135, 38.262994576050495)	(140, 38.174308865240036)	(145, 38.28534828424067)	(150, 37.64102947710553)
fastp | SRR35329982_1	(1, 29.46254158663016)	(2, 35.7940471601154)	(3, 38.41069051522463)	(4, 38.631469736566174)	(5, 38.6455518272138)	(6, 38.59858528602206)	(7, 38.66027180924772)	(8, 38.79844063938375)	(9, 38.811516655074634)	(10, 38.900628677415625)	(15, 39.15618552583932)	(20, 39.2370074657121)	(25, 39.20271118199916)	(30, 39.19154115919413)	(35, 39.187115581012776)	(40, 39.16872064076106)	(45, 39.13185274188488)	(50, 39.11474206373314)	(55, 39.084147025502)	(60, 39.023920613463225)	(65, 39.04666676064776)	(70, 39.01751887793431)	(75, 39.0129114683282)	(80, 38.97376530671228)	(85, 38.921701746814115)	(90, 38.84390841100696)	(95, 38.7994495968709)	(100, 38.77579102572802)	(105, 38.77150013904432)	(110, 38.72010726941478)	(115, 38.64744309849239)	(120, 38.563068731496294)	(125, 38.51848670343872)	(130, 38.46628765697649)	(135, 38.390351271195684)	(140, 38.37864735346287)	(145, 38.46424536019854)	(150, 37.9604000204105)
fastp | SRR35329982_2	(1, 21.315619498805603)	(2, 32.94218341661364)	(3, 35.09440027572634)	(4, 36.38598213580821)	(5, 37.31184304093361)	(6, 37.94891657185447)	(7, 38.09394540808985)	(8, 38.370374443124156)	(9, 38.4958161443372)	(10, 38.69240500365946)	(15, 38.82257350357049)	(20, 38.93717612582843)	(25, 38.97243426783067)	(30, 38.9817445119455)	(35, 38.982728492523094)	(40, 38.979667326730514)	(45, 38.98241550658059)	(50, 38.94853538793976)	(55, 38.91156217294835)	(60, 38.90131896596832)	(65, 38.902113298892345)	(70, 38.87199303207655)	(75, 38.808960127123825)	(80, 38.800016989902616)	(85, 38.755665830794776)	(90, 38.70113257910855)	(95, 38.63658456201445)	(100, 38.609015117638116)	(105, 38.54479185314423)	(110, 38.47706476491515)	(115, 38.41255981621087)	(120, 38.3426905532945)	(125, 38.25087897021762)	(130, 38.160507440149516)	(135, 38.10573836536173)	(140, 37.99917850623099)	(145, 38.10831635454699)	(150, 37.429535365671626)
fastp | SRR35329983_1	(1, 30.26286448345471)	(2, 36.0799842092326)	(3, 38.401639656316924)	(4, 38.658616378643394)	(5, 38.67424074182668)	(6, 38.692681640675666)	(7, 38.67518786028609)	(8, 38.79927801197467)	(9, 38.81127440311174)	(10, 38.877236944469686)	(15, 39.14347734560818)	(20, 39.21907548075945)	(25, 39.18355556518308)	(30, 39.16924161190954)	(35, 39.163174317820996)	(40, 39.141157078154365)	(45, 39.11017491546469)	(50, 39.10805277761546)	(55, 39.07931247759039)	(60, 39.01744871690839)	(65, 39.02359140751403)	(70, 38.98736290598417)	(75, 38.983100213642935)	(80, 38.94515316251332)	(85, 38.895489940829634)	(90, 38.81966343464019)	(95, 38.77740160420804)	(100, 38.75389194176506)	(105, 38.751542801374384)	(110, 38.700386702479776)	(115, 38.62975715802363)	(120, 38.54378178704187)	(125, 38.498514662355205)	(130, 38.44136547647521)	(135, 38.365061631139646)	(140, 38.348187749867655)	(145, 38.44088082770216)	(150, 37.92737749449359)
fastp | SRR35329983_2	(1, 21.478244636603257)	(2, 33.314134631505624)	(3, 35.414466961849094)	(4, 36.63720685329812)	(5, 37.517590668756085)	(6, 38.100104201475624)	(7, 38.2357508805612)	(8, 38.49198032590673)	(9, 38.59879071926907)	(10, 38.782312413365254)	(15, 38.89654583381942)	(20, 38.99974390247394)	(25, 39.02477049807969)	(30, 39.027163873269984)	(35, 39.02440876120015)	(40, 39.01800359205633)	(45, 39.018031012459645)	(50, 38.98261292643721)	(55, 38.945403941386246)	(60, 38.93227501580856)	(65, 38.9331110214227)	(70, 38.900961484692445)	(75, 38.84132449655789)	(80, 38.82722037844987)	(85, 38.784303904880154)	(90, 38.72935394600847)	(95, 38.66525820985891)	(100, 38.639583709308866)	(105, 38.57669531995271)	(110, 38.50862367765982)	(115, 38.445177943823275)	(120, 38.37489143186142)	(125, 38.28513688269915)	(130, 38.195693964071474)	(135, 38.141349020583036)	(140, 38.03775514301779)	(145, 38.14101396674747)	(150, 37.46197964118616)
fastp | SRR35329984_1	(1, 28.961471961995272)	(2, 35.84952519751945)	(3, 38.32052605117798)	(4, 38.63826227233522)	(5, 38.78138978104952)	(6, 38.62570476645527)	(7, 38.67097736773333)	(8, 38.70144308447187)	(9, 38.81368723893043)	(10, 38.95471112530055)	(15, 39.18919794710001)	(20, 39.26248177291261)	(25, 39.22755802434156)	(30, 39.2170574237544)	(35, 39.20995885165074)	(40, 39.19205581981139)	(45, 39.15920250505674)	(50, 39.148364746607406)	(55, 39.12010009210758)	(60, 39.07134164648876)	(65, 39.07838651961939)	(70, 39.04006122185126)	(75, 39.03302042836109)	(80, 38.99448078523265)	(85, 38.9446789210172)	(90, 38.866738465596065)	(95, 38.8253547928919)	(100, 38.79869517590942)	(105, 38.795812091464256)	(110, 38.741106080359216)	(115, 38.67232361948497)	(120, 38.58650305021128)	(125, 38.544458342084056)	(130, 38.490482132574314)	(135, 38.41842672549443)	(140, 38.40438006891721)	(145, 38.49614089615602)	(150, 37.993423361410564)
fastp | SRR35329984_2	(1, 21.501810808108047)	(2, 33.85625087409676)	(3, 35.89208641733567)	(4, 37.06222825843562)	(5, 37.84112937343168)	(6, 38.35001922048399)	(7, 38.443137810853464)	(8, 38.667063846392054)	(9, 38.74366679265625)	(10, 38.884445658530616)	(15, 38.966469529368695)	(20, 39.05703862376303)	(25, 39.07626509916706)	(30, 39.08045047211244)	(35, 39.07577685381647)	(40, 39.06970843000873)	(45, 39.06570177281698)	(50, 39.02873631003719)	(55, 38.99236237606799)	(60, 38.97564532579156)	(65, 38.97927106930482)	(70, 38.945562532228344)	(75, 38.89695076261079)	(80, 38.88324625376113)	(85, 38.84393402792328)	(90, 38.7927644424604)	(95, 38.7347860232335)	(100, 38.70978104982752)	(105, 38.653902393497404)	(110, 38.59351821805783)	(115, 38.53759139678523)	(120, 38.474081862354375)	(125, 38.39340565749921)	(130, 38.31657604384276)	(135, 38.27110122253585)	(140, 38.18298095217341)	(145, 38.2911175318536)	(150, 37.650724551526956)
fastp | SRR35329985_1	(1, 29.21797898317803)	(2, 35.92837350861778)	(3, 38.4670659497876)	(4, 38.68482731544824)	(5, 38.743775203899084)	(6, 38.73228556147541)	(7, 38.72985895060061)	(8, 38.73376664322579)	(9, 38.77305592032146)	(10, 38.951903698265326)	(15, 39.17194544758055)	(20, 39.24933604085735)	(25, 39.21619305776473)	(30, 39.2044463700196)	(35, 39.19473795962601)	(40, 39.17240165823836)	(45, 39.13645039244163)	(50, 39.131571969972654)	(55, 39.100643830376704)	(60, 39.040997697426235)	(65, 39.051918251106926)	(70, 39.00700317466285)	(75, 38.99745411165973)	(80, 38.95504587934737)	(85, 38.90289412857059)	(90, 38.82344626025311)	(95, 38.7773786296319)	(100, 38.750798002981384)	(105, 38.74260319383269)	(110, 38.688601899723764)	(115, 38.61720014878411)	(120, 38.533541658581704)	(125, 38.48920480486638)	(130, 38.43848212864982)	(135, 38.36735062221369)	(140, 38.359156741396006)	(145, 38.46215873259585)	(150, 37.95190059570228)
fastp | SRR35329985_2	(1, 20.597237088731912)	(2, 33.84960255961767)	(3, 35.71928515404268)	(4, 36.960821806722684)	(5, 37.793069011050555)	(6, 38.30034793006832)	(7, 38.40875918031356)	(8, 38.63433245593657)	(9, 38.7246466097885)	(10, 38.88157847651687)	(15, 38.988090757754655)	(20, 39.0833796287074)	(25, 39.10592516895274)	(30, 39.10990876581419)	(35, 39.10791460735827)	(40, 39.101914618298295)	(45, 39.10055067694158)	(50, 39.064559977684624)	(55, 39.02906754751886)	(60, 39.014769960341006)	(65, 39.01681005278093)	(70, 38.98703255217636)	(75, 38.92662576107292)	(80, 38.91920607075177)	(85, 38.879574831097706)	(90, 38.82972667144928)	(95, 38.76976782844516)	(100, 38.74648614982815)	(105, 38.68964621105147)	(110, 38.63038944268671)	(115, 38.57333965667881)	(120, 38.51154550559565)	(125, 38.42985080308627)	(130, 38.35411566367726)	(135, 38.30718631945455)	(140, 38.21957434152982)	(145, 38.32451664437109)	(150, 37.67426646889052)
fastp | SRR35329986_1	(1, 28.285241529467555)	(2, 36.081305197773425)	(3, 38.43327602993189)	(4, 38.6191407272021)	(5, 38.64331455857744)	(6, 38.78743115075682)	(7, 38.73645769740915)	(8, 38.66672894599373)	(9, 38.75297689654551)	(10, 38.94317631345264)	(15, 39.16960620453337)	(20, 39.25277775251173)	(25, 39.22477825474135)	(30, 39.212138187847174)	(35, 39.206408755818174)	(40, 39.18230743351696)	(45, 39.16018092038376)	(50, 39.14468228651745)	(55, 39.12294772196447)	(60, 39.07326673284696)	(65, 39.070991583467354)	(70, 39.03054215146683)	(75, 39.02477837389439)	(80, 38.98685360550692)	(85, 38.936741225809214)	(90, 38.86332376673985)	(95, 38.81940483697783)	(100, 38.79634013664985)	(105, 38.7896530734586)	(110, 38.738708193816294)	(115, 38.667759295358294)	(120, 38.58529393182593)	(125, 38.53977001428321)	(130, 38.48796138198203)	(135, 38.413935081944274)	(140, 38.40001946920502)	(145, 38.494456630882084)	(150, 37.986673660852134)
fastp | SRR35329986_2	(1, 21.19950010674163)	(2, 33.923477469312004)	(3, 35.938703926540356)	(4, 37.10755620165304)	(5, 37.87116959399122)	(6, 38.35987896908095)	(7, 38.460821291682514)	(8, 38.66787997211341)	(9, 38.76324975740133)	(10, 38.91647020321217)	(15, 39.00377429130067)	(20, 39.093310119481075)	(25, 39.108725237413175)	(30, 39.107651208323944)	(35, 39.10439162383766)	(40, 39.097445902115034)	(45, 39.09564036923801)	(50, 39.0605034307719)	(55, 39.02500062761514)	(60, 39.01324943504398)	(65, 39.01579734058616)	(70, 38.984148373137586)	(75, 38.93234007135002)	(80, 38.91451395745213)	(85, 38.874942562550615)	(90, 38.82480648187609)	(95, 38.76482127610325)	(100, 38.74055768726963)	(105, 38.68369333369284)	(110, 38.621821380763)	(115, 38.56320771233688)	(120, 38.49951369443268)	(125, 38.41622090822126)	(130, 38.339303892796366)	(135, 38.29207098448467)	(140, 38.20189401748402)	(145, 38.30882319153444)	(150, 37.6716963010566)
fastp | SRR35329987_1	(1, 27.41795828998725)	(2, 36.276602317495986)	(3, 38.43739363010434)	(4, 38.628177005697694)	(5, 38.67732991966996)	(6, 38.56262216963)	(7, 38.57609516388349)	(8, 38.59064677873421)	(9, 38.648175778390524)	(10, 38.84995114464967)	(15, 39.12281672139106)	(20, 39.20845885390799)	(25, 39.171338974739406)	(30, 39.16154420200046)	(35, 39.152366713092285)	(40, 39.130655597220255)	(45, 39.10058510290885)	(50, 39.082428652136954)	(55, 39.053934696279214)	(60, 38.997239748788516)	(65, 39.007918637540875)	(70, 38.968899847748425)	(75, 38.959710373596316)	(80, 38.917833269603456)	(85, 38.862211586429105)	(90, 38.7790582511816)	(95, 38.730523749303806)	(100, 38.700820859334684)	(105, 38.69486673342861)	(110, 38.6361408483737)	(115, 38.556590343256914)	(120, 38.46289331772096)	(125, 38.41216397906315)	(130, 38.352407317472654)	(135, 38.271405080830206)	(140, 38.2559047821975)	(145, 38.3585954608003)	(150, 37.820951382286786)
fastp | SRR35329987_2	(1, 20.701538958418173)	(2, 33.95579742735557)	(3, 35.91476906539178)	(4, 37.17580271520637)	(5, 37.96636177029129)	(6, 38.460511629926074)	(7, 38.556940813766566)	(8, 38.77006313249986)	(9, 38.858750482237184)	(10, 39.01546835901387)	(15, 39.10864613612437)	(20, 39.1983164674642)	(25, 39.21845717106364)	(30, 39.223558281684795)	(35, 39.220339244693335)	(40, 39.21355512611192)	(45, 39.21120867674436)	(50, 39.176661027610756)	(55, 39.14011206695845)	(60, 39.12853669061168)	(65, 39.13071001025787)	(70, 39.10052473420778)	(75, 39.04470482758259)	(80, 39.0335432703288)	(85, 38.994803384055366)	(90, 38.94625686164138)	(95, 38.88780227460105)	(100, 38.86394424680718)	(105, 38.80962090755115)	(110, 38.75112377268281)	(115, 38.69514744595934)	(120, 38.634117354686694)	(125, 38.55376383076867)	(130, 38.47816671614945)	(135, 38.43152694992273)	(140, 38.33701139297587)	(145, 38.42027546950687)	(150, 37.77575615723817)
fastp | SRR35329988_1	(1, 28.5858606891663)	(2, 36.35336553121022)	(3, 38.43692254363964)	(4, 38.61755787035646)	(5, 38.61149188496084)	(6, 38.64739323680187)	(7, 38.66852882796984)	(8, 38.74927683274364)	(9, 38.78818315478481)	(10, 38.86870444536881)	(15, 39.134454988087434)	(20, 39.21413318324755)	(25, 39.181188099317964)	(30, 39.17130496032023)	(35, 39.16571109465287)	(40, 39.14722470835968)	(45, 39.120633393246145)	(50, 39.11443767689091)	(55, 39.090214289675046)	(60, 39.03574707731413)	(65, 39.043281958027585)	(70, 38.99571818445891)	(75, 38.98989450015859)	(80, 38.95105908468074)	(85, 38.90113023863995)	(90, 38.8241084755625)	(95, 38.78171173520894)	(100, 38.757394117633595)	(105, 38.75378717660739)	(110, 38.70202115299226)	(115, 38.63097245571998)	(120, 38.54468032862361)	(125, 38.49948652262417)	(130, 38.44478908937918)	(135, 38.36918666038668)	(140, 38.35544202296054)	(145, 38.451988499247854)	(150, 37.95216169638165)
fastp | SRR35329988_2	(1, 20.401842307837388)	(2, 33.47719095400636)	(3, 35.508707247943484)	(4, 36.82926663807776)	(5, 37.683300274367056)	(6, 38.22439475547503)	(7, 38.329588904923355)	(8, 38.565859237519696)	(9, 38.66428531210776)	(10, 38.83572649795358)	(15, 38.947329368250095)	(20, 39.045359355799)	(25, 39.07014601037122)	(30, 39.07588799641191)	(35, 39.072105133767806)	(40, 39.06561797388533)	(45, 39.063016671423306)	(50, 39.02617631998679)	(55, 38.98929218986585)	(60, 38.977524793071254)	(65, 38.9793496308035)	(70, 38.946756301897004)	(75, 38.893315649809175)	(80, 38.87519913340934)	(85, 38.83388580625545)	(90, 38.78147359931569)	(95, 38.72048378708321)	(100, 38.695386044009446)	(105, 38.63443194026985)	(110, 38.57086846321032)	(115, 38.51020404539104)	(120, 38.444177106141055)	(125, 38.35741287545873)	(130, 38.27647965415543)	(135, 38.225404936225345)	(140, 38.13035306035421)	(145, 38.2368907415533)	(150, 37.599738596024466)
fastp | SRR35329989_1	(1, 29.532773727316922)	(2, 35.88208740485142)	(3, 38.11661902840137)	(4, 38.54120277242472)	(5, 38.55132462429403)	(6, 38.61356930132084)	(7, 38.62837359884681)	(8, 38.57354216105336)	(9, 38.64995443601642)	(10, 38.875761363328934)	(15, 39.13323561199271)	(20, 39.214149758436704)	(25, 39.18004407324163)	(30, 39.16990771860136)	(35, 39.16517385570544)	(40, 39.143608546910976)	(45, 39.119732810797316)	(50, 39.12113144941808)	(55, 39.09807044528402)	(60, 39.042870951907666)	(65, 39.04403617008988)	(70, 38.99680961493229)	(75, 38.99024580121969)	(80, 38.95102417210691)	(85, 38.899319607377876)	(90, 38.82014355963223)	(95, 38.774840053500455)	(100, 38.748857989785755)	(105, 38.746073879753226)	(110, 38.69252551690107)	(115, 38.6190053228478)	(120, 38.53085155593324)	(125, 38.48501027216244)	(130, 38.42954706978644)	(135, 38.35232748750711)	(140, 38.3361221960664)	(145, 38.42704105792012)	(150, 37.92085989674628)
fastp | SRR35329989_2	(1, 20.905653393919955)	(2, 33.5166607204488)	(3, 35.640915863394305)	(4, 36.87851984332168)	(5, 37.71752905267571)	(6, 38.26002586558245)	(7, 38.36982277428345)	(8, 38.61963640616175)	(9, 38.7110357218552)	(10, 38.872150411074074)	(15, 38.970803313984824)	(20, 39.06762650415667)	(25, 39.09094640490856)	(30, 39.09617076868379)	(35, 39.09388608903328)	(40, 39.088493052256965)	(45, 39.08757643549835)	(50, 39.051490471325465)	(55, 39.01617874199174)	(60, 39.00457630064543)	(65, 39.00749495225019)	(70, 38.9754107565489)	(75, 38.923311640390146)	(80, 38.907233759025786)	(85, 38.86690628961316)	(90, 38.816359246430196)	(95, 38.755933354677694)	(100, 38.733203528618226)	(105, 38.67664093680682)	(110, 38.616475999357235)	(115, 38.55946212127689)	(120, 38.49684395050799)	(125, 38.41587245824473)	(130, 38.33752472046557)	(135, 38.291715818917815)	(140, 38.19627165836971)	(145, 38.29307289749589)	(150, 37.66353894787868)
fastp | SRR35329990_1	(1, 29.981609377492703)	(2, 35.9920732209641)	(3, 38.38526785396646)	(4, 38.706103584367746)	(5, 38.718940261509076)	(6, 38.72798149176364)	(7, 38.74317637799582)	(8, 38.77599732814255)	(9, 38.7751963881233)	(10, 38.90477851520746)	(15, 39.13689227351598)	(20, 39.21180603693366)	(25, 39.173517105828374)	(30, 39.16091640508082)	(35, 39.152561263827536)	(40, 39.13669276990124)	(45, 39.1010628258159)	(50, 39.1073522778956)	(55, 39.07382350568472)	(60, 39.02099956941556)	(65, 39.01990299217091)	(70, 38.97866509864458)	(75, 38.96861240400887)	(80, 38.927781610586955)	(85, 38.87623003817)	(90, 38.79371495017671)	(95, 38.752215538434555)	(100, 38.72155513153179)	(105, 38.72283716618439)	(110, 38.66396410289534)	(115, 38.59687408651864)	(120, 38.50606746518496)	(125, 38.466568815081395)	(130, 38.4116251513209)	(135, 38.34096853871559)	(140, 38.331589695403345)	(145, 38.43375380513617)	(150, 37.93127124961377)
fastp | SRR35329990_2	(1, 22.00684733765367)	(2, 33.95008879759814)	(3, 35.9537058520519)	(4, 37.0925559606604)	(5, 37.86557201777958)	(6, 38.38208087872289)	(7, 38.483177319249506)	(8, 38.6943857475333)	(9, 38.779257769179054)	(10, 38.92228964330343)	(15, 39.00696793128129)	(20, 39.0941288590008)	(25, 39.11280555747721)	(30, 39.11646840457224)	(35, 39.11326713517419)	(40, 39.10696201361073)	(45, 39.10203811607978)	(50, 39.06338737772409)	(55, 39.02735510551682)	(60, 39.008163884731395)	(65, 39.00917667901644)	(70, 38.97515521778241)	(75, 38.93484540467809)	(80, 38.92815763745729)	(85, 38.88934821458821)	(90, 38.8397159153957)	(95, 38.781502770848384)	(100, 38.75968433154211)	(105, 38.70462771455761)	(110, 38.645801647771954)	(115, 38.589788054624954)	(120, 38.5293440349789)	(125, 38.44821234047398)	(130, 38.373627998817106)	(135, 38.32986254695498)	(140, 38.24070560582952)	(145, 38.34112308804534)	(150, 37.711497067086825)
fastp | SRR35329991_1	(1, 29.974173979200177)	(2, 36.07474723339315)	(3, 38.31872321425788)	(4, 38.656100475866225)	(5, 38.6985671546291)	(6, 38.71004896619531)	(7, 38.78011372248173)	(8, 38.67283898474177)	(9, 38.69253002646527)	(10, 38.86794719834521)	(15, 39.1187190662804)	(20, 39.203984302127324)	(25, 39.16538686232446)	(30, 39.14853158752995)	(35, 39.14308501860121)	(40, 39.12088125013746)	(45, 39.08056337793747)	(50, 39.04901591531938)	(55, 39.016862733412246)	(60, 38.957413118045494)	(65, 38.985207885365014)	(70, 38.95374940039854)	(75, 38.94560381176676)	(80, 38.90452504017041)	(85, 38.8513203201706)	(90, 38.7719464225166)	(95, 38.72639369119486)	(100, 38.700014381730874)	(105, 38.69625106527394)	(110, 38.6411809877776)	(115, 38.56820402279061)	(120, 38.48036545468455)	(125, 38.435249793098)	(130, 38.378900932324385)	(135, 38.30317987140974)	(140, 38.293137050803374)	(145, 38.396686293576565)	(150, 37.877407560690955)
fastp | SRR35329991_2	(1, 21.827566631286434)	(2, 33.86399304929831)	(3, 35.89104942071365)	(4, 37.07044938552374)	(5, 37.86574410379968)	(6, 38.38954957501286)	(7, 38.49017174694634)	(8, 38.70629356514437)	(9, 38.8021420908825)	(10, 38.955211709962676)	(15, 39.044493808325726)	(20, 39.13463438680131)	(25, 39.15015018980855)	(30, 39.149418158312855)	(35, 39.145177307822316)	(40, 39.1373877242647)	(45, 39.135783171228766)	(50, 39.10154803938503)	(55, 39.06533088095298)	(60, 39.05180599472933)	(65, 39.05493146277908)	(70, 39.02710481150798)	(75, 38.965014626721455)	(80, 38.96221275026526)	(85, 38.92423387145432)	(90, 38.87692906502561)	(95, 38.819451821013715)	(100, 38.79768032991372)	(105, 38.74372065626669)	(110, 38.686076825716974)	(115, 38.63152442568138)	(120, 38.57235206964893)	(125, 38.49357687242398)	(130, 38.41924092864287)	(135, 38.374432379630825)	(140, 38.284362006705365)	(145, 38.375793760221576)	(150, 37.74462584750141)
fastp | SRR35329992_1	(1, 28.693623580823193)	(2, 36.57968939371185)	(3, 38.46137675345505)	(4, 38.66139747554969)	(5, 38.76453189816544)	(6, 38.701397588115455)	(7, 38.636843936879224)	(8, 38.740708708787054)	(9, 38.79706174689756)	(10, 38.88012668277268)	(15, 39.138515212342426)	(20, 39.22707873065164)	(25, 39.20050648018482)	(30, 39.19317031143028)	(35, 39.1878557842776)	(40, 39.16851563103074)	(45, 39.14671643306215)	(50, 39.14794338322579)	(55, 39.13023087086574)	(60, 39.07999812436792)	(65, 39.075424356952055)	(70, 39.026219735646656)	(75, 39.02052082366282)	(80, 38.98327767443654)	(85, 38.933626931426616)	(90, 38.85845640226414)	(95, 38.817173494492295)	(100, 38.793293816044745)	(105, 38.791353313570035)	(110, 38.739655381390136)	(115, 38.67067463008671)	(120, 38.5851952811848)	(125, 38.54135786856475)	(130, 38.488194605155925)	(135, 38.4136713308015)	(140, 38.3976233141022)	(145, 38.48477478183406)	(150, 37.981912016152386)
fastp | SRR35329992_2	(1, 20.575201096895505)	(2, 33.79265044453746)	(3, 35.75500496841084)	(4, 36.950336392790135)	(5, 37.73109042455125)	(6, 38.24637961678091)	(7, 38.34156480560918)	(8, 38.60786227673515)	(9, 38.68780387824824)	(10, 38.84364646218167)	(15, 38.95157628100496)	(20, 39.05557111897049)	(25, 39.078589620942154)	(30, 39.08443846275194)	(35, 39.08156382892014)	(40, 39.07670326743416)	(45, 39.07694645702079)	(50, 39.04314718604809)	(55, 39.00691306876215)	(60, 38.996247242662015)	(65, 38.99729301640029)	(70, 38.965759397007936)	(75, 38.91310737081822)	(80, 38.89670786841242)	(85, 38.856150506893655)	(90, 38.8058503611641)	(95, 38.745341376290256)	(100, 38.72145444985402)	(105, 38.66439008527674)	(110, 38.603050575888645)	(115, 38.54463545031343)	(120, 38.48118170655451)	(125, 38.39703504673703)	(130, 38.31816432496178)	(135, 38.269417854275595)	(140, 38.17511369522565)	(145, 38.27810723537932)	(150, 37.64319009560373)
fastp | SRR35329993_1	(1, 28.66002467761537)	(2, 36.280290202036426)	(3, 38.31079406587877)	(4, 38.67129773464162)	(5, 38.604390630994)	(6, 38.571683704316364)	(7, 38.683294782980994)	(8, 38.75641545345619)	(9, 38.715822022881014)	(10, 38.907197191088514)	(15, 39.15425589079647)	(20, 39.22988601422012)	(25, 39.19433909201414)	(30, 39.181043640007246)	(35, 39.17345397997951)	(40, 39.15254133093872)	(45, 39.11676186543109)	(50, 39.0819290005367)	(55, 39.04662881718237)	(60, 38.990717361828)	(65, 39.01579460897902)	(70, 38.99684526268841)	(75, 38.99105706824834)	(80, 38.95099051265911)	(85, 38.89856332767998)	(90, 38.81871771571878)	(95, 38.773676568347845)	(100, 38.74484580410024)	(105, 38.74081176476957)	(110, 38.68340722999621)	(115, 38.6085023560916)	(120, 38.51746747953337)	(125, 38.46817468322612)	(130, 38.408509238985175)	(135, 38.32856535358165)	(140, 38.312498024027114)	(145, 38.41048453825135)	(150, 37.89042270123004)
fastp | SRR35329993_2	(1, 20.66895468072948)	(2, 33.57718895174203)	(3, 35.63912410210176)	(4, 36.893444526939476)	(5, 37.74888020188335)	(6, 38.2872064191857)	(7, 38.39309338993868)	(8, 38.61043343347211)	(9, 38.710316957545714)	(10, 38.87357391525823)	(15, 38.97306016912869)	(20, 39.066156342622165)	(25, 39.088064926725195)	(30, 39.09052897690917)	(35, 39.08648984868724)	(40, 39.07926491600939)	(45, 39.076481245473424)	(50, 39.041043067469644)	(55, 39.00314555481284)	(60, 38.985359686704214)	(65, 38.98836502520008)	(70, 38.958263268244664)	(75, 38.89630351956505)	(80, 38.891361093844054)	(85, 38.850505135446795)	(90, 38.799364475306895)	(95, 38.73860251090015)	(100, 38.71316698563194)	(105, 38.65519500199546)	(110, 38.592368704463475)	(115, 38.53395019054197)	(120, 38.467894094897204)	(125, 38.384010333599235)	(130, 38.30310445064835)	(135, 38.25603003243636)	(140, 38.16414403089036)	(145, 38.27495853539618)	(150, 37.631970457707126)
fastp | SRR35329994_1	(1, 30.009298147292064)	(2, 35.969173036058386)	(3, 38.24979849262746)	(4, 38.69771151986122)	(5, 38.62443696840246)	(6, 38.560677697038244)	(7, 38.77036176329486)	(8, 38.65422759520583)	(9, 38.79367176864139)	(10, 38.89543676299465)	(15, 39.14067979429716)	(20, 39.221327531484334)	(25, 39.18989848655379)	(30, 39.182792628523316)	(35, 39.176696388021796)	(40, 39.16092838186116)	(45, 39.12486445506688)	(50, 39.11496993981624)	(55, 39.07423105945433)	(60, 39.02369156248828)	(65, 39.03831584473503)	(70, 39.01535812980935)	(75, 39.008682396762254)	(80, 38.97247139110324)	(85, 38.92313446767251)	(90, 38.8475094216979)	(95, 38.807424040796526)	(100, 38.782366453386395)	(105, 38.78331503808041)	(110, 38.72989436334635)	(115, 38.663487332867206)	(120, 38.577051730500195)	(125, 38.536168931353515)	(130, 38.480968075891894)	(135, 38.4084290352808)	(140, 38.392988712669364)	(145, 38.48389813044114)	(150, 37.97714644336708)
fastp | SRR35329994_2	(1, 21.138296023462825)	(2, 33.71939509366858)	(3, 35.78884574074419)	(4, 36.990176419062465)	(5, 37.78158375323426)	(6, 38.290771695149076)	(7, 38.37966650746536)	(8, 38.64301154655447)	(9, 38.71700671163828)	(10, 38.86772800449281)	(15, 38.96516287465927)	(20, 39.0577170066486)	(25, 39.07901354572697)	(30, 39.0829126871241)	(35, 39.079853512690775)	(40, 39.07231118821613)	(45, 39.07054424046795)	(50, 39.03451238696473)	(55, 38.99751772049337)	(60, 38.982707924769564)	(65, 38.98466010303826)	(70, 38.954054636453805)	(75, 38.89376913793226)	(80, 38.88457124304382)	(85, 38.84377662007446)	(90, 38.79362304435237)	(95, 38.73344325248456)	(100, 38.71112858022901)	(105, 38.653683004709094)	(110, 38.59330441349162)	(115, 38.53639280910558)	(120, 38.47498488168678)	(125, 38.39333366484471)	(130, 38.316943186038095)	(135, 38.27057896816946)	(140, 38.18147155116861)	(145, 38.28505264867563)	(150, 37.65526401400535)
fastp | SRR35329995_1	(1, 29.967885479121716)	(2, 36.108389403507566)	(3, 38.35270969057014)	(4, 38.677385514134585)	(5, 38.71356893929558)	(6, 38.66716463417279)	(7, 38.65596057836047)	(8, 38.683830590334246)	(9, 38.7865944667559)	(10, 38.88910624750806)	(15, 39.12252621783243)	(20, 39.20945053910451)	(25, 39.17453459638583)	(30, 39.16281620813177)	(35, 39.15458946823936)	(40, 39.13699400319213)	(45, 39.10223549624375)	(50, 39.09951972840953)	(55, 39.069774625426476)	(60, 39.01297709106837)	(65, 39.02133121661733)	(70, 38.98094986720196)	(75, 38.97137056646962)	(80, 38.931759522690434)	(85, 38.87896476602083)	(90, 38.7980492408724)	(95, 38.75440000253933)	(100, 38.72582263726572)	(105, 38.724303940895865)	(110, 38.66678995564814)	(115, 38.59547936048123)	(120, 38.50549897977191)	(125, 38.46257107257004)	(130, 38.40515611400615)	(135, 38.331341781453844)	(140, 38.31835436699813)	(145, 38.41795846694079)	(150, 37.913318759121424)
fastp | SRR35329995_2	(1, 20.8837610029316)	(2, 33.70940151805006)	(3, 35.78902774289724)	(4, 37.029612740975224)	(5, 37.85822757649748)	(6, 38.366720163320515)	(7, 38.47383362528984)	(8, 38.682566611461354)	(9, 38.779940865775224)	(10, 38.9394420749861)	(15, 39.03464149543301)	(20, 39.126843957730024)	(25, 39.14541828775875)	(30, 39.14549366996514)	(35, 39.13823789553529)	(40, 39.13083704018789)	(45, 39.126665822677126)	(50, 39.09117282686164)	(55, 39.05526639962932)	(60, 39.04314328856468)	(65, 39.044592180073614)	(70, 39.01624845755968)	(75, 38.95700776710239)	(80, 38.949292532455694)	(85, 38.91032829179861)	(90, 38.8625135620327)	(95, 38.80332177224656)	(100, 38.78205062233411)	(105, 38.72787006511889)	(110, 38.66961481040946)	(115, 38.614563852088565)	(120, 38.55465005678982)	(125, 38.474790831976904)	(130, 38.39960845239092)	(135, 38.353934670042236)	(140, 38.262738982776256)	(145, 38.35747015864205)	(150, 37.726561780346344)
fastp | SRR35329996_1	(1, 26.075879167732488)	(2, 35.77038814442609)	(3, 38.125013928726325)	(4, 38.472396268118956)	(5, 38.44573216058662)	(6, 38.47731002160407)	(7, 38.38701698783126)	(8, 38.55474809714181)	(9, 38.61879292762125)	(10, 38.734109587525516)	(15, 39.031337115564384)	(20, 39.13764720028559)	(25, 39.10141712407046)	(30, 39.096733844490686)	(35, 39.08903211866423)	(40, 39.072148624720576)	(45, 39.040078768137064)	(50, 39.02650625568914)	(55, 38.995284356786186)	(60, 38.94063576626395)	(65, 38.94751154715402)	(70, 38.92035234975579)	(75, 38.91198901717005)	(80, 38.87043881883217)	(85, 38.81352620766145)	(90, 38.72715332103216)	(95, 38.6780791306449)	(100, 38.64653768432943)	(105, 38.64436306729603)	(110, 38.582309896144686)	(115, 38.49945319427708)	(120, 38.39841936294963)	(125, 38.34481017652528)	(130, 38.27951400484154)	(135, 38.19155927885216)	(140, 38.17105828211925)	(145, 38.271358855212874)	(150, 37.709378195492704)
fastp | SRR35329996_2	(1, 21.481151623763758)	(2, 34.13490750105224)	(3, 36.222738871197315)	(4, 37.419881554074)	(5, 38.161997419456775)	(6, 38.647478955220144)	(7, 38.73243977932015)	(8, 38.94251467632049)	(9, 39.01751378630856)	(10, 39.148857327711525)	(15, 39.22101386798677)	(20, 39.301316761157985)	(25, 39.31522480243082)	(30, 39.314979054467)	(35, 39.30841976800728)	(40, 39.30032209374997)	(45, 39.29605626238551)	(50, 39.26167464167382)	(55, 39.22503551166985)	(60, 39.21340515034813)	(65, 39.217292527440364)	(70, 39.190053281226014)	(75, 39.13507442741006)	(80, 39.12747261923529)	(85, 39.09104345401387)	(90, 39.04610227080078)	(95, 38.991466878483884)	(100, 38.97055596806933)	(105, 38.92010425202972)	(110, 38.86382851068912)	(115, 38.81245786378406)	(120, 38.754090278070876)	(125, 38.67774120472329)	(130, 38.60677640274902)	(135, 38.5614577609511)	(140, 38.46672240916779)	(145, 38.53126281644209)	(150, 37.90706705177237)
