Sample	0	1	2	3	4	5	6	7	8	9	10	11	12	13	14	15	16	17	18	19	20	21	22	23	24	25	26	27	28	29	30	31	32	33	34	35	36	37	38	39	40	41	42	43	44	45	46	47	48	49	50	51	52	53	54	55	56	57	58	59	60	61	62	63	64	65	66	67	68	69	70	71	72	73	74	75	76	77	78	79	80	81	82	83	84	85	86	87	88	89	90	91	92	93	94	95	96	97	98	99	100	101	102	103	104	105	106	107	108	109	110	111	112	113	114	115	116	117	118	119	120	121	122	123	124	125	126	127	128	129	130	131	132	133	134	135	136	137	138	139	140	141	142	143	144	145	146	147	148	149	150
reports | SRR35329977	(1, 12.0245)	(2, 76.2074)	(3, 52.0828)	(4, 59.61579999999999)	(5, 53.9583)	(6, 47.6131)	(7, 46.3396)	(8, 38.675399999999996)	(9, 50.067499999999995)	(10, 46.5521)	(11, 42.5836)	(12, 55.4076)	(13, 52.1451)	(14, 49.763600000000004)	(15, 48.0714)	(16, 49.4948)	(17, 50.126400000000004)	(18, 49.4507)	(19, 49.537)	(20, 50.080000000000005)	(21, 49.7225)	(22, 49.666)	(23, 49.680400000000006)	(24, 49.0533)	(25, 49.3565)	(26, 49.9269)	(27, 49.4811)	(28, 49.4938)	(29, 49.8741)	(30, 49.4989)	(31, 49.702400000000004)	(32, 49.900800000000004)	(33, 49.278800000000004)	(34, 49.4873)	(35, 49.9319)	(36, 49.6583)	(37, 49.749900000000004)	(38, 50.0568)	(39, 49.6111)	(40, 49.7519)	(41, 50.1565)	(42, 49.812)	(43, 49.7904)	(44, 50.2177)	(45, 49.6396)	(46, 49.8549)	(47, 50.283100000000005)	(48, 49.7806)	(49, 49.9031)	(50, 50.442600000000006)	(51, 49.9384)	(52, 49.9968)	(53, 50.313300000000005)	(54, 49.815599999999996)	(55, 49.8874)	(56, 50.1743)	(57, 49.7812)	(58, 50.0258)	(59, 50.2923)	(60, 49.9171)	(61, 49.8974)	(62, 50.270199999999996)	(63, 49.7156)	(64, 49.844)	(65, 50.3299)	(66, 49.8239)	(67, 49.951299999999996)	(68, 50.299499999999995)	(69, 49.8145)	(70, 49.8889)	(71, 50.1934)	(72, 49.7988)	(73, 49.9898)	(74, 50.3806)	(75, 49.8666)	(76, 50.0558)	(77, 50.3676)	(78, 49.9195)	(79, 50.0934)	(80, 50.2745)	(81, 49.976)	(82, 49.9649)	(83, 50.35809999999999)	(84, 49.9961)	(85, 50.0544)	(86, 50.3483)	(87, 49.8561)	(88, 49.889)	(89, 50.2574)	(90, 49.6485)	(91, 49.8592)	(92, 50.2324)	(93, 49.8097)	(94, 49.7851)	(95, 50.2042)	(96, 49.7496)	(97, 49.7974)	(98, 50.1941)	(99, 49.693799999999996)	(100, 49.823699999999995)	(101, 50.0533)	(102, 49.7301)	(103, 49.6529)	(104, 49.9147)	(105, 49.452600000000004)	(106, 49.5739)	(107, 49.8129)	(108, 49.3344)	(109, 49.4223)	(110, 49.7913)	(111, 49.426700000000004)	(112, 49.5968)	(113, 49.9251)	(114, 49.4664)	(115, 49.5678)	(116, 49.8703)	(117, 49.4494)	(118, 49.6341)	(119, 49.9382)	(120, 49.506299999999996)	(121, 49.715900000000005)	(122, 50.0657)	(123, 49.755300000000005)	(124, 50.01910000000001)	(125, 50.2848)	(126, 50.0533)	(127, 50.2028)	(128, 50.505599999999994)	(129, 50.2219)	(130, 50.391200000000005)	(131, 50.69200000000001)	(132, 50.5028)	(133, 50.6463)	(134, 51.0299)	(135, 50.855799999999995)	(136, 51.00749999999999)	(137, 51.3702)	(138, 51.1287)	(139, 51.3537)	(140, 51.564699999999995)	(141, 51.56309999999999)	(142, 51.7945)	(143, 52.0556)	(144, 52.0653)	(145, 52.261599999999994)	(146, 52.552299999999995)	(147, 52.661)	(148, 52.757299999999994)	(149, 53.1715)	(150, 53.1832)	(151, 52.955799999999996)
reports | SRR35329978	(1, 13.539100000000001)	(2, 74.9264)	(3, 51.0501)	(4, 59.0079)	(5, 53.7783)	(6, 47.348099999999995)	(7, 46.3586)	(8, 38.8403)	(9, 50.62179999999999)	(10, 46.9529)	(11, 42.952)	(12, 56.0308)	(13, 52.4454)	(14, 50.0579)	(15, 48.234100000000005)	(16, 49.7286)	(17, 50.184200000000004)	(18, 49.5567)	(19, 49.7464)	(20, 50.15579999999999)	(21, 49.9468)	(22, 49.9232)	(23, 49.9465)	(24, 49.2857)	(25, 49.6145)	(26, 50.2208)	(27, 49.767)	(28, 49.7251)	(29, 50.019400000000005)	(30, 49.810700000000004)	(31, 49.9714)	(32, 50.02419999999999)	(33, 49.574200000000005)	(34, 49.6267)	(35, 50.161100000000005)	(36, 49.923899999999996)	(37, 49.8844)	(38, 50.1836)	(39, 49.707)	(40, 49.9978)	(41, 50.4264)	(42, 50.1682)	(43, 50.1255)	(44, 50.3406)	(45, 49.979099999999995)	(46, 49.9723)	(47, 50.4131)	(48, 50.0436)	(49, 50.0591)	(50, 50.658)	(51, 50.21640000000001)	(52, 50.2343)	(53, 50.5587)	(54, 50.0548)	(55, 50.112)	(56, 50.4002)	(57, 50.057700000000004)	(58, 50.2622)	(59, 50.539100000000005)	(60, 50.191900000000004)	(61, 50.0878)	(62, 50.419599999999996)	(63, 49.9405)	(64, 49.9838)	(65, 50.5817)	(66, 50.0734)	(67, 50.07620000000001)	(68, 50.477399999999996)	(69, 50.1351)	(70, 50.1363)	(71, 50.3722)	(72, 50.0343)	(73, 50.2054)	(74, 50.5591)	(75, 50.11)	(76, 50.261199999999995)	(77, 50.5861)	(78, 50.1389)	(79, 50.29709999999999)	(80, 50.4933)	(81, 50.2483)	(82, 50.1677)	(83, 50.5437)	(84, 50.214800000000004)	(85, 50.235600000000005)	(86, 50.5236)	(87, 50.058800000000005)	(88, 50.071200000000005)	(89, 50.437799999999996)	(90, 49.878099999999996)	(91, 50.038000000000004)	(92, 50.4115)	(93, 50.0429)	(94, 49.990899999999996)	(95, 50.4183)	(96, 49.9985)	(97, 49.9666)	(98, 50.36540000000001)	(99, 49.897200000000005)	(100, 50.0264)	(101, 50.219899999999996)	(102, 49.9694)	(103, 49.8619)	(104, 50.1201)	(105, 49.714000000000006)	(106, 49.8183)	(107, 50.0456)	(108, 49.5858)	(109, 49.6497)	(110, 50.0544)	(111, 49.7384)	(112, 49.9015)	(113, 50.235)	(114, 49.8368)	(115, 49.911)	(116, 50.2358)	(117, 49.8831)	(118, 50.0801)	(119, 50.402)	(120, 50.0139)	(121, 50.2421)	(122, 50.63569999999999)	(123, 50.382400000000004)	(124, 50.639500000000005)	(125, 50.9454)	(126, 50.7666)	(127, 50.9606)	(128, 51.3292)	(129, 51.121399999999994)	(130, 51.341300000000004)	(131, 51.6879)	(132, 51.59930000000001)	(133, 51.7471)	(134, 52.196)	(135, 52.0629)	(136, 52.2479)	(137, 52.70439999999999)	(138, 52.559999999999995)	(139, 52.89)	(140, 53.1947)	(141, 53.27889999999999)	(142, 53.5975)	(143, 53.88420000000001)	(144, 53.971000000000004)	(145, 54.2034)	(146, 54.5366)	(147, 54.758300000000006)	(148, 54.934400000000004)	(149, 55.4581)	(150, 55.630500000000005)	(151, 55.664100000000005)
reports | SRR35329979	(1, 15.908900000000001)	(2, 78.62310000000001)	(3, 52.126)	(4, 59.371399999999994)	(5, 53.246)	(6, 47.6588)	(7, 46.4272)	(8, 38.8569)	(9, 49.9253)	(10, 46.6947)	(11, 42.799)	(12, 55.3354)	(13, 52.061)	(14, 49.6749)	(15, 48.1669)	(16, 49.5977)	(17, 50.328700000000005)	(18, 49.5495)	(19, 49.6487)	(20, 50.215900000000005)	(21, 49.7183)	(22, 49.731700000000004)	(23, 49.7789)	(24, 49.135600000000004)	(25, 49.4623)	(26, 50.09590000000001)	(27, 49.4965)	(28, 49.584)	(29, 50.0402)	(30, 49.538900000000005)	(31, 49.8051)	(32, 50.102999999999994)	(33, 49.3731)	(34, 49.6387)	(35, 50.12180000000001)	(36, 49.6671)	(37, 49.9004)	(38, 50.269600000000004)	(39, 49.650499999999994)	(40, 49.7767)	(41, 50.2506)	(42, 49.886399999999995)	(43, 49.963499999999996)	(44, 50.4459)	(45, 49.796800000000005)	(46, 49.99)	(47, 50.4519)	(48, 49.8508)	(49, 50.065099999999994)	(50, 50.596399999999996)	(51, 49.973800000000004)	(52, 50.0954)	(53, 50.4379)	(54, 49.8608)	(55, 50.004000000000005)	(56, 50.354299999999995)	(57, 49.884299999999996)	(58, 50.1365)	(59, 50.4832)	(60, 50.0154)	(61, 50.09010000000001)	(62, 50.521499999999996)	(63, 49.8662)	(64, 50.07620000000001)	(65, 50.5458)	(66, 49.9612)	(67, 50.143)	(68, 50.5765)	(69, 49.966699999999996)	(70, 50.047)	(71, 50.3867)	(72, 49.9106)	(73, 50.1467)	(74, 50.576100000000004)	(75, 49.992799999999995)	(76, 50.216300000000004)	(77, 50.5802)	(78, 50.065099999999994)	(79, 50.243300000000005)	(80, 50.486399999999996)	(81, 50.0691)	(82, 50.133799999999994)	(83, 50.5361)	(84, 50.122299999999996)	(85, 50.2046)	(86, 50.551100000000005)	(87, 49.979099999999995)	(88, 50.077099999999994)	(89, 50.477000000000004)	(90, 49.803399999999996)	(91, 50.0331)	(92, 50.441599999999994)	(93, 49.9716)	(94, 49.9794)	(95, 50.4358)	(96, 49.8913)	(97, 49.983)	(98, 50.4418)	(99, 49.870799999999996)	(100, 50.0428)	(101, 50.276399999999995)	(102, 49.8829)	(103, 49.8483)	(104, 50.14619999999999)	(105, 49.6315)	(106, 49.8153)	(107, 50.080000000000005)	(108, 49.5102)	(109, 49.6793)	(110, 50.0648)	(111, 49.602000000000004)	(112, 49.7881)	(113, 50.1704)	(114, 49.6584)	(115, 49.8329)	(116, 50.159600000000005)	(117, 49.690200000000004)	(118, 49.9245)	(119, 50.2158)	(120, 49.7571)	(121, 50.041199999999996)	(122, 50.3819)	(123, 50.034)	(124, 50.33220000000001)	(125, 50.62950000000001)	(126, 50.3779)	(127, 50.5898)	(128, 50.9833)	(129, 50.6672)	(130, 50.9208)	(131, 51.2877)	(132, 51.05539999999999)	(133, 51.2806)	(134, 51.7129)	(135, 51.5441)	(136, 51.78939999999999)	(137, 52.1767)	(138, 52.03719999999999)	(139, 52.33839999999999)	(140, 52.6883)	(141, 52.732800000000005)	(142, 53.0424)	(143, 53.4409)	(144, 53.42550000000001)	(145, 53.741499999999995)	(146, 54.1612)	(147, 54.26299999999999)	(148, 54.54560000000001)	(149, 55.074999999999996)	(150, 55.169599999999996)	(151, 55.42979999999999)
reports | SRR35329980	(1, 81.4243)	(2, 76.46340000000001)	(3, 51.37969999999999)	(4, 59.1104)	(5, 53.2009)	(6, 47.1641)	(7, 46.1757)	(8, 38.5026)	(9, 50.2525)	(10, 46.494600000000005)	(11, 42.684)	(12, 55.530199999999994)	(13, 52.047900000000006)	(14, 49.5386)	(15, 47.964)	(16, 49.396)	(17, 50.0484)	(18, 49.376599999999996)	(19, 49.4803)	(20, 50.0051)	(21, 49.597)	(22, 49.5424)	(23, 49.5732)	(24, 48.951299999999996)	(25, 49.2319)	(26, 49.8189)	(27, 49.3185)	(28, 49.3659)	(29, 49.7936)	(30, 49.3939)	(31, 49.5766)	(32, 49.8153)	(33, 49.141400000000004)	(34, 49.392)	(35, 49.825399999999995)	(36, 49.4546)	(37, 49.7187)	(38, 50.0302)	(39, 49.4094)	(40, 49.605199999999996)	(41, 50.0432)	(42, 49.670700000000004)	(43, 49.6776)	(44, 50.175599999999996)	(45, 49.5292)	(46, 49.753)	(47, 50.174099999999996)	(48, 49.6291)	(49, 49.7952)	(50, 50.3081)	(51, 49.7995)	(52, 49.8421)	(53, 50.2081)	(54, 49.6387)	(55, 49.7417)	(56, 50.041000000000004)	(57, 49.6729)	(58, 49.9038)	(59, 50.155899999999995)	(60, 49.7552)	(61, 49.767)	(62, 50.18860000000001)	(63, 49.643)	(64, 49.738)	(65, 50.2638)	(66, 49.723600000000005)	(67, 49.82)	(68, 50.217800000000004)	(69, 49.7286)	(70, 49.7806)	(71, 50.097899999999996)	(72, 49.6656)	(73, 49.8697)	(74, 50.2632)	(75, 49.7577)	(76, 49.9628)	(77, 50.2935)	(78, 49.815)	(79, 49.992999999999995)	(80, 50.2031)	(81, 49.8716)	(82, 49.9011)	(83, 50.2676)	(84, 49.9039)	(85, 49.9571)	(86, 50.2753)	(87, 49.764399999999995)	(88, 49.8179)	(89, 50.1806)	(90, 49.5747)	(91, 49.8146)	(92, 50.157399999999996)	(93, 49.7395)	(94, 49.6961)	(95, 50.1586)	(96, 49.6769)	(97, 49.7206)	(98, 50.1502)	(99, 49.6252)	(100, 49.7699)	(101, 49.991600000000005)	(102, 49.669200000000004)	(103, 49.5771)	(104, 49.85)	(105, 49.383500000000005)	(106, 49.5032)	(107, 49.7612)	(108, 49.2541)	(109, 49.3487)	(110, 49.7492)	(111, 49.3348)	(112, 49.512499999999996)	(113, 49.864000000000004)	(114, 49.3797)	(115, 49.4716)	(116, 49.7975)	(117, 49.3344)	(118, 49.5368)	(119, 49.816500000000005)	(120, 49.392)	(121, 49.6062)	(122, 49.959199999999996)	(123, 49.6598)	(124, 49.8868)	(125, 50.1838)	(126, 49.930099999999996)	(127, 50.0707)	(128, 50.3819)	(129, 50.0721)	(130, 50.256699999999995)	(131, 50.5498)	(132, 50.3313)	(133, 50.497400000000006)	(134, 50.895599999999995)	(135, 50.6734)	(136, 50.8161)	(137, 51.139500000000005)	(138, 50.8698)	(139, 51.0894)	(140, 51.3018)	(141, 51.2718)	(142, 51.5077)	(143, 51.730900000000005)	(144, 51.6676)	(145, 51.8637)	(146, 52.0688)	(147, 52.1638)	(148, 52.198299999999996)	(149, 52.5405)	(150, 52.524300000000004)	(151, 52.372600000000006)
reports | SRR35329981	(1, 82.1327)	(2, 75.1359)	(3, 51.665099999999995)	(4, 59.401)	(5, 54.2129)	(6, 47.4326)	(7, 46.504400000000004)	(8, 38.705600000000004)	(9, 50.20400000000001)	(10, 46.503299999999996)	(11, 42.702200000000005)	(12, 55.6232)	(13, 52.107400000000005)	(14, 49.9076)	(15, 48.1347)	(16, 49.6374)	(17, 50.0645)	(18, 49.438700000000004)	(19, 49.6708)	(20, 50.037600000000005)	(21, 49.8553)	(22, 49.8074)	(23, 49.824)	(24, 49.093599999999995)	(25, 49.4984)	(26, 50.0951)	(27, 49.6374)	(28, 49.6033)	(29, 49.8826)	(30, 49.7045)	(31, 49.8558)	(32, 49.904199999999996)	(33, 49.4473)	(34, 49.4696)	(35, 50.0568)	(36, 49.5777)	(37, 49.9758)	(38, 50.040099999999995)	(39, 49.7845)	(40, 49.6622)	(41, 50.0776)	(42, 49.8444)	(43, 49.7924)	(44, 50.443099999999994)	(45, 49.6522)	(46, 49.8309)	(47, 50.260000000000005)	(48, 49.9249)	(49, 49.8917)	(50, 50.5624)	(51, 50.1254)	(52, 50.134699999999995)	(53, 50.4692)	(54, 49.9454)	(55, 50.00750000000001)	(56, 50.3035)	(57, 49.9429)	(58, 50.137)	(59, 50.407900000000005)	(60, 50.041199999999996)	(61, 49.9144)	(62, 50.261100000000006)	(63, 49.7559)	(64, 49.8279)	(65, 50.3988)	(66, 49.8865)	(67, 49.9013)	(68, 50.2815)	(69, 49.9056)	(70, 49.9627)	(71, 50.2653)	(72, 49.8735)	(73, 50.0328)	(74, 50.42450000000001)	(75, 49.9572)	(76, 50.1229)	(77, 50.446999999999996)	(78, 50.0192)	(79, 50.1788)	(80, 50.3594)	(81, 50.0984)	(82, 50.050200000000004)	(83, 50.4161)	(84, 50.106399999999994)	(85, 50.103699999999996)	(86, 50.3805)	(87, 49.9425)	(88, 49.9348)	(89, 50.3162)	(90, 49.7339)	(91, 49.919200000000004)	(92, 50.2565)	(93, 49.876799999999996)	(94, 49.8068)	(95, 50.2297)	(96, 49.8048)	(97, 49.7813)	(98, 50.191300000000005)	(99, 49.7255)	(100, 49.8141)	(101, 50.021800000000006)	(102, 49.7653)	(103, 49.632)	(104, 49.885400000000004)	(105, 49.454100000000004)	(106, 49.5307)	(107, 49.7544)	(108, 49.2768)	(109, 49.3581)	(110, 49.7276)	(111, 49.3658)	(112, 49.5426)	(113, 49.877500000000005)	(114, 49.4269)	(115, 49.4651)	(116, 49.7589)	(117, 49.343399999999995)	(118, 49.493700000000004)	(119, 49.7763)	(120, 49.3591)	(121, 49.561699999999995)	(122, 49.89)	(123, 49.6202)	(124, 49.8066)	(125, 50.056400000000004)	(126, 49.8033)	(127, 49.8758)	(128, 50.1567)	(129, 49.857099999999996)	(130, 50.013600000000004)	(131, 50.304)	(132, 50.134100000000004)	(133, 50.2377)	(134, 50.5797)	(135, 50.403200000000005)	(136, 50.4494)	(137, 50.796699999999994)	(138, 50.4899)	(139, 50.7013)	(140, 50.9207)	(141, 50.914899999999996)	(142, 51.194300000000005)	(143, 51.405)	(144, 51.441199999999995)	(145, 51.602199999999996)	(146, 51.8563)	(147, 51.9548)	(148, 52.005599999999994)	(149, 52.3605)	(150, 52.44220000000001)	(151, 52.2351)
reports | SRR35329982	(1, 14.252500000000001)	(2, 75.0415)	(3, 51.9405)	(4, 59.662099999999995)	(5, 54.6706)	(6, 47.5183)	(7, 46.7684)	(8, 38.8265)	(9, 50.40710000000001)	(10, 46.5542)	(11, 42.828)	(12, 55.8565)	(13, 52.2902)	(14, 50.0447)	(15, 48.3134)	(16, 49.817299999999996)	(17, 50.29709999999999)	(18, 49.647999999999996)	(19, 49.84)	(20, 50.2425)	(21, 50.0558)	(22, 49.9869)	(23, 49.9795)	(24, 49.2958)	(25, 49.6518)	(26, 50.3002)	(27, 49.8672)	(28, 49.7944)	(29, 50.105500000000006)	(30, 49.8983)	(31, 50.0475)	(32, 50.1024)	(33, 49.6682)	(34, 49.679899999999996)	(35, 50.2464)	(36, 49.795899999999996)	(37, 49.9293)	(38, 50.4679)	(39, 50.010299999999994)	(40, 50.0695)	(41, 50.306)	(42, 50.251400000000004)	(43, 49.992799999999995)	(44, 50.4182)	(45, 50.068999999999996)	(46, 50.0034)	(47, 50.463899999999995)	(48, 50.169799999999995)	(49, 50.096700000000006)	(50, 50.7105)	(51, 50.31099999999999)	(52, 50.287800000000004)	(53, 50.647299999999994)	(54, 50.1628)	(55, 50.1853)	(56, 50.4699)	(57, 50.1409)	(58, 50.311099999999996)	(59, 50.621)	(60, 50.249500000000005)	(61, 50.124599999999994)	(62, 50.489200000000004)	(63, 49.9693)	(64, 50.02799999999999)	(65, 50.606899999999996)	(66, 50.1174)	(67, 50.1135)	(68, 50.497899999999994)	(69, 50.1211)	(70, 50.1418)	(71, 50.4872)	(72, 50.110200000000006)	(73, 50.2328)	(74, 50.622699999999995)	(75, 50.16929999999999)	(76, 50.280100000000004)	(77, 50.63569999999999)	(78, 50.2204)	(79, 50.36429999999999)	(80, 50.553000000000004)	(81, 50.3)	(82, 50.223)	(83, 50.602199999999996)	(84, 50.2887)	(85, 50.2522)	(86, 50.5658)	(87, 50.124599999999994)	(88, 50.11600000000001)	(89, 50.4773)	(90, 49.9394)	(91, 50.1197)	(92, 50.4529)	(93, 50.072700000000005)	(94, 49.9905)	(95, 50.404)	(96, 50.0192)	(97, 49.9458)	(98, 50.377700000000004)	(99, 49.912600000000005)	(100, 50.015100000000004)	(101, 50.2431)	(102, 49.9783)	(103, 49.8462)	(104, 50.1401)	(105, 49.7073)	(106, 49.790800000000004)	(107, 49.9867)	(108, 49.5278)	(109, 49.5838)	(110, 50.0143)	(111, 49.6647)	(112, 49.835499999999996)	(113, 50.2043)	(114, 49.786)	(115, 49.807)	(116, 50.1263)	(117, 49.7319)	(118, 49.9171)	(119, 50.200100000000006)	(120, 49.7997)	(121, 50.0042)	(122, 50.3876)	(123, 50.1508)	(124, 50.3747)	(125, 50.690000000000005)	(126, 50.470400000000005)	(127, 50.5802)	(128, 50.906099999999995)	(129, 50.6494)	(130, 50.820100000000004)	(131, 51.1246)	(132, 51.009800000000006)	(133, 51.1567)	(134, 51.6015)	(135, 51.4866)	(136, 51.6153)	(137, 52.019099999999995)	(138, 51.7651)	(139, 52.0208)	(140, 52.253499999999995)	(141, 52.2799)	(142, 52.574600000000004)	(143, 52.8189)	(144, 52.9184)	(145, 53.1594)	(146, 53.470099999999995)	(147, 53.7005)	(148, 53.766000000000005)	(149, 54.176199999999994)	(150, 54.246399999999994)	(151, 54.055600000000005)
reports | SRR35329983	(1, 11.120800000000001)	(2, 76.9029)	(3, 51.935500000000005)	(4, 59.4509)	(5, 53.9138)	(6, 47.8206)	(7, 46.6671)	(8, 38.7962)	(9, 50.3391)	(10, 46.9257)	(11, 42.9825)	(12, 55.7462)	(13, 52.3038)	(14, 50.001200000000004)	(15, 48.3344)	(16, 49.8068)	(17, 50.341)	(18, 49.635)	(19, 49.812)	(20, 50.27120000000001)	(21, 49.9803)	(22, 49.9452)	(23, 49.9907)	(24, 49.2943)	(25, 49.6786)	(26, 50.268)	(27, 49.7742)	(28, 49.7914)	(29, 50.1091)	(30, 49.8056)	(31, 49.999700000000004)	(32, 50.1548)	(33, 49.600300000000004)	(34, 49.717299999999994)	(35, 50.27199999999999)	(36, 49.8125)	(37, 50.1509)	(38, 50.452799999999996)	(39, 49.763400000000004)	(40, 49.904399999999995)	(41, 50.4867)	(42, 50.0351)	(43, 50.0077)	(44, 50.4505)	(45, 49.8774)	(46, 50.0907)	(47, 50.536899999999996)	(48, 50.0854)	(49, 50.14229999999999)	(50, 50.756)	(51, 50.2339)	(52, 50.3015)	(53, 50.662600000000005)	(54, 50.1269)	(55, 50.194799999999994)	(56, 50.52419999999999)	(57, 50.1351)	(58, 50.3414)	(59, 50.639500000000005)	(60, 50.2569)	(61, 50.2441)	(62, 50.577600000000004)	(63, 50.01649999999999)	(64, 50.1127)	(65, 50.6273)	(66, 50.099000000000004)	(67, 50.224000000000004)	(68, 50.602000000000004)	(69, 50.0972)	(70, 50.191300000000005)	(71, 50.515699999999995)	(72, 50.1249)	(73, 50.3036)	(74, 50.6873)	(75, 50.1734)	(76, 50.382400000000004)	(77, 50.698)	(78, 50.24570000000001)	(79, 50.4127)	(80, 50.606899999999996)	(81, 50.2885)	(82, 50.29670000000001)	(83, 50.667300000000004)	(84, 50.295500000000004)	(85, 50.3544)	(86, 50.673)	(87, 50.1613)	(88, 50.226499999999994)	(89, 50.5898)	(90, 49.9607)	(91, 50.1696)	(92, 50.52759999999999)	(93, 50.121700000000004)	(94, 50.0729)	(95, 50.50750000000001)	(96, 50.0341)	(97, 50.07620000000001)	(98, 50.4629)	(99, 49.9708)	(100, 50.104800000000004)	(101, 50.3263)	(102, 49.9778)	(103, 49.9108)	(104, 50.1466)	(105, 49.6929)	(106, 49.8072)	(107, 50.044)	(108, 49.560500000000005)	(109, 49.6473)	(110, 50.025200000000005)	(111, 49.6466)	(112, 49.7939)	(113, 50.125)	(114, 49.642399999999995)	(115, 49.756299999999996)	(116, 50.0476)	(117, 49.6251)	(118, 49.8191)	(119, 50.07509999999999)	(120, 49.656299999999995)	(121, 49.863800000000005)	(122, 50.1992)	(123, 49.8958)	(124, 50.12180000000001)	(125, 50.369299999999996)	(126, 50.125)	(127, 50.268299999999996)	(128, 50.5394)	(129, 50.2704)	(130, 50.4394)	(131, 50.7119)	(132, 50.504400000000004)	(133, 50.6572)	(134, 51.0302)	(135, 50.8391)	(136, 50.95309999999999)	(137, 51.3204)	(138, 51.044900000000005)	(139, 51.29050000000001)	(140, 51.4853)	(141, 51.4629)	(142, 51.7416)	(143, 51.9977)	(144, 51.999399999999994)	(145, 52.2344)	(146, 52.507400000000004)	(147, 52.6323)	(148, 52.743700000000004)	(149, 53.138799999999996)	(150, 53.196799999999996)	(151, 53.0964)
reports | SRR35329984	(1, 16.5885)	(2, 74.5909)	(3, 51.341800000000006)	(4, 58.9969)	(5, 53.7401)	(6, 47.2451)	(7, 46.4601)	(8, 38.4966)	(9, 50.63530000000001)	(10, 46.7455)	(11, 42.855900000000005)	(12, 55.917300000000004)	(13, 52.3239)	(14, 49.8303)	(15, 48.184)	(16, 49.600100000000005)	(17, 50.109899999999996)	(18, 49.5056)	(19, 49.6173)	(20, 50.09010000000001)	(21, 49.8007)	(22, 49.764399999999995)	(23, 49.7489)	(24, 49.1701)	(25, 49.472899999999996)	(26, 50.0282)	(27, 49.6022)	(28, 49.5741)	(29, 49.9234)	(30, 49.6475)	(31, 49.8013)	(32, 49.9056)	(33, 49.395)	(34, 49.5531)	(35, 49.9793)	(36, 49.7641)	(37, 49.917699999999996)	(38, 50.0849)	(39, 49.7558)	(40, 49.8485)	(41, 50.2194)	(42, 50.011700000000005)	(43, 49.8294)	(44, 50.3373)	(45, 49.7008)	(46, 49.884699999999995)	(47, 50.2792)	(48, 49.8857)	(49, 49.9496)	(50, 50.4301)	(51, 50.050700000000006)	(52, 50.0552)	(53, 50.37350000000001)	(54, 49.8836)	(55, 49.9483)	(56, 50.190400000000004)	(57, 49.907000000000004)	(58, 50.0934)	(59, 50.3276)	(60, 50.0093)	(61, 49.9347)	(62, 50.28280000000001)	(63, 49.802099999999996)	(64, 49.8751)	(65, 50.3737)	(66, 49.917)	(67, 49.9567)	(68, 50.302899999999994)	(69, 49.932300000000005)	(70, 49.9471)	(71, 50.2161)	(72, 49.8613)	(73, 50.03300000000001)	(74, 50.38890000000001)	(75, 49.941)	(76, 50.0922)	(77, 50.3945)	(78, 49.987300000000005)	(79, 50.1507)	(80, 50.3011)	(81, 50.0737)	(82, 50.004400000000004)	(83, 50.3608)	(84, 50.052099999999996)	(85, 50.068400000000004)	(86, 50.352)	(87, 49.922)	(88, 49.9303)	(89, 50.2685)	(90, 49.7225)	(91, 49.9195)	(92, 50.246100000000006)	(93, 49.9013)	(94, 49.8429)	(95, 50.250499999999995)	(96, 49.845)	(97, 49.8464)	(98, 50.2397)	(99, 49.788900000000005)	(100, 49.9122)	(101, 50.121)	(102, 49.8995)	(103, 49.7585)	(104, 50.0239)	(105, 49.6316)	(106, 49.7417)	(107, 49.9514)	(108, 49.5334)	(109, 49.6101)	(110, 50.002500000000005)	(111, 49.7093)	(112, 49.9136)	(113, 50.2575)	(114, 49.8613)	(115, 49.9396)	(116, 50.279399999999995)	(117, 49.9133)	(118, 50.1192)	(119, 50.4405)	(120, 50.0945)	(121, 50.361599999999996)	(122, 50.7439)	(123, 50.547799999999995)	(124, 50.828300000000006)	(125, 51.168499999999995)	(126, 50.9987)	(127, 51.192899999999995)	(128, 51.514)	(129, 51.3501)	(130, 51.572700000000005)	(131, 51.9246)	(132, 51.8574)	(133, 52.0605)	(134, 52.540200000000006)	(135, 52.4377)	(136, 52.616099999999996)	(137, 53.0514)	(138, 52.859199999999994)	(139, 53.1767)	(140, 53.4388)	(141, 53.524899999999995)	(142, 53.852599999999995)	(143, 54.1153)	(144, 54.217999999999996)	(145, 54.481100000000005)	(146, 54.7688)	(147, 54.99079999999999)	(148, 55.069)	(149, 55.483000000000004)	(150, 55.6017)	(151, 55.544000000000004)
reports | SRR35329985	(1, 13.517199999999999)	(2, 75.9365)	(3, 51.44220000000001)	(4, 59.467000000000006)	(5, 53.6393)	(6, 47.3805)	(7, 46.28)	(8, 38.7604)	(9, 50.108399999999996)	(10, 46.488)	(11, 42.804199999999994)	(12, 55.5465)	(13, 52.162699999999994)	(14, 49.8603)	(15, 48.0773)	(16, 49.5785)	(17, 50.08240000000001)	(18, 49.4031)	(19, 49.6469)	(20, 50.0827)	(21, 49.811)	(22, 49.7699)	(23, 49.8001)	(24, 49.0781)	(25, 49.4816)	(26, 50.0976)	(27, 49.573499999999996)	(28, 49.5925)	(29, 49.9399)	(30, 49.653000000000006)	(31, 49.8257)	(32, 49.9089)	(33, 49.376799999999996)	(34, 49.5019)	(35, 50.069399999999995)	(36, 49.5851)	(37, 49.763000000000005)	(38, 50.102199999999996)	(39, 49.5347)	(40, 49.6927)	(41, 50.332100000000004)	(42, 49.8204)	(43, 50.01989999999999)	(44, 50.4552)	(45, 49.6459)	(46, 49.8482)	(47, 50.3077)	(48, 49.9071)	(49, 49.932900000000004)	(50, 50.5878)	(51, 50.1073)	(52, 50.135)	(53, 50.4698)	(54, 49.9473)	(55, 50.0087)	(56, 50.3351)	(57, 49.9297)	(58, 50.186600000000006)	(59, 50.47859999999999)	(60, 50.0594)	(61, 50.006499999999996)	(62, 50.404700000000005)	(63, 49.8048)	(64, 49.9212)	(65, 50.49439999999999)	(66, 49.9682)	(67, 50.0667)	(68, 50.391799999999996)	(69, 49.979600000000005)	(70, 50.0408)	(71, 50.4035)	(72, 49.957)	(73, 50.1339)	(74, 50.5543)	(75, 50.022)	(76, 50.2084)	(77, 50.5635)	(78, 50.0706)	(79, 50.246100000000006)	(80, 50.4487)	(81, 50.1283)	(82, 50.132)	(83, 50.5143)	(84, 50.1484)	(85, 50.180800000000005)	(86, 50.50599999999999)	(87, 49.9931)	(88, 50.022299999999994)	(89, 50.395199999999996)	(90, 49.776199999999996)	(91, 50.02140000000001)	(92, 50.3714)	(93, 49.9331)	(94, 49.8962)	(95, 50.3367)	(96, 49.866899999999994)	(97, 49.8759)	(98, 50.287499999999994)	(99, 49.7404)	(100, 49.8878)	(101, 50.0941)	(102, 49.8001)	(103, 49.6733)	(104, 49.9726)	(105, 49.4927)	(106, 49.6201)	(107, 49.8206)	(108, 49.3068)	(109, 49.376599999999996)	(110, 49.7596)	(111, 49.375)	(112, 49.5474)	(113, 49.893100000000004)	(114, 49.3812)	(115, 49.440400000000004)	(116, 49.7455)	(117, 49.3014)	(118, 49.472899999999996)	(119, 49.7748)	(120, 49.302099999999996)	(121, 49.512299999999996)	(122, 49.8208)	(123, 49.4996)	(124, 49.7052)	(125, 49.9725)	(126, 49.6944)	(127, 49.831900000000005)	(128, 50.143499999999996)	(129, 49.8682)	(130, 50.0047)	(131, 50.29900000000001)	(132, 50.0506)	(133, 50.17850000000001)	(134, 50.522)	(135, 50.2925)	(136, 50.4162)	(137, 50.7972)	(138, 50.5437)	(139, 50.8282)	(140, 51.078100000000006)	(141, 51.065799999999996)	(142, 51.322500000000005)	(143, 51.52759999999999)	(144, 51.5145)	(145, 51.692899999999995)	(146, 52.00470000000001)	(147, 52.165499999999994)	(148, 52.3248)	(149, 52.8007)	(150, 52.901900000000005)	(151, 52.8223)
reports | SRR35329986	(1, 83.9167)	(2, 76.54260000000001)	(3, 51.4497)	(4, 59.0979)	(5, 53.566)	(6, 47.3108)	(7, 46.4052)	(8, 38.7448)	(9, 50.4049)	(10, 46.8552)	(11, 42.9521)	(12, 55.7774)	(13, 52.263999999999996)	(14, 49.836200000000005)	(15, 48.2581)	(16, 49.6047)	(17, 50.284099999999995)	(18, 49.6058)	(19, 49.6719)	(20, 50.253)	(21, 49.827799999999996)	(22, 49.8114)	(23, 49.8228)	(24, 49.199)	(25, 49.4857)	(26, 50.086600000000004)	(27, 49.5645)	(28, 49.6002)	(29, 50.0696)	(30, 49.6453)	(31, 49.8257)	(32, 50.0818)	(33, 49.4163)	(34, 49.627500000000005)	(35, 50.0899)	(36, 49.778)	(37, 49.9566)	(38, 50.2158)	(39, 49.6785)	(40, 49.8764)	(41, 50.241499999999995)	(42, 50.00019999999999)	(43, 49.924099999999996)	(44, 50.3731)	(45, 49.7621)	(46, 49.9908)	(47, 50.4544)	(48, 49.8945)	(49, 50.0567)	(50, 50.5552)	(51, 50.048700000000004)	(52, 50.070499999999996)	(53, 50.44840000000001)	(54, 49.891799999999996)	(55, 50.0057)	(56, 50.314499999999995)	(57, 49.9416)	(58, 50.1418)	(59, 50.4276)	(60, 50.02910000000001)	(61, 50.033899999999996)	(62, 50.4401)	(63, 49.8848)	(64, 49.9998)	(65, 50.510299999999994)	(66, 49.9677)	(67, 50.07040000000001)	(68, 50.5001)	(69, 49.9797)	(70, 50.025600000000004)	(71, 50.340399999999995)	(72, 49.9005)	(73, 50.1149)	(74, 50.535799999999995)	(75, 49.9895)	(76, 50.213499999999996)	(77, 50.5528)	(78, 50.05969999999999)	(79, 50.233799999999995)	(80, 50.446999999999996)	(81, 50.125600000000006)	(82, 50.1316)	(83, 50.5149)	(84, 50.131400000000006)	(85, 50.198600000000006)	(86, 50.52680000000001)	(87, 50.009800000000006)	(88, 50.0581)	(89, 50.432500000000005)	(90, 49.8083)	(91, 50.0207)	(92, 50.3981)	(93, 49.958200000000005)	(94, 49.9431)	(95, 50.395500000000006)	(96, 49.9138)	(97, 49.9648)	(98, 50.3983)	(99, 49.8479)	(100, 50.0027)	(101, 50.2177)	(102, 49.873400000000004)	(103, 49.791999999999994)	(104, 50.061699999999995)	(105, 49.588)	(106, 49.7205)	(107, 49.9774)	(108, 49.4535)	(109, 49.5421)	(110, 49.9309)	(111, 49.5001)	(112, 49.6874)	(113, 50.0343)	(114, 49.5047)	(115, 49.6039)	(116, 49.9158)	(117, 49.4548)	(118, 49.6445)	(119, 49.911100000000005)	(120, 49.4639)	(121, 49.6651)	(122, 50.0)	(123, 49.6635)	(124, 49.8709)	(125, 50.1489)	(126, 49.8645)	(127, 49.9747)	(128, 50.2629)	(129, 49.945299999999996)	(130, 50.073299999999996)	(131, 50.3584)	(132, 50.1186)	(133, 50.2177)	(134, 50.6113)	(135, 50.333099999999995)	(136, 50.3849)	(137, 50.7098)	(138, 50.3699)	(139, 50.5744)	(140, 50.76500000000001)	(141, 50.6795)	(142, 50.887800000000006)	(143, 51.05539999999999)	(144, 50.934400000000004)	(145, 51.085499999999996)	(146, 51.2426)	(147, 51.2605)	(148, 51.2478)	(149, 51.54879999999999)	(150, 51.4976)	(151, 51.4406)
reports | SRR35329987	(1, 77.571)	(2, 76.6304)	(3, 51.6135)	(4, 59.5094)	(5, 53.7931)	(6, 47.7759)	(7, 46.6026)	(8, 38.8784)	(9, 50.2263)	(10, 46.7851)	(11, 42.9012)	(12, 55.651799999999994)	(13, 52.263000000000005)	(14, 49.9674)	(15, 48.1927)	(16, 49.672)	(17, 50.2561)	(18, 49.565)	(19, 49.6975)	(20, 50.203900000000004)	(21, 49.8385)	(22, 49.8337)	(23, 49.8752)	(24, 49.193599999999996)	(25, 49.547000000000004)	(26, 50.159200000000006)	(27, 49.640699999999995)	(28, 49.6687)	(29, 50.0498)	(30, 49.6735)	(31, 49.8943)	(32, 50.064600000000006)	(33, 49.4566)	(34, 49.6259)	(35, 50.14960000000001)	(36, 49.834)	(37, 49.8959)	(38, 50.3505)	(39, 49.787)	(40, 49.8056)	(41, 50.2479)	(42, 50.0626)	(43, 49.9108)	(44, 50.49829999999999)	(45, 49.764)	(46, 49.973)	(47, 50.44689999999999)	(48, 49.9602)	(49, 50.055499999999995)	(50, 50.627)	(51, 50.1189)	(52, 50.1695)	(53, 50.52759999999999)	(54, 49.9577)	(55, 50.053599999999996)	(56, 50.375899999999994)	(57, 49.9799)	(58, 50.22489999999999)	(59, 50.477799999999995)	(60, 50.08899999999999)	(61, 50.047200000000004)	(62, 50.4409)	(63, 49.867)	(64, 49.9776)	(65, 50.54880000000001)	(66, 49.9701)	(67, 50.0682)	(68, 50.496399999999994)	(69, 50.00320000000001)	(70, 50.084799999999994)	(71, 50.3828)	(72, 49.9485)	(73, 50.137299999999996)	(74, 50.563100000000006)	(75, 50.0567)	(76, 50.2603)	(77, 50.585899999999995)	(78, 50.11449999999999)	(79, 50.28399999999999)	(80, 50.514199999999995)	(81, 50.1831)	(82, 50.1696)	(83, 50.5841)	(84, 50.169200000000004)	(85, 50.24380000000001)	(86, 50.583)	(87, 50.0494)	(88, 50.1004)	(89, 50.4947)	(90, 49.8592)	(91, 50.0678)	(92, 50.4583)	(93, 50.032)	(94, 49.998799999999996)	(95, 50.4477)	(96, 49.973)	(97, 50.0116)	(98, 50.4304)	(99, 49.9067)	(100, 50.0517)	(101, 50.295100000000005)	(102, 49.95)	(103, 49.8776)	(104, 50.1557)	(105, 49.6856)	(106, 49.8031)	(107, 50.0638)	(108, 49.5451)	(109, 49.6487)	(110, 50.061699999999995)	(111, 49.6514)	(112, 49.818)	(113, 50.1869)	(114, 49.6971)	(115, 49.790800000000004)	(116, 50.1355)	(117, 49.6782)	(118, 49.895)	(119, 50.194300000000005)	(120, 49.7292)	(121, 49.9698)	(122, 50.3439)	(123, 50.034)	(124, 50.27120000000001)	(125, 50.57620000000001)	(126, 50.31870000000001)	(127, 50.484399999999994)	(128, 50.82489999999999)	(129, 50.505199999999995)	(130, 50.71639999999999)	(131, 51.043400000000005)	(132, 50.838899999999995)	(133, 51.0066)	(134, 51.4271)	(135, 51.2288)	(136, 51.356)	(137, 51.7589)	(138, 51.4789)	(139, 51.729800000000004)	(140, 51.996900000000004)	(141, 51.9728)	(142, 52.2508)	(143, 52.519800000000004)	(144, 52.5117)	(145, 52.69350000000001)	(146, 52.9787)	(147, 53.0608)	(148, 53.1278)	(149, 53.5478)	(150, 53.5675)	(151, 53.3992)
reports | SRR35329988	(1, 84.7487)	(2, 77.209)	(3, 51.892300000000006)	(4, 59.497)	(5, 53.5041)	(6, 47.5554)	(7, 46.4713)	(8, 38.554500000000004)	(9, 50.190400000000004)	(10, 46.5273)	(11, 42.833)	(12, 55.550399999999996)	(13, 52.13569999999999)	(14, 49.7302)	(15, 48.14)	(16, 49.5767)	(17, 50.200599999999994)	(18, 49.492799999999995)	(19, 49.6179)	(20, 50.1452)	(21, 49.748799999999996)	(22, 49.7119)	(23, 49.7697)	(24, 49.1508)	(25, 49.4563)	(26, 50.0384)	(27, 49.5315)	(28, 49.5662)	(29, 49.9573)	(30, 49.566300000000005)	(31, 49.7912)	(32, 49.992)	(33, 49.3435)	(34, 49.5715)	(35, 50.0381)	(36, 49.7224)	(37, 49.828)	(38, 50.148700000000005)	(39, 49.597)	(40, 49.7353)	(41, 50.18280000000001)	(42, 49.8756)	(43, 49.9565)	(44, 50.3986)	(45, 49.7962)	(46, 49.9406)	(47, 50.3818)	(48, 49.8593)	(49, 49.988899999999994)	(50, 50.5327)	(51, 50.0073)	(52, 50.073299999999996)	(53, 50.4238)	(54, 49.8664)	(55, 49.9628)	(56, 50.295)	(57, 49.8616)	(58, 50.1291)	(59, 50.4194)	(60, 49.9919)	(61, 49.9951)	(62, 50.3698)	(63, 49.7954)	(64, 49.9424)	(65, 50.463)	(66, 49.906099999999995)	(67, 50.036899999999996)	(68, 50.4212)	(69, 49.9161)	(70, 49.9927)	(71, 50.297599999999996)	(72, 49.8684)	(73, 50.0739)	(74, 50.4808)	(75, 49.9272)	(76, 50.153400000000005)	(77, 50.4683)	(78, 50.0116)	(79, 50.18470000000001)	(80, 50.3652)	(81, 50.0447)	(82, 50.0586)	(83, 50.4395)	(84, 50.0719)	(85, 50.1427)	(86, 50.4404)	(87, 49.9143)	(88, 49.9748)	(89, 50.3443)	(90, 49.7023)	(91, 49.9222)	(92, 50.310100000000006)	(93, 49.8662)	(94, 49.851099999999995)	(95, 50.2713)	(96, 49.795899999999996)	(97, 49.849)	(98, 50.26350000000001)	(99, 49.7244)	(100, 49.8665)	(101, 50.0749)	(102, 49.761)	(103, 49.680600000000005)	(104, 49.943799999999996)	(105, 49.4827)	(106, 49.6168)	(107, 49.8606)	(108, 49.3389)	(109, 49.4442)	(110, 49.8214)	(111, 49.4085)	(112, 49.5841)	(113, 49.933)	(114, 49.4311)	(115, 49.5436)	(116, 49.8613)	(117, 49.4152)	(118, 49.6081)	(119, 49.9097)	(120, 49.4994)	(121, 49.7168)	(122, 50.031400000000005)	(123, 49.6933)	(124, 49.9155)	(125, 50.1691)	(126, 49.9288)	(127, 50.0533)	(128, 50.3907)	(129, 50.1204)	(130, 50.320600000000006)	(131, 50.6332)	(132, 50.422900000000006)	(133, 50.556599999999996)	(134, 50.9293)	(135, 50.690999999999995)	(136, 50.8007)	(137, 51.174299999999995)	(138, 50.9477)	(139, 51.238499999999995)	(140, 51.5258)	(141, 51.571)	(142, 51.8584)	(143, 52.1058)	(144, 52.0927)	(145, 52.2543)	(146, 52.516200000000005)	(147, 52.6321)	(148, 52.7536)	(149, 53.243399999999994)	(150, 53.354800000000004)	(151, 53.2417)
reports | SRR35329989	(1, 13.1739)	(2, 76.4152)	(3, 51.6459)	(4, 59.4081)	(5, 53.6381)	(6, 47.252100000000006)	(7, 46.3762)	(8, 38.821099999999994)	(9, 50.2757)	(10, 46.5552)	(11, 42.9194)	(12, 55.7058)	(13, 52.2435)	(14, 49.8583)	(15, 48.2179)	(16, 49.5895)	(17, 50.2421)	(18, 49.552099999999996)	(19, 49.6719)	(20, 50.212)	(21, 49.8215)	(22, 49.7607)	(23, 49.8089)	(24, 49.1516)	(25, 49.4489)	(26, 50.0715)	(27, 49.547799999999995)	(28, 49.5646)	(29, 50.0178)	(30, 49.6042)	(31, 49.7936)	(32, 50.0092)	(33, 49.3933)	(34, 49.5646)	(35, 50.0528)	(36, 49.7558)	(37, 49.9343)	(38, 50.2787)	(39, 49.6364)	(40, 49.8251)	(41, 50.29670000000001)	(42, 49.9012)	(43, 49.9494)	(44, 50.3362)	(45, 49.8219)	(46, 49.9591)	(47, 50.395900000000005)	(48, 49.8634)	(49, 49.977700000000006)	(50, 50.582300000000004)	(51, 50.046400000000006)	(52, 50.0951)	(53, 50.4379)	(54, 49.9229)	(55, 49.9741)	(56, 50.322500000000005)	(57, 49.904700000000005)	(58, 50.125699999999995)	(59, 50.434599999999996)	(60, 50.0456)	(61, 50.0162)	(62, 50.4366)	(63, 49.8573)	(64, 49.9762)	(65, 50.498)	(66, 49.9615)	(67, 50.0482)	(68, 50.4592)	(69, 49.9551)	(70, 49.9908)	(71, 50.3424)	(72, 49.924)	(73, 50.1092)	(74, 50.5325)	(75, 49.991400000000006)	(76, 50.159200000000006)	(77, 50.5016)	(78, 50.046800000000005)	(79, 50.214499999999994)	(80, 50.42)	(81, 50.1133)	(82, 50.0933)	(83, 50.492599999999996)	(84, 50.127900000000004)	(85, 50.15579999999999)	(86, 50.4992)	(87, 49.9878)	(88, 50.0073)	(89, 50.400800000000004)	(90, 49.8162)	(91, 50.0181)	(92, 50.4102)	(93, 49.9557)	(94, 49.9381)	(95, 50.393100000000004)	(96, 49.9276)	(97, 49.961)	(98, 50.4161)	(99, 49.8861)	(100, 50.0166)	(101, 50.281699999999994)	(102, 49.971199999999996)	(103, 49.8826)	(104, 50.1768)	(105, 49.7089)	(106, 49.8542)	(107, 50.1094)	(108, 49.6301)	(109, 49.7515)	(110, 50.163000000000004)	(111, 49.7943)	(112, 49.9929)	(113, 50.4044)	(114, 49.938900000000004)	(115, 50.08200000000001)	(116, 50.4241)	(117, 50.027)	(118, 50.240899999999996)	(119, 50.60249999999999)	(120, 50.24229999999999)	(121, 50.521499999999996)	(122, 50.9377)	(123, 50.7109)	(124, 51.007999999999996)	(125, 51.3602)	(126, 51.2016)	(127, 51.368199999999995)	(128, 51.7915)	(129, 51.597300000000004)	(130, 51.844500000000004)	(131, 52.27739999999999)	(132, 52.203)	(133, 52.46619999999999)	(134, 52.96300000000001)	(135, 52.8758)	(136, 53.122)	(137, 53.5647)	(138, 53.4258)	(139, 53.761700000000005)	(140, 54.1115)	(141, 54.240100000000005)	(142, 54.6308)	(143, 55.026399999999995)	(144, 55.138600000000004)	(145, 55.4331)	(146, 55.836200000000005)	(147, 56.02740000000001)	(148, 56.2063)	(149, 56.711999999999996)	(150, 56.8671)	(151, 56.81699999999999)
reports | SRR35329990	(1, 12.670300000000001)	(2, 76.2465)	(3, 52.1047)	(4, 59.3821)	(5, 53.9248)	(6, 47.3975)	(7, 46.3226)	(8, 38.4634)	(9, 50.0057)	(10, 46.314)	(11, 42.6199)	(12, 55.3624)	(13, 51.9319)	(14, 49.5787)	(15, 48.0294)	(16, 49.465900000000005)	(17, 50.011799999999994)	(18, 49.3285)	(19, 49.483700000000006)	(20, 49.998799999999996)	(21, 49.6776)	(22, 49.587199999999996)	(23, 49.6331)	(24, 49.0032)	(25, 49.3151)	(26, 49.9251)	(27, 49.4422)	(28, 49.452600000000004)	(29, 49.8248)	(30, 49.4883)	(31, 49.6813)	(32, 49.8365)	(33, 49.241600000000005)	(34, 49.427)	(35, 49.923)	(36, 49.5235)	(37, 49.8078)	(38, 50.1404)	(39, 49.4666)	(40, 49.5783)	(41, 50.16969999999999)	(42, 49.8999)	(43, 49.7104)	(44, 50.2968)	(45, 49.587599999999995)	(46, 49.7958)	(47, 50.2233)	(48, 49.768)	(49, 49.836200000000005)	(50, 50.464299999999994)	(51, 49.945499999999996)	(52, 49.965199999999996)	(53, 50.3116)	(54, 49.798700000000004)	(55, 49.8387)	(56, 50.149)	(57, 49.7869)	(58, 50.010600000000004)	(59, 50.2872)	(60, 49.905100000000004)	(61, 49.8616)	(62, 50.2618)	(63, 49.676700000000004)	(64, 49.7794)	(65, 50.329100000000004)	(66, 49.82)	(67, 49.9262)	(68, 50.279700000000005)	(69, 49.8401)	(70, 49.8549)	(71, 50.1882)	(72, 49.8027)	(73, 49.9803)	(74, 50.3594)	(75, 49.8817)	(76, 50.017599999999995)	(77, 50.3563)	(78, 49.934)	(79, 50.06739999999999)	(80, 50.255799999999994)	(81, 49.965900000000005)	(82, 49.937)	(83, 50.3435)	(84, 49.9965)	(85, 50.036899999999996)	(86, 50.311099999999996)	(87, 49.8385)	(88, 49.8596)	(89, 50.24720000000001)	(90, 49.6305)	(91, 49.8626)	(92, 50.2256)	(93, 49.812200000000004)	(94, 49.762699999999995)	(95, 50.188900000000004)	(96, 49.7378)	(97, 49.7626)	(98, 50.1917)	(99, 49.671)	(100, 49.8094)	(101, 50.0305)	(102, 49.7455)	(103, 49.655300000000004)	(104, 49.919000000000004)	(105, 49.4761)	(106, 49.6014)	(107, 49.8315)	(108, 49.357600000000005)	(109, 49.4432)	(110, 49.8533)	(111, 49.4876)	(112, 49.6922)	(113, 50.051500000000004)	(114, 49.599399999999996)	(115, 49.6871)	(116, 50.009899999999995)	(117, 49.600899999999996)	(118, 49.8227)	(119, 50.1421)	(120, 49.7347)	(121, 49.971)	(122, 50.3391)	(123, 50.084300000000006)	(124, 50.3482)	(125, 50.6649)	(126, 50.449)	(127, 50.62140000000001)	(128, 50.9692)	(129, 50.7488)	(130, 50.944500000000005)	(131, 51.29709999999999)	(132, 51.146899999999995)	(133, 51.3583)	(134, 51.7857)	(135, 51.6464)	(136, 51.828700000000005)	(137, 52.23950000000001)	(138, 52.064600000000006)	(139, 52.3431)	(140, 52.635600000000004)	(141, 52.6986)	(142, 53.0289)	(143, 53.3417)	(144, 53.3887)	(145, 53.64919999999999)	(146, 53.996100000000006)	(147, 54.2008)	(148, 54.3709)	(149, 54.827000000000005)	(150, 54.96339999999999)	(151, 54.8844)
reports | SRR35329991	(1, 11.9779)	(2, 74.7273)	(3, 51.520500000000006)	(4, 59.433400000000006)	(5, 54.210300000000004)	(6, 47.3451)	(7, 46.497699999999995)	(8, 38.6458)	(9, 50.395500000000006)	(10, 46.5857)	(11, 42.796)	(12, 55.7572)	(13, 52.252900000000004)	(14, 49.960100000000004)	(15, 48.1718)	(16, 49.688500000000005)	(17, 50.0855)	(18, 49.457699999999996)	(19, 49.6973)	(20, 50.0754)	(21, 49.9235)	(22, 49.8797)	(23, 49.872)	(24, 49.1775)	(25, 49.5878)	(26, 50.195299999999996)	(27, 49.7483)	(28, 49.6917)	(29, 49.9414)	(30, 49.7697)	(31, 49.9489)	(32, 49.9345)	(33, 49.526399999999995)	(34, 49.5784)	(35, 50.1348)	(36, 49.6785)	(37, 50.072799999999994)	(38, 50.116499999999995)	(39, 49.6537)	(40, 49.7681)	(41, 50.4081)	(42, 50.180899999999994)	(43, 49.8844)	(44, 50.2714)	(45, 49.9641)	(46, 49.9298)	(47, 50.354)	(48, 50.0423)	(49, 50.0174)	(50, 50.5645)	(51, 50.220299999999995)	(52, 50.2251)	(53, 50.523300000000006)	(54, 49.9899)	(55, 50.083800000000004)	(56, 50.341)	(57, 50.043800000000005)	(58, 50.2579)	(59, 50.451800000000006)	(60, 50.1421)	(61, 49.992399999999996)	(62, 50.312599999999996)	(63, 49.8696)	(64, 49.9033)	(65, 50.5316)	(66, 50.02029999999999)	(67, 50.001)	(68, 50.360499999999995)	(69, 50.0749)	(70, 50.083)	(71, 50.30369999999999)	(72, 49.947399999999995)	(73, 50.119499999999995)	(74, 50.493)	(75, 50.0456)	(76, 50.2394)	(77, 50.5495)	(78, 50.114599999999996)	(79, 50.284600000000005)	(80, 50.4394)	(81, 50.219100000000005)	(82, 50.144299999999994)	(83, 50.509899999999995)	(84, 50.20289999999999)	(85, 50.2079)	(86, 50.48160000000001)	(87, 50.026199999999996)	(88, 50.0503)	(89, 50.3849)	(90, 49.8423)	(91, 50.0163)	(92, 50.346599999999995)	(93, 49.9959)	(94, 49.9413)	(95, 50.334900000000005)	(96, 49.9284)	(97, 49.8901)	(98, 50.2824)	(99, 49.8264)	(100, 49.955)	(101, 50.133799999999994)	(102, 49.8697)	(103, 49.7419)	(104, 49.993700000000004)	(105, 49.5828)	(106, 49.656800000000004)	(107, 49.858799999999995)	(108, 49.3723)	(109, 49.4469)	(110, 49.8283)	(111, 49.4941)	(112, 49.6624)	(113, 49.9878)	(114, 49.5494)	(115, 49.5775)	(116, 49.852999999999994)	(117, 49.4676)	(118, 49.6203)	(119, 49.9105)	(120, 49.4616)	(121, 49.7057)	(122, 50.02140000000001)	(123, 49.7496)	(124, 49.9645)	(125, 50.182300000000005)	(126, 49.9565)	(127, 50.065400000000004)	(128, 50.3573)	(129, 50.072700000000005)	(130, 50.234)	(131, 50.5221)	(132, 50.3515)	(133, 50.461800000000004)	(134, 50.829)	(135, 50.600100000000005)	(136, 50.6955)	(137, 51.047799999999995)	(138, 50.79129999999999)	(139, 51.039)	(140, 51.2699)	(141, 51.2911)	(142, 51.5554)	(143, 51.7482)	(144, 51.783500000000004)	(145, 51.9315)	(146, 52.1369)	(147, 52.280499999999996)	(148, 52.356700000000004)	(149, 52.78699999999999)	(150, 52.878400000000006)	(151, 52.70590000000001)
reports | SRR35329992	(1, 85.5929)	(2, 77.9905)	(3, 52.2034)	(4, 59.55049999999999)	(5, 53.449000000000005)	(6, 47.864000000000004)	(7, 46.6506)	(8, 38.7068)	(9, 50.078100000000006)	(10, 46.723)	(11, 42.7765)	(12, 55.421299999999995)	(13, 52.131499999999996)	(14, 49.7923)	(15, 48.1418)	(16, 49.6094)	(17, 50.2243)	(18, 49.5073)	(19, 49.6415)	(20, 50.175000000000004)	(21, 49.7589)	(22, 49.7765)	(23, 49.826)	(24, 49.154599999999995)	(25, 49.5217)	(26, 50.0898)	(27, 49.5522)	(28, 49.6187)	(29, 49.9942)	(30, 49.5753)	(31, 49.833800000000004)	(32, 50.0302)	(33, 49.3739)	(34, 49.6221)	(35, 50.100699999999996)	(36, 49.7737)	(37, 49.8802)	(38, 50.174099999999996)	(39, 49.6028)	(40, 49.7849)	(41, 50.205)	(42, 49.9835)	(43, 50.0054)	(44, 50.4438)	(45, 49.829299999999996)	(46, 49.9965)	(47, 50.42060000000001)	(48, 49.8621)	(49, 50.029500000000006)	(50, 50.5981)	(51, 50.0312)	(52, 50.1191)	(53, 50.4525)	(54, 49.9122)	(55, 50.0255)	(56, 50.3476)	(57, 49.910700000000006)	(58, 50.1845)	(59, 50.463)	(60, 50.0503)	(61, 50.0974)	(62, 50.508900000000004)	(63, 49.8886)	(64, 50.0707)	(65, 50.53060000000001)	(66, 49.9786)	(67, 50.1701)	(68, 50.54110000000001)	(69, 49.9929)	(70, 50.0652)	(71, 50.36429999999999)	(72, 49.9399)	(73, 50.181)	(74, 50.556)	(75, 50.0146)	(76, 50.244299999999996)	(77, 50.5596)	(78, 50.05270000000001)	(79, 50.2714)	(80, 50.44220000000001)	(81, 50.0975)	(82, 50.13849999999999)	(83, 50.531800000000004)	(84, 50.1192)	(85, 50.2177)	(86, 50.53339999999999)	(87, 49.9829)	(88, 50.0898)	(89, 50.434599999999996)	(90, 49.7669)	(91, 50.0331)	(92, 50.3858)	(93, 49.9623)	(94, 49.9686)	(95, 50.3976)	(96, 49.8848)	(97, 49.9846)	(98, 50.385400000000004)	(99, 49.8276)	(100, 50.0029)	(101, 50.207100000000004)	(102, 49.8481)	(103, 49.821799999999996)	(104, 50.0945)	(105, 49.6183)	(106, 49.7811)	(107, 50.019400000000005)	(108, 49.4917)	(109, 49.628699999999995)	(110, 49.9925)	(111, 49.5659)	(112, 49.769999999999996)	(113, 50.127)	(114, 49.6342)	(115, 49.7955)	(116, 50.0945)	(117, 49.674099999999996)	(118, 49.8981)	(119, 50.1998)	(120, 49.7717)	(121, 50.0332)	(122, 50.362700000000004)	(123, 50.0649)	(124, 50.346999999999994)	(125, 50.6249)	(126, 50.4041)	(127, 50.6206)	(128, 50.982099999999996)	(129, 50.747299999999996)	(130, 50.979)	(131, 51.356)	(132, 51.1374)	(133, 51.3748)	(134, 51.780800000000006)	(135, 51.6262)	(136, 51.8702)	(137, 52.2778)	(138, 52.1482)	(139, 52.47239999999999)	(140, 52.8305)	(141, 52.9127)	(142, 53.2321)	(143, 53.6219)	(144, 53.6379)	(145, 53.9331)	(146, 54.337599999999995)	(147, 54.45680000000001)	(148, 54.7716)	(149, 55.3056)	(150, 55.456799999999994)	(151, 55.756499999999996)
reports | SRR35329993	(1, 85.3691)	(2, 76.1093)	(3, 51.7461)	(4, 59.5983)	(5, 53.8528)	(6, 47.7342)	(7, 46.5629)	(8, 38.718599999999995)	(9, 50.36000000000001)	(10, 46.5656)	(11, 42.8548)	(12, 55.6466)	(13, 52.2)	(14, 49.9668)	(15, 48.1588)	(16, 49.7533)	(17, 50.1696)	(18, 49.5077)	(19, 49.7986)	(20, 50.136199999999995)	(21, 49.9637)	(22, 49.9379)	(23, 49.9622)	(24, 49.202400000000004)	(25, 49.6697)	(26, 50.2402)	(27, 49.772499999999994)	(28, 49.7868)	(29, 50.008399999999995)	(30, 49.8055)	(31, 49.986799999999995)	(32, 50.004000000000005)	(33, 49.5774)	(34, 49.5989)	(35, 50.2293)	(36, 49.694300000000005)	(37, 50.139500000000005)	(38, 50.4419)	(39, 49.6907)	(40, 50.0861)	(41, 50.4823)	(42, 50.205)	(43, 49.9259)	(44, 50.5923)	(45, 49.7496)	(46, 49.9674)	(47, 50.39940000000001)	(48, 50.080999999999996)	(49, 50.0437)	(50, 50.6235)	(51, 50.2426)	(52, 50.21489999999999)	(53, 50.606300000000005)	(54, 50.0725)	(55, 50.177899999999994)	(56, 50.4514)	(57, 50.06119999999999)	(58, 50.316300000000005)	(59, 50.529599999999995)	(60, 50.14490000000001)	(61, 50.0437)	(62, 50.3958)	(63, 49.867)	(64, 49.9695)	(65, 50.5484)	(66, 50.0177)	(67, 50.066100000000006)	(68, 50.4281)	(69, 50.015699999999995)	(70, 50.1648)	(71, 50.4264)	(72, 49.9966)	(73, 50.1795)	(74, 50.5856)	(75, 50.107800000000005)	(76, 50.324000000000005)	(77, 50.6349)	(78, 50.1965)	(79, 50.3746)	(80, 50.558)	(81, 50.2715)	(82, 50.2435)	(83, 50.624199999999995)	(84, 50.27310000000001)	(85, 50.3042)	(86, 50.5996)	(87, 50.1282)	(88, 50.167899999999996)	(89, 50.5308)	(90, 49.9247)	(91, 50.1546)	(92, 50.5009)	(93, 50.093900000000005)	(94, 50.0582)	(95, 50.480599999999995)	(96, 50.03189999999999)	(97, 50.0714)	(98, 50.449999999999996)	(99, 49.967800000000004)	(100, 50.1075)	(101, 50.3333)	(102, 50.0491)	(103, 49.9607)	(104, 50.227500000000006)	(105, 49.7816)	(106, 49.8776)	(107, 50.109700000000004)	(108, 49.6284)	(109, 49.738)	(110, 50.121)	(111, 49.776399999999995)	(112, 49.976)	(113, 50.3227)	(114, 49.8684)	(115, 49.974000000000004)	(116, 50.293699999999994)	(117, 49.8826)	(118, 50.100699999999996)	(119, 50.375499999999995)	(120, 49.9854)	(121, 50.2262)	(122, 50.5996)	(123, 50.3333)	(124, 50.606700000000004)	(125, 50.9084)	(126, 50.71170000000001)	(127, 50.875800000000005)	(128, 51.198600000000006)	(129, 50.9355)	(130, 51.154599999999995)	(131, 51.450799999999994)	(132, 51.3247)	(133, 51.5145)	(134, 51.94990000000001)	(135, 51.8008)	(136, 51.964)	(137, 52.3794)	(138, 52.1422)	(139, 52.4378)	(140, 52.6825)	(141, 52.6768)	(142, 53.001799999999996)	(143, 53.21320000000001)	(144, 53.2486)	(145, 53.5116)	(146, 53.786)	(147, 53.9613)	(148, 54.08)	(149, 54.4464)	(150, 54.488)	(151, 54.500499999999995)
reports | SRR35329994	(1, 12.2514)	(2, 75.2693)	(3, 51.066900000000004)	(4, 59.1167)	(5, 53.971599999999995)	(6, 47.497499999999995)	(7, 46.407)	(8, 38.8899)	(9, 50.611)	(10, 46.915)	(11, 42.9548)	(12, 56.0064)	(13, 52.5111)	(14, 50.0995)	(15, 48.240899999999996)	(16, 49.7791)	(17, 50.259)	(18, 49.6263)	(19, 49.8253)	(20, 50.2569)	(21, 49.9957)	(22, 49.961299999999994)	(23, 50.0073)	(24, 49.3262)	(25, 49.695)	(26, 50.28)	(27, 49.8149)	(28, 49.803)	(29, 50.1271)	(30, 49.871300000000005)	(31, 50.0282)	(32, 50.1144)	(33, 49.638)	(34, 49.7002)	(35, 50.26690000000001)	(36, 49.985600000000005)	(37, 49.9768)	(38, 50.281200000000005)	(39, 49.7965)	(40, 50.0993)	(41, 50.32299999999999)	(42, 50.2309)	(43, 50.0048)	(44, 50.4298)	(45, 50.0375)	(46, 50.044999999999995)	(47, 50.488200000000006)	(48, 50.1293)	(49, 50.123200000000004)	(50, 50.785599999999995)	(51, 50.2814)	(52, 50.308299999999996)	(53, 50.6163)	(54, 50.094300000000004)	(55, 50.1814)	(56, 50.469500000000004)	(57, 50.1046)	(58, 50.3391)	(59, 50.5558)	(60, 50.207800000000006)	(61, 50.1178)	(62, 50.493)	(63, 49.9749)	(64, 50.0517)	(65, 50.612199999999994)	(66, 50.0827)	(67, 50.129400000000004)	(68, 50.5115)	(69, 50.125299999999996)	(70, 50.172000000000004)	(71, 50.4615)	(72, 50.0587)	(73, 50.22879999999999)	(74, 50.6287)	(75, 50.1604)	(76, 50.3309)	(77, 50.639900000000004)	(78, 50.189099999999996)	(79, 50.3683)	(80, 50.5667)	(81, 50.277300000000004)	(82, 50.2369)	(83, 50.6119)	(84, 50.2629)	(85, 50.2863)	(86, 50.5888)	(87, 50.113600000000005)	(88, 50.144200000000005)	(89, 50.5015)	(90, 49.910900000000005)	(91, 50.0908)	(92, 50.450799999999994)	(93, 50.0672)	(94, 50.0072)	(95, 50.427)	(96, 49.9948)	(97, 49.9781)	(98, 50.3794)	(99, 49.8837)	(100, 50.003699999999995)	(101, 50.2036)	(102, 49.927899999999994)	(103, 49.8138)	(104, 50.078500000000005)	(105, 49.634)	(106, 49.7369)	(107, 49.969)	(108, 49.4899)	(109, 49.5362)	(110, 49.930400000000006)	(111, 49.5768)	(112, 49.7385)	(113, 50.0634)	(114, 49.613800000000005)	(115, 49.6713)	(116, 49.961800000000004)	(117, 49.562200000000004)	(118, 49.7314)	(119, 50.0284)	(120, 49.595099999999995)	(121, 49.7974)	(122, 50.1235)	(123, 49.846000000000004)	(124, 50.0637)	(125, 50.315799999999996)	(126, 50.086600000000004)	(127, 50.1937)	(128, 50.4965)	(129, 50.2359)	(130, 50.3866)	(131, 50.6652)	(132, 50.5077)	(133, 50.605599999999995)	(134, 50.9838)	(135, 50.7829)	(136, 50.887800000000006)	(137, 51.2407)	(138, 51.0064)	(139, 51.190999999999995)	(140, 51.4362)	(141, 51.458099999999995)	(142, 51.702400000000004)	(143, 51.971500000000006)	(144, 51.9334)	(145, 52.1044)	(146, 52.3614)	(147, 52.4636)	(148, 52.535900000000005)	(149, 52.9425)	(150, 53.0082)	(151, 52.638799999999996)
reports | SRR35329995	(1, 12.756700000000002)	(2, 76.5488)	(3, 51.3718)	(4, 59.183600000000006)	(5, 53.23909999999999)	(6, 47.4694)	(7, 46.3867)	(8, 38.717)	(9, 50.28939999999999)	(10, 46.7087)	(11, 42.877700000000004)	(12, 55.6331)	(13, 52.2172)	(14, 49.7962)	(15, 48.051700000000004)	(16, 49.5972)	(17, 50.1014)	(18, 49.426700000000004)	(19, 49.642199999999995)	(20, 50.0715)	(21, 49.7881)	(22, 49.7431)	(23, 49.805)	(24, 49.1278)	(25, 49.5031)	(26, 50.102999999999994)	(27, 49.5529)	(28, 49.582100000000004)	(29, 49.9357)	(30, 49.632)	(31, 49.8324)	(32, 49.932500000000005)	(33, 49.3663)	(34, 49.5553)	(35, 50.0625)	(36, 49.7832)	(37, 49.784299999999995)	(38, 50.106300000000005)	(39, 49.7104)	(40, 49.8692)	(41, 50.301399999999994)	(42, 50.0134)	(43, 49.8351)	(44, 50.2311)	(45, 49.852000000000004)	(46, 49.9006)	(47, 50.3217)	(48, 49.859500000000004)	(49, 49.9531)	(50, 50.519000000000005)	(51, 50.0657)	(52, 50.100199999999994)	(53, 50.45230000000001)	(54, 49.9113)	(55, 49.991600000000005)	(56, 50.30250000000001)	(57, 49.911899999999996)	(58, 50.167399999999994)	(59, 50.43299999999999)	(60, 50.0422)	(61, 50.003299999999996)	(62, 50.3668)	(63, 49.776900000000005)	(64, 49.9005)	(65, 50.461999999999996)	(66, 49.9307)	(67, 50.0547)	(68, 50.3803)	(69, 49.937)	(70, 50.022999999999996)	(71, 50.339)	(72, 49.9151)	(73, 50.1096)	(74, 50.4872)	(75, 50.0112)	(76, 50.1839)	(77, 50.517100000000006)	(78, 50.0414)	(79, 50.2295)	(80, 50.4074)	(81, 50.1008)	(82, 50.11750000000001)	(83, 50.4866)	(84, 50.1248)	(85, 50.1791)	(86, 50.4636)	(87, 49.975500000000004)	(88, 50.0066)	(89, 50.3695)	(90, 49.761300000000006)	(91, 50.027100000000004)	(92, 50.3564)	(93, 49.961)	(94, 49.908500000000004)	(95, 50.3334)	(96, 49.8615)	(97, 49.912800000000004)	(98, 50.3339)	(99, 49.8091)	(100, 49.9842)	(101, 50.16080000000001)	(102, 49.8885)	(103, 49.8048)	(104, 50.0556)	(105, 49.621700000000004)	(106, 49.7593)	(107, 49.9861)	(108, 49.51)	(109, 49.598)	(110, 50.017199999999995)	(111, 49.646)	(112, 49.8593)	(113, 50.2278)	(114, 49.7519)	(115, 49.8738)	(116, 50.192400000000006)	(117, 49.804500000000004)	(118, 50.034800000000004)	(119, 50.3669)	(120, 49.9473)	(121, 50.233799999999995)	(122, 50.5802)	(123, 50.338300000000004)	(124, 50.62649999999999)	(125, 50.9539)	(126, 50.782700000000006)	(127, 50.970400000000005)	(128, 51.337900000000005)	(129, 51.1181)	(130, 51.3262)	(131, 51.7127)	(132, 51.5595)	(133, 51.7881)	(134, 52.24529999999999)	(135, 52.12290000000001)	(136, 52.3349)	(137, 52.786100000000005)	(138, 52.6265)	(139, 52.9305)	(140, 53.2412)	(141, 53.3084)	(142, 53.6504)	(143, 53.9539)	(144, 54.0411)	(145, 54.3129)	(146, 54.681400000000004)	(147, 54.91780000000001)	(148, 55.0871)	(149, 55.5616)	(150, 55.7052)	(151, 55.6149)
reports | SRR35329996	(1, 78.0086)	(2, 76.0065)	(3, 51.98159999999999)	(4, 59.487500000000004)	(5, 54.0471)	(6, 47.4653)	(7, 46.5004)	(8, 38.7413)	(9, 49.9531)	(10, 46.382600000000004)	(11, 42.6607)	(12, 55.401199999999996)	(13, 52.0457)	(14, 49.783500000000004)	(15, 48.1097)	(16, 49.5058)	(17, 50.068900000000006)	(18, 49.3927)	(19, 49.5346)	(20, 50.031000000000006)	(21, 49.7269)	(22, 49.640699999999995)	(23, 49.6597)	(24, 48.9843)	(25, 49.3199)	(26, 49.9336)	(27, 49.4374)	(28, 49.451499999999996)	(29, 49.7953)	(30, 49.4957)	(31, 49.6689)	(32, 49.8258)	(33, 49.2533)	(34, 49.3946)	(35, 49.9078)	(36, 49.6128)	(37, 49.6374)	(38, 50.1094)	(39, 49.599399999999996)	(40, 49.547000000000004)	(41, 49.9904)	(42, 49.7147)	(43, 49.830200000000005)	(44, 50.126599999999996)	(45, 49.6996)	(46, 49.7429)	(47, 50.1844)	(48, 49.736000000000004)	(49, 49.7789)	(50, 50.4039)	(51, 49.9319)	(52, 49.916)	(53, 50.308699999999995)	(54, 49.7455)	(55, 49.837900000000005)	(56, 50.1243)	(57, 49.7396)	(58, 49.9688)	(59, 50.207100000000004)	(60, 49.832)	(61, 49.7535)	(62, 50.1702)	(63, 49.6524)	(64, 49.7313)	(65, 50.2884)	(66, 49.7402)	(67, 49.825399999999995)	(68, 50.17660000000001)	(69, 49.7541)	(70, 49.8176)	(71, 50.1142)	(72, 49.6973)	(73, 49.865500000000004)	(74, 50.294399999999996)	(75, 49.815799999999996)	(76, 49.9702)	(77, 50.308600000000006)	(78, 49.879400000000004)	(79, 50.037299999999995)	(80, 50.2062)	(81, 49.9238)	(82, 49.9133)	(83, 50.289300000000004)	(84, 49.9551)	(85, 49.9668)	(86, 50.2824)	(87, 49.7958)	(88, 49.8277)	(89, 50.20139999999999)	(90, 49.603)	(91, 49.8181)	(92, 50.168)	(93, 49.7566)	(94, 49.7141)	(95, 50.1305)	(96, 49.6979)	(97, 49.7204)	(98, 50.135799999999996)	(99, 49.633300000000006)	(100, 49.7531)	(101, 49.986399999999996)	(102, 49.702200000000005)	(103, 49.5918)	(104, 49.8786)	(105, 49.4321)	(106, 49.5257)	(107, 49.797599999999996)	(108, 49.3102)	(109, 49.4137)	(110, 49.785000000000004)	(111, 49.4412)	(112, 49.619600000000005)	(113, 49.9785)	(114, 49.5169)	(115, 49.588)	(116, 49.8968)	(117, 49.4836)	(118, 49.6833)	(119, 50.0058)	(120, 49.618)	(121, 49.823699999999995)	(122, 50.1846)	(123, 49.9024)	(124, 50.1623)	(125, 50.446000000000005)	(126, 50.2012)	(127, 50.3277)	(128, 50.6445)	(129, 50.4089)	(130, 50.5817)	(131, 50.9026)	(132, 50.76199999999999)	(133, 50.91)	(134, 51.3016)	(135, 51.1394)	(136, 51.219)	(137, 51.594300000000004)	(138, 51.3439)	(139, 51.561800000000005)	(140, 51.83219999999999)	(141, 51.8705)	(142, 52.142999999999994)	(143, 52.409499999999994)	(144, 52.402800000000006)	(145, 52.5908)	(146, 52.8243)	(147, 52.9315)	(148, 52.966800000000006)	(149, 53.3369)	(150, 53.3998)	(151, 52.967600000000004)
