Sample	0	1	2	3	4	5	6	7	8	9	10	11	12	13	14	15	16	17	18	19	20	21	22	23	24	25	26	27	28	29	30	31	32	33	34	35	36	37	38	39	40	41	42	43	44	45	46	47	48	49	50	51	52	53	54	55	56	57	58	59	60	61	62	63	64	65	66	67	68	69	70	71	72	73	74	75	76	77	78	79	80	81	82	83	84	85	86	87	88	89	90	91	92	93	94	95	96	97	98	99	100	101	102	103	104	105	106	107	108	109	110	111	112	113	114	115	116	117	118	119	120	121	122	123	124	125	126	127	128	129	130	131	132	133	134	135	136	137	138	139	140	141	142	143	144	145	146	147	148	149	150
reports | SRR35329977	(1, 21.5683)	(2, 33.5082)	(3, 35.5218)	(4, 36.6719)	(5, 37.4544)	(6, 37.9808)	(7, 38.086)	(8, 38.3252)	(9, 38.4166)	(10, 38.4724)	(11, 38.5313)	(12, 38.6007)	(13, 38.6241)	(14, 38.6123)	(15, 38.6734)	(16, 38.6645)	(17, 38.6308)	(18, 38.6106)	(19, 38.7087)	(20, 38.7156)	(21, 38.7532)	(22, 38.7534)	(23, 38.7481)	(24, 38.7536)	(25, 38.7535)	(26, 38.7454)	(27, 38.7797)	(28, 38.741)	(29, 38.776)	(30, 38.7665)	(31, 38.7328)	(32, 38.7602)	(33, 38.7542)	(34, 38.7666)	(35, 38.7574)	(36, 38.7559)	(37, 38.7425)	(38, 38.745)	(39, 38.7272)	(40, 38.7313)	(41, 38.7568)	(42, 38.7428)	(43, 38.7232)	(44, 38.7161)	(45, 38.7298)	(46, 38.7156)	(47, 38.7445)	(48, 38.7368)	(49, 38.7136)	(50, 38.6631)	(51, 38.7105)	(52, 38.6608)	(53, 38.6999)	(54, 38.7011)	(55, 38.6914)	(56, 38.6954)	(57, 38.6144)	(58, 38.6089)	(59, 38.6283)	(60, 38.6403)	(61, 38.6355)	(62, 38.5951)	(63, 38.6642)	(64, 38.6373)	(65, 38.6414)	(66, 38.652)	(67, 38.6385)	(68, 38.629)	(69, 38.6085)	(70, 38.602)	(71, 38.6095)	(72, 38.6156)	(73, 38.5954)	(74, 38.5782)	(75, 38.5662)	(76, 38.5607)	(77, 38.4908)	(78, 38.5569)	(79, 38.538)	(80, 38.5401)	(81, 38.5337)	(82, 38.5021)	(83, 38.5304)	(84, 38.5274)	(85, 38.507)	(86, 38.482)	(87, 38.4817)	(88, 38.4664)	(89, 38.4852)	(90, 38.4698)	(91, 38.4378)	(92, 38.4233)	(93, 38.4112)	(94, 38.4104)	(95, 38.4214)	(96, 38.3943)	(97, 38.3729)	(98, 38.3633)	(99, 38.2874)	(100, 38.3269)	(101, 38.3665)	(102, 38.3449)	(103, 38.3396)	(104, 38.3296)	(105, 38.3027)	(106, 38.2956)	(107, 38.2994)	(108, 38.2557)	(109, 38.2422)	(110, 38.2195)	(111, 38.2392)	(112, 38.231)	(113, 38.1987)	(114, 38.1843)	(115, 38.164)	(116, 38.1372)	(117, 38.1716)	(118, 38.1501)	(119, 38.1338)	(120, 38.1001)	(121, 38.0849)	(122, 38.0844)	(123, 38.1027)	(124, 38.0513)	(125, 38.0406)	(126, 37.9559)	(127, 37.9751)	(128, 37.9918)	(129, 37.9879)	(130, 37.9366)	(131, 37.9116)	(132, 37.8833)	(133, 37.8582)	(134, 37.8717)	(135, 37.8889)	(136, 37.8331)	(137, 37.7817)	(138, 37.7514)	(139, 37.7677)	(140, 37.7314)	(141, 37.579)	(142, 37.5937)	(143, 37.6177)	(144, 37.5935)	(145, 37.5877)	(146, 37.5473)	(147, 37.4777)	(148, 37.4415)	(149, 37.292)	(150, 37.3489)	(151, 35.8453)
reports | SRR35329978	(1, 22.5362)	(2, 33.9346)	(3, 35.8178)	(4, 36.8853)	(5, 37.6315)	(6, 38.1533)	(7, 38.2322)	(8, 38.4378)	(9, 38.5194)	(10, 38.5705)	(11, 38.621)	(12, 38.6788)	(13, 38.6948)	(14, 38.6791)	(15, 38.7351)	(16, 38.7271)	(17, 38.6929)	(18, 38.6693)	(19, 38.7654)	(20, 38.7681)	(21, 38.8043)	(22, 38.8022)	(23, 38.7969)	(24, 38.8014)	(25, 38.7995)	(26, 38.7938)	(27, 38.8258)	(28, 38.7842)	(29, 38.824)	(30, 38.8113)	(31, 38.7798)	(32, 38.8033)	(33, 38.8005)	(34, 38.8127)	(35, 38.8053)	(36, 38.8028)	(37, 38.7892)	(38, 38.7924)	(39, 38.7743)	(40, 38.7778)	(41, 38.8007)	(42, 38.7883)	(43, 38.7691)	(44, 38.7589)	(45, 38.7767)	(46, 38.7611)	(47, 38.7883)	(48, 38.7815)	(49, 38.7573)	(50, 38.7078)	(51, 38.7551)	(52, 38.706)	(53, 38.7439)	(54, 38.7446)	(55, 38.737)	(56, 38.7405)	(57, 38.6596)	(58, 38.6532)	(59, 38.6746)	(60, 38.6853)	(61, 38.6807)	(62, 38.6329)	(63, 38.7083)	(64, 38.6767)	(65, 38.6816)	(66, 38.6973)	(67, 38.6831)	(68, 38.6734)	(69, 38.6545)	(70, 38.6471)	(71, 38.6552)	(72, 38.6586)	(73, 38.641)	(74, 38.6225)	(75, 38.6111)	(76, 38.6053)	(77, 38.5259)	(78, 38.5827)	(79, 38.5609)	(80, 38.5832)	(81, 38.5796)	(82, 38.5508)	(83, 38.5774)	(84, 38.5753)	(85, 38.555)	(86, 38.5319)	(87, 38.533)	(88, 38.519)	(89, 38.5368)	(90, 38.5223)	(91, 38.4929)	(92, 38.4764)	(93, 38.4647)	(94, 38.463)	(95, 38.4757)	(96, 38.4481)	(97, 38.428)	(98, 38.4196)	(99, 38.3462)	(100, 38.383)	(101, 38.4224)	(102, 38.4012)	(103, 38.3943)	(104, 38.385)	(105, 38.3592)	(106, 38.3529)	(107, 38.3538)	(108, 38.3129)	(109, 38.3007)	(110, 38.2767)	(111, 38.2955)	(112, 38.288)	(113, 38.2567)	(114, 38.2403)	(115, 38.2209)	(116, 38.1914)	(117, 38.2232)	(118, 38.2025)	(119, 38.1859)	(120, 38.1508)	(121, 38.1365)	(122, 38.1338)	(123, 38.1491)	(124, 38.0968)	(125, 38.0847)	(126, 37.9987)	(127, 38.0159)	(128, 38.0301)	(129, 38.0246)	(130, 37.9719)	(131, 37.9464)	(132, 37.9168)	(133, 37.8918)	(134, 37.9)	(135, 37.9142)	(136, 37.857)	(137, 37.8015)	(138, 37.7688)	(139, 37.7813)	(140, 37.742)	(141, 37.5926)	(142, 37.6043)	(143, 37.6261)	(144, 37.6015)	(145, 37.5921)	(146, 37.5493)	(147, 37.4762)	(148, 37.4382)	(149, 37.2853)	(150, 37.3402)	(151, 35.845)
reports | SRR35329979	(1, 20.2453)	(2, 33.3809)	(3, 35.3)	(4, 36.5707)	(5, 37.399)	(6, 37.9168)	(7, 38.0172)	(8, 38.2535)	(9, 38.3477)	(10, 38.4062)	(11, 38.4694)	(12, 38.54)	(13, 38.5729)	(14, 38.5593)	(15, 38.6218)	(16, 38.6232)	(17, 38.5888)	(18, 38.5661)	(19, 38.6651)	(20, 38.6684)	(21, 38.7129)	(22, 38.7136)	(23, 38.7087)	(24, 38.7136)	(25, 38.7131)	(26, 38.7054)	(27, 38.7439)	(28, 38.7063)	(29, 38.742)	(30, 38.7336)	(31, 38.7025)	(32, 38.7281)	(33, 38.7217)	(34, 38.7367)	(35, 38.7275)	(36, 38.7245)	(37, 38.7135)	(38, 38.7151)	(39, 38.6956)	(40, 38.7013)	(41, 38.7287)	(42, 38.7133)	(43, 38.6936)	(44, 38.685)	(45, 38.6993)	(46, 38.6835)	(47, 38.7125)	(48, 38.7047)	(49, 38.684)	(50, 38.6318)	(51, 38.6788)	(52, 38.6292)	(53, 38.6702)	(54, 38.6687)	(55, 38.6602)	(56, 38.6626)	(57, 38.5812)	(58, 38.5752)	(59, 38.5943)	(60, 38.6071)	(61, 38.6026)	(62, 38.5633)	(63, 38.6316)	(64, 38.6053)	(65, 38.6128)	(66, 38.6186)	(67, 38.6038)	(68, 38.5934)	(69, 38.5728)	(70, 38.5668)	(71, 38.5745)	(72, 38.5804)	(73, 38.5612)	(74, 38.5433)	(75, 38.5324)	(76, 38.5255)	(77, 38.4605)	(78, 38.5267)	(79, 38.507)	(80, 38.5039)	(81, 38.497)	(82, 38.4655)	(83, 38.4947)	(84, 38.4913)	(85, 38.4703)	(86, 38.4461)	(87, 38.4442)	(88, 38.4294)	(89, 38.4463)	(90, 38.4319)	(91, 38.4004)	(92, 38.3836)	(93, 38.3717)	(94, 38.3713)	(95, 38.3834)	(96, 38.3561)	(97, 38.3351)	(98, 38.3252)	(99, 38.2537)	(100, 38.2872)	(101, 38.3257)	(102, 38.3052)	(103, 38.2994)	(104, 38.2898)	(105, 38.2627)	(106, 38.2569)	(107, 38.26)	(108, 38.2176)	(109, 38.2033)	(110, 38.1792)	(111, 38.1979)	(112, 38.1907)	(113, 38.1583)	(114, 38.1444)	(115, 38.1237)	(116, 38.0959)	(117, 38.1308)	(118, 38.1105)	(119, 38.0925)	(120, 38.0585)	(121, 38.0446)	(122, 38.0414)	(123, 38.0596)	(124, 38.0058)	(125, 37.9982)	(126, 37.9117)	(127, 37.9312)	(128, 37.9487)	(129, 37.9452)	(130, 37.8925)	(131, 37.8668)	(132, 37.8367)	(133, 37.8122)	(134, 37.8241)	(135, 37.84)	(136, 37.7831)	(137, 37.7294)	(138, 37.6991)	(139, 37.7163)	(140, 37.6782)	(141, 37.5262)	(142, 37.5391)	(143, 37.5609)	(144, 37.5361)	(145, 37.529)	(146, 37.4852)	(147, 37.4118)	(148, 37.3763)	(149, 37.2239)	(150, 37.2805)	(151, 35.8614)
reports | SRR35329980	(1, 20.7016)	(2, 33.5683)	(3, 35.2012)	(4, 36.4789)	(5, 37.3671)	(6, 37.9283)	(7, 38.0669)	(8, 38.2798)	(9, 38.3957)	(10, 38.4564)	(11, 38.5535)	(12, 38.6144)	(13, 38.6385)	(14, 38.6367)	(15, 38.6998)	(16, 38.6954)	(17, 38.6666)	(18, 38.6481)	(19, 38.7469)	(20, 38.7551)	(21, 38.7954)	(22, 38.7963)	(23, 38.7907)	(24, 38.7983)	(25, 38.7982)	(26, 38.7905)	(27, 38.8265)	(28, 38.7895)	(29, 38.8247)	(30, 38.8162)	(31, 38.7857)	(32, 38.8124)	(33, 38.8063)	(34, 38.8211)	(35, 38.8135)	(36, 38.8112)	(37, 38.799)	(38, 38.7994)	(39, 38.784)	(40, 38.7882)	(41, 38.8131)	(42, 38.7989)	(43, 38.7806)	(44, 38.7741)	(45, 38.7888)	(46, 38.7748)	(47, 38.8024)	(48, 38.7951)	(49, 38.7741)	(50, 38.7234)	(51, 38.7695)	(52, 38.7203)	(53, 38.7598)	(54, 38.7609)	(55, 38.7512)	(56, 38.7556)	(57, 38.6758)	(58, 38.6697)	(59, 38.689)	(60, 38.699)	(61, 38.6945)	(62, 38.6567)	(63, 38.7225)	(64, 38.6974)	(65, 38.7057)	(66, 38.7123)	(67, 38.6976)	(68, 38.6891)	(69, 38.6692)	(70, 38.6617)	(71, 38.6685)	(72, 38.6734)	(73, 38.654)	(74, 38.638)	(75, 38.6243)	(76, 38.6199)	(77, 38.5531)	(78, 38.6201)	(79, 38.602)	(80, 38.6004)	(81, 38.5943)	(82, 38.5638)	(83, 38.5891)	(84, 38.5864)	(85, 38.5664)	(86, 38.5439)	(87, 38.5432)	(88, 38.5299)	(89, 38.547)	(90, 38.5333)	(91, 38.5018)	(92, 38.4859)	(93, 38.4738)	(94, 38.4725)	(95, 38.484)	(96, 38.4568)	(97, 38.4381)	(98, 38.4269)	(99, 38.3542)	(100, 38.3921)	(101, 38.4309)	(102, 38.4095)	(103, 38.4022)	(104, 38.3943)	(105, 38.3683)	(106, 38.3611)	(107, 38.3631)	(108, 38.3206)	(109, 38.3087)	(110, 38.287)	(111, 38.3059)	(112, 38.2972)	(113, 38.2674)	(114, 38.2535)	(115, 38.2329)	(116, 38.2035)	(117, 38.2364)	(118, 38.2172)	(119, 38.2001)	(120, 38.167)	(121, 38.1539)	(122, 38.1522)	(123, 38.168)	(124, 38.1173)	(125, 38.1084)	(126, 38.0207)	(127, 38.0419)	(128, 38.0595)	(129, 38.0567)	(130, 38.0067)	(131, 37.9824)	(132, 37.9529)	(133, 37.9315)	(134, 37.9407)	(135, 37.9557)	(136, 37.9017)	(137, 37.8534)	(138, 37.8256)	(139, 37.8402)	(140, 37.8058)	(141, 37.6597)	(142, 37.6767)	(143, 37.6987)	(144, 37.6767)	(145, 37.671)	(146, 37.6329)	(147, 37.5672)	(148, 37.5339)	(149, 37.3942)	(150, 37.4518)	(151, 36.0465)
reports | SRR35329981	(1, 20.9057)	(2, 33.6014)	(3, 35.5637)	(4, 36.7514)	(5, 37.5438)	(6, 38.0389)	(7, 38.1298)	(8, 38.3416)	(9, 38.4365)	(10, 38.4882)	(11, 38.5596)	(12, 38.6209)	(13, 38.6381)	(14, 38.6322)	(15, 38.6935)	(16, 38.6848)	(17, 38.6505)	(18, 38.6305)	(19, 38.7273)	(20, 38.735)	(21, 38.772)	(22, 38.7699)	(23, 38.7641)	(24, 38.7711)	(25, 38.7688)	(26, 38.7603)	(27, 38.7942)	(28, 38.755)	(29, 38.7891)	(30, 38.7783)	(31, 38.7455)	(32, 38.7718)	(33, 38.7652)	(34, 38.7776)	(35, 38.7699)	(36, 38.7677)	(37, 38.7543)	(38, 38.7559)	(39, 38.7348)	(40, 38.7412)	(41, 38.767)	(42, 38.7437)	(43, 38.7324)	(44, 38.7262)	(45, 38.7404)	(46, 38.7249)	(47, 38.7531)	(48, 38.7462)	(49, 38.7215)	(50, 38.6722)	(51, 38.718)	(52, 38.6683)	(53, 38.7083)	(54, 38.7101)	(55, 38.7001)	(56, 38.7042)	(57, 38.6225)	(58, 38.6155)	(59, 38.6366)	(60, 38.6477)	(61, 38.6422)	(62, 38.5909)	(63, 38.6707)	(64, 38.6388)	(65, 38.6363)	(66, 38.6587)	(67, 38.6452)	(68, 38.6345)	(69, 38.6148)	(70, 38.6083)	(71, 38.6156)	(72, 38.6216)	(73, 38.6025)	(74, 38.5844)	(75, 38.5733)	(76, 38.5656)	(77, 38.4807)	(78, 38.5339)	(79, 38.5126)	(80, 38.5415)	(81, 38.5402)	(82, 38.51)	(83, 38.5385)	(84, 38.5371)	(85, 38.5176)	(86, 38.4942)	(87, 38.4932)	(88, 38.4801)	(89, 38.4979)	(90, 38.4842)	(91, 38.4539)	(92, 38.4375)	(93, 38.4255)	(94, 38.4254)	(95, 38.4369)	(96, 38.4095)	(97, 38.3907)	(98, 38.3815)	(99, 38.3107)	(100, 38.3456)	(101, 38.3837)	(102, 38.3636)	(103, 38.3569)	(104, 38.347)	(105, 38.3227)	(106, 38.3161)	(107, 38.3195)	(108, 38.2767)	(109, 38.2645)	(110, 38.2422)	(111, 38.261)	(112, 38.2534)	(113, 38.2206)	(114, 38.2053)	(115, 38.1847)	(116, 38.1566)	(117, 38.1888)	(118, 38.167)	(119, 38.1511)	(120, 38.1172)	(121, 38.1033)	(122, 38.1019)	(123, 38.1163)	(124, 38.0649)	(125, 38.0531)	(126, 37.9624)	(127, 37.981)	(128, 37.996)	(129, 37.9889)	(130, 37.9374)	(131, 37.9114)	(132, 37.8814)	(133, 37.8566)	(134, 37.8654)	(135, 37.8772)	(136, 37.8203)	(137, 37.7619)	(138, 37.7282)	(139, 37.7386)	(140, 37.6994)	(141, 37.548)	(142, 37.5624)	(143, 37.5831)	(144, 37.5583)	(145, 37.5503)	(146, 37.5057)	(147, 37.4302)	(148, 37.3915)	(149, 37.2416)	(150, 37.2916)	(151, 35.8896)
reports | SRR35329982	(1, 21.3091)	(2, 32.7415)	(3, 34.8306)	(4, 36.0953)	(5, 37.007)	(6, 37.6328)	(7, 37.7697)	(8, 38.0376)	(9, 38.1635)	(10, 38.2361)	(11, 38.3069)	(12, 38.3911)	(13, 38.4165)	(14, 38.4109)	(15, 38.4789)	(16, 38.4749)	(17, 38.4441)	(18, 38.4287)	(19, 38.5303)	(20, 38.5409)	(21, 38.586)	(22, 38.5865)	(23, 38.5834)	(24, 38.5905)	(25, 38.5932)	(26, 38.5857)	(27, 38.6265)	(28, 38.587)	(29, 38.6253)	(30, 38.6143)	(31, 38.5792)	(32, 38.6099)	(33, 38.6036)	(34, 38.6186)	(35, 38.6117)	(36, 38.6099)	(37, 38.5966)	(38, 38.5976)	(39, 38.579)	(40, 38.5853)	(41, 38.6152)	(42, 38.5979)	(43, 38.5797)	(44, 38.5717)	(45, 38.5888)	(46, 38.5736)	(47, 38.6064)	(48, 38.5992)	(49, 38.5737)	(50, 38.524)	(51, 38.5717)	(52, 38.5211)	(53, 38.5644)	(54, 38.5647)	(55, 38.5544)	(56, 38.5583)	(57, 38.4755)	(58, 38.4691)	(59, 38.4904)	(60, 38.5053)	(61, 38.4989)	(62, 38.4556)	(63, 38.5297)	(64, 38.4973)	(65, 38.4955)	(66, 38.5176)	(67, 38.5026)	(68, 38.4931)	(69, 38.4723)	(70, 38.4656)	(71, 38.4738)	(72, 38.4812)	(73, 38.4598)	(74, 38.4406)	(75, 38.4282)	(76, 38.4216)	(77, 38.3364)	(78, 38.3942)	(79, 38.3735)	(80, 38.3985)	(81, 38.3956)	(82, 38.3616)	(83, 38.3945)	(84, 38.3916)	(85, 38.3688)	(86, 38.3427)	(87, 38.3422)	(88, 38.3278)	(89, 38.3471)	(90, 38.3323)	(91, 38.2983)	(92, 38.2813)	(93, 38.2704)	(94, 38.2707)	(95, 38.2831)	(96, 38.251)	(97, 38.2296)	(98, 38.2191)	(99, 38.1511)	(100, 38.1827)	(101, 38.224)	(102, 38.201)	(103, 38.1967)	(104, 38.1864)	(105, 38.1579)	(106, 38.1503)	(107, 38.1557)	(108, 38.1086)	(109, 38.0941)	(110, 38.0689)	(111, 38.0923)	(112, 38.0849)	(113, 38.0511)	(114, 38.0364)	(115, 38.0154)	(116, 37.9846)	(117, 38.0214)	(118, 38.0001)	(119, 37.9811)	(120, 37.9461)	(121, 37.9301)	(122, 37.9326)	(123, 37.9552)	(124, 37.8959)	(125, 37.888)	(126, 37.7988)	(127, 37.815)	(128, 37.8348)	(129, 37.8287)	(130, 37.7731)	(131, 37.7482)	(132, 37.7191)	(133, 37.6934)	(134, 37.7105)	(135, 37.7299)	(136, 37.6666)	(137, 37.6101)	(138, 37.5765)	(139, 37.5951)	(140, 37.5538)	(141, 37.3941)	(142, 37.4084)	(143, 37.435)	(144, 37.4126)	(145, 37.4079)	(146, 37.3638)	(147, 37.2876)	(148, 37.2479)	(149, 37.0906)	(150, 37.1484)	(151, 35.648)
reports | SRR35329983	(1, 21.4693)	(2, 33.1493)	(3, 35.195)	(4, 36.3937)	(5, 37.262)	(6, 37.8345)	(7, 37.962)	(8, 38.2106)	(9, 38.3184)	(10, 38.3849)	(11, 38.4547)	(12, 38.5291)	(13, 38.5522)	(14, 38.5483)	(15, 38.6109)	(16, 38.5991)	(17, 38.5712)	(18, 38.5528)	(19, 38.6506)	(20, 38.6604)	(21, 38.7013)	(22, 38.7008)	(23, 38.6942)	(24, 38.7019)	(25, 38.7016)	(26, 38.6914)	(27, 38.7292)	(28, 38.6905)	(29, 38.725)	(30, 38.713)	(31, 38.6784)	(32, 38.7053)	(33, 38.6997)	(34, 38.7144)	(35, 38.7058)	(36, 38.7025)	(37, 38.6893)	(38, 38.691)	(39, 38.6726)	(40, 38.6759)	(41, 38.7061)	(42, 38.6894)	(43, 38.6683)	(44, 38.6609)	(45, 38.6764)	(46, 38.6613)	(47, 38.6936)	(48, 38.6854)	(49, 38.6605)	(50, 38.609)	(51, 38.6576)	(52, 38.6077)	(53, 38.6477)	(54, 38.6499)	(55, 38.6395)	(56, 38.643)	(57, 38.5607)	(58, 38.5549)	(59, 38.5729)	(60, 38.5871)	(61, 38.5822)	(62, 38.5372)	(63, 38.6107)	(64, 38.5793)	(65, 38.5821)	(66, 38.598)	(67, 38.5843)	(68, 38.5736)	(69, 38.5527)	(70, 38.5458)	(71, 38.5553)	(72, 38.5608)	(73, 38.5399)	(74, 38.5213)	(75, 38.5097)	(76, 38.5032)	(77, 38.4245)	(78, 38.4845)	(79, 38.4654)	(80, 38.4797)	(81, 38.4753)	(82, 38.4424)	(83, 38.4749)	(84, 38.4718)	(85, 38.4505)	(86, 38.4248)	(87, 38.4261)	(88, 38.4115)	(89, 38.4316)	(90, 38.4157)	(91, 38.3828)	(92, 38.3671)	(93, 38.3545)	(94, 38.3552)	(95, 38.3685)	(96, 38.3393)	(97, 38.3183)	(98, 38.31)	(99, 38.2335)	(100, 38.2749)	(101, 38.3151)	(102, 38.292)	(103, 38.2877)	(104, 38.2785)	(105, 38.2498)	(106, 38.2447)	(107, 38.2482)	(108, 38.2053)	(109, 38.1897)	(110, 38.1655)	(111, 38.1879)	(112, 38.18)	(113, 38.1458)	(114, 38.1299)	(115, 38.1099)	(116, 38.0786)	(117, 38.1168)	(118, 38.094)	(119, 38.0782)	(120, 38.0408)	(121, 38.0249)	(122, 38.0239)	(123, 38.042)	(124, 37.9862)	(125, 37.976)	(126, 37.8857)	(127, 37.9027)	(128, 37.9198)	(129, 37.9134)	(130, 37.8571)	(131, 37.8297)	(132, 37.7978)	(133, 37.7696)	(134, 37.7821)	(135, 37.7971)	(136, 37.7345)	(137, 37.6762)	(138, 37.6416)	(139, 37.6566)	(140, 37.6166)	(141, 37.4569)	(142, 37.4652)	(143, 37.4866)	(144, 37.4592)	(145, 37.45)	(146, 37.4037)	(147, 37.3232)	(148, 37.2823)	(149, 37.1218)	(150, 37.1783)	(151, 35.5754)
reports | SRR35329984	(1, 21.4873)	(2, 33.6939)	(3, 35.6774)	(4, 36.8238)	(5, 37.5898)	(6, 38.0902)	(7, 38.1758)	(8, 38.392)	(9, 38.4689)	(10, 38.5187)	(11, 38.5753)	(12, 38.6294)	(13, 38.6468)	(14, 38.6352)	(15, 38.6918)	(16, 38.6797)	(17, 38.6443)	(18, 38.621)	(19, 38.72)	(20, 38.7269)	(21, 38.7644)	(22, 38.761)	(23, 38.755)	(24, 38.7597)	(25, 38.7589)	(26, 38.7497)	(27, 38.7846)	(28, 38.7448)	(29, 38.7811)	(30, 38.7698)	(31, 38.739)	(32, 38.7639)	(33, 38.7577)	(34, 38.7715)	(35, 38.763)	(36, 38.759)	(37, 38.747)	(38, 38.7478)	(39, 38.7281)	(40, 38.7345)	(41, 38.7602)	(42, 38.7462)	(43, 38.7261)	(44, 38.7197)	(45, 38.7334)	(46, 38.7172)	(47, 38.7464)	(48, 38.7372)	(49, 38.7106)	(50, 38.6627)	(51, 38.7098)	(52, 38.6585)	(53, 38.6998)	(54, 38.7024)	(55, 38.6948)	(56, 38.6922)	(57, 38.6159)	(58, 38.6064)	(59, 38.6281)	(60, 38.6407)	(61, 38.6313)	(62, 38.5828)	(63, 38.6627)	(64, 38.6275)	(65, 38.6413)	(66, 38.649)	(67, 38.6344)	(68, 38.6226)	(69, 38.6055)	(70, 38.5989)	(71, 38.604)	(72, 38.6075)	(73, 38.5959)	(74, 38.5684)	(75, 38.5666)	(76, 38.5613)	(77, 38.4931)	(78, 38.554)	(79, 38.5288)	(80, 38.5344)	(81, 38.5328)	(82, 38.5029)	(83, 38.5315)	(84, 38.5296)	(85, 38.5103)	(86, 38.4873)	(87, 38.4865)	(88, 38.4732)	(89, 38.4905)	(90, 38.4767)	(91, 38.4461)	(92, 38.4295)	(93, 38.4193)	(94, 38.4196)	(95, 38.4306)	(96, 38.4055)	(97, 38.3848)	(98, 38.3752)	(99, 38.305)	(100, 38.339)	(101, 38.3775)	(102, 38.3571)	(103, 38.35)	(104, 38.3406)	(105, 38.315)	(106, 38.308)	(107, 38.3118)	(108, 38.269)	(109, 38.2541)	(110, 38.2321)	(111, 38.2494)	(112, 38.241)	(113, 38.2089)	(114, 38.1925)	(115, 38.17)	(116, 38.1415)	(117, 38.1732)	(118, 38.152)	(119, 38.1334)	(120, 38.0964)	(121, 38.0804)	(122, 38.0737)	(123, 38.0867)	(124, 38.0291)	(125, 38.0162)	(126, 37.9235)	(127, 37.9393)	(128, 37.9503)	(129, 37.9418)	(130, 37.8844)	(131, 37.8501)	(132, 37.815)	(133, 37.7823)	(134, 37.7824)	(135, 37.787)	(136, 37.7204)	(137, 37.6561)	(138, 37.6104)	(139, 37.614)	(140, 37.5639)	(141, 37.397)	(142, 37.3936)	(143, 37.4003)	(144, 37.3565)	(145, 37.3326)	(146, 37.2671)	(147, 37.1728)	(148, 37.1186)	(149, 36.938)	(150, 36.9739)	(151, 35.2389)
reports | SRR35329985	(1, 20.5868)	(2, 33.7017)	(3, 35.5213)	(4, 36.7396)	(5, 37.558)	(6, 38.0566)	(7, 38.1574)	(8, 38.3757)	(9, 38.4661)	(10, 38.5158)	(11, 38.5813)	(12, 38.646)	(13, 38.6696)	(14, 38.6605)	(15, 38.7217)	(16, 38.7193)	(17, 38.6832)	(18, 38.6639)	(19, 38.7612)	(20, 38.7677)	(21, 38.806)	(22, 38.8053)	(23, 38.7993)	(24, 38.8055)	(25, 38.8039)	(26, 38.7958)	(27, 38.8313)	(28, 38.7929)	(29, 38.8275)	(30, 38.8167)	(31, 38.7855)	(32, 38.8084)	(33, 38.8046)	(34, 38.8184)	(35, 38.8097)	(36, 38.8079)	(37, 38.7963)	(38, 38.7977)	(39, 38.7775)	(40, 38.785)	(41, 38.8087)	(42, 38.7942)	(43, 38.7749)	(44, 38.7679)	(45, 38.7829)	(46, 38.7673)	(47, 38.7965)	(48, 38.7886)	(49, 38.7656)	(50, 38.7156)	(51, 38.7615)	(52, 38.7117)	(53, 38.7521)	(54, 38.7515)	(55, 38.7436)	(56, 38.7474)	(57, 38.6675)	(58, 38.6599)	(59, 38.6813)	(60, 38.6911)	(61, 38.6874)	(62, 38.6418)	(63, 38.7137)	(64, 38.6852)	(65, 38.6842)	(66, 38.703)	(67, 38.6889)	(68, 38.6806)	(69, 38.6611)	(70, 38.653)	(71, 38.6612)	(72, 38.6662)	(73, 38.6484)	(74, 38.6297)	(75, 38.6178)	(76, 38.6106)	(77, 38.5298)	(78, 38.5868)	(79, 38.565)	(80, 38.5883)	(81, 38.5875)	(82, 38.5572)	(83, 38.585)	(84, 38.5822)	(85, 38.5622)	(86, 38.5399)	(87, 38.5389)	(88, 38.5279)	(89, 38.545)	(90, 38.5321)	(91, 38.5014)	(92, 38.4852)	(93, 38.4732)	(94, 38.4733)	(95, 38.4847)	(96, 38.4592)	(97, 38.439)	(98, 38.4302)	(99, 38.3562)	(100, 38.3947)	(101, 38.4356)	(102, 38.4145)	(103, 38.4082)	(104, 38.4009)	(105, 38.3745)	(106, 38.3684)	(107, 38.3727)	(108, 38.3295)	(109, 38.3188)	(110, 38.2976)	(111, 38.3155)	(112, 38.3113)	(113, 38.2804)	(114, 38.2664)	(115, 38.2467)	(116, 38.2189)	(117, 38.2506)	(118, 38.2306)	(119, 38.2162)	(120, 38.1816)	(121, 38.1702)	(122, 38.1689)	(123, 38.1861)	(124, 38.137)	(125, 38.1252)	(126, 38.0402)	(127, 38.0584)	(128, 38.0768)	(129, 38.0714)	(130, 38.0224)	(131, 37.9967)	(132, 37.9699)	(133, 37.9472)	(134, 37.9567)	(135, 37.9713)	(136, 37.9187)	(137, 37.8663)	(138, 37.8348)	(139, 37.8506)	(140, 37.815)	(141, 37.6663)	(142, 37.6815)	(143, 37.7053)	(144, 37.6834)	(145, 37.677)	(146, 37.637)	(147, 37.5688)	(148, 37.5322)	(149, 37.3872)	(150, 37.4427)	(151, 35.9454)
reports | SRR35329986	(1, 21.1897)	(2, 33.7721)	(3, 35.7383)	(4, 36.8859)	(5, 37.6384)	(6, 38.1179)	(7, 38.2119)	(8, 38.4117)	(9, 38.5074)	(10, 38.5586)	(11, 38.6297)	(12, 38.6836)	(13, 38.6984)	(14, 38.6929)	(15, 38.7511)	(16, 38.7344)	(17, 38.7021)	(18, 38.6813)	(19, 38.7765)	(20, 38.7866)	(21, 38.8202)	(22, 38.8174)	(23, 38.8101)	(24, 38.8177)	(25, 38.8151)	(26, 38.8041)	(27, 38.8371)	(28, 38.7979)	(29, 38.8315)	(30, 38.8192)	(31, 38.7869)	(32, 38.8118)	(33, 38.8059)	(34, 38.8193)	(35, 38.8116)	(36, 38.8082)	(37, 38.7967)	(38, 38.7978)	(39, 38.7784)	(40, 38.7833)	(41, 38.8081)	(42, 38.7948)	(43, 38.7748)	(44, 38.769)	(45, 38.7828)	(46, 38.7681)	(47, 38.7953)	(48, 38.7875)	(49, 38.7655)	(50, 38.7154)	(51, 38.7613)	(52, 38.7128)	(53, 38.7526)	(54, 38.7532)	(55, 38.7449)	(56, 38.7487)	(57, 38.6678)	(58, 38.6612)	(59, 38.6805)	(60, 38.6922)	(61, 38.6879)	(62, 38.6482)	(63, 38.7155)	(64, 38.6901)	(65, 38.6962)	(66, 38.7047)	(67, 38.6905)	(68, 38.6822)	(69, 38.6624)	(70, 38.6557)	(71, 38.6631)	(72, 38.668)	(73, 38.6486)	(74, 38.6317)	(75, 38.62)	(76, 38.6142)	(77, 38.5469)	(78, 38.6134)	(79, 38.5948)	(80, 38.5949)	(81, 38.587)	(82, 38.5579)	(83, 38.5844)	(84, 38.5815)	(85, 38.5619)	(86, 38.5387)	(87, 38.5373)	(88, 38.5251)	(89, 38.5418)	(90, 38.5277)	(91, 38.4981)	(92, 38.4824)	(93, 38.4694)	(94, 38.4694)	(95, 38.4805)	(96, 38.4536)	(97, 38.4327)	(98, 38.4244)	(99, 38.3497)	(100, 38.3875)	(101, 38.4265)	(102, 38.406)	(103, 38.3992)	(104, 38.3898)	(105, 38.3641)	(106, 38.3584)	(107, 38.3598)	(108, 38.3181)	(109, 38.3048)	(110, 38.2813)	(111, 38.3004)	(112, 38.2935)	(113, 38.263)	(114, 38.2471)	(115, 38.2272)	(116, 38.1986)	(117, 38.2325)	(118, 38.2099)	(119, 38.1939)	(120, 38.1588)	(121, 38.1479)	(122, 38.1442)	(123, 38.1614)	(124, 38.1089)	(125, 38.0992)	(126, 38.012)	(127, 38.0319)	(128, 38.0493)	(129, 38.0433)	(130, 37.9942)	(131, 37.9683)	(132, 37.9391)	(133, 37.9158)	(134, 37.9259)	(135, 37.9403)	(136, 37.8865)	(137, 37.8337)	(138, 37.8027)	(139, 37.818)	(140, 37.7826)	(141, 37.633)	(142, 37.646)	(143, 37.6685)	(144, 37.6467)	(145, 37.6407)	(146, 37.5989)	(147, 37.5302)	(148, 37.4941)	(149, 37.3477)	(150, 37.4043)	(151, 35.8166)
reports | SRR35329987	(1, 20.6936)	(2, 33.8308)	(3, 35.7498)	(4, 36.9938)	(5, 37.7746)	(6, 38.2628)	(7, 38.3532)	(8, 38.5597)	(9, 38.6501)	(10, 38.7113)	(11, 38.7727)	(12, 38.8269)	(13, 38.8504)	(14, 38.8437)	(15, 38.9011)	(16, 38.8957)	(17, 38.8598)	(18, 38.8372)	(19, 38.9369)	(20, 38.9416)	(21, 38.9771)	(22, 38.9768)	(23, 38.9719)	(24, 38.9782)	(25, 38.9768)	(26, 38.9688)	(27, 39.0)	(28, 38.9632)	(29, 38.9985)	(30, 38.9895)	(31, 38.9595)	(32, 38.9832)	(33, 38.9775)	(34, 38.9904)	(35, 38.9827)	(36, 38.9792)	(37, 38.9684)	(38, 38.9692)	(39, 38.9533)	(40, 38.956)	(41, 38.9808)	(42, 38.9669)	(43, 38.9472)	(44, 38.9415)	(45, 38.9553)	(46, 38.9409)	(47, 38.9656)	(48, 38.9596)	(49, 38.9391)	(50, 38.8892)	(51, 38.9358)	(52, 38.8874)	(53, 38.9243)	(54, 38.9243)	(55, 38.9161)	(56, 38.9189)	(57, 38.84)	(58, 38.8344)	(59, 38.8539)	(60, 38.864)	(61, 38.8612)	(62, 38.819)	(63, 38.8883)	(64, 38.8639)	(65, 38.866)	(66, 38.8765)	(67, 38.8632)	(68, 38.8545)	(69, 38.8365)	(70, 38.8305)	(71, 38.8358)	(72, 38.8405)	(73, 38.8227)	(74, 38.8061)	(75, 38.7944)	(76, 38.7897)	(77, 38.7101)	(78, 38.772)	(79, 38.7558)	(80, 38.7681)	(81, 38.7636)	(82, 38.7364)	(83, 38.7602)	(84, 38.7581)	(85, 38.7402)	(86, 38.7179)	(87, 38.7154)	(88, 38.704)	(89, 38.7191)	(90, 38.7053)	(91, 38.6775)	(92, 38.6626)	(93, 38.653)	(94, 38.6507)	(95, 38.6618)	(96, 38.6367)	(97, 38.6182)	(98, 38.6078)	(99, 38.5342)	(100, 38.5716)	(101, 38.6101)	(102, 38.591)	(103, 38.5855)	(104, 38.5775)	(105, 38.5523)	(106, 38.5462)	(107, 38.5479)	(108, 38.5092)	(109, 38.4983)	(110, 38.4772)	(111, 38.4935)	(112, 38.4878)	(113, 38.4581)	(114, 38.4455)	(115, 38.4257)	(116, 38.3979)	(117, 38.4298)	(118, 38.409)	(119, 38.3952)	(120, 38.3643)	(121, 38.3518)	(122, 38.3488)	(123, 38.3633)	(124, 38.3159)	(125, 38.3069)	(126, 38.2208)	(127, 38.2441)	(128, 38.2574)	(129, 38.2548)	(130, 38.2063)	(131, 38.1824)	(132, 38.1558)	(133, 38.1334)	(134, 38.143)	(135, 38.1577)	(136, 38.1076)	(137, 38.0571)	(138, 38.0296)	(139, 38.0429)	(140, 38.0094)	(141, 37.8617)	(142, 37.8784)	(143, 37.902)	(144, 37.8788)	(145, 37.8739)	(146, 37.8356)	(147, 37.7714)	(148, 37.7349)	(149, 37.6)	(150, 37.6495)	(151, 36.1619)
reports | SRR35329988	(1, 20.3941)	(2, 33.3261)	(3, 35.306)	(4, 36.6027)	(5, 37.4429)	(6, 37.9755)	(7, 38.0745)	(8, 38.303)	(9, 38.4017)	(10, 38.4565)	(11, 38.5331)	(12, 38.599)	(13, 38.6242)	(14, 38.6139)	(15, 38.677)	(16, 38.6751)	(17, 38.6411)	(18, 38.6202)	(19, 38.7186)	(20, 38.7244)	(21, 38.766)	(22, 38.7663)	(23, 38.7599)	(24, 38.7655)	(25, 38.7652)	(26, 38.7575)	(27, 38.7938)	(28, 38.7555)	(29, 38.7896)	(30, 38.7807)	(31, 38.7484)	(32, 38.7753)	(33, 38.7675)	(34, 38.7813)	(35, 38.7726)	(36, 38.7701)	(37, 38.756)	(38, 38.7588)	(39, 38.7403)	(40, 38.7442)	(41, 38.7714)	(42, 38.7559)	(43, 38.7363)	(44, 38.728)	(45, 38.7431)	(46, 38.7275)	(47, 38.7562)	(48, 38.7482)	(49, 38.7249)	(50, 38.6732)	(51, 38.7211)	(52, 38.6717)	(53, 38.7108)	(54, 38.7093)	(55, 38.7027)	(56, 38.7036)	(57, 38.6252)	(58, 38.6174)	(59, 38.6367)	(60, 38.65)	(61, 38.6442)	(62, 38.603)	(63, 38.673)	(64, 38.6452)	(65, 38.6529)	(66, 38.6611)	(67, 38.6468)	(68, 38.6363)	(69, 38.6156)	(70, 38.6092)	(71, 38.6177)	(72, 38.6222)	(73, 38.6039)	(74, 38.5857)	(75, 38.5732)	(76, 38.5685)	(77, 38.4997)	(78, 38.5639)	(79, 38.5422)	(80, 38.5455)	(81, 38.5404)	(82, 38.5088)	(83, 38.5352)	(84, 38.5341)	(85, 38.5137)	(86, 38.4888)	(87, 38.488)	(88, 38.4754)	(89, 38.4927)	(90, 38.4784)	(91, 38.4465)	(92, 38.4296)	(93, 38.4184)	(94, 38.4174)	(95, 38.4298)	(96, 38.4013)	(97, 38.3818)	(98, 38.3722)	(99, 38.2974)	(100, 38.3341)	(101, 38.3739)	(102, 38.3528)	(103, 38.3489)	(104, 38.3385)	(105, 38.31)	(106, 38.3034)	(107, 38.306)	(108, 38.2633)	(109, 38.25)	(110, 38.2265)	(111, 38.2461)	(112, 38.2377)	(113, 38.2066)	(114, 38.1912)	(115, 38.1708)	(116, 38.1405)	(117, 38.1768)	(118, 38.1541)	(119, 38.137)	(120, 38.1026)	(121, 38.0877)	(122, 38.0852)	(123, 38.1026)	(124, 38.0479)	(125, 38.0383)	(126, 37.949)	(127, 37.9691)	(128, 37.9841)	(129, 37.9786)	(130, 37.9259)	(131, 37.8994)	(132, 37.8676)	(133, 37.8432)	(134, 37.8524)	(135, 37.8664)	(136, 37.8081)	(137, 37.7525)	(138, 37.7229)	(139, 37.7336)	(140, 37.6971)	(141, 37.5423)	(142, 37.5528)	(143, 37.5755)	(144, 37.5507)	(145, 37.5389)	(146, 37.4966)	(147, 37.4226)	(148, 37.3853)	(149, 37.2321)	(150, 37.2905)	(151, 35.8536)
reports | SRR35329989	(1, 20.8958)	(2, 33.3601)	(3, 35.4321)	(4, 36.6468)	(5, 37.4726)	(6, 38.0064)	(7, 38.1091)	(8, 38.3517)	(9, 38.4437)	(10, 38.5007)	(11, 38.5644)	(12, 38.6289)	(13, 38.6495)	(14, 38.64)	(15, 38.7008)	(16, 38.6883)	(17, 38.6587)	(18, 38.64)	(19, 38.7363)	(20, 38.7454)	(21, 38.7825)	(22, 38.7817)	(23, 38.7757)	(24, 38.7839)	(25, 38.7837)	(26, 38.7745)	(27, 38.8084)	(28, 38.7696)	(29, 38.8056)	(30, 38.7959)	(31, 38.7634)	(32, 38.7905)	(33, 38.7836)	(34, 38.7986)	(35, 38.7869)	(36, 38.7874)	(37, 38.7751)	(38, 38.7783)	(39, 38.7599)	(40, 38.7638)	(41, 38.789)	(42, 38.7751)	(43, 38.756)	(44, 38.7493)	(45, 38.7635)	(46, 38.7479)	(47, 38.7776)	(48, 38.7699)	(49, 38.7473)	(50, 38.6965)	(51, 38.7423)	(52, 38.6932)	(53, 38.7328)	(54, 38.7339)	(55, 38.7255)	(56, 38.73)	(57, 38.6475)	(58, 38.6421)	(59, 38.6623)	(60, 38.674)	(61, 38.6699)	(62, 38.6289)	(63, 38.697)	(64, 38.6701)	(65, 38.6762)	(66, 38.6856)	(67, 38.6727)	(68, 38.6632)	(69, 38.6438)	(70, 38.6365)	(71, 38.6437)	(72, 38.6486)	(73, 38.6293)	(74, 38.6111)	(75, 38.5998)	(76, 38.5955)	(77, 38.525)	(78, 38.5902)	(79, 38.5715)	(80, 38.5757)	(81, 38.5694)	(82, 38.536)	(83, 38.5651)	(84, 38.5617)	(85, 38.5415)	(86, 38.5164)	(87, 38.5165)	(88, 38.5038)	(89, 38.5206)	(90, 38.5054)	(91, 38.4739)	(92, 38.4581)	(93, 38.4466)	(94, 38.4454)	(95, 38.456)	(96, 38.4277)	(97, 38.4062)	(98, 38.3972)	(99, 38.3229)	(100, 38.36)	(101, 38.3991)	(102, 38.3782)	(103, 38.373)	(104, 38.3617)	(105, 38.3339)	(106, 38.3273)	(107, 38.3305)	(108, 38.2871)	(109, 38.2742)	(110, 38.25)	(111, 38.2685)	(112, 38.2601)	(113, 38.2288)	(114, 38.2138)	(115, 38.1926)	(116, 38.1634)	(117, 38.1977)	(118, 38.1749)	(119, 38.1576)	(120, 38.1238)	(121, 38.1067)	(122, 38.1058)	(123, 38.1227)	(124, 38.0707)	(125, 38.0605)	(126, 37.9736)	(127, 37.9939)	(128, 38.0089)	(129, 38.0045)	(130, 37.951)	(131, 37.925)	(132, 37.8938)	(133, 37.8707)	(134, 37.8815)	(135, 37.9004)	(136, 37.8449)	(137, 37.7917)	(138, 37.7623)	(139, 37.7771)	(140, 37.7393)	(141, 37.5877)	(142, 37.5991)	(143, 37.624)	(144, 37.603)	(145, 37.5965)	(146, 37.5582)	(147, 37.4884)	(148, 37.4548)	(149, 37.3061)	(150, 37.3625)	(151, 36.0148)
reports | SRR35329990	(1, 21.9933)	(2, 33.7988)	(3, 35.7534)	(4, 36.8714)	(5, 37.6324)	(6, 38.1405)	(7, 38.2346)	(8, 38.4389)	(9, 38.5246)	(10, 38.5734)	(11, 38.634)	(12, 38.6875)	(13, 38.7064)	(14, 38.6957)	(15, 38.7513)	(16, 38.7426)	(17, 38.7072)	(18, 38.6857)	(19, 38.7816)	(20, 38.7865)	(21, 38.8227)	(22, 38.8211)	(23, 38.8145)	(24, 38.8197)	(25, 38.8188)	(26, 38.8091)	(27, 38.843)	(28, 38.8035)	(29, 38.8398)	(30, 38.8297)	(31, 38.7962)	(32, 38.8229)	(33, 38.8168)	(34, 38.8303)	(35, 38.8214)	(36, 38.8187)	(37, 38.8061)	(38, 38.8083)	(39, 38.7913)	(40, 38.7949)	(41, 38.8198)	(42, 38.8061)	(43, 38.786)	(44, 38.7798)	(45, 38.7939)	(46, 38.7792)	(47, 38.8078)	(48, 38.7973)	(49, 38.7617)	(50, 38.7218)	(51, 38.7705)	(52, 38.7118)	(53, 38.7541)	(54, 38.7601)	(55, 38.7525)	(56, 38.742)	(57, 38.6772)	(58, 38.6642)	(59, 38.6865)	(60, 38.7016)	(61, 38.6856)	(62, 38.6358)	(63, 38.7155)	(64, 38.6784)	(65, 38.698)	(66, 38.6969)	(67, 38.6884)	(68, 38.6706)	(69, 38.6572)	(70, 38.6528)	(71, 38.6548)	(72, 38.6542)	(73, 38.6543)	(74, 38.6135)	(75, 38.6229)	(76, 38.6214)	(77, 38.5502)	(78, 38.611)	(79, 38.5872)	(80, 38.5893)	(81, 38.5905)	(82, 38.5619)	(83, 38.5896)	(84, 38.5897)	(85, 38.5699)	(86, 38.5468)	(87, 38.5462)	(88, 38.5333)	(89, 38.5512)	(90, 38.5375)	(91, 38.507)	(92, 38.4915)	(93, 38.4801)	(94, 38.4791)	(95, 38.4906)	(96, 38.4637)	(97, 38.4439)	(98, 38.4337)	(99, 38.3597)	(100, 38.3968)	(101, 38.4345)	(102, 38.4123)	(103, 38.4058)	(104, 38.3951)	(105, 38.3684)	(106, 38.3601)	(107, 38.3603)	(108, 38.3166)	(109, 38.2999)	(110, 38.2753)	(111, 38.2888)	(112, 38.2766)	(113, 38.2422)	(114, 38.223)	(115, 38.1979)	(116, 38.1637)	(117, 38.1904)	(118, 38.1633)	(119, 38.1405)	(120, 38.0982)	(121, 38.0755)	(122, 38.0603)	(123, 38.0655)	(124, 38.0011)	(125, 37.9764)	(126, 37.8755)	(127, 37.8818)	(128, 37.881)	(129, 37.861)	(130, 37.79)	(131, 37.7422)	(132, 37.6905)	(133, 37.6413)	(134, 37.6248)	(135, 37.6116)	(136, 37.5239)	(137, 37.439)	(138, 37.3754)	(139, 37.3553)	(140, 37.279)	(141, 37.0891)	(142, 37.058)	(143, 37.0331)	(144, 36.9608)	(145, 36.9015)	(146, 36.8049)	(147, 36.6764)	(148, 36.5844)	(149, 36.3713)	(150, 36.3695)	(151, 34.5329)
reports | SRR35329991	(1, 21.8196)	(2, 33.7216)	(3, 35.7039)	(4, 36.864)	(5, 37.6485)	(6, 38.1644)	(7, 38.259)	(8, 38.4683)	(9, 38.5651)	(10, 38.6217)	(11, 38.6816)	(12, 38.7423)	(13, 38.7575)	(14, 38.7527)	(15, 38.8113)	(16, 38.7989)	(17, 38.7622)	(18, 38.742)	(19, 38.8391)	(20, 38.8487)	(21, 38.8829)	(22, 38.8788)	(23, 38.8748)	(24, 38.8804)	(25, 38.8784)	(26, 38.8692)	(27, 38.9011)	(28, 38.8573)	(29, 38.8951)	(30, 38.8834)	(31, 38.8497)	(32, 38.8762)	(33, 38.87)	(34, 38.8821)	(35, 38.8741)	(36, 38.8703)	(37, 38.8591)	(38, 38.8608)	(39, 38.8427)	(40, 38.8451)	(41, 38.8709)	(42, 38.8585)	(43, 38.8364)	(44, 38.8297)	(45, 38.8437)	(46, 38.8305)	(47, 38.8567)	(48, 38.8512)	(49, 38.8285)	(50, 38.7783)	(51, 38.8249)	(52, 38.7775)	(53, 38.8147)	(54, 38.8171)	(55, 38.806)	(56, 38.8107)	(57, 38.7305)	(58, 38.7247)	(59, 38.7444)	(60, 38.7556)	(61, 38.7513)	(62, 38.7024)	(63, 38.7802)	(64, 38.7498)	(65, 38.7458)	(66, 38.7688)	(67, 38.7545)	(68, 38.7461)	(69, 38.7275)	(70, 38.7208)	(71, 38.7279)	(72, 38.7317)	(73, 38.7148)	(74, 38.696)	(75, 38.6849)	(76, 38.6775)	(77, 38.5884)	(78, 38.6429)	(79, 38.6256)	(80, 38.6551)	(81, 38.6535)	(82, 38.6234)	(83, 38.6513)	(84, 38.6504)	(85, 38.6305)	(86, 38.6076)	(87, 38.6071)	(88, 38.5924)	(89, 38.6099)	(90, 38.596)	(91, 38.5681)	(92, 38.5536)	(93, 38.5412)	(94, 38.5394)	(95, 38.552)	(96, 38.5246)	(97, 38.5053)	(98, 38.4947)	(99, 38.4211)	(100, 38.4593)	(101, 38.4975)	(102, 38.477)	(103, 38.4702)	(104, 38.4612)	(105, 38.4346)	(106, 38.4279)	(107, 38.431)	(108, 38.3894)	(109, 38.3762)	(110, 38.3534)	(111, 38.3711)	(112, 38.3637)	(113, 38.3326)	(114, 38.3184)	(115, 38.2972)	(116, 38.2666)	(117, 38.2995)	(118, 38.2778)	(119, 38.2617)	(120, 38.2281)	(121, 38.2131)	(122, 38.2119)	(123, 38.2279)	(124, 38.1746)	(125, 38.1647)	(126, 38.0757)	(127, 38.096)	(128, 38.1096)	(129, 38.1031)	(130, 38.0531)	(131, 38.0277)	(132, 38.0007)	(133, 37.9764)	(134, 37.985)	(135, 37.9979)	(136, 37.9418)	(137, 37.89)	(138, 37.8569)	(139, 37.871)	(140, 37.8343)	(141, 37.6838)	(142, 37.7012)	(143, 37.7225)	(144, 37.7016)	(145, 37.6918)	(146, 37.6499)	(147, 37.5821)	(148, 37.5441)	(149, 37.396)	(150, 37.4517)	(151, 36.0761)
reports | SRR35329992	(1, 20.5647)	(2, 33.6417)	(3, 35.5546)	(4, 36.7285)	(5, 37.4957)	(6, 38.0044)	(7, 38.0925)	(8, 38.3504)	(9, 38.4317)	(10, 38.4849)	(11, 38.5317)	(12, 38.6087)	(13, 38.6444)	(14, 38.6273)	(15, 38.6899)	(16, 38.6849)	(17, 38.6501)	(18, 38.6276)	(19, 38.7332)	(20, 38.7404)	(21, 38.7813)	(22, 38.7834)	(23, 38.7789)	(24, 38.7823)	(25, 38.7791)	(26, 38.7737)	(27, 38.8077)	(28, 38.7688)	(29, 38.8085)	(30, 38.7974)	(31, 38.7652)	(32, 38.7913)	(33, 38.7811)	(34, 38.7954)	(35, 38.7894)	(36, 38.7872)	(37, 38.774)	(38, 38.7747)	(39, 38.757)	(40, 38.7628)	(41, 38.7892)	(42, 38.7745)	(43, 38.7555)	(44, 38.7479)	(45, 38.764)	(46, 38.7489)	(47, 38.7779)	(48, 38.7708)	(49, 38.7483)	(50, 38.6983)	(51, 38.746)	(52, 38.6966)	(53, 38.736)	(54, 38.7366)	(55, 38.7292)	(56, 38.7302)	(57, 38.6497)	(58, 38.6443)	(59, 38.6643)	(60, 38.6763)	(61, 38.6713)	(62, 38.633)	(63, 38.6995)	(64, 38.6728)	(65, 38.6782)	(66, 38.6862)	(67, 38.6738)	(68, 38.6638)	(69, 38.645)	(70, 38.6382)	(71, 38.6449)	(72, 38.6494)	(73, 38.6318)	(74, 38.6139)	(75, 38.602)	(76, 38.5967)	(77, 38.5273)	(78, 38.5923)	(79, 38.5697)	(80, 38.575)	(81, 38.5691)	(82, 38.5386)	(83, 38.5658)	(84, 38.5639)	(85, 38.5439)	(86, 38.5191)	(87, 38.5183)	(88, 38.5048)	(89, 38.5224)	(90, 38.5084)	(91, 38.478)	(92, 38.4617)	(93, 38.4502)	(94, 38.4488)	(95, 38.46)	(96, 38.4336)	(97, 38.4132)	(98, 38.4019)	(99, 38.331)	(100, 38.3669)	(101, 38.4059)	(102, 38.3855)	(103, 38.3805)	(104, 38.3704)	(105, 38.3441)	(106, 38.3374)	(107, 38.3416)	(108, 38.2993)	(109, 38.2858)	(110, 38.2632)	(111, 38.2829)	(112, 38.2753)	(113, 38.2437)	(114, 38.2304)	(115, 38.2095)	(116, 38.1801)	(117, 38.2154)	(118, 38.1946)	(119, 38.1787)	(120, 38.1449)	(121, 38.1313)	(122, 38.129)	(123, 38.1483)	(124, 38.0948)	(125, 38.0855)	(126, 37.9986)	(127, 38.0189)	(128, 38.0356)	(129, 38.0318)	(130, 37.9806)	(131, 37.9552)	(132, 37.9259)	(133, 37.9019)	(134, 37.9107)	(135, 37.9274)	(136, 37.8716)	(137, 37.8177)	(138, 37.7874)	(139, 37.8021)	(140, 37.7664)	(141, 37.6125)	(142, 37.6255)	(143, 37.6499)	(144, 37.6244)	(145, 37.6166)	(146, 37.572)	(147, 37.5029)	(148, 37.4648)	(149, 37.312)	(150, 37.3706)	(151, 35.9375)
reports | SRR35329993	(1, 20.6593)	(2, 33.411)	(3, 35.4172)	(4, 36.6461)	(5, 37.487)	(6, 38.016)	(7, 38.1143)	(8, 38.325)	(9, 38.4246)	(10, 38.4767)	(11, 38.55)	(12, 38.6134)	(13, 38.6319)	(14, 38.6254)	(15, 38.6832)	(16, 38.6749)	(17, 38.6409)	(18, 38.6212)	(19, 38.7187)	(20, 38.7251)	(21, 38.7618)	(22, 38.7587)	(23, 38.7556)	(24, 38.7612)	(25, 38.7608)	(26, 38.7528)	(27, 38.785)	(28, 38.746)	(29, 38.7822)	(30, 38.7715)	(31, 38.7377)	(32, 38.7646)	(33, 38.7568)	(34, 38.7703)	(35, 38.7613)	(36, 38.7597)	(37, 38.7466)	(38, 38.749)	(39, 38.7298)	(40, 38.7336)	(41, 38.7585)	(42, 38.7456)	(43, 38.7243)	(44, 38.7188)	(45, 38.7316)	(46, 38.7175)	(47, 38.746)	(48, 38.7386)	(49, 38.711)	(50, 38.6634)	(51, 38.7105)	(52, 38.6622)	(53, 38.7005)	(54, 38.7022)	(55, 38.6917)	(56, 38.6924)	(57, 38.6147)	(58, 38.6073)	(59, 38.6271)	(60, 38.6399)	(61, 38.6326)	(62, 38.5769)	(63, 38.662)	(64, 38.6223)	(65, 38.629)	(66, 38.648)	(67, 38.6339)	(68, 38.622)	(69, 38.6047)	(70, 38.5983)	(71, 38.6044)	(72, 38.6089)	(73, 38.5942)	(74, 38.5703)	(75, 38.5628)	(76, 38.5566)	(77, 38.4721)	(78, 38.5221)	(79, 38.4937)	(80, 38.5274)	(81, 38.5274)	(82, 38.4992)	(83, 38.5274)	(84, 38.5251)	(85, 38.5061)	(86, 38.482)	(87, 38.4804)	(88, 38.4669)	(89, 38.4848)	(90, 38.4701)	(91, 38.4409)	(92, 38.4248)	(93, 38.4138)	(94, 38.4139)	(95, 38.4244)	(96, 38.3976)	(97, 38.3779)	(98, 38.3675)	(99, 38.292)	(100, 38.3296)	(101, 38.3694)	(102, 38.3496)	(103, 38.344)	(104, 38.3343)	(105, 38.3075)	(106, 38.3018)	(107, 38.3052)	(108, 38.2613)	(109, 38.2485)	(110, 38.2251)	(111, 38.245)	(112, 38.2366)	(113, 38.2071)	(114, 38.192)	(115, 38.1716)	(116, 38.1439)	(117, 38.1761)	(118, 38.1548)	(119, 38.1369)	(120, 38.103)	(121, 38.0885)	(122, 38.0858)	(123, 38.1025)	(124, 38.0503)	(125, 38.0401)	(126, 37.9522)	(127, 37.9714)	(128, 37.9865)	(129, 37.9789)	(130, 37.9271)	(131, 37.8998)	(132, 37.869)	(133, 37.8443)	(134, 37.8517)	(135, 37.8661)	(136, 37.8088)	(137, 37.7538)	(138, 37.7197)	(139, 37.7293)	(140, 37.6878)	(141, 37.5352)	(142, 37.5443)	(143, 37.5641)	(144, 37.5358)	(145, 37.5276)	(146, 37.4805)	(147, 37.4046)	(148, 37.3663)	(149, 37.2076)	(150, 37.2581)	(151, 35.6631)
reports | SRR35329994	(1, 21.1278)	(2, 33.5613)	(3, 35.5793)	(4, 36.7573)	(5, 37.5356)	(6, 38.0367)	(7, 38.1188)	(8, 38.3735)	(9, 38.4482)	(10, 38.5009)	(11, 38.5503)	(12, 38.6217)	(13, 38.6462)	(14, 38.6339)	(15, 38.6921)	(16, 38.6865)	(17, 38.6504)	(18, 38.629)	(19, 38.7259)	(20, 38.7324)	(21, 38.7705)	(22, 38.7682)	(23, 38.764)	(24, 38.7687)	(25, 38.768)	(26, 38.7586)	(27, 38.7935)	(28, 38.7551)	(29, 38.7893)	(30, 38.7794)	(31, 38.7459)	(32, 38.7738)	(33, 38.7668)	(34, 38.7808)	(35, 38.7729)	(36, 38.7695)	(37, 38.7554)	(38, 38.7578)	(39, 38.739)	(40, 38.7425)	(41, 38.7681)	(42, 38.7548)	(43, 38.735)	(44, 38.7274)	(45, 38.7423)	(46, 38.7267)	(47, 38.7551)	(48, 38.7476)	(49, 38.7244)	(50, 38.674)	(51, 38.7196)	(52, 38.6717)	(53, 38.7102)	(54, 38.7121)	(55, 38.701)	(56, 38.7047)	(57, 38.625)	(58, 38.6185)	(59, 38.638)	(60, 38.65)	(61, 38.6433)	(62, 38.5958)	(63, 38.6721)	(64, 38.6411)	(65, 38.6402)	(66, 38.6605)	(67, 38.646)	(68, 38.6372)	(69, 38.617)	(70, 38.6107)	(71, 38.6166)	(72, 38.623)	(73, 38.6027)	(74, 38.5838)	(75, 38.5731)	(76, 38.5648)	(77, 38.4835)	(78, 38.5419)	(79, 38.5251)	(80, 38.5435)	(81, 38.5405)	(82, 38.5107)	(83, 38.538)	(84, 38.5359)	(85, 38.5155)	(86, 38.4926)	(87, 38.4918)	(88, 38.4789)	(89, 38.4953)	(90, 38.4826)	(91, 38.4523)	(92, 38.436)	(93, 38.425)	(94, 38.4244)	(95, 38.4364)	(96, 38.4088)	(97, 38.3895)	(98, 38.3804)	(99, 38.3071)	(100, 38.3461)	(101, 38.3861)	(102, 38.3653)	(103, 38.3594)	(104, 38.3506)	(105, 38.3243)	(106, 38.3172)	(107, 38.3221)	(108, 38.2803)	(109, 38.2688)	(110, 38.2472)	(111, 38.266)	(112, 38.2596)	(113, 38.2277)	(114, 38.2142)	(115, 38.1937)	(116, 38.1669)	(117, 38.2008)	(118, 38.1824)	(119, 38.1647)	(120, 38.1334)	(121, 38.1203)	(122, 38.1185)	(123, 38.1372)	(124, 38.0862)	(125, 38.0777)	(126, 37.9897)	(127, 38.0104)	(128, 38.0263)	(129, 38.0244)	(130, 37.9742)	(131, 37.9491)	(132, 37.9227)	(133, 37.8992)	(134, 37.9108)	(135, 37.9255)	(136, 37.8702)	(137, 37.8181)	(138, 37.7879)	(139, 37.8028)	(140, 37.7661)	(141, 37.6173)	(142, 37.6318)	(143, 37.6537)	(144, 37.6306)	(145, 37.6219)	(146, 37.582)	(147, 37.5109)	(148, 37.4732)	(149, 37.3263)	(150, 37.38)	(151, 35.963)
reports | SRR35329995	(1, 20.8766)	(2, 33.574)	(3, 35.6081)	(4, 36.8277)	(5, 37.6445)	(6, 38.1454)	(7, 38.2457)	(8, 38.4481)	(9, 38.5462)	(10, 38.6023)	(11, 38.6709)	(12, 38.7285)	(13, 38.7478)	(14, 38.7401)	(15, 38.8007)	(16, 38.7907)	(17, 38.7544)	(18, 38.7355)	(19, 38.8352)	(20, 38.8418)	(21, 38.8769)	(22, 38.8757)	(23, 38.8696)	(24, 38.8737)	(25, 38.8745)	(26, 38.8643)	(27, 38.8974)	(28, 38.8588)	(29, 38.8938)	(30, 38.8819)	(31, 38.8498)	(32, 38.875)	(33, 38.8676)	(34, 38.8798)	(35, 38.8701)	(36, 38.8661)	(37, 38.8549)	(38, 38.8556)	(39, 38.8374)	(40, 38.8415)	(41, 38.8669)	(42, 38.853)	(43, 38.8328)	(44, 38.825)	(45, 38.8375)	(46, 38.8233)	(47, 38.8511)	(48, 38.8437)	(49, 38.8219)	(50, 38.7709)	(51, 38.8177)	(52, 38.7687)	(53, 38.8073)	(54, 38.807)	(55, 38.7985)	(56, 38.8025)	(57, 38.7229)	(58, 38.7162)	(59, 38.7367)	(60, 38.7475)	(61, 38.7442)	(62, 38.7017)	(63, 38.7712)	(64, 38.7421)	(65, 38.7418)	(66, 38.7599)	(67, 38.7454)	(68, 38.7374)	(69, 38.718)	(70, 38.7112)	(71, 38.7195)	(72, 38.7246)	(73, 38.7067)	(74, 38.6882)	(75, 38.6752)	(76, 38.6697)	(77, 38.5871)	(78, 38.6479)	(79, 38.6298)	(80, 38.6488)	(81, 38.6457)	(82, 38.6168)	(83, 38.6434)	(84, 38.64)	(85, 38.6219)	(86, 38.5976)	(87, 38.5966)	(88, 38.5846)	(89, 38.6025)	(90, 38.5892)	(91, 38.5591)	(92, 38.5451)	(93, 38.5321)	(94, 38.5315)	(95, 38.5436)	(96, 38.5159)	(97, 38.4973)	(98, 38.4867)	(99, 38.4139)	(100, 38.4523)	(101, 38.492)	(102, 38.4718)	(103, 38.4662)	(104, 38.4576)	(105, 38.4323)	(106, 38.4265)	(107, 38.4296)	(108, 38.388)	(109, 38.3766)	(110, 38.3549)	(111, 38.3736)	(112, 38.3672)	(113, 38.3363)	(114, 38.3221)	(115, 38.3034)	(116, 38.276)	(117, 38.3085)	(118, 38.2883)	(119, 38.2723)	(120, 38.2416)	(121, 38.2274)	(122, 38.2258)	(123, 38.2431)	(124, 38.1937)	(125, 38.1825)	(126, 38.0971)	(127, 38.1172)	(128, 38.1333)	(129, 38.1281)	(130, 38.0792)	(131, 38.0551)	(132, 38.0273)	(133, 38.0033)	(134, 38.0118)	(135, 38.0262)	(136, 37.9737)	(137, 37.922)	(138, 37.8895)	(139, 37.9042)	(140, 37.8681)	(141, 37.7178)	(142, 37.7329)	(143, 37.7547)	(144, 37.7308)	(145, 37.7234)	(146, 37.6832)	(147, 37.6139)	(148, 37.5749)	(149, 37.4287)	(150, 37.4834)	(151, 35.9922)
reports | SRR35329996	(1, 21.4746)	(2, 34.029)	(3, 36.0842)	(4, 37.268)	(5, 38.0026)	(6, 38.4827)	(7, 38.5633)	(8, 38.7686)	(9, 38.8453)	(10, 38.8954)	(11, 38.9448)	(12, 38.995)	(13, 39.0163)	(14, 39.0076)	(15, 39.0625)	(16, 39.0473)	(17, 39.0088)	(18, 38.985)	(19, 39.0848)	(20, 39.0887)	(21, 39.119)	(22, 39.1187)	(23, 39.1146)	(24, 39.1193)	(25, 39.118)	(26, 39.1098)	(27, 39.136)	(28, 39.0981)	(29, 39.1323)	(30, 39.124)	(31, 39.0933)	(32, 39.1162)	(33, 39.1088)	(34, 39.1208)	(35, 39.1123)	(36, 39.1078)	(37, 39.0979)	(38, 39.0982)	(39, 39.0842)	(40, 39.0846)	(41, 39.1073)	(42, 39.0943)	(43, 39.0772)	(44, 39.0708)	(45, 39.0826)	(46, 39.0678)	(47, 39.0918)	(48, 39.0853)	(49, 39.0663)	(50, 39.0157)	(51, 39.0622)	(52, 39.0151)	(53, 39.0508)	(54, 39.0505)	(55, 39.042)	(56, 39.0447)	(57, 38.9665)	(58, 38.9616)	(59, 38.9819)	(60, 38.9902)	(61, 38.9875)	(62, 38.9419)	(63, 39.0167)	(64, 38.9914)	(65, 38.9902)	(66, 39.0045)	(67, 38.9911)	(68, 38.984)	(69, 38.966)	(70, 38.9611)	(71, 38.965)	(72, 38.9696)	(73, 38.9545)	(74, 38.9373)	(75, 38.9264)	(76, 38.9218)	(77, 38.8394)	(78, 38.9011)	(79, 38.8849)	(80, 38.9001)	(81, 38.8967)	(82, 38.8705)	(83, 38.8935)	(84, 38.8912)	(85, 38.8748)	(86, 38.8525)	(87, 38.8514)	(88, 38.8397)	(89, 38.8523)	(90, 38.84)	(91, 38.8138)	(92, 38.8004)	(93, 38.7907)	(94, 38.7893)	(95, 38.7989)	(96, 38.7744)	(97, 38.7567)	(98, 38.7465)	(99, 38.6748)	(100, 38.7102)	(101, 38.7481)	(102, 38.73)	(103, 38.7254)	(104, 38.7179)	(105, 38.6914)	(106, 38.6869)	(107, 38.6885)	(108, 38.6485)	(109, 38.639)	(110, 38.6182)	(111, 38.6317)	(112, 38.625)	(113, 38.597)	(114, 38.5851)	(115, 38.5664)	(116, 38.5387)	(117, 38.5683)	(118, 38.5478)	(119, 38.5327)	(120, 38.5015)	(121, 38.4895)	(122, 38.4846)	(123, 38.4994)	(124, 38.4522)	(125, 38.4415)	(126, 38.3559)	(127, 38.3793)	(128, 38.389)	(129, 38.3841)	(130, 38.3382)	(131, 38.313)	(132, 38.2841)	(133, 38.2609)	(134, 38.2665)	(135, 38.2793)	(136, 38.2285)	(137, 38.178)	(138, 38.147)	(139, 38.1535)	(140, 38.1169)	(141, 37.9696)	(142, 37.9859)	(143, 38.0068)	(144, 37.9806)	(145, 37.9723)	(146, 37.931)	(147, 37.8622)	(148, 37.823)	(149, 37.6807)	(150, 37.7273)	(151, 36.2403)
