Sample	0	1	2	3	4	5	6	7	8	9	10	11	12	13	14	15	16	17	18	19	20	21	22	23	24	25	26	27	28	29	30	31	32	33	34	35	36	37	38	39	40	41	42	43	44	45	46	47	48	49	50	51	52	53	54	55	56	57	58	59	60	61	62	63	64	65	66	67	68	69	70	71	72	73	74	75	76	77	78	79	80	81	82	83	84	85	86	87	88	89	90	91	92	93	94	95	96	97	98	99	100	101	102	103	104	105	106	107	108	109	110	111	112	113	114	115	116	117	118	119	120	121	122	123	124	125	126	127	128	129	130	131	132	133	134	135	136	137	138	139	140	141	142	143	144	145	146	147	148	149	150
reports | SRR35329977	(1, 38.7656)	(2, 66.8587)	(3, 47.5128)	(4, 49.871900000000004)	(5, 49.9309)	(6, 48.9537)	(7, 46.403)	(8, 47.5948)	(9, 53.7419)	(10, 51.2042)	(11, 46.2885)	(12, 57.5446)	(13, 55.279900000000005)	(14, 51.9089)	(15, 49.6434)	(16, 50.3026)	(17, 51.3827)	(18, 50.9019)	(19, 50.2435)	(20, 51.144800000000004)	(21, 51.1416)	(22, 50.12180000000001)	(23, 50.68319999999999)	(24, 50.4986)	(25, 49.8336)	(26, 50.8161)	(27, 50.83069999999999)	(28, 49.952600000000004)	(29, 50.7806)	(30, 50.7008)	(31, 50.029)	(32, 50.655499999999996)	(33, 50.4679)	(34, 49.675399999999996)	(35, 50.6467)	(36, 50.618700000000004)	(37, 49.9551)	(38, 50.653099999999995)	(39, 50.6051)	(40, 49.905899999999995)	(41, 50.5812)	(42, 50.597)	(43, 49.8737)	(44, 50.703900000000004)	(45, 50.6517)	(46, 49.9495)	(47, 50.787000000000006)	(48, 50.5326)	(49, 49.8133)	(50, 50.7191)	(51, 50.623200000000004)	(52, 49.8615)	(53, 50.7695)	(54, 50.533300000000004)	(55, 49.8525)	(56, 50.6034)	(57, 50.48350000000001)	(58, 49.825599999999994)	(59, 50.56079999999999)	(60, 50.6857)	(61, 49.7855)	(62, 50.5852)	(63, 50.562799999999996)	(64, 49.808)	(65, 50.56119999999999)	(66, 50.5576)	(67, 49.661)	(68, 50.3618)	(69, 50.3895)	(70, 49.7137)	(71, 50.432100000000005)	(72, 50.362700000000004)	(73, 49.686099999999996)	(74, 50.410999999999994)	(75, 50.3635)	(76, 49.6622)	(77, 50.20400000000001)	(78, 50.3102)	(79, 49.569)	(80, 50.255799999999994)	(81, 50.219899999999996)	(82, 49.5616)	(83, 50.2195)	(84, 50.1884)	(85, 49.5473)	(86, 50.1854)	(87, 50.1244)	(88, 49.422399999999996)	(89, 50.1733)	(90, 50.114999999999995)	(91, 49.4174)	(92, 50.0849)	(93, 50.09010000000001)	(94, 49.4531)	(95, 50.0359)	(96, 49.998799999999996)	(97, 49.4052)	(98, 49.9546)	(99, 49.882799999999996)	(100, 49.1925)	(101, 49.8472)	(102, 49.927)	(103, 49.3351)	(104, 49.93)	(105, 49.8778)	(106, 49.158699999999996)	(107, 49.8539)	(108, 49.811499999999995)	(109, 49.200700000000005)	(110, 49.851800000000004)	(111, 49.768699999999995)	(112, 49.1592)	(113, 49.716)	(114, 49.7878)	(115, 49.0687)	(116, 49.765)	(117, 49.7541)	(118, 49.1562)	(119, 49.681599999999996)	(120, 49.6997)	(121, 48.9888)	(122, 49.7191)	(123, 49.6961)	(124, 49.044900000000005)	(125, 49.6918)	(126, 49.6368)	(127, 49.102000000000004)	(128, 49.7038)	(129, 49.660700000000006)	(130, 48.9768)	(131, 49.6727)	(132, 49.675599999999996)	(133, 48.9854)	(134, 49.6999)	(135, 49.693)	(136, 49.0028)	(137, 49.6743)	(138, 49.638)	(139, 49.0155)	(140, 49.553799999999995)	(141, 49.504799999999996)	(142, 49.0203)	(143, 49.5891)	(144, 49.6923)	(145, 48.9191)	(146, 49.6762)	(147, 49.5901)	(148, 48.9085)	(149, 49.5434)	(150, 49.6169)	(151, 48.8439)
reports | SRR35329978	(1, 34.4066)	(2, 66.7615)	(3, 47.2899)	(4, 49.8801)	(5, 50.4732)	(6, 49.174)	(7, 46.475100000000005)	(8, 47.7501)	(9, 53.968199999999996)	(10, 51.3589)	(11, 46.4522)	(12, 57.8932)	(13, 55.5771)	(14, 52.1263)	(15, 49.709399999999995)	(16, 50.4914)	(17, 51.4881)	(18, 51.0164)	(19, 50.462300000000006)	(20, 51.272600000000004)	(21, 51.368)	(22, 50.2368)	(23, 50.9515)	(24, 50.800900000000006)	(25, 50.0836)	(26, 50.9625)	(27, 51.1039)	(28, 50.209)	(29, 51.047200000000004)	(30, 51.00940000000001)	(31, 50.1857)	(32, 50.9042)	(33, 50.769600000000004)	(34, 49.8073)	(35, 50.7196)	(36, 50.695)	(37, 50.0583)	(38, 50.9111)	(39, 50.917199999999994)	(40, 49.989)	(41, 50.9572)	(42, 50.7571)	(43, 50.0344)	(44, 50.7753)	(45, 50.9486)	(46, 50.1105)	(47, 51.0509)	(48, 50.6822)	(49, 49.9561)	(50, 50.968500000000006)	(51, 50.7924)	(52, 50.0384)	(53, 51.0239)	(54, 50.7113)	(55, 50.12029999999999)	(56, 50.862300000000005)	(57, 50.7663)	(58, 49.9724)	(59, 50.844199999999994)	(60, 50.960899999999995)	(61, 49.963499999999996)	(62, 50.860099999999996)	(63, 50.838899999999995)	(64, 50.0528)	(65, 50.815200000000004)	(66, 50.82020000000001)	(67, 49.7789)	(68, 50.49439999999999)	(69, 50.553599999999996)	(70, 49.9322)	(71, 50.5663)	(72, 50.497899999999994)	(73, 49.8091)	(74, 50.522)	(75, 50.5235)	(76, 49.7921)	(77, 50.3394)	(78, 50.4591)	(79, 49.7515)	(80, 50.3953)	(81, 50.386900000000004)	(82, 49.7532)	(83, 50.388200000000005)	(84, 50.374399999999994)	(85, 49.7184)	(86, 50.3358)	(87, 50.281699999999994)	(88, 49.571)	(89, 50.3213)	(90, 50.276900000000005)	(91, 49.5416)	(92, 50.2175)	(93, 50.23609999999999)	(94, 49.5611)	(95, 50.1672)	(96, 50.18)	(97, 49.5524)	(98, 50.061)	(99, 50.0347)	(100, 49.2865)	(101, 49.945699999999995)	(102, 50.058499999999995)	(103, 49.4632)	(104, 50.037699999999994)	(105, 49.993900000000004)	(106, 49.2657)	(107, 49.944100000000006)	(108, 49.9281)	(109, 49.2526)	(110, 49.952000000000005)	(111, 49.885400000000004)	(112, 49.2282)	(113, 49.7804)	(114, 49.933699999999995)	(115, 49.1517)	(116, 49.865300000000005)	(117, 49.879)	(118, 49.2301)	(119, 49.741800000000005)	(120, 49.8209)	(121, 49.065999999999995)	(122, 49.7791)	(123, 49.7556)	(124, 49.1224)	(125, 49.7589)	(126, 49.7203)	(127, 49.1745)	(128, 49.781)	(129, 49.6946)	(130, 49.0231)	(131, 49.695)	(132, 49.7105)	(133, 49.0058)	(134, 49.7708)	(135, 49.7605)	(136, 49.026399999999995)	(137, 49.7209)	(138, 49.7097)	(139, 49.057)	(140, 49.565)	(141, 49.519999999999996)	(142, 49.0072)	(143, 49.5997)	(144, 49.7703)	(145, 48.9434)	(146, 49.7061)	(147, 49.6479)	(148, 48.9138)	(149, 49.5676)	(150, 49.668)	(151, 48.9144)
reports | SRR35329979	(1, 53.828900000000004)	(2, 70.03540000000001)	(3, 48.1633)	(4, 50.590599999999995)	(5, 49.6668)	(6, 49.0083)	(7, 46.889199999999995)	(8, 48.0682)	(9, 53.9386)	(10, 51.4251)	(11, 46.4424)	(12, 57.5982)	(13, 55.172900000000006)	(14, 51.8997)	(15, 49.8581)	(16, 50.491600000000005)	(17, 51.6748)	(18, 51.0614)	(19, 50.4421)	(20, 51.3942)	(21, 51.2258)	(22, 50.3256)	(23, 50.853)	(24, 50.6273)	(25, 50.0343)	(26, 51.080999999999996)	(27, 50.9414)	(28, 50.0934)	(29, 50.9509)	(30, 50.783500000000004)	(31, 50.1877)	(32, 50.856100000000005)	(33, 50.5672)	(34, 49.8722)	(35, 50.8668)	(36, 50.646800000000006)	(37, 50.0445)	(38, 50.8455)	(39, 50.6479)	(40, 50.0266)	(41, 50.828399999999995)	(42, 50.656800000000004)	(43, 50.0894)	(44, 50.92060000000001)	(45, 50.722199999999994)	(46, 50.083800000000004)	(47, 50.9747)	(48, 50.601)	(49, 49.978)	(50, 50.893)	(51, 50.7072)	(52, 50.0206)	(53, 50.9377)	(54, 50.595800000000004)	(55, 50.0049)	(56, 50.8036)	(57, 50.5578)	(58, 49.9949)	(59, 50.758199999999995)	(60, 50.7189)	(61, 49.9657)	(62, 50.7666)	(63, 50.626099999999994)	(64, 49.9628)	(65, 50.7444)	(66, 50.625699999999995)	(67, 49.8343)	(68, 50.590500000000006)	(69, 50.495999999999995)	(70, 49.841800000000006)	(71, 50.614000000000004)	(72, 50.436800000000005)	(73, 49.8269)	(74, 50.612100000000005)	(75, 50.458000000000006)	(76, 49.831199999999995)	(77, 50.4261)	(78, 50.4054)	(79, 49.742399999999996)	(80, 50.4607)	(81, 50.2912)	(82, 49.7029)	(83, 50.405)	(84, 50.2679)	(85, 49.7009)	(86, 50.3673)	(87, 50.206300000000006)	(88, 49.5775)	(89, 50.370599999999996)	(90, 50.2059)	(91, 49.5813)	(92, 50.3058)	(93, 50.143800000000006)	(94, 49.58)	(95, 50.253800000000005)	(96, 50.0893)	(97, 49.5618)	(98, 50.1873)	(99, 50.0202)	(100, 49.3606)	(101, 50.061299999999996)	(102, 50.0374)	(103, 49.5019)	(104, 50.1028)	(105, 49.9557)	(106, 49.3332)	(107, 50.0668)	(108, 49.9013)	(109, 49.3877)	(110, 50.087199999999996)	(111, 49.8846)	(112, 49.3203)	(113, 49.9317)	(114, 49.9095)	(115, 49.2595)	(116, 49.994499999999995)	(117, 49.858000000000004)	(118, 49.332100000000004)	(119, 49.9224)	(120, 49.8369)	(121, 49.1775)	(122, 49.9567)	(123, 49.8055)	(124, 49.2537)	(125, 49.931)	(126, 49.7378)	(127, 49.2866)	(128, 49.9569)	(129, 49.7487)	(130, 49.1622)	(131, 49.945)	(132, 49.8003)	(133, 49.1689)	(134, 49.9665)	(135, 49.8263)	(136, 49.1649)	(137, 49.8959)	(138, 49.7412)	(139, 49.2286)	(140, 49.7915)	(141, 49.6425)	(142, 49.223)	(143, 49.831399999999995)	(144, 49.8205)	(145, 49.1112)	(146, 49.920700000000004)	(147, 49.7172)	(148, 49.0772)	(149, 49.784099999999995)	(150, 49.7169)	(151, 49.0983)
reports | SRR35329980	(1, 64.7458)	(2, 67.93350000000001)	(3, 47.5416)	(4, 50.196799999999996)	(5, 49.6513)	(6, 48.7419)	(7, 46.5423)	(8, 47.5774)	(9, 53.860600000000005)	(10, 51.0182)	(11, 46.2236)	(12, 57.6276)	(13, 55.1153)	(14, 51.6696)	(15, 49.586400000000005)	(16, 50.23069999999999)	(17, 51.345200000000006)	(18, 50.8527)	(19, 50.2119)	(20, 51.0956)	(21, 51.043000000000006)	(22, 50.051)	(23, 50.5755)	(24, 50.408699999999996)	(25, 49.778299999999994)	(26, 50.723)	(27, 50.724000000000004)	(28, 49.8662)	(29, 50.6897)	(30, 50.6255)	(31, 49.945)	(32, 50.54729999999999)	(33, 50.3764)	(34, 49.607800000000005)	(35, 50.4692)	(36, 50.5112)	(37, 49.8739)	(38, 50.5563)	(39, 50.503699999999995)	(40, 49.811499999999995)	(41, 50.4928)	(42, 50.560700000000004)	(43, 49.7823)	(44, 50.6047)	(45, 50.5273)	(46, 49.872499999999995)	(47, 50.6826)	(48, 50.442699999999995)	(49, 49.7569)	(50, 50.62799999999999)	(51, 50.527)	(52, 49.8065)	(53, 50.647299999999994)	(54, 50.427299999999995)	(55, 49.7598)	(56, 50.5057)	(57, 50.3746)	(58, 49.7472)	(59, 50.4692)	(60, 50.5721)	(61, 49.7044)	(62, 50.4856)	(63, 50.450799999999994)	(64, 49.7147)	(65, 50.455600000000004)	(66, 50.462700000000005)	(67, 49.5707)	(68, 50.275499999999994)	(69, 50.2858)	(70, 49.6174)	(71, 50.3556)	(72, 50.2628)	(73, 49.6118)	(74, 50.336099999999995)	(75, 50.2706)	(76, 49.5645)	(77, 50.1131)	(78, 50.22489999999999)	(79, 49.4848)	(80, 50.1526)	(81, 50.1401)	(82, 49.4864)	(83, 50.129000000000005)	(84, 50.1042)	(85, 49.4748)	(86, 50.0821)	(87, 50.032)	(88, 49.337399999999995)	(89, 50.0837)	(90, 50.0331)	(91, 49.352000000000004)	(92, 50.005500000000005)	(93, 49.9883)	(94, 49.357099999999996)	(95, 49.9563)	(96, 49.903999999999996)	(97, 49.3084)	(98, 49.86)	(99, 49.8082)	(100, 49.1033)	(101, 49.7662)	(102, 49.8474)	(103, 49.2743)	(104, 49.8275)	(105, 49.7944)	(106, 49.0966)	(107, 49.760799999999996)	(108, 49.716300000000004)	(109, 49.1108)	(110, 49.7757)	(111, 49.6727)	(112, 49.0731)	(113, 49.6119)	(114, 49.7194)	(115, 48.992000000000004)	(116, 49.6961)	(117, 49.6811)	(118, 49.0688)	(119, 49.5827)	(120, 49.6395)	(121, 48.9119)	(122, 49.627300000000005)	(123, 49.6103)	(124, 48.998000000000005)	(125, 49.6168)	(126, 49.551)	(127, 49.0098)	(128, 49.6102)	(129, 49.545)	(130, 48.909000000000006)	(131, 49.5912)	(132, 49.588100000000004)	(133, 48.9086)	(134, 49.6252)	(135, 49.6163)	(136, 48.9228)	(137, 49.608200000000004)	(138, 49.5522)	(139, 48.9242)	(140, 49.446400000000004)	(141, 49.4045)	(142, 48.9338)	(143, 49.5112)	(144, 49.594300000000004)	(145, 48.8451)	(146, 49.5984)	(147, 49.4998)	(148, 48.8276)	(149, 49.4628)	(150, 49.5087)	(151, 48.822700000000005)
reports | SRR35329981	(1, 45.9559)	(2, 66.04759999999999)	(3, 47.4533)	(4, 49.6537)	(5, 50.2011)	(6, 49.044)	(7, 46.4009)	(8, 47.6184)	(9, 53.7548)	(10, 51.0934)	(11, 46.3372)	(12, 57.661300000000004)	(13, 55.257999999999996)	(14, 51.999399999999994)	(15, 49.656800000000004)	(16, 50.405699999999996)	(17, 51.334599999999995)	(18, 50.91329999999999)	(19, 50.351800000000004)	(20, 51.107400000000005)	(21, 51.2869)	(22, 50.068599999999996)	(23, 50.801300000000005)	(24, 50.6759)	(25, 49.960100000000004)	(26, 50.7719)	(27, 51.0143)	(28, 50.07470000000001)	(29, 50.9182)	(30, 50.8984)	(31, 50.007400000000004)	(32, 50.7887)	(33, 50.66969999999999)	(34, 49.641600000000004)	(35, 50.5294)	(36, 50.55539999999999)	(37, 50.1186)	(38, 50.7752)	(39, 50.8046)	(40, 50.047200000000004)	(41, 50.808)	(42, 50.8464)	(43, 49.8672)	(44, 50.8425)	(45, 50.8335)	(46, 49.9281)	(47, 50.9184)	(48, 50.544599999999996)	(49, 49.8046)	(50, 50.8555)	(51, 50.651)	(52, 49.8606)	(53, 50.903200000000005)	(54, 50.57620000000001)	(55, 49.995)	(56, 50.7309)	(57, 50.6576)	(58, 49.8033)	(59, 50.6957)	(60, 50.878)	(61, 49.7902)	(62, 50.721700000000006)	(63, 50.74379999999999)	(64, 49.9398)	(65, 50.66850000000001)	(66, 50.720600000000005)	(67, 49.629200000000004)	(68, 50.310100000000006)	(69, 50.418)	(70, 49.8225)	(71, 50.3866)	(72, 50.371500000000005)	(73, 49.6788)	(74, 50.3729)	(75, 50.363)	(76, 49.613)	(77, 50.151999999999994)	(78, 50.3218)	(79, 49.605199999999996)	(80, 50.272099999999995)	(81, 50.2922)	(82, 49.6027)	(83, 50.220299999999995)	(84, 50.2771)	(85, 49.580400000000004)	(86, 50.17660000000001)	(87, 50.1897)	(88, 49.4427)	(89, 50.1622)	(90, 50.184)	(91, 49.4268)	(92, 50.082499999999996)	(93, 50.144200000000005)	(94, 49.458600000000004)	(95, 50.0341)	(96, 50.0561)	(97, 49.405300000000004)	(98, 49.9463)	(99, 49.946200000000005)	(100, 49.1813)	(101, 49.811299999999996)	(102, 49.941)	(103, 49.3532)	(104, 49.9237)	(105, 49.9368)	(106, 49.167)	(107, 49.834)	(108, 49.8496)	(109, 49.1536)	(110, 49.8153)	(111, 49.7867)	(112, 49.1323)	(113, 49.6924)	(114, 49.8573)	(115, 49.0493)	(116, 49.7566)	(117, 49.8082)	(118, 49.137)	(119, 49.6324)	(120, 49.744)	(121, 48.9615)	(122, 49.675399999999996)	(123, 49.7157)	(124, 49.041000000000004)	(125, 49.6672)	(126, 49.6721)	(127, 49.0944)	(128, 49.6649)	(129, 49.6678)	(130, 48.945)	(131, 49.6182)	(132, 49.6931)	(133, 48.9453)	(134, 49.6596)	(135, 49.7234)	(136, 48.978500000000004)	(137, 49.6526)	(138, 49.647000000000006)	(139, 48.9907)	(140, 49.4945)	(141, 49.4828)	(142, 48.956300000000006)	(143, 49.547799999999995)	(144, 49.703199999999995)	(145, 48.891400000000004)	(146, 49.6418)	(147, 49.6308)	(148, 48.888999999999996)	(149, 49.5002)	(150, 49.6322)	(151, 48.8214)
reports | SRR35329982	(1, 40.237899999999996)	(2, 65.66300000000001)	(3, 47.702099999999994)	(4, 49.6509)	(5, 50.493900000000004)	(6, 49.1756)	(7, 46.5347)	(8, 47.8906)	(9, 53.8599)	(10, 51.288599999999995)	(11, 46.485)	(12, 57.9128)	(13, 55.4705)	(14, 52.2041)	(15, 49.864799999999995)	(16, 50.588)	(17, 51.5687)	(18, 51.127599999999994)	(19, 50.5532)	(20, 51.3234)	(21, 51.5078)	(22, 50.2766)	(23, 50.978199999999994)	(24, 50.8741)	(25, 50.10679999999999)	(26, 50.976699999999994)	(27, 51.1935)	(28, 50.2787)	(29, 51.0989)	(30, 51.1057)	(31, 50.1763)	(32, 50.974)	(33, 50.854699999999994)	(34, 49.813)	(35, 50.7252)	(36, 50.9794)	(37, 50.2691)	(38, 50.73180000000001)	(39, 50.9919)	(40, 49.991600000000005)	(41, 50.9822)	(42, 50.8348)	(43, 50.034800000000004)	(44, 51.008399999999995)	(45, 51.048)	(46, 50.0865)	(47, 51.109700000000004)	(48, 50.7518)	(49, 49.9735)	(50, 51.0394)	(51, 50.8996)	(52, 50.0205)	(53, 51.071)	(54, 50.7815)	(55, 50.155300000000004)	(56, 50.9174)	(57, 50.848800000000004)	(58, 49.978699999999996)	(59, 50.899899999999995)	(60, 51.0656)	(61, 49.9565)	(62, 50.9)	(63, 50.9517)	(64, 50.0672)	(65, 50.848400000000005)	(66, 50.9262)	(67, 49.7806)	(68, 50.4948)	(69, 50.6211)	(70, 49.9792)	(71, 50.592099999999995)	(72, 50.5898)	(73, 49.8068)	(74, 50.5424)	(75, 50.5561)	(76, 49.7705)	(77, 50.3551)	(78, 50.5193)	(79, 49.7543)	(80, 50.4404)	(81, 50.471900000000005)	(82, 49.7427)	(83, 50.397400000000005)	(84, 50.448899999999995)	(85, 49.7139)	(86, 50.3757)	(87, 50.3396)	(88, 49.5748)	(89, 50.329)	(90, 50.344100000000005)	(91, 49.572300000000006)	(92, 50.253899999999994)	(93, 50.301899999999996)	(94, 49.597)	(95, 50.219)	(96, 50.2331)	(97, 49.5546)	(98, 50.0995)	(99, 50.1108)	(100, 49.3054)	(101, 49.9758)	(102, 50.119400000000006)	(103, 49.468)	(104, 50.0667)	(105, 50.0993)	(106, 49.2672)	(107, 49.9691)	(108, 50.016099999999994)	(109, 49.278800000000004)	(110, 49.9362)	(111, 49.938300000000005)	(112, 49.2282)	(113, 49.802800000000005)	(114, 50.0024)	(115, 49.140499999999996)	(116, 49.885600000000004)	(117, 49.9583)	(118, 49.2431)	(119, 49.744699999999995)	(120, 49.874)	(121, 49.044399999999996)	(122, 49.8069)	(123, 49.858000000000004)	(124, 49.1331)	(125, 49.774499999999996)	(126, 49.804500000000004)	(127, 49.1937)	(128, 49.7847)	(129, 49.7782)	(130, 49.0081)	(131, 49.7127)	(132, 49.797599999999996)	(133, 49.0303)	(134, 49.7545)	(135, 49.851299999999995)	(136, 49.0748)	(137, 49.7569)	(138, 49.768299999999996)	(139, 49.053999999999995)	(140, 49.5739)	(141, 49.5759)	(142, 49.0051)	(143, 49.641400000000004)	(144, 49.7918)	(145, 48.9335)	(146, 49.718)	(147, 49.717299999999994)	(148, 48.9614)	(149, 49.5976)	(150, 49.6988)	(151, 48.8454)
reports | SRR35329983	(1, 38.5619)	(2, 68.1811)	(3, 48.1237)	(4, 50.3154)	(5, 50.2935)	(6, 49.351299999999995)	(7, 46.7417)	(8, 47.984100000000005)	(9, 54.0435)	(10, 51.448499999999996)	(11, 46.5598)	(12, 57.71960000000001)	(13, 55.3903)	(14, 52.13569999999999)	(15, 49.9201)	(16, 50.6208)	(17, 51.668099999999995)	(18, 51.125699999999995)	(19, 50.5618)	(20, 51.4111)	(21, 51.4536)	(22, 50.3664)	(23, 51.043099999999995)	(24, 50.850899999999996)	(25, 50.1835)	(26, 51.1147)	(27, 51.1576)	(28, 50.2698)	(29, 51.147200000000005)	(30, 51.015699999999995)	(31, 50.2525)	(32, 51.01480000000001)	(33, 50.8212)	(34, 49.9115)	(35, 51.0226)	(36, 50.9506)	(37, 50.3212)	(38, 50.8471)	(39, 50.755399999999995)	(40, 50.0629)	(41, 50.853899999999996)	(42, 50.824999999999996)	(43, 50.1191)	(44, 51.0792)	(45, 50.982099999999996)	(46, 50.181799999999996)	(47, 51.149)	(48, 50.760799999999996)	(49, 50.0624)	(50, 51.0598)	(51, 50.8204)	(52, 50.098200000000006)	(53, 51.1152)	(54, 50.7599)	(55, 50.1764)	(56, 50.974)	(57, 50.7873)	(58, 50.0537)	(59, 50.926700000000004)	(60, 50.9944)	(61, 50.02290000000001)	(62, 50.926)	(63, 50.8598)	(64, 50.1298)	(65, 50.9078)	(66, 50.8613)	(67, 49.9035)	(68, 50.6355)	(69, 50.621)	(70, 50.026)	(71, 50.6798)	(72, 50.5865)	(73, 49.9004)	(74, 50.64340000000001)	(75, 50.5855)	(76, 49.8874)	(77, 50.474)	(78, 50.540099999999995)	(79, 49.837900000000005)	(80, 50.5522)	(81, 50.47089999999999)	(82, 49.8247)	(83, 50.5112)	(84, 50.448899999999995)	(85, 49.808099999999996)	(86, 50.477399999999996)	(87, 50.3727)	(88, 49.6796)	(89, 50.450700000000005)	(90, 50.373400000000004)	(91, 49.666399999999996)	(92, 50.3732)	(93, 50.32450000000001)	(94, 49.690400000000004)	(95, 50.3255)	(96, 50.2609)	(97, 49.6532)	(98, 50.2556)	(99, 50.1622)	(100, 49.442)	(101, 50.1174)	(102, 50.177499999999995)	(103, 49.5987)	(104, 50.204899999999995)	(105, 50.1152)	(106, 49.397000000000006)	(107, 50.13849999999999)	(108, 50.078900000000004)	(109, 49.4499)	(110, 50.1387)	(111, 50.0266)	(112, 49.3841)	(113, 50.005900000000004)	(114, 50.05309999999999)	(115, 49.3359)	(116, 50.0562)	(117, 50.0011)	(118, 49.4124)	(119, 49.9865)	(120, 49.9871)	(121, 49.251)	(122, 50.0004)	(123, 49.922)	(124, 49.3066)	(125, 49.9752)	(126, 49.8822)	(127, 49.3738)	(128, 49.9974)	(129, 49.9087)	(130, 49.2323)	(131, 49.9637)	(132, 49.9139)	(133, 49.227900000000005)	(134, 49.9961)	(135, 49.9525)	(136, 49.25)	(137, 49.9461)	(138, 49.8923)	(139, 49.254999999999995)	(140, 49.8303)	(141, 49.7459)	(142, 49.2671)	(143, 49.8754)	(144, 49.9423)	(145, 49.172)	(146, 49.9672)	(147, 49.8414)	(148, 49.152)	(149, 49.826)	(150, 49.8427)	(151, 49.1336)
reports | SRR35329984	(1, 40.1145)	(2, 65.9774)	(3, 47.4692)	(4, 49.4977)	(5, 50.32299999999999)	(6, 49.0188)	(7, 46.4032)	(8, 47.531800000000004)	(9, 53.9237)	(10, 51.2522)	(11, 46.3723)	(12, 57.8167)	(13, 55.372699999999995)	(14, 51.8906)	(15, 49.6881)	(16, 50.3433)	(17, 51.3838)	(18, 50.9555)	(19, 50.30050000000001)	(20, 51.152)	(21, 51.232699999999994)	(22, 50.1262)	(23, 50.761)	(24, 50.6418)	(25, 49.9014)	(26, 50.834500000000006)	(27, 50.951100000000004)	(28, 50.0346)	(29, 50.8454)	(30, 50.833)	(31, 50.06660000000001)	(32, 50.7099)	(33, 50.583800000000004)	(34, 49.6967)	(35, 50.714099999999995)	(36, 50.608799999999995)	(37, 49.9509)	(38, 50.7258)	(39, 50.7454)	(40, 49.9845)	(41, 50.6369)	(42, 50.798100000000005)	(43, 50.038199999999996)	(44, 50.763400000000004)	(45, 50.7872)	(46, 49.9809)	(47, 50.87049999999999)	(48, 50.610699999999994)	(49, 49.8469)	(50, 50.77159999999999)	(51, 50.718700000000005)	(52, 49.9189)	(53, 50.824999999999996)	(54, 50.6283)	(55, 49.925799999999995)	(56, 50.6704)	(57, 50.5923)	(58, 49.8643)	(59, 50.635799999999996)	(60, 50.805299999999995)	(61, 49.8247)	(62, 50.6375)	(63, 50.6628)	(64, 49.8627)	(65, 50.611799999999995)	(66, 50.65260000000001)	(67, 49.6836)	(68, 50.371)	(69, 50.4692)	(70, 49.763200000000005)	(71, 50.4486)	(72, 50.434999999999995)	(73, 49.7054)	(74, 50.4084)	(75, 50.4255)	(76, 49.6733)	(77, 50.21679999999999)	(78, 50.3594)	(79, 49.5936)	(80, 50.251000000000005)	(81, 50.2887)	(82, 49.5907)	(83, 50.226400000000005)	(84, 50.268)	(85, 49.5717)	(86, 50.190400000000004)	(87, 50.1662)	(88, 49.4348)	(89, 50.1729)	(90, 50.172399999999996)	(91, 49.4196)	(92, 50.080999999999996)	(93, 50.115500000000004)	(94, 49.4468)	(95, 50.0274)	(96, 50.04729999999999)	(97, 49.405100000000004)	(98, 49.9351)	(99, 49.9345)	(100, 49.1626)	(101, 49.816)	(102, 49.9312)	(103, 49.329699999999995)	(104, 49.9079)	(105, 49.9114)	(106, 49.1459)	(107, 49.7999)	(108, 49.812200000000004)	(109, 49.1366)	(110, 49.8086)	(111, 49.7668)	(112, 49.114999999999995)	(113, 49.659)	(114, 49.8213)	(115, 49.033100000000005)	(116, 49.733)	(117, 49.778299999999994)	(118, 49.116)	(119, 49.6159)	(120, 49.6988)	(121, 48.9422)	(122, 49.653999999999996)	(123, 49.7057)	(124, 48.993900000000004)	(125, 49.644800000000004)	(126, 49.6574)	(127, 49.068)	(128, 49.6447)	(129, 49.6455)	(130, 48.9061)	(131, 49.5959)	(132, 49.6515)	(133, 48.917100000000005)	(134, 49.6466)	(135, 49.6774)	(136, 48.936099999999996)	(137, 49.6375)	(138, 49.6297)	(139, 48.9475)	(140, 49.4511)	(141, 49.4482)	(142, 48.9282)	(143, 49.510799999999996)	(144, 49.6815)	(145, 48.8525)	(146, 49.603)	(147, 49.5712)	(148, 48.835899999999995)	(149, 49.4788)	(150, 49.594899999999996)	(151, 48.8123)
reports | SRR35329985	(1, 55.463499999999996)	(2, 67.42280000000001)	(3, 47.584199999999996)	(4, 50.3351)	(5, 50.012)	(6, 49.0116)	(7, 46.5946)	(8, 47.7113)	(9, 53.9397)	(10, 51.046)	(11, 46.4118)	(12, 57.7501)	(13, 55.26180000000001)	(14, 51.9942)	(15, 49.7384)	(16, 50.4799)	(17, 51.4099)	(18, 50.9823)	(19, 50.4265)	(20, 51.1884)	(21, 51.334599999999995)	(22, 50.189099999999996)	(23, 50.8417)	(24, 50.72839999999999)	(25, 50.015)	(26, 50.8421)	(27, 51.0393)	(28, 50.1542)	(29, 50.9856)	(30, 50.932)	(31, 50.0639)	(32, 50.8186)	(33, 50.662099999999995)	(34, 49.7334)	(35, 50.619499999999995)	(36, 50.6274)	(37, 49.9722)	(38, 50.7911)	(39, 50.6278)	(40, 49.8804)	(41, 50.8454)	(42, 50.685599999999994)	(43, 50.1272)	(44, 50.667300000000004)	(45, 50.87049999999999)	(46, 49.995200000000004)	(47, 50.9512)	(48, 50.5985)	(49, 49.8829)	(50, 50.8968)	(51, 50.7355)	(52, 49.9143)	(53, 50.948899999999995)	(54, 50.6248)	(55, 50.020900000000005)	(56, 50.7939)	(57, 50.6926)	(58, 49.8875)	(59, 50.739999999999995)	(60, 50.9142)	(61, 49.8461)	(62, 50.753800000000005)	(63, 50.784600000000005)	(64, 49.9604)	(65, 50.6984)	(66, 50.7614)	(67, 49.7065)	(68, 50.377)	(69, 50.4706)	(70, 49.8736)	(71, 50.476299999999995)	(72, 50.435700000000004)	(73, 49.7648)	(74, 50.426899999999996)	(75, 50.429)	(76, 49.6788)	(77, 50.243)	(78, 50.3775)	(79, 49.64)	(80, 50.3454)	(81, 50.366200000000006)	(82, 49.6629)	(83, 50.2924)	(84, 50.301899999999996)	(85, 49.6445)	(86, 50.2427)	(87, 50.23800000000001)	(88, 49.4969)	(89, 50.2364)	(90, 50.210699999999996)	(91, 49.510799999999996)	(92, 50.163599999999995)	(93, 50.163500000000006)	(94, 49.5332)	(95, 50.1004)	(96, 50.079499999999996)	(97, 49.4657)	(98, 50.012299999999996)	(99, 50.021800000000006)	(100, 49.2647)	(101, 49.8978)	(102, 50.038000000000004)	(103, 49.409)	(104, 49.9792)	(105, 50.005)	(106, 49.2235)	(107, 49.8898)	(108, 49.909)	(109, 49.2367)	(110, 49.8889)	(111, 49.8345)	(112, 49.2254)	(113, 49.7268)	(114, 49.902499999999996)	(115, 49.099)	(116, 49.8068)	(117, 49.8658)	(118, 49.188900000000004)	(119, 49.7033)	(120, 49.8032)	(121, 49.019600000000004)	(122, 49.7587)	(123, 49.7809)	(124, 49.0808)	(125, 49.7271)	(126, 49.7342)	(127, 49.1515)	(128, 49.696400000000004)	(129, 49.7341)	(130, 49.013)	(131, 49.6867)	(132, 49.7481)	(133, 49.0027)	(134, 49.7047)	(135, 49.7566)	(136, 49.0209)	(137, 49.695699999999995)	(138, 49.6855)	(139, 49.0232)	(140, 49.4979)	(141, 49.5568)	(142, 49.0061)	(143, 49.5773)	(144, 49.7703)	(145, 48.9217)	(146, 49.6802)	(147, 49.6533)	(148, 48.9109)	(149, 49.5555)	(150, 49.6507)	(151, 48.9247)
reports | SRR35329986	(1, 44.2931)	(2, 68.431)	(3, 47.8414)	(4, 50.133300000000006)	(5, 50.1332)	(6, 49.0281)	(7, 46.6843)	(8, 47.9045)	(9, 53.9895)	(10, 51.380700000000004)	(11, 46.4438)	(12, 57.7702)	(13, 55.360600000000005)	(14, 51.9431)	(15, 49.8245)	(16, 50.450399999999995)	(17, 51.6144)	(18, 51.0929)	(19, 50.4199)	(20, 51.3764)	(21, 51.2987)	(22, 50.287800000000004)	(23, 50.8779)	(24, 50.68240000000001)	(25, 50.031400000000005)	(26, 51.035)	(27, 51.0014)	(28, 50.140499999999996)	(29, 50.985899999999994)	(30, 50.8954)	(31, 50.2056)	(32, 50.877700000000004)	(33, 50.6742)	(34, 49.8673)	(35, 50.8015)	(36, 50.73140000000001)	(37, 50.135)	(38, 50.7953)	(39, 50.78939999999999)	(40, 50.0737)	(41, 50.802)	(42, 50.765800000000006)	(43, 50.048700000000004)	(44, 50.851800000000004)	(45, 50.8252)	(46, 50.109300000000005)	(47, 50.9881)	(48, 50.698600000000006)	(49, 50.0054)	(50, 50.9255)	(51, 50.81)	(52, 50.0393)	(53, 50.95269999999999)	(54, 50.7081)	(55, 49.9941)	(56, 50.8113)	(57, 50.6436)	(58, 49.9899)	(59, 50.748000000000005)	(60, 50.8522)	(61, 49.9616)	(62, 50.7694)	(63, 50.71020000000001)	(64, 49.963499999999996)	(65, 50.749)	(66, 50.7003)	(67, 49.8251)	(68, 50.5965)	(69, 50.5615)	(70, 49.8663)	(71, 50.6245)	(72, 50.5245)	(73, 49.8475)	(74, 50.617900000000006)	(75, 50.544999999999995)	(76, 49.8359)	(77, 50.3982)	(78, 50.4809)	(79, 49.7248)	(80, 50.4404)	(81, 50.4046)	(82, 49.7191)	(83, 50.411300000000004)	(84, 50.369600000000005)	(85, 49.7116)	(86, 50.3497)	(87, 50.283699999999996)	(88, 49.5851)	(89, 50.34570000000001)	(90, 50.265800000000006)	(91, 49.5738)	(92, 50.2633)	(93, 50.231700000000004)	(94, 49.5796)	(95, 50.2282)	(96, 50.140499999999996)	(97, 49.5495)	(98, 50.126099999999994)	(99, 50.0645)	(100, 49.3418)	(101, 50.0352)	(102, 50.0745)	(103, 49.4879)	(104, 50.096)	(105, 50.027699999999996)	(106, 49.3095)	(107, 50.0384)	(108, 49.9509)	(109, 49.3406)	(110, 50.025200000000005)	(111, 49.9315)	(112, 49.2736)	(113, 49.8978)	(114, 49.944300000000005)	(115, 49.208)	(116, 49.9394)	(117, 49.911100000000005)	(118, 49.2863)	(119, 49.8402)	(120, 49.869)	(121, 49.1067)	(122, 49.8844)	(123, 49.844300000000004)	(124, 49.2054)	(125, 49.8598)	(126, 49.7828)	(127, 49.2252)	(128, 49.8728)	(129, 49.7842)	(130, 49.1037)	(131, 49.839)	(132, 49.7817)	(133, 49.0977)	(134, 49.8472)	(135, 49.823)	(136, 49.1174)	(137, 49.8336)	(138, 49.7423)	(139, 49.1153)	(140, 49.6797)	(141, 49.6194)	(142, 49.1229)	(143, 49.7177)	(144, 49.8017)	(145, 49.0101)	(146, 49.8225)	(147, 49.6892)	(148, 49.0255)	(149, 49.6843)	(150, 49.7062)	(151, 48.9875)
reports | SRR35329987	(1, 51.5874)	(2, 68.13329999999999)	(3, 47.6081)	(4, 50.271699999999996)	(5, 50.14999999999999)	(6, 49.0972)	(7, 46.6103)	(8, 47.8821)	(9, 53.902300000000004)	(10, 51.320100000000004)	(11, 46.4454)	(12, 57.7045)	(13, 55.397)	(14, 52.0923)	(15, 49.7688)	(16, 50.4981)	(17, 51.551899999999996)	(18, 51.0367)	(19, 50.4401)	(20, 51.3171)	(21, 51.3292)	(22, 50.271699999999996)	(23, 50.910900000000005)	(24, 50.7142)	(25, 50.051100000000005)	(26, 51.0088)	(27, 51.0226)	(28, 50.1719)	(29, 51.022999999999996)	(30, 50.9218)	(31, 50.1725)	(32, 50.8983)	(33, 50.6815)	(34, 49.8311)	(35, 50.9082)	(36, 50.685599999999994)	(37, 50.0523)	(38, 50.7471)	(39, 50.68279999999999)	(40, 49.9813)	(41, 50.7811)	(42, 50.731)	(43, 50.1681)	(44, 50.94610000000001)	(45, 50.8588)	(46, 50.0926)	(47, 51.0386)	(48, 50.665499999999994)	(49, 49.9607)	(50, 50.956599999999995)	(51, 50.7646)	(52, 50.0189)	(53, 51.014700000000005)	(54, 50.67660000000001)	(55, 50.062)	(56, 50.850300000000004)	(57, 50.6796)	(58, 49.993300000000005)	(59, 50.8198)	(60, 50.9)	(61, 49.964)	(62, 50.8319)	(63, 50.764900000000004)	(64, 50.0201)	(65, 50.793)	(66, 50.7564)	(67, 49.8222)	(68, 50.55159999999999)	(69, 50.544500000000006)	(70, 49.9129)	(71, 50.6272)	(72, 50.497499999999995)	(73, 49.847)	(74, 50.5791)	(75, 50.52419999999999)	(76, 49.8274)	(77, 50.395100000000006)	(78, 50.465700000000005)	(79, 49.754)	(80, 50.462799999999994)	(81, 50.402100000000004)	(82, 49.7481)	(83, 50.4265)	(84, 50.3776)	(85, 49.7283)	(86, 50.3808)	(87, 50.2881)	(88, 49.5993)	(89, 50.3756)	(90, 50.2883)	(91, 49.5935)	(92, 50.2847)	(93, 50.2402)	(94, 49.628)	(95, 50.2412)	(96, 50.1729)	(97, 49.581900000000005)	(98, 50.16199999999999)	(99, 50.0755)	(100, 49.377500000000005)	(101, 50.05)	(102, 50.099199999999996)	(103, 49.519600000000004)	(104, 50.1133)	(105, 50.0465)	(106, 49.3231)	(107, 50.0494)	(108, 49.973600000000005)	(109, 49.3613)	(110, 50.0467)	(111, 49.9428)	(112, 49.3217)	(113, 49.9056)	(114, 49.969)	(115, 49.2344)	(116, 49.973600000000005)	(117, 49.9311)	(118, 49.315799999999996)	(119, 49.8765)	(120, 49.8812)	(121, 49.1504)	(122, 49.8973)	(123, 49.8455)	(124, 49.2162)	(125, 49.8869)	(126, 49.7984)	(127, 49.2637)	(128, 49.8934)	(129, 49.8114)	(130, 49.1111)	(131, 49.851099999999995)	(132, 49.816)	(133, 49.1187)	(134, 49.8821)	(135, 49.8428)	(136, 49.1348)	(137, 49.8526)	(138, 49.7701)	(139, 49.1411)	(140, 49.716)	(141, 49.636599999999994)	(142, 49.1453)	(143, 49.7585)	(144, 49.8422)	(145, 49.0557)	(146, 49.8335)	(147, 49.7218)	(148, 49.039)	(149, 49.7093)	(150, 49.747)	(151, 49.044900000000005)
reports | SRR35329988	(1, 48.3902)	(2, 68.4053)	(3, 47.9352)	(4, 50.4327)	(5, 49.8142)	(6, 49.0351)	(7, 46.7361)	(8, 47.6903)	(9, 54.0644)	(10, 51.1106)	(11, 46.4558)	(12, 57.6896)	(13, 55.1751)	(14, 51.8464)	(15, 49.778)	(16, 50.4026)	(17, 51.4834)	(18, 50.98629999999999)	(19, 50.3501)	(20, 51.23950000000001)	(21, 51.2034)	(22, 50.1931)	(23, 50.7819)	(24, 50.589)	(25, 49.9518)	(26, 50.925200000000004)	(27, 50.9179)	(28, 50.0226)	(29, 50.87429999999999)	(30, 50.778)	(31, 50.073299999999996)	(32, 50.743300000000005)	(33, 50.55650000000001)	(34, 49.7494)	(35, 50.673500000000004)	(36, 50.72410000000001)	(37, 50.0563)	(38, 50.671299999999995)	(39, 50.5951)	(40, 49.9765)	(41, 50.663199999999996)	(42, 50.7416)	(43, 49.940200000000004)	(44, 50.7309)	(45, 50.7262)	(46, 50.0207)	(47, 50.8887)	(48, 50.5995)	(49, 49.8872)	(50, 50.81719999999999)	(51, 50.6901)	(52, 49.940200000000004)	(53, 50.8594)	(54, 50.608399999999996)	(55, 49.940200000000004)	(56, 50.7162)	(57, 50.556900000000006)	(58, 49.9103)	(59, 50.6667)	(60, 50.767799999999994)	(61, 49.8616)	(62, 50.6901)	(63, 50.6613)	(64, 49.8932)	(65, 50.6582)	(66, 50.6215)	(67, 49.7263)	(68, 50.4467)	(69, 50.461999999999996)	(70, 49.7941)	(71, 50.50940000000001)	(72, 50.42830000000001)	(73, 49.7448)	(74, 50.5078)	(75, 50.4386)	(76, 49.7195)	(77, 50.3055)	(78, 50.3789)	(79, 49.6519)	(80, 50.3299)	(81, 50.3089)	(82, 49.6399)	(83, 50.29709999999999)	(84, 50.2626)	(85, 49.6324)	(86, 50.256)	(87, 50.193200000000004)	(88, 49.4938)	(89, 50.2606)	(90, 50.2066)	(91, 49.5017)	(92, 50.169)	(93, 50.1402)	(94, 49.5075)	(95, 50.1331)	(96, 50.075199999999995)	(97, 49.4605)	(98, 50.037200000000006)	(99, 49.9925)	(100, 49.2587)	(101, 49.942)	(102, 50.0042)	(103, 49.424800000000005)	(104, 50.022800000000004)	(105, 49.9504)	(106, 49.2205)	(107, 49.9253)	(108, 49.8893)	(109, 49.2529)	(110, 49.932700000000004)	(111, 49.848)	(112, 49.2194)	(113, 49.8195)	(114, 49.8743)	(115, 49.152499999999996)	(116, 49.8724)	(117, 49.8239)	(118, 49.2201)	(119, 49.7517)	(120, 49.7867)	(121, 49.0749)	(122, 49.8052)	(123, 49.7527)	(124, 49.1374)	(125, 49.7955)	(126, 49.695)	(127, 49.1564)	(128, 49.8067)	(129, 49.6972)	(130, 49.0579)	(131, 49.7536)	(132, 49.732)	(133, 49.0498)	(134, 49.801)	(135, 49.7768)	(136, 49.0616)	(137, 49.75)	(138, 49.6863)	(139, 49.0852)	(140, 49.6147)	(141, 49.553599999999996)	(142, 49.0688)	(143, 49.6641)	(144, 49.7639)	(145, 48.9726)	(146, 49.7465)	(147, 49.6554)	(148, 48.9531)	(149, 49.6358)	(150, 49.6736)	(151, 48.9409)
reports | SRR35329989	(1, 43.3104)	(2, 67.8747)	(3, 47.759299999999996)	(4, 50.4707)	(5, 49.9975)	(6, 49.0002)	(7, 46.733799999999995)	(8, 47.7165)	(9, 53.994699999999995)	(10, 51.112899999999996)	(11, 46.458)	(12, 57.814699999999995)	(13, 55.2985)	(14, 51.952799999999996)	(15, 49.7947)	(16, 50.4459)	(17, 51.5266)	(18, 51.067099999999996)	(19, 50.3862)	(20, 51.282000000000004)	(21, 51.2899)	(22, 50.2252)	(23, 50.81909999999999)	(24, 50.6595)	(25, 49.978699999999996)	(26, 50.9342)	(27, 50.9736)	(28, 50.0719)	(29, 50.9131)	(30, 50.867200000000004)	(31, 50.1234)	(32, 50.7911)	(33, 50.6289)	(34, 49.7772)	(35, 50.78)	(36, 50.6826)	(37, 50.09400000000001)	(38, 50.680899999999994)	(39, 50.660799999999995)	(40, 50.016099999999994)	(41, 50.792)	(42, 50.7099)	(43, 50.056400000000004)	(44, 50.8332)	(45, 50.7834)	(46, 50.0407)	(47, 50.901799999999994)	(48, 50.6466)	(49, 49.9201)	(50, 50.8463)	(51, 50.7583)	(52, 49.9886)	(53, 50.8857)	(54, 50.652699999999996)	(55, 49.957499999999996)	(56, 50.7344)	(57, 50.6024)	(58, 49.9087)	(59, 50.685100000000006)	(60, 50.8175)	(61, 49.88)	(62, 50.688)	(63, 50.684200000000004)	(64, 49.9171)	(65, 50.6572)	(66, 50.6715)	(67, 49.7465)	(68, 50.4577)	(69, 50.490199999999994)	(70, 49.8277)	(71, 50.5266)	(72, 50.4673)	(73, 49.7864)	(74, 50.5164)	(75, 50.4716)	(76, 49.7446)	(77, 50.2957)	(78, 50.416799999999995)	(79, 49.6601)	(80, 50.3515)	(81, 50.3582)	(82, 49.6648)	(83, 50.3064)	(84, 50.325900000000004)	(85, 49.6307)	(86, 50.263999999999996)	(87, 50.2324)	(88, 49.5043)	(89, 50.26350000000001)	(90, 50.2189)	(91, 49.5296)	(92, 50.1711)	(93, 50.17660000000001)	(94, 49.534099999999995)	(95, 50.124199999999995)	(96, 50.08519999999999)	(97, 49.4841)	(98, 50.0445)	(99, 50.011300000000006)	(100, 49.264799999999994)	(101, 49.9482)	(102, 50.022800000000004)	(103, 49.4178)	(104, 50.0087)	(105, 49.9905)	(106, 49.2296)	(107, 49.924400000000006)	(108, 49.910399999999996)	(109, 49.2461)	(110, 49.9322)	(111, 49.8695)	(112, 49.2271)	(113, 49.8091)	(114, 49.891799999999996)	(115, 49.1394)	(116, 49.852999999999994)	(117, 49.8546)	(118, 49.2151)	(119, 49.7662)	(120, 49.8037)	(121, 49.0643)	(122, 49.7933)	(123, 49.7787)	(124, 49.1331)	(125, 49.782700000000006)	(126, 49.751)	(127, 49.1524)	(128, 49.782199999999996)	(129, 49.7122)	(130, 49.0278)	(131, 49.7434)	(132, 49.742399999999996)	(133, 49.038)	(134, 49.7767)	(135, 49.770900000000005)	(136, 49.0562)	(137, 49.7359)	(138, 49.7126)	(139, 49.078)	(140, 49.581199999999995)	(141, 49.5557)	(142, 49.081599999999995)	(143, 49.641200000000005)	(144, 49.7554)	(145, 48.965199999999996)	(146, 49.741)	(147, 49.680099999999996)	(148, 48.9578)	(149, 49.6128)	(150, 49.6633)	(151, 48.9094)
reports | SRR35329990	(1, 36.6271)	(2, 67.2158)	(3, 47.877399999999994)	(4, 49.8521)	(5, 49.9103)	(6, 48.926199999999994)	(7, 46.535700000000006)	(8, 47.5775)	(9, 53.80160000000001)	(10, 50.98629999999999)	(11, 46.3252)	(12, 57.5438)	(13, 55.010400000000004)	(14, 51.748400000000004)	(15, 49.6949)	(16, 50.3069)	(17, 51.3266)	(18, 50.875800000000005)	(19, 50.261500000000005)	(20, 51.1285)	(21, 51.1721)	(22, 50.076699999999995)	(23, 50.668400000000005)	(24, 50.5356)	(25, 49.8255)	(26, 50.7657)	(27, 50.8618)	(28, 49.9507)	(29, 50.8069)	(30, 50.7292)	(31, 49.965199999999996)	(32, 50.6451)	(33, 50.487899999999996)	(34, 49.6205)	(35, 50.6782)	(36, 50.509899999999995)	(37, 49.9552)	(38, 50.4942)	(39, 50.4992)	(40, 49.754799999999996)	(41, 50.5091)	(42, 50.711)	(43, 49.8086)	(44, 50.585899999999995)	(45, 50.6695)	(46, 49.890499999999996)	(47, 50.8008)	(48, 50.4737)	(49, 49.7604)	(50, 50.699799999999996)	(51, 50.607400000000005)	(52, 49.7981)	(53, 50.7733)	(54, 50.4881)	(55, 49.8407)	(56, 50.6142)	(57, 50.513)	(58, 49.7878)	(59, 50.554500000000004)	(60, 50.7139)	(61, 49.729)	(62, 50.56850000000001)	(63, 50.5919)	(64, 49.7673)	(65, 50.53530000000001)	(66, 50.5722)	(67, 49.5868)	(68, 50.2656)	(69, 50.3592)	(70, 49.683899999999994)	(71, 50.3811)	(72, 50.3198)	(73, 49.6353)	(74, 50.346199999999996)	(75, 50.3193)	(76, 49.5856)	(77, 50.1308)	(78, 50.271)	(79, 49.4932)	(80, 50.1959)	(81, 50.2017)	(82, 49.5006)	(83, 50.1505)	(84, 50.1513)	(85, 49.5094)	(86, 50.1186)	(87, 50.0877)	(88, 49.3667)	(89, 50.1109)	(90, 50.09909999999999)	(91, 49.3457)	(92, 50.021)	(93, 50.0619)	(94, 49.403999999999996)	(95, 49.9687)	(96, 49.967600000000004)	(97, 49.331199999999995)	(98, 49.8872)	(99, 49.8762)	(100, 49.121500000000005)	(101, 49.7606)	(102, 49.8927)	(103, 49.28)	(104, 49.8431)	(105, 49.8658)	(106, 49.109700000000004)	(107, 49.758599999999994)	(108, 49.7803)	(109, 49.1379)	(110, 49.7913)	(111, 49.7319)	(112, 49.0828)	(113, 49.6243)	(114, 49.7785)	(115, 48.997600000000006)	(116, 49.6984)	(117, 49.7472)	(118, 49.0723)	(119, 49.5878)	(120, 49.661300000000004)	(121, 48.897200000000005)	(122, 49.6668)	(123, 49.6795)	(124, 48.9886)	(125, 49.6288)	(126, 49.5887)	(127, 49.012699999999995)	(128, 49.6378)	(129, 49.603199999999994)	(130, 48.9074)	(131, 49.609500000000004)	(132, 49.6378)	(133, 48.8987)	(134, 49.6253)	(135, 49.6728)	(136, 48.9352)	(137, 49.6075)	(138, 49.5849)	(139, 48.9333)	(140, 49.4394)	(141, 49.424600000000005)	(142, 48.9257)	(143, 49.5058)	(144, 49.6555)	(145, 48.8288)	(146, 49.5853)	(147, 49.5456)	(148, 48.802800000000005)	(149, 49.4686)	(150, 49.5344)	(151, 48.7566)
reports | SRR35329991	(1, 38.6279)	(2, 65.5339)	(3, 47.4055)	(4, 49.5909)	(5, 50.2599)	(6, 49.0374)	(7, 46.4349)	(8, 47.5957)	(9, 53.8706)	(10, 51.1323)	(11, 46.4587)	(12, 57.8015)	(13, 55.397600000000004)	(14, 52.067699999999995)	(15, 49.7056)	(16, 50.463100000000004)	(17, 51.3541)	(18, 50.9355)	(19, 50.403200000000005)	(20, 51.1216)	(21, 51.343700000000005)	(22, 50.1229)	(23, 50.8688)	(24, 50.7666)	(25, 50.02760000000001)	(26, 50.8378)	(27, 51.0793)	(28, 50.171600000000005)	(29, 50.9934)	(30, 50.9822)	(31, 50.075)	(32, 50.8402)	(33, 50.7445)	(34, 49.7266)	(35, 50.8521)	(36, 50.86150000000001)	(37, 49.967299999999994)	(38, 50.860499999999995)	(39, 50.654900000000005)	(40, 49.8963)	(41, 50.6565)	(42, 50.7131)	(43, 49.961800000000004)	(44, 50.661500000000004)	(45, 50.951299999999996)	(46, 50.0167)	(47, 51.003299999999996)	(48, 50.6174)	(49, 49.8767)	(50, 50.9212)	(51, 50.7584)	(52, 49.9627)	(53, 50.9756)	(54, 50.661199999999994)	(55, 50.0941)	(56, 50.8228)	(57, 50.77159999999999)	(58, 49.919200000000004)	(59, 50.781)	(60, 50.98740000000001)	(61, 49.8837)	(62, 50.8011)	(63, 50.863400000000006)	(64, 50.01649999999999)	(65, 50.768299999999996)	(66, 50.8278)	(67, 49.722699999999996)	(68, 50.40599999999999)	(69, 50.529599999999995)	(70, 49.9116)	(71, 50.489700000000006)	(72, 50.4696)	(73, 49.7671)	(74, 50.436400000000006)	(75, 50.482499999999995)	(76, 49.7242)	(77, 50.2589)	(78, 50.427299999999995)	(79, 49.703399999999995)	(80, 50.3575)	(81, 50.395999999999994)	(82, 49.6999)	(83, 50.3252)	(84, 50.368)	(85, 49.675399999999996)	(86, 50.273900000000005)	(87, 50.2853)	(88, 49.538)	(89, 50.2569)	(90, 50.2748)	(91, 49.5111)	(92, 50.167399999999994)	(93, 50.238400000000006)	(94, 49.5565)	(95, 50.14490000000001)	(96, 50.1579)	(97, 49.5112)	(98, 50.0235)	(99, 50.047200000000004)	(100, 49.2653)	(101, 49.8926)	(102, 50.0605)	(103, 49.447)	(104, 49.9761)	(105, 50.041000000000004)	(106, 49.2446)	(107, 49.9226)	(108, 49.931599999999996)	(109, 49.2456)	(110, 49.9075)	(111, 49.8801)	(112, 49.236999999999995)	(113, 49.7483)	(114, 49.966300000000004)	(115, 49.1355)	(116, 49.842999999999996)	(117, 49.9184)	(118, 49.2187)	(119, 49.7264)	(120, 49.8189)	(121, 49.0371)	(122, 49.7556)	(123, 49.804700000000004)	(124, 49.1156)	(125, 49.7417)	(126, 49.7671)	(127, 49.1832)	(128, 49.7379)	(129, 49.7324)	(130, 48.991299999999995)	(131, 49.678)	(132, 49.764599999999994)	(133, 49.0249)	(134, 49.728699999999996)	(135, 49.806200000000004)	(136, 49.059999999999995)	(137, 49.7246)	(138, 49.728899999999996)	(139, 49.0597)	(140, 49.5178)	(141, 49.5441)	(142, 49.0103)	(143, 49.615700000000004)	(144, 49.7918)	(145, 48.9479)	(146, 49.6977)	(147, 49.694700000000005)	(148, 48.9555)	(149, 49.5704)	(150, 49.7107)	(151, 48.9065)
reports | SRR35329992	(1, 51.8388)	(2, 69.2993)	(3, 48.1494)	(4, 50.4586)	(5, 49.842999999999996)	(6, 49.1749)	(7, 46.7804)	(8, 47.886)	(9, 54.0354)	(10, 51.343399999999995)	(11, 46.489599999999996)	(12, 57.619200000000006)	(13, 55.22820000000001)	(14, 51.956199999999995)	(15, 49.8145)	(16, 50.4819)	(17, 51.58160000000001)	(18, 51.0204)	(19, 50.425799999999995)	(20, 51.3247)	(21, 51.2648)	(22, 50.2661)	(23, 50.8811)	(24, 50.6846)	(25, 50.05309999999999)	(26, 51.0297)	(27, 50.976600000000005)	(28, 50.121)	(29, 50.979600000000005)	(30, 50.8494)	(31, 50.161100000000005)	(32, 50.862300000000005)	(33, 50.6246)	(34, 49.839299999999994)	(35, 50.778999999999996)	(36, 50.7764)	(37, 50.0485)	(38, 50.85340000000001)	(39, 50.6288)	(40, 50.063599999999994)	(41, 50.759699999999995)	(42, 50.787400000000005)	(43, 50.1151)	(44, 50.812400000000004)	(45, 50.775499999999994)	(46, 50.084700000000005)	(47, 51.0005)	(48, 50.63609999999999)	(49, 49.9665)	(50, 50.89789999999999)	(51, 50.724000000000004)	(52, 49.9918)	(53, 50.938700000000004)	(54, 50.6169)	(55, 50.0)	(56, 50.8066)	(57, 50.5984)	(58, 49.968)	(59, 50.7471)	(60, 50.783500000000004)	(61, 49.910399999999996)	(62, 50.755300000000005)	(63, 50.672)	(64, 49.9705)	(65, 50.7185)	(66, 50.670899999999996)	(67, 49.7858)	(68, 50.522800000000004)	(69, 50.478100000000005)	(70, 49.87)	(71, 50.5688)	(72, 50.430299999999995)	(73, 49.810700000000004)	(74, 50.566)	(75, 50.456199999999995)	(76, 49.7778)	(77, 50.3684)	(78, 50.3911)	(79, 49.7012)	(80, 50.4281)	(81, 50.31679999999999)	(82, 49.696600000000004)	(83, 50.379200000000004)	(84, 50.2887)	(85, 49.6749)	(86, 50.3279)	(87, 50.2215)	(88, 49.5554)	(89, 50.3335)	(90, 50.2047)	(91, 49.5631)	(92, 50.246500000000005)	(93, 50.180800000000005)	(94, 49.572)	(95, 50.18899999999999)	(96, 50.083299999999994)	(97, 49.5369)	(98, 50.1368)	(99, 50.002100000000006)	(100, 49.331599999999995)	(101, 50.022999999999996)	(102, 50.0285)	(103, 49.4801)	(104, 50.0816)	(105, 49.9776)	(106, 49.3121)	(107, 50.01409999999999)	(108, 49.9125)	(109, 49.3448)	(110, 50.031800000000004)	(111, 49.8969)	(112, 49.308800000000005)	(113, 49.8873)	(114, 49.8933)	(115, 49.2205)	(116, 49.9468)	(117, 49.8671)	(118, 49.3072)	(119, 49.8682)	(120, 49.8371)	(121, 49.141400000000004)	(122, 49.9182)	(123, 49.7904)	(124, 49.2209)	(125, 49.879)	(126, 49.727900000000005)	(127, 49.256699999999995)	(128, 49.8837)	(129, 49.7663)	(130, 49.1314)	(131, 49.878299999999996)	(132, 49.8012)	(133, 49.1304)	(134, 49.870999999999995)	(135, 49.7984)	(136, 49.1529)	(137, 49.849900000000005)	(138, 49.7545)	(139, 49.1711)	(140, 49.729299999999995)	(141, 49.6096)	(142, 49.178399999999996)	(143, 49.7655)	(144, 49.8125)	(145, 49.0642)	(146, 49.8637)	(147, 49.6908)	(148, 49.0647)	(149, 49.7304)	(150, 49.7102)	(151, 49.0498)
reports | SRR35329993	(1, 46.6171)	(2, 67.1311)	(3, 47.9381)	(4, 50.3374)	(5, 50.137100000000004)	(6, 49.2885)	(7, 46.672000000000004)	(8, 47.755399999999995)	(9, 54.0651)	(10, 51.104099999999995)	(11, 46.556)	(12, 57.7442)	(13, 55.2711)	(14, 52.0732)	(15, 49.784)	(16, 50.552)	(17, 51.45420000000001)	(18, 51.010200000000005)	(19, 50.5066)	(20, 51.2189)	(21, 51.424099999999996)	(22, 50.199400000000004)	(23, 50.979)	(24, 50.8374)	(25, 50.1235)	(26, 50.9241)	(27, 51.1519)	(28, 50.232)	(29, 51.074799999999996)	(30, 51.0438)	(31, 50.123799999999996)	(32, 50.934999999999995)	(33, 50.809599999999996)	(34, 49.7716)	(35, 50.94689999999999)	(36, 50.681200000000004)	(37, 50.275000000000006)	(38, 50.683)	(39, 50.9602)	(40, 50.211600000000004)	(41, 50.971900000000005)	(42, 51.0103)	(43, 49.9876)	(44, 50.745799999999996)	(45, 50.985899999999994)	(46, 50.0648)	(47, 51.0947)	(48, 50.665800000000004)	(49, 49.9294)	(50, 51.005100000000006)	(51, 50.7757)	(52, 49.9821)	(53, 51.0496)	(54, 50.6934)	(55, 50.133399999999995)	(56, 50.91290000000001)	(57, 50.804)	(58, 49.946600000000004)	(59, 50.861000000000004)	(60, 51.033300000000004)	(61, 49.9067)	(62, 50.9027)	(63, 50.8799)	(64, 50.0946)	(65, 50.8479)	(66, 50.8612)	(67, 49.7571)	(68, 50.4717)	(69, 50.5294)	(70, 49.9934)	(71, 50.5289)	(72, 50.504099999999994)	(73, 49.7804)	(74, 50.5149)	(75, 50.4985)	(76, 49.75)	(77, 50.3151)	(78, 50.4413)	(79, 49.741)	(80, 50.429199999999994)	(81, 50.4486)	(82, 49.7464)	(83, 50.3911)	(84, 50.413799999999995)	(85, 49.7177)	(86, 50.3545)	(87, 50.3323)	(88, 49.5841)	(89, 50.332100000000004)	(90, 50.312900000000006)	(91, 49.5896)	(92, 50.23950000000001)	(93, 50.2676)	(94, 49.5973)	(95, 50.192499999999995)	(96, 50.1975)	(97, 49.5465)	(98, 50.112)	(99, 50.0793)	(100, 49.326)	(101, 49.977)	(102, 50.100699999999996)	(103, 49.4861)	(104, 50.0681)	(105, 50.058899999999994)	(106, 49.308099999999996)	(107, 49.986000000000004)	(108, 49.9807)	(109, 49.3063)	(110, 49.9623)	(111, 49.923899999999996)	(112, 49.2878)	(113, 49.8399)	(114, 49.9747)	(115, 49.1937)	(116, 49.9156)	(117, 49.940400000000004)	(118, 49.2725)	(119, 49.7973)	(120, 49.8788)	(121, 49.0774)	(122, 49.8328)	(123, 49.8385)	(124, 49.16)	(125, 49.816)	(126, 49.802600000000005)	(127, 49.2323)	(128, 49.8382)	(129, 49.7911)	(130, 49.0782)	(131, 49.783)	(132, 49.8029)	(133, 49.0712)	(134, 49.8209)	(135, 49.8385)	(136, 49.1021)	(137, 49.798500000000004)	(138, 49.7757)	(139, 49.111)	(140, 49.6514)	(141, 49.6389)	(142, 49.101099999999995)	(143, 49.7124)	(144, 49.8356)	(145, 49.004)	(146, 49.7883)	(147, 49.7348)	(148, 49.025800000000004)	(149, 49.662099999999995)	(150, 49.756)	(151, 49.0071)
reports | SRR35329994	(1, 42.9205)	(2, 67.0238)	(3, 47.319)	(4, 50.076600000000006)	(5, 50.4648)	(6, 49.201499999999996)	(7, 46.5441)	(8, 47.8089)	(9, 54.033699999999996)	(10, 51.3626)	(11, 46.4858)	(12, 57.9394)	(13, 55.596599999999995)	(14, 52.1872)	(15, 49.744699999999995)	(16, 50.542500000000004)	(17, 51.52719999999999)	(18, 51.0605)	(19, 50.496300000000005)	(20, 51.298500000000004)	(21, 51.3986)	(22, 50.2815)	(23, 50.9837)	(24, 50.8174)	(25, 50.111399999999996)	(26, 50.9962)	(27, 51.114599999999996)	(28, 50.236599999999996)	(29, 51.1015)	(30, 51.026)	(31, 50.198299999999996)	(32, 50.9506)	(33, 50.796)	(34, 49.8637)	(35, 50.7652)	(36, 50.9174)	(37, 50.280100000000004)	(38, 50.9515)	(39, 50.955)	(40, 50.0173)	(41, 50.978500000000004)	(42, 50.8084)	(43, 50.26350000000001)	(44, 51.022)	(45, 50.983900000000006)	(46, 50.144)	(47, 51.100500000000004)	(48, 50.7369)	(49, 50.0076)	(50, 51.0225)	(51, 50.8472)	(52, 50.0494)	(53, 51.092800000000004)	(54, 50.748400000000004)	(55, 50.16460000000001)	(56, 50.9399)	(57, 50.8042)	(58, 50.0321)	(59, 50.890299999999996)	(60, 51.017)	(61, 49.9883)	(62, 50.919599999999996)	(63, 50.8866)	(64, 50.097)	(65, 50.8688)	(66, 50.8589)	(67, 49.845099999999995)	(68, 50.549200000000006)	(69, 50.596799999999995)	(70, 49.99)	(71, 50.6278)	(72, 50.5668)	(73, 49.8681)	(74, 50.589600000000004)	(75, 50.5635)	(76, 49.8347)	(77, 50.4151)	(78, 50.5174)	(79, 49.7982)	(80, 50.4684)	(81, 50.467)	(82, 49.7695)	(83, 50.436899999999994)	(84, 50.4371)	(85, 49.7641)	(86, 50.4108)	(87, 50.3491)	(88, 49.6163)	(89, 50.379200000000004)	(90, 50.3444)	(91, 49.6092)	(92, 50.291399999999996)	(93, 50.2924)	(94, 49.6397)	(95, 50.2347)	(96, 50.231)	(97, 49.6063)	(98, 50.1525)	(99, 50.099000000000004)	(100, 49.3739)	(101, 50.0264)	(102, 50.1186)	(103, 49.5233)	(104, 50.092800000000004)	(105, 50.092999999999996)	(106, 49.3259)	(107, 50.021800000000006)	(108, 49.9982)	(109, 49.3411)	(110, 50.01370000000001)	(111, 49.9413)	(112, 49.2886)	(113, 49.8619)	(114, 49.9793)	(115, 49.2197)	(116, 49.9206)	(117, 49.9472)	(118, 49.2943)	(119, 49.8219)	(120, 49.8884)	(121, 49.1421)	(122, 49.8425)	(123, 49.839800000000004)	(124, 49.1709)	(125, 49.8342)	(126, 49.804500000000004)	(127, 49.256699999999995)	(128, 49.8537)	(129, 49.8023)	(130, 49.105900000000005)	(131, 49.7793)	(132, 49.807)	(133, 49.088)	(134, 49.839299999999994)	(135, 49.8386)	(136, 49.1211)	(137, 49.8148)	(138, 49.8022)	(139, 49.1372)	(140, 49.6381)	(141, 49.6233)	(142, 49.086)	(143, 49.7262)	(144, 49.845)	(145, 49.0228)	(146, 49.8039)	(147, 49.735)	(148, 49.006899999999995)	(149, 49.6673)	(150, 49.750699999999995)	(151, 48.9883)
reports | SRR35329995	(1, 45.6063)	(2, 68.1145)	(3, 47.6701)	(4, 50.4626)	(5, 49.9043)	(6, 49.0205)	(7, 46.6796)	(8, 47.692800000000005)	(9, 54.0628)	(10, 51.1011)	(11, 46.4183)	(12, 57.71770000000001)	(13, 55.233900000000006)	(14, 51.8795)	(15, 49.6596)	(16, 50.4265)	(17, 51.37310000000001)	(18, 50.876999999999995)	(19, 50.368900000000004)	(20, 51.1621)	(21, 51.234199999999994)	(22, 50.151599999999995)	(23, 50.7978)	(24, 50.637100000000004)	(25, 49.9845)	(26, 50.85960000000001)	(27, 50.9396)	(28, 50.12370000000001)	(29, 50.9277)	(30, 50.849900000000005)	(31, 50.0692)	(32, 50.7922)	(33, 50.5884)	(34, 49.7386)	(35, 50.639900000000004)	(36, 50.7583)	(37, 50.1359)	(38, 50.5889)	(39, 50.550200000000004)	(40, 49.8606)	(41, 50.7962)	(42, 50.633700000000005)	(43, 50.1054)	(44, 50.66850000000001)	(45, 50.7988)	(46, 50.0155)	(47, 50.94990000000001)	(48, 50.521899999999995)	(49, 49.8742)	(50, 50.8555)	(51, 50.6543)	(52, 49.9083)	(53, 50.9227)	(54, 50.558)	(55, 49.9921)	(56, 50.7503)	(57, 50.631800000000005)	(58, 49.8887)	(59, 50.685100000000006)	(60, 50.83109999999999)	(61, 49.8412)	(62, 50.71790000000001)	(63, 50.69050000000001)	(64, 49.9431)	(65, 50.681799999999996)	(66, 50.6873)	(67, 49.7237)	(68, 50.36429999999999)	(69, 50.403200000000005)	(70, 49.836000000000006)	(71, 50.4634)	(72, 50.361999999999995)	(73, 49.7604)	(74, 50.431000000000004)	(75, 50.394000000000005)	(76, 49.6986)	(77, 50.2258)	(78, 50.3401)	(79, 49.626999999999995)	(80, 50.3107)	(81, 50.2954)	(82, 49.6471)	(83, 50.2757)	(84, 50.2431)	(85, 49.629200000000004)	(86, 50.232299999999995)	(87, 50.1884)	(88, 49.504599999999996)	(89, 50.230399999999996)	(90, 50.1734)	(91, 49.4807)	(92, 50.127)	(93, 50.1236)	(94, 49.521)	(95, 50.0758)	(96, 50.035799999999995)	(97, 49.4634)	(98, 49.9987)	(99, 49.9545)	(100, 49.2604)	(101, 49.884499999999996)	(102, 49.9723)	(103, 49.4071)	(104, 49.9587)	(105, 49.9289)	(106, 49.2191)	(107, 49.8495)	(108, 49.8428)	(109, 49.2547)	(110, 49.8961)	(111, 49.7932)	(112, 49.193599999999996)	(113, 49.7339)	(114, 49.839099999999995)	(115, 49.107800000000005)	(116, 49.7866)	(117, 49.8042)	(118, 49.1771)	(119, 49.6912)	(120, 49.7343)	(121, 49.0296)	(122, 49.7605)	(123, 49.7453)	(124, 49.101099999999995)	(125, 49.718)	(126, 49.670199999999994)	(127, 49.1282)	(128, 49.716300000000004)	(129, 49.668800000000005)	(130, 49.0111)	(131, 49.7098)	(132, 49.7021)	(133, 49.0177)	(134, 49.704100000000004)	(135, 49.717299999999994)	(136, 49.0091)	(137, 49.69)	(138, 49.670199999999994)	(139, 49.043)	(140, 49.498799999999996)	(141, 49.5039)	(142, 49.033100000000005)	(143, 49.5854)	(144, 49.696400000000004)	(145, 48.9226)	(146, 49.7007)	(147, 49.615500000000004)	(148, 48.902699999999996)	(149, 49.5321)	(150, 49.6309)	(151, 48.909200000000006)
reports | SRR35329996	(1, 40.7873)	(2, 66.8878)	(3, 47.4289)	(4, 49.8454)	(5, 49.8168)	(6, 48.8344)	(7, 46.367599999999996)	(8, 47.5424)	(9, 53.63440000000001)	(10, 50.905)	(11, 46.211600000000004)	(12, 57.471799999999995)	(13, 55.04409999999999)	(14, 51.812999999999995)	(15, 49.5861)	(16, 50.2799)	(17, 51.28470000000001)	(18, 50.8354)	(19, 50.2098)	(20, 51.048300000000005)	(21, 51.1339)	(22, 50.0034)	(23, 50.6387)	(24, 50.4773)	(25, 49.7765)	(26, 50.6781)	(27, 50.8108)	(28, 49.901)	(29, 50.7408)	(30, 50.678599999999996)	(31, 49.8898)	(32, 50.611200000000004)	(33, 50.450799999999994)	(34, 49.5533)	(35, 50.606700000000004)	(36, 50.5984)	(37, 49.7795)	(38, 50.428200000000004)	(39, 50.441)	(40, 49.7048)	(41, 50.60679999999999)	(42, 50.502)	(43, 49.7432)	(44, 50.5139)	(45, 50.6229)	(46, 49.8248)	(47, 50.730399999999996)	(48, 50.421499999999995)	(49, 49.7162)	(50, 50.6721)	(51, 50.5495)	(52, 49.7458)	(53, 50.7197)	(54, 50.4591)	(55, 49.8106)	(56, 50.5807)	(57, 50.459900000000005)	(58, 49.7077)	(59, 50.5202)	(60, 50.6742)	(61, 49.6622)	(62, 50.54110000000001)	(63, 50.539199999999994)	(64, 49.7535)	(65, 50.5096)	(66, 50.5336)	(67, 49.5575)	(68, 50.2312)	(69, 50.296600000000005)	(70, 49.6718)	(71, 50.31870000000001)	(72, 50.286699999999996)	(73, 49.5792)	(74, 50.301399999999994)	(75, 50.268)	(76, 49.5346)	(77, 50.0714)	(78, 50.2272)	(79, 49.4646)	(80, 50.179300000000005)	(81, 50.1753)	(82, 49.4747)	(83, 50.1329)	(84, 50.139900000000004)	(85, 49.4639)	(86, 50.0935)	(87, 50.0706)	(88, 49.3276)	(89, 50.079499999999996)	(90, 50.0503)	(91, 49.3442)	(92, 49.9969)	(93, 50.016400000000004)	(94, 49.369099999999996)	(95, 49.9489)	(96, 49.919799999999995)	(97, 49.2784)	(98, 49.86)	(99, 49.844100000000005)	(100, 49.0959)	(101, 49.7663)	(102, 49.8559)	(103, 49.247)	(104, 49.8479)	(105, 49.8414)	(106, 49.0794)	(107, 49.744699999999995)	(108, 49.746)	(109, 49.0877)	(110, 49.750699999999995)	(111, 49.7053)	(112, 49.0608)	(113, 49.6274)	(114, 49.7453)	(115, 48.959399999999995)	(116, 49.6869)	(117, 49.7164)	(118, 49.071799999999996)	(119, 49.5929)	(120, 49.6497)	(121, 48.883900000000004)	(122, 49.6272)	(123, 49.635600000000004)	(124, 48.987199999999994)	(125, 49.6092)	(126, 49.572500000000005)	(127, 49.0003)	(128, 49.6062)	(129, 49.5681)	(130, 48.8881)	(131, 49.5794)	(132, 49.6086)	(133, 48.8944)	(134, 49.5891)	(135, 49.6311)	(136, 48.9233)	(137, 49.6028)	(138, 49.5572)	(139, 48.918099999999995)	(140, 49.4322)	(141, 49.406800000000004)	(142, 48.9129)	(143, 49.486200000000004)	(144, 49.6261)	(145, 48.8226)	(146, 49.5774)	(147, 49.5291)	(148, 48.8176)	(149, 49.459199999999996)	(150, 49.5355)	(151, 48.7875)
