Sample	0	1	2	3	4	5	6	7	8	9	10	11	12	13	14	15	16	17	18	19	20	21	22	23	24	25	26	27	28	29	30	31	32	33	34	35	36	37	38	39	40	41	42	43	44	45	46	47	48	49	50	51	52	53	54	55	56	57	58	59	60	61	62	63	64	65	66	67	68	69	70	71	72	73	74	75	76	77	78	79	80	81	82	83	84	85	86	87	88	89	90	91	92	93	94	95	96	97	98	99	100	101	102	103	104	105	106	107	108	109	110	111	112	113	114	115	116	117	118	119	120	121	122	123	124	125	126	127	128	129	130	131	132	133	134	135	136	137	138	139	140	141	142	143	144	145	146	147	148	149	150
reports | SRR35329977	(1, 21.5786)	(2, 33.6698)	(3, 35.7351)	(4, 36.9074)	(5, 37.702)	(6, 38.2375)	(7, 38.3496)	(8, 38.597)	(9, 38.6871)	(10, 38.749)	(11, 38.8064)	(12, 38.874)	(13, 38.9026)	(14, 38.9011)	(15, 38.959)	(16, 38.9549)	(17, 38.9186)	(18, 38.8997)	(19, 39.0009)	(20, 39.0097)	(21, 39.049)	(22, 39.0505)	(23, 39.0469)	(24, 39.0535)	(25, 39.0556)	(26, 39.0487)	(27, 39.0874)	(28, 39.0508)	(29, 39.0833)	(30, 39.0772)	(31, 39.0436)	(32, 39.0727)	(33, 39.0695)	(34, 39.0837)	(35, 39.0742)	(36, 39.0764)	(37, 39.0656)	(38, 39.0654)	(39, 39.0489)	(40, 39.0542)	(41, 39.0808)	(42, 39.068)	(43, 39.054)	(44, 39.0438)	(45, 39.0582)	(46, 39.0458)	(47, 39.0746)	(48, 39.0684)	(49, 39.0465)	(50, 38.9963)	(51, 39.0447)	(52, 38.996)	(53, 39.0381)	(54, 39.0415)	(55, 39.033)	(56, 39.033)	(57, 38.9523)	(58, 38.9485)	(59, 38.9683)	(60, 38.9798)	(61, 38.9769)	(62, 38.9358)	(63, 39.0066)	(64, 38.9801)	(65, 38.9846)	(66, 38.9949)	(67, 38.9822)	(68, 38.9731)	(69, 38.9531)	(70, 38.9482)	(71, 38.9556)	(72, 38.9613)	(73, 38.9414)	(74, 38.924)	(75, 38.9126)	(76, 38.9082)	(77, 38.8382)	(78, 38.9081)	(79, 38.9)	(80, 38.8908)	(81, 38.8825)	(82, 38.8515)	(83, 38.8792)	(84, 38.8761)	(85, 38.8567)	(86, 38.8316)	(87, 38.8327)	(88, 38.8175)	(89, 38.8356)	(90, 38.8207)	(91, 38.7887)	(92, 38.7747)	(93, 38.7632)	(94, 38.7679)	(95, 38.774)	(96, 38.7478)	(97, 38.7269)	(98, 38.7191)	(99, 38.6425)	(100, 38.6828)	(101, 38.7226)	(102, 38.7013)	(103, 38.6999)	(104, 38.6884)	(105, 38.6607)	(106, 38.6563)	(107, 38.6589)	(108, 38.6202)	(109, 38.6074)	(110, 38.5849)	(111, 38.6033)	(112, 38.5949)	(113, 38.5633)	(114, 38.5493)	(115, 38.5299)	(116, 38.5109)	(117, 38.5399)	(118, 38.5238)	(119, 38.5039)	(120, 38.4707)	(121, 38.4578)	(122, 38.4583)	(123, 38.4791)	(124, 38.4286)	(125, 38.4231)	(126, 38.337)	(127, 38.361)	(128, 38.3808)	(129, 38.3806)	(130, 38.3316)	(131, 38.3113)	(132, 38.287)	(133, 38.2672)	(134, 38.2925)	(135, 38.3192)	(136, 38.2669)	(137, 38.2255)	(138, 38.2093)	(139, 38.2398)	(140, 38.2209)	(141, 38.0872)	(142, 38.1234)	(143, 38.1744)	(144, 38.1844)	(145, 38.2277)	(146, 38.2382)	(147, 38.2493)	(148, 38.364)	(149, 38.2196)	(150, 38.2764)	(151, 36.9591)
reports | SRR35329978	(1, 22.5528)	(2, 34.0962)	(3, 36.0294)	(4, 37.1196)	(5, 37.878)	(6, 38.4087)	(7, 38.4948)	(8, 38.7084)	(9, 38.79)	(10, 38.8469)	(11, 38.8966)	(12, 38.9526)	(13, 38.974)	(14, 38.9689)	(15, 39.022)	(16, 39.0187)	(17, 38.9822)	(18, 38.96)	(19, 39.059)	(20, 39.064)	(21, 39.1017)	(22, 39.1008)	(23, 39.0975)	(24, 39.1031)	(25, 39.1037)	(26, 39.099)	(27, 39.1352)	(28, 39.0957)	(29, 39.1334)	(30, 39.1241)	(31, 39.0925)	(32, 39.1178)	(33, 39.1177)	(34, 39.1317)	(35, 39.1236)	(36, 39.1252)	(37, 39.1138)	(38, 39.1147)	(39, 39.0978)	(40, 39.1024)	(41, 39.1261)	(42, 39.1151)	(43, 39.1011)	(44, 39.0883)	(45, 39.1063)	(46, 39.0925)	(47, 39.1199)	(48, 39.1144)	(49, 39.0918)	(50, 39.0426)	(51, 39.0906)	(52, 39.0424)	(53, 39.0832)	(54, 39.0857)	(55, 39.0794)	(56, 39.0794)	(57, 38.9987)	(58, 38.9937)	(59, 39.0153)	(60, 39.0261)	(61, 39.023)	(62, 38.9744)	(63, 39.0516)	(64, 39.0202)	(65, 39.0253)	(66, 39.0412)	(67, 39.0281)	(68, 39.0184)	(69, 39.0001)	(70, 38.9942)	(71, 39.0023)	(72, 39.0056)	(73, 38.988)	(74, 38.9695)	(75, 38.9585)	(76, 38.9539)	(77, 38.8745)	(78, 38.9374)	(79, 38.9438)	(80, 38.9412)	(81, 38.9322)	(82, 38.9027)	(83, 38.9284)	(84, 38.9258)	(85, 38.906)	(86, 38.8834)	(87, 38.8858)	(88, 38.8715)	(89, 38.8884)	(90, 38.8749)	(91, 38.8454)	(92, 38.829)	(93, 38.8176)	(94, 38.8225)	(95, 38.8302)	(96, 38.8032)	(97, 38.7838)	(98, 38.7769)	(99, 38.703)	(100, 38.7408)	(101, 38.7798)	(102, 38.7596)	(103, 38.7573)	(104, 38.7464)	(105, 38.7203)	(106, 38.7163)	(107, 38.7178)	(108, 38.6822)	(109, 38.6705)	(110, 38.6474)	(111, 38.664)	(112, 38.6581)	(113, 38.628)	(114, 38.6126)	(115, 38.5954)	(116, 38.5756)	(117, 38.6033)	(118, 38.5881)	(119, 38.5705)	(120, 38.5372)	(121, 38.5251)	(122, 38.5253)	(123, 38.5429)	(124, 38.4939)	(125, 38.4912)	(126, 38.4042)	(127, 38.4293)	(128, 38.4494)	(129, 38.4497)	(130, 38.4024)	(131, 38.3826)	(132, 38.3599)	(133, 38.3407)	(134, 38.3629)	(135, 38.3876)	(136, 38.3397)	(137, 38.298)	(138, 38.2827)	(139, 38.3148)	(140, 38.2959)	(141, 38.1685)	(142, 38.204)	(143, 38.2525)	(144, 38.2635)	(145, 38.3086)	(146, 38.3177)	(147, 38.3287)	(148, 38.4407)	(149, 38.3033)	(150, 38.3601)	(151, 37.052)
reports | SRR35329979	(1, 20.2552)	(2, 33.5492)	(3, 35.5248)	(4, 36.8217)	(5, 37.6657)	(6, 38.1929)	(7, 38.3011)	(8, 38.5461)	(9, 38.6396)	(10, 38.7045)	(11, 38.7668)	(12, 38.8361)	(13, 38.874)	(14, 38.8713)	(15, 38.9309)	(16, 38.9368)	(17, 38.8998)	(18, 38.879)	(19, 38.981)	(20, 38.9865)	(21, 39.0325)	(22, 39.0343)	(23, 39.0317)	(24, 39.0376)	(25, 39.0395)	(26, 39.033)	(27, 39.0762)	(28, 39.0402)	(29, 39.0739)	(30, 39.0686)	(31, 39.0381)	(32, 39.0653)	(33, 39.0618)	(34, 39.0784)	(35, 39.0686)	(36, 39.0699)	(37, 39.061)	(38, 39.0601)	(39, 39.0419)	(40, 39.0491)	(41, 39.0772)	(42, 39.0629)	(43, 39.049)	(44, 39.0374)	(45, 39.0522)	(46, 39.038)	(47, 39.0671)	(48, 39.0613)	(49, 39.0418)	(50, 38.9898)	(51, 39.0378)	(52, 38.9891)	(53, 39.0334)	(54, 39.0339)	(55, 39.0266)	(56, 39.0252)	(57, 38.944)	(58, 38.9396)	(59, 38.9591)	(60, 38.972)	(61, 38.9688)	(62, 38.9289)	(63, 38.9989)	(64, 38.9732)	(65, 38.9811)	(66, 38.9865)	(67, 38.9728)	(68, 38.9627)	(69, 38.9425)	(70, 38.9379)	(71, 38.9459)	(72, 38.9513)	(73, 38.9327)	(74, 38.9143)	(75, 38.9038)	(76, 38.8981)	(77, 38.8327)	(78, 38.9009)	(79, 38.89)	(80, 38.8796)	(81, 38.8713)	(82, 38.8403)	(83, 38.8691)	(84, 38.8652)	(85, 38.8453)	(86, 38.8211)	(87, 38.8203)	(88, 38.8055)	(89, 38.8216)	(90, 38.8081)	(91, 38.7764)	(92, 38.7604)	(93, 38.7487)	(94, 38.7546)	(95, 38.7612)	(96, 38.7347)	(97, 38.7141)	(98, 38.7054)	(99, 38.6333)	(100, 38.6682)	(101, 38.7068)	(102, 38.6863)	(103, 38.685)	(104, 38.6735)	(105, 38.6462)	(106, 38.6425)	(107, 38.6452)	(108, 38.6069)	(109, 38.5932)	(110, 38.5695)	(111, 38.5864)	(112, 38.5799)	(113, 38.5486)	(114, 38.5353)	(115, 38.5157)	(116, 38.4961)	(117, 38.5249)	(118, 38.511)	(119, 38.4892)	(120, 38.4554)	(121, 38.4443)	(122, 38.443)	(123, 38.4629)	(124, 38.4114)	(125, 38.4103)	(126, 38.3226)	(127, 38.347)	(128, 38.3672)	(129, 38.3683)	(130, 38.3179)	(131, 38.2976)	(132, 38.273)	(133, 38.2549)	(134, 38.2791)	(135, 38.3066)	(136, 38.255)	(137, 38.2126)	(138, 38.196)	(139, 38.2308)	(140, 38.211)	(141, 38.0776)	(142, 38.1158)	(143, 38.1656)	(144, 38.1771)	(145, 38.2228)	(146, 38.2336)	(147, 38.2464)	(148, 38.366)	(149, 38.2212)	(150, 38.2764)	(151, 36.9666)
reports | SRR35329980	(1, 20.7185)	(2, 33.7139)	(3, 35.3943)	(4, 36.6943)	(5, 37.5978)	(6, 38.1677)	(7, 38.3131)	(8, 38.532)	(9, 38.6471)	(10, 38.7142)	(11, 38.8108)	(12, 38.8697)	(13, 38.8977)	(14, 38.9062)	(15, 38.9664)	(16, 38.9663)	(17, 38.9352)	(18, 38.918)	(19, 39.0197)	(20, 39.0298)	(21, 39.0712)	(22, 39.0736)	(23, 39.0694)	(24, 39.078)	(25, 39.0801)	(26, 39.0735)	(27, 39.114)	(28, 39.0786)	(29, 39.1117)	(30, 39.1066)	(31, 39.076)	(32, 39.1042)	(33, 39.1011)	(34, 39.1174)	(35, 39.109)	(36, 39.1108)	(37, 39.1006)	(38, 39.0987)	(39, 39.0842)	(40, 39.0901)	(41, 39.1161)	(42, 39.1027)	(43, 39.0898)	(44, 39.0804)	(45, 39.0954)	(46, 39.0833)	(47, 39.1107)	(48, 39.105)	(49, 39.0854)	(50, 39.035)	(51, 39.082)	(52, 39.0339)	(53, 39.0759)	(54, 39.0791)	(55, 39.0705)	(56, 39.0714)	(57, 38.992)	(58, 38.9874)	(59, 39.0071)	(60, 39.0168)	(61, 39.0139)	(62, 38.9756)	(63, 39.0434)	(64, 39.0185)	(65, 39.0271)	(66, 39.033)	(67, 39.0194)	(68, 39.0115)	(69, 38.9921)	(70, 38.9861)	(71, 38.9927)	(72, 38.9976)	(73, 38.9782)	(74, 38.9622)	(75, 38.9488)	(76, 38.9455)	(77, 38.8783)	(78, 38.948)	(79, 38.9394)	(80, 38.9285)	(81, 38.921)	(82, 38.8911)	(83, 38.9156)	(84, 38.9131)	(85, 38.8934)	(86, 38.8708)	(87, 38.8716)	(88, 38.8584)	(89, 38.8747)	(90, 38.8616)	(91, 38.8298)	(92, 38.8141)	(93, 38.8028)	(94, 38.8071)	(95, 38.8137)	(96, 38.7871)	(97, 38.7694)	(98, 38.7595)	(99, 38.6861)	(100, 38.7247)	(101, 38.7638)	(102, 38.7424)	(103, 38.7396)	(104, 38.7293)	(105, 38.7022)	(106, 38.6978)	(107, 38.6995)	(108, 38.6623)	(109, 38.651)	(110, 38.6289)	(111, 38.6462)	(112, 38.6378)	(113, 38.6085)	(114, 38.5957)	(115, 38.5747)	(116, 38.5541)	(117, 38.5822)	(118, 38.5687)	(119, 38.548)	(120, 38.5157)	(121, 38.5041)	(122, 38.5036)	(123, 38.5227)	(124, 38.4721)	(125, 38.4693)	(126, 38.3803)	(127, 38.4056)	(128, 38.4253)	(129, 38.4263)	(130, 38.379)	(131, 38.3575)	(132, 38.3336)	(133, 38.3179)	(134, 38.3387)	(135, 38.3617)	(136, 38.3123)	(137, 38.2718)	(138, 38.2545)	(139, 38.2853)	(140, 38.2677)	(141, 38.1383)	(142, 38.1761)	(143, 38.2223)	(144, 38.2349)	(145, 38.2772)	(146, 38.2878)	(147, 38.3009)	(148, 38.4181)	(149, 38.2798)	(150, 38.3354)	(151, 37.0009)
reports | SRR35329981	(1, 20.9151)	(2, 33.7599)	(3, 35.7747)	(4, 36.986)	(5, 37.7927)	(6, 38.2959)	(7, 38.3948)	(8, 38.6143)	(9, 38.7094)	(10, 38.7669)	(11, 38.8375)	(12, 38.8974)	(13, 38.9194)	(14, 38.9238)	(15, 38.9822)	(16, 38.9785)	(17, 38.9421)	(18, 38.9237)	(19, 39.0237)	(20, 39.0333)	(21, 39.072)	(22, 39.0712)	(23, 39.0675)	(24, 39.0754)	(25, 39.0755)	(26, 39.068)	(27, 39.1062)	(28, 39.0689)	(29, 39.1009)	(30, 39.0936)	(31, 39.0612)	(32, 39.0892)	(33, 39.0856)	(34, 39.0998)	(35, 39.0911)	(36, 39.0931)	(37, 39.0818)	(38, 39.0809)	(39, 39.0613)	(40, 39.0694)	(41, 39.0957)	(42, 39.0735)	(43, 39.0678)	(44, 39.0587)	(45, 39.0735)	(46, 39.0597)	(47, 39.0878)	(48, 39.0825)	(49, 39.0592)	(50, 39.0099)	(51, 39.057)	(52, 39.0082)	(53, 39.0512)	(54, 39.0547)	(55, 39.0459)	(56, 39.0465)	(57, 38.965)	(58, 38.9599)	(59, 38.9812)	(60, 38.9921)	(61, 38.9879)	(62, 38.9361)	(63, 39.0179)	(64, 38.9862)	(65, 38.9835)	(66, 39.0057)	(67, 38.9932)	(68, 38.9827)	(69, 38.9635)	(70, 38.9584)	(71, 38.9661)	(72, 38.9716)	(73, 38.9526)	(74, 38.9342)	(75, 38.9231)	(76, 38.9166)	(77, 38.8322)	(78, 38.8928)	(79, 38.9044)	(80, 38.9017)	(81, 38.8939)	(82, 38.8634)	(83, 38.8909)	(84, 38.8886)	(85, 38.8693)	(86, 38.8453)	(87, 38.8455)	(88, 38.8317)	(89, 38.848)	(90, 38.8349)	(91, 38.8039)	(92, 38.7881)	(93, 38.7761)	(94, 38.7813)	(95, 38.788)	(96, 38.7607)	(97, 38.7412)	(98, 38.733)	(99, 38.6609)	(100, 38.6962)	(101, 38.734)	(102, 38.7145)	(103, 38.7125)	(104, 38.7009)	(105, 38.6751)	(106, 38.671)	(107, 38.6732)	(108, 38.6342)	(109, 38.6215)	(110, 38.5991)	(111, 38.6167)	(112, 38.6084)	(113, 38.5777)	(114, 38.5637)	(115, 38.5442)	(116, 38.5253)	(117, 38.5526)	(118, 38.5352)	(119, 38.5167)	(120, 38.4829)	(121, 38.471)	(122, 38.4721)	(123, 38.4901)	(124, 38.4408)	(125, 38.4366)	(126, 38.3466)	(127, 38.3725)	(128, 38.3931)	(129, 38.3922)	(130, 38.3442)	(131, 38.3235)	(132, 38.2994)	(133, 38.2805)	(134, 38.3032)	(135, 38.328)	(136, 38.2786)	(137, 38.2366)	(138, 38.2198)	(139, 38.252)	(140, 38.2339)	(141, 38.103)	(142, 38.142)	(143, 38.19)	(144, 38.2026)	(145, 38.2472)	(146, 38.2583)	(147, 38.2724)	(148, 38.3942)	(149, 38.2547)	(150, 38.3097)	(151, 36.9724)
reports | SRR35329982	(1, 21.3156)	(2, 32.9422)	(3, 35.0944)	(4, 36.386)	(5, 37.3118)	(6, 37.9489)	(7, 38.0939)	(8, 38.3704)	(9, 38.4958)	(10, 38.5748)	(11, 38.644)	(12, 38.7251)	(13, 38.7566)	(14, 38.7615)	(15, 38.8265)	(16, 38.8273)	(17, 38.7943)	(18, 38.7799)	(19, 38.8849)	(20, 38.8975)	(21, 38.9443)	(22, 38.946)	(23, 38.945)	(24, 38.9531)	(25, 38.9581)	(26, 38.9516)	(27, 38.9971)	(28, 38.9597)	(29, 38.9956)	(30, 38.988)	(31, 38.9535)	(32, 38.9857)	(33, 38.9823)	(34, 38.9992)	(35, 38.9915)	(36, 38.9936)	(37, 38.9829)	(38, 38.9811)	(39, 38.9645)	(40, 38.9721)	(41, 39.0029)	(42, 38.9866)	(43, 38.9742)	(44, 38.9626)	(45, 38.9807)	(46, 38.9674)	(47, 38.9998)	(48, 38.9941)	(49, 38.9702)	(50, 38.9205)	(51, 38.9692)	(52, 38.9197)	(53, 38.9653)	(54, 38.968)	(55, 38.9589)	(56, 38.9587)	(57, 38.8763)	(58, 38.8713)	(59, 38.8926)	(60, 38.9077)	(61, 38.9028)	(62, 38.8589)	(63, 38.9346)	(64, 38.9025)	(65, 38.9007)	(66, 38.9228)	(67, 38.909)	(68, 38.8994)	(69, 38.8786)	(70, 38.8736)	(71, 38.882)	(72, 38.8891)	(73, 38.8675)	(74, 38.8477)	(75, 38.8361)	(76, 38.8307)	(77, 38.7466)	(78, 38.8111)	(79, 38.8203)	(80, 38.8156)	(81, 38.8073)	(82, 38.7726)	(83, 38.8041)	(84, 38.8005)	(85, 38.7785)	(86, 38.7521)	(87, 38.753)	(88, 38.7385)	(89, 38.7563)	(90, 38.7422)	(91, 38.7074)	(92, 38.6908)	(93, 38.6799)	(94, 38.6854)	(95, 38.6921)	(96, 38.6604)	(97, 38.6392)	(98, 38.63)	(99, 38.5613)	(100, 38.5934)	(101, 38.6342)	(102, 38.6106)	(103, 38.6102)	(104, 38.5968)	(105, 38.5665)	(106, 38.5611)	(107, 38.5656)	(108, 38.5225)	(109, 38.5083)	(110, 38.4827)	(111, 38.503)	(112, 38.4942)	(113, 38.4605)	(114, 38.4448)	(115, 38.4236)	(116, 38.4007)	(117, 38.4314)	(118, 38.4156)	(119, 38.3915)	(120, 38.3561)	(121, 38.341)	(122, 38.3435)	(123, 38.3665)	(124, 38.3063)	(125, 38.3041)	(126, 38.2109)	(127, 38.2322)	(128, 38.255)	(129, 38.2522)	(130, 38.1978)	(131, 38.1754)	(132, 38.1488)	(133, 38.1259)	(134, 38.1547)	(135, 38.1823)	(136, 38.122)	(137, 38.0755)	(138, 38.0567)	(139, 38.0923)	(140, 38.0687)	(141, 37.9259)	(142, 37.9624)	(143, 38.0147)	(144, 38.0243)	(145, 38.075)	(146, 38.0857)	(147, 38.0947)	(148, 38.2195)	(149, 38.0668)	(150, 38.1237)	(151, 36.7354)
reports | SRR35329983	(1, 21.4782)	(2, 33.3141)	(3, 35.4145)	(4, 36.6372)	(5, 37.5176)	(6, 38.1001)	(7, 38.2358)	(8, 38.492)	(9, 38.5988)	(10, 38.6712)	(11, 38.7402)	(12, 38.8124)	(13, 38.8407)	(14, 38.847)	(15, 38.9067)	(16, 38.9001)	(17, 38.8697)	(18, 38.8527)	(19, 38.9535)	(20, 38.9655)	(21, 39.0077)	(22, 39.0086)	(23, 39.0041)	(24, 39.0128)	(25, 39.0148)	(26, 39.0059)	(27, 39.0481)	(28, 39.0115)	(29, 39.0435)	(30, 39.0351)	(31, 39.0008)	(32, 39.0295)	(33, 39.0268)	(34, 39.0435)	(35, 39.0341)	(36, 39.0347)	(37, 39.0241)	(38, 39.0232)	(39, 39.0059)	(40, 39.0108)	(41, 39.0417)	(42, 39.0265)	(43, 39.0108)	(44, 39.0002)	(45, 39.0168)	(46, 39.0033)	(47, 39.0355)	(48, 39.029)	(49, 39.0056)	(50, 38.9545)	(51, 39.0038)	(52, 38.9549)	(53, 38.9978)	(54, 39.0021)	(55, 38.9928)	(56, 38.9927)	(57, 38.9109)	(58, 38.9062)	(59, 38.9244)	(60, 38.9385)	(61, 38.9351)	(62, 38.8895)	(63, 38.9647)	(64, 38.9335)	(65, 38.9363)	(66, 38.9524)	(67, 38.9395)	(68, 38.9288)	(69, 38.9086)	(70, 38.9027)	(71, 38.9119)	(72, 38.9168)	(73, 38.8963)	(74, 38.8771)	(75, 38.8658)	(76, 38.8604)	(77, 38.782)	(78, 38.8476)	(79, 38.8507)	(80, 38.8428)	(81, 38.8338)	(82, 38.8004)	(83, 38.8316)	(84, 38.8276)	(85, 38.8065)	(86, 38.7802)	(87, 38.7821)	(88, 38.7668)	(89, 38.7858)	(90, 38.77)	(91, 38.7362)	(92, 38.7201)	(93, 38.7075)	(94, 38.7131)	(95, 38.7205)	(96, 38.691)	(97, 38.6694)	(98, 38.6617)	(99, 38.5837)	(100, 38.6248)	(101, 38.6643)	(102, 38.6409)	(103, 38.6398)	(104, 38.6281)	(105, 38.5974)	(106, 38.5938)	(107, 38.5964)	(108, 38.556)	(109, 38.5399)	(110, 38.5146)	(111, 38.5345)	(112, 38.5261)	(113, 38.4918)	(114, 38.4762)	(115, 38.4559)	(116, 38.4318)	(117, 38.4645)	(118, 38.4472)	(119, 38.4266)	(120, 38.3891)	(121, 38.3742)	(122, 38.3752)	(123, 38.3955)	(124, 38.3404)	(125, 38.3368)	(126, 38.2458)	(127, 38.2668)	(128, 38.2882)	(129, 38.288)	(130, 38.2321)	(131, 38.2106)	(132, 38.1841)	(133, 38.1619)	(134, 38.1898)	(135, 38.2155)	(136, 38.1589)	(137, 38.1115)	(138, 38.0932)	(139, 38.1277)	(140, 38.107)	(141, 37.9673)	(142, 38.0008)	(143, 38.0514)	(144, 38.0623)	(145, 38.1084)	(146, 38.1175)	(147, 38.1271)	(148, 38.2529)	(149, 38.099)	(150, 38.1591)	(151, 36.7648)
reports | SRR35329984	(1, 21.5018)	(2, 33.8563)	(3, 35.8921)	(4, 37.0622)	(5, 37.8411)	(6, 38.35)	(7, 38.4431)	(8, 38.6671)	(9, 38.7437)	(10, 38.7993)	(11, 38.8557)	(12, 38.9078)	(13, 38.9303)	(14, 38.9293)	(15, 38.9832)	(16, 38.9757)	(17, 38.9384)	(18, 38.9163)	(19, 39.0187)	(20, 39.0276)	(21, 39.0666)	(22, 39.0644)	(23, 39.0606)	(24, 39.066)	(25, 39.067)	(26, 39.0596)	(27, 39.0991)	(28, 39.0607)	(29, 39.095)	(30, 39.0872)	(31, 39.0567)	(32, 39.0832)	(33, 39.0799)	(34, 39.0952)	(35, 39.086)	(36, 39.0863)	(37, 39.076)	(38, 39.0744)	(39, 39.0562)	(40, 39.0639)	(41, 39.0905)	(42, 39.0774)	(43, 39.0632)	(44, 39.0535)	(45, 39.0681)	(46, 39.0532)	(47, 39.0824)	(48, 39.0749)	(49, 39.0499)	(50, 39.002)	(51, 39.05)	(52, 38.9999)	(53, 39.0438)	(54, 39.048)	(55, 39.0418)	(56, 39.0357)	(57, 38.9593)	(58, 38.9516)	(59, 38.9734)	(60, 38.9857)	(61, 38.9781)	(62, 38.9286)	(63, 39.0105)	(64, 38.9753)	(65, 38.9896)	(66, 38.9968)	(67, 38.9834)	(68, 38.9714)	(69, 38.9551)	(70, 38.9494)	(71, 38.9552)	(72, 38.958)	(73, 38.9466)	(74, 38.9186)	(75, 38.9175)	(76, 38.9131)	(77, 38.8442)	(78, 38.9083)	(79, 38.9016)	(80, 38.8972)	(81, 38.8899)	(82, 38.8591)	(83, 38.8861)	(84, 38.8839)	(85, 38.8651)	(86, 38.8409)	(87, 38.8418)	(88, 38.8277)	(89, 38.8442)	(90, 38.8305)	(91, 38.7994)	(92, 38.7829)	(93, 38.7726)	(94, 38.7783)	(95, 38.7843)	(96, 38.7598)	(97, 38.739)	(98, 38.7311)	(99, 38.6597)	(100, 38.6943)	(101, 38.7331)	(102, 38.7128)	(103, 38.7098)	(104, 38.699)	(105, 38.6734)	(106, 38.6689)	(107, 38.6725)	(108, 38.6343)	(109, 38.6205)	(110, 38.5987)	(111, 38.6161)	(112, 38.6084)	(113, 38.5793)	(114, 38.5651)	(115, 38.545)	(116, 38.527)	(117, 38.5548)	(118, 38.5405)	(119, 38.5207)	(120, 38.4867)	(121, 38.4746)	(122, 38.4748)	(123, 38.4928)	(124, 38.4415)	(125, 38.441)	(126, 38.3518)	(127, 38.377)	(128, 38.3984)	(129, 38.3989)	(130, 38.3497)	(131, 38.3286)	(132, 38.3072)	(133, 38.2864)	(134, 38.311)	(135, 38.3352)	(136, 38.2864)	(137, 38.2441)	(138, 38.2289)	(139, 38.2609)	(140, 38.2443)	(141, 38.1132)	(142, 38.1496)	(143, 38.1977)	(144, 38.21)	(145, 38.2547)	(146, 38.2656)	(147, 38.2793)	(148, 38.3962)	(149, 38.2597)	(150, 38.316)	(151, 36.9854)
reports | SRR35329985	(1, 20.5972)	(2, 33.8496)	(3, 35.7193)	(4, 36.9608)	(5, 37.7931)	(6, 38.3003)	(7, 38.4088)	(8, 38.6343)	(9, 38.7246)	(10, 38.7802)	(11, 38.845)	(12, 38.908)	(13, 38.9367)	(14, 38.9379)	(15, 38.9964)	(16, 38.9988)	(17, 38.9604)	(18, 38.9422)	(19, 39.0426)	(20, 39.0512)	(21, 39.0914)	(22, 39.0919)	(23, 39.0877)	(24, 39.0947)	(25, 39.0958)	(26, 39.0887)	(27, 39.1288)	(28, 39.092)	(29, 39.1243)	(30, 39.1168)	(31, 39.0863)	(32, 39.1108)	(33, 39.1099)	(34, 39.1258)	(35, 39.1161)	(36, 39.1183)	(37, 39.1086)	(38, 39.1076)	(39, 39.0889)	(40, 39.0975)	(41, 39.1222)	(42, 39.1091)	(43, 39.0954)	(44, 39.0854)	(45, 39.1007)	(46, 39.0872)	(47, 39.1164)	(48, 39.1098)	(49, 39.0886)	(50, 39.0383)	(51, 39.0857)	(52, 39.0372)	(53, 39.08)	(54, 39.0816)	(55, 39.0751)	(56, 39.075)	(57, 38.9952)	(58, 38.9894)	(59, 39.0105)	(60, 39.0204)	(61, 39.0182)	(62, 38.9722)	(63, 39.0456)	(64, 39.0174)	(65, 39.0166)	(66, 39.0356)	(67, 39.0223)	(68, 39.0142)	(69, 38.9954)	(70, 38.9885)	(71, 38.9968)	(72, 39.0012)	(73, 38.9836)	(74, 38.965)	(75, 38.9531)	(76, 38.9467)	(77, 38.8667)	(78, 38.9293)	(79, 38.9373)	(80, 38.9331)	(81, 38.9263)	(82, 38.8958)	(83, 38.9222)	(84, 38.9186)	(85, 38.899)	(86, 38.8766)	(87, 38.8762)	(88, 38.8649)	(89, 38.8811)	(90, 38.8683)	(91, 38.8371)	(92, 38.8207)	(93, 38.8085)	(94, 38.814)	(95, 38.8202)	(96, 38.7951)	(97, 38.775)	(98, 38.7666)	(99, 38.6919)	(100, 38.73)	(101, 38.7706)	(102, 38.7489)	(103, 38.7464)	(104, 38.7366)	(105, 38.7089)	(106, 38.7047)	(107, 38.708)	(108, 38.6689)	(109, 38.6577)	(110, 38.636)	(111, 38.6519)	(112, 38.6464)	(113, 38.6163)	(114, 38.6015)	(115, 38.5826)	(116, 38.5627)	(117, 38.5892)	(118, 38.5753)	(119, 38.5568)	(120, 38.5222)	(121, 38.5119)	(122, 38.512)	(123, 38.5304)	(124, 38.4813)	(125, 38.4766)	(126, 38.3896)	(127, 38.4136)	(128, 38.4351)	(129, 38.4343)	(130, 38.3885)	(131, 38.3664)	(132, 38.3435)	(133, 38.3245)	(134, 38.3477)	(135, 38.3714)	(136, 38.322)	(137, 38.2815)	(138, 38.2628)	(139, 38.2982)	(140, 38.2802)	(141, 38.1492)	(142, 38.1873)	(143, 38.2349)	(144, 38.2463)	(145, 38.2903)	(146, 38.3006)	(147, 38.3129)	(148, 38.4281)	(149, 38.2908)	(150, 38.3454)	(151, 37.0031)
reports | SRR35329986	(1, 21.1995)	(2, 33.9235)	(3, 35.9387)	(4, 37.1076)	(5, 37.8712)	(6, 38.3599)	(7, 38.4608)	(8, 38.6679)	(9, 38.7632)	(10, 38.8202)	(11, 38.8906)	(12, 38.9426)	(13, 38.9622)	(14, 38.9668)	(15, 39.0222)	(16, 39.0106)	(17, 38.9756)	(18, 38.956)	(19, 39.0545)	(20, 39.0665)	(21, 39.1018)	(22, 39.1004)	(23, 39.0949)	(24, 39.103)	(25, 39.1029)	(26, 39.0931)	(27, 39.1304)	(28, 39.0928)	(29, 39.1243)	(30, 39.1156)	(31, 39.0835)	(32, 39.1101)	(33, 39.107)	(34, 39.1221)	(35, 39.1137)	(36, 39.1141)	(37, 39.1049)	(38, 39.1036)	(39, 39.0856)	(40, 39.0919)	(41, 39.1175)	(42, 39.1051)	(43, 39.0908)	(44, 39.0819)	(45, 39.0964)	(46, 39.0833)	(47, 39.1106)	(48, 39.1042)	(49, 39.0837)	(50, 39.0339)	(51, 39.0808)	(52, 39.0335)	(53, 39.0759)	(54, 39.0784)	(55, 39.0715)	(56, 39.0713)	(57, 38.991)	(58, 38.9857)	(59, 39.0055)	(60, 39.0171)	(61, 39.0142)	(62, 38.9738)	(63, 39.0432)	(64, 39.018)	(65, 39.0245)	(66, 39.0325)	(67, 39.0192)	(68, 39.0111)	(69, 38.9917)	(70, 38.9866)	(71, 38.9941)	(72, 38.9983)	(73, 38.9794)	(74, 38.9624)	(75, 38.9509)	(76, 38.9459)	(77, 38.8786)	(78, 38.9475)	(79, 38.9388)	(80, 38.9294)	(81, 38.9202)	(82, 38.8912)	(83, 38.9175)	(84, 38.9143)	(85, 38.8955)	(86, 38.8722)	(87, 38.8721)	(88, 38.8594)	(89, 38.8755)	(90, 38.8619)	(91, 38.8319)	(92, 38.8167)	(93, 38.8042)	(94, 38.8093)	(95, 38.8159)	(96, 38.7895)	(97, 38.769)	(98, 38.7625)	(99, 38.6873)	(100, 38.7247)	(101, 38.7641)	(102, 38.7434)	(103, 38.7411)	(104, 38.7296)	(105, 38.7029)	(106, 38.6999)	(107, 38.7008)	(108, 38.6635)	(109, 38.6515)	(110, 38.6271)	(111, 38.6443)	(112, 38.6373)	(113, 38.608)	(114, 38.5924)	(115, 38.573)	(116, 38.553)	(117, 38.5812)	(118, 38.5641)	(119, 38.5447)	(120, 38.5105)	(121, 38.5012)	(122, 38.4996)	(123, 38.5182)	(124, 38.468)	(125, 38.4641)	(126, 38.3758)	(127, 38.4)	(128, 38.4213)	(129, 38.4198)	(130, 38.3735)	(131, 38.3516)	(132, 38.3294)	(133, 38.3098)	(134, 38.3323)	(135, 38.3557)	(136, 38.3072)	(137, 38.2681)	(138, 38.2481)	(139, 38.2814)	(140, 38.2611)	(141, 38.1327)	(142, 38.1682)	(143, 38.2179)	(144, 38.2296)	(145, 38.2729)	(146, 38.2849)	(147, 38.2981)	(148, 38.4149)	(149, 38.2733)	(150, 38.3319)	(151, 37.0114)
reports | SRR35329987	(1, 20.7015)	(2, 33.9558)	(3, 35.9148)	(4, 37.1758)	(5, 37.9664)	(6, 38.4605)	(7, 38.5569)	(8, 38.7701)	(9, 38.8588)	(10, 38.9238)	(11, 38.9846)	(12, 39.0377)	(13, 39.0645)	(14, 39.0668)	(15, 39.1209)	(16, 39.1197)	(17, 39.0812)	(18, 39.0596)	(19, 39.1619)	(20, 39.1684)	(21, 39.2054)	(22, 39.2055)	(23, 39.2027)	(24, 39.2096)	(25, 39.2102)	(26, 39.2033)	(27, 39.239)	(28, 39.2033)	(29, 39.2365)	(30, 39.231)	(31, 39.2008)	(32, 39.2258)	(33, 39.2229)	(34, 39.2373)	(35, 39.2289)	(36, 39.2294)	(37, 39.2206)	(38, 39.2187)	(39, 39.204)	(40, 39.2085)	(41, 39.2339)	(42, 39.2209)	(43, 39.2066)	(44, 39.198)	(45, 39.2121)	(46, 39.1995)	(47, 39.2244)	(48, 39.2194)	(49, 39.2006)	(50, 39.151)	(51, 39.1983)	(52, 39.151)	(53, 39.1907)	(54, 39.1923)	(55, 39.1858)	(56, 39.1847)	(57, 39.1062)	(58, 39.1021)	(59, 39.1217)	(60, 39.1318)	(61, 39.1304)	(62, 39.0875)	(63, 39.1587)	(64, 39.1343)	(65, 39.1368)	(66, 39.1471)	(67, 39.1347)	(68, 39.1261)	(69, 39.1088)	(70, 39.1038)	(71, 39.1097)	(72, 39.1136)	(73, 39.0962)	(74, 39.0792)	(75, 39.0678)	(76, 39.0643)	(77, 38.9851)	(78, 39.052)	(79, 39.0543)	(80, 39.0472)	(81, 39.0397)	(82, 39.0125)	(83, 39.0356)	(84, 39.0328)	(85, 39.0154)	(86, 38.9929)	(87, 38.9919)	(88, 38.9798)	(89, 38.9939)	(90, 38.9805)	(91, 38.9525)	(92, 38.9379)	(93, 38.9286)	(94, 38.9318)	(95, 38.9373)	(96, 38.9126)	(97, 38.8942)	(98, 38.8847)	(99, 38.8102)	(100, 38.8474)	(101, 38.886)	(102, 38.8662)	(103, 38.8653)	(104, 38.8548)	(105, 38.8285)	(106, 38.8245)	(107, 38.8254)	(108, 38.7908)	(109, 38.779)	(110, 38.7576)	(111, 38.7717)	(112, 38.7658)	(113, 38.7367)	(114, 38.7239)	(115, 38.7051)	(116, 38.6854)	(117, 38.7116)	(118, 38.6959)	(119, 38.6777)	(120, 38.6475)	(121, 38.6358)	(122, 38.6337)	(123, 38.6504)	(124, 38.6032)	(125, 38.6009)	(126, 38.5128)	(127, 38.5402)	(128, 38.5571)	(129, 38.5579)	(130, 38.5115)	(131, 38.4908)	(132, 38.4683)	(133, 38.4497)	(134, 38.4705)	(135, 38.4937)	(136, 38.448)	(137, 38.4064)	(138, 38.39)	(139, 38.4196)	(140, 38.4002)	(141, 38.2697)	(142, 38.3049)	(143, 38.3514)	(144, 38.3589)	(145, 38.3965)	(146, 38.404)	(147, 38.4114)	(148, 38.5106)	(149, 38.3788)	(150, 38.4301)	(151, 37.1214)
reports | SRR35329988	(1, 20.4018)	(2, 33.4772)	(3, 35.5087)	(4, 36.8293)	(5, 37.6833)	(6, 38.2244)	(7, 38.3296)	(8, 38.5659)	(9, 38.6643)	(10, 38.7244)	(11, 38.8006)	(12, 38.8646)	(13, 38.8944)	(14, 38.8946)	(15, 38.9549)	(16, 38.9573)	(17, 38.9205)	(18, 38.9011)	(19, 39.0028)	(20, 39.0103)	(21, 39.0536)	(22, 39.055)	(23, 39.0507)	(24, 39.0572)	(25, 39.0592)	(26, 39.0525)	(27, 39.0936)	(28, 39.0565)	(29, 39.0889)	(30, 39.0831)	(31, 39.0515)	(32, 39.0794)	(33, 39.0747)	(34, 39.0907)	(35, 39.0811)	(36, 39.0829)	(37, 39.0708)	(38, 39.0715)	(39, 39.0542)	(40, 39.0597)	(41, 39.0875)	(42, 39.0734)	(43, 39.0595)	(44, 39.0479)	(45, 39.0636)	(46, 39.0502)	(47, 39.0787)	(48, 39.0721)	(49, 39.0505)	(50, 38.999)	(51, 39.0481)	(52, 38.9995)	(53, 39.042)	(54, 39.0423)	(55, 39.037)	(56, 39.0343)	(57, 38.9557)	(58, 38.9501)	(59, 38.9694)	(60, 38.9824)	(61, 38.9787)	(62, 38.9368)	(63, 39.0088)	(64, 38.9809)	(65, 38.9891)	(66, 38.9973)	(67, 38.9836)	(68, 38.9735)	(69, 38.9531)	(70, 38.9483)	(71, 38.9572)	(72, 38.961)	(73, 38.9427)	(74, 38.9245)	(75, 38.9125)	(76, 38.9089)	(77, 38.8399)	(78, 38.9066)	(79, 38.8986)	(80, 38.8902)	(81, 38.8825)	(82, 38.8513)	(83, 38.877)	(84, 38.8751)	(85, 38.8553)	(86, 38.8306)	(87, 38.8311)	(88, 38.8179)	(89, 38.8346)	(90, 38.821)	(91, 38.7885)	(92, 38.7714)	(93, 38.761)	(94, 38.7654)	(95, 38.7729)	(96, 38.7447)	(97, 38.7255)	(98, 38.7178)	(99, 38.6416)	(100, 38.679)	(101, 38.7187)	(102, 38.6976)	(103, 38.6973)	(104, 38.6843)	(105, 38.6547)	(106, 38.6503)	(107, 38.6523)	(108, 38.6141)	(109, 38.6006)	(110, 38.5776)	(111, 38.5946)	(112, 38.5863)	(113, 38.5558)	(114, 38.5401)	(115, 38.5203)	(116, 38.4984)	(117, 38.5294)	(118, 38.5119)	(119, 38.491)	(120, 38.4572)	(121, 38.445)	(122, 38.4442)	(123, 38.4633)	(124, 38.4112)	(125, 38.4073)	(126, 38.3174)	(127, 38.3423)	(128, 38.3602)	(129, 38.3599)	(130, 38.3112)	(131, 38.2904)	(132, 38.2644)	(133, 38.2464)	(134, 38.27)	(135, 38.2938)	(136, 38.2418)	(137, 38.1997)	(138, 38.1818)	(139, 38.21)	(140, 38.1925)	(141, 38.0604)	(142, 38.0949)	(143, 38.1459)	(144, 38.158)	(145, 38.2002)	(146, 38.2135)	(147, 38.2238)	(148, 38.3455)	(149, 38.2016)	(150, 38.2574)	(151, 36.9421)
reports | SRR35329989	(1, 20.9057)	(2, 33.5167)	(3, 35.6409)	(4, 36.8785)	(5, 37.7175)	(6, 38.26)	(7, 38.3698)	(8, 38.6196)	(9, 38.711)	(10, 38.7739)	(11, 38.8368)	(12, 38.8994)	(13, 38.9253)	(14, 38.9253)	(15, 38.9834)	(16, 38.9755)	(17, 38.9437)	(18, 38.9259)	(19, 39.0255)	(20, 39.0364)	(21, 39.0748)	(22, 39.0752)	(23, 39.0713)	(24, 39.0805)	(25, 39.0824)	(26, 39.0742)	(27, 39.1127)	(28, 39.0757)	(29, 39.1097)	(30, 39.103)	(31, 39.0708)	(32, 39.0994)	(33, 39.0956)	(34, 39.112)	(35, 39.0996)	(36, 39.1043)	(37, 39.0941)	(38, 39.0942)	(39, 39.0773)	(40, 39.083)	(41, 39.1087)	(42, 39.0958)	(43, 39.0824)	(44, 39.0726)	(45, 39.0878)	(46, 39.0736)	(47, 39.1034)	(48, 39.0973)	(49, 39.0758)	(50, 39.0254)	(51, 39.0721)	(52, 39.0239)	(53, 39.0665)	(54, 39.0696)	(55, 39.0623)	(56, 39.0631)	(57, 38.9809)	(58, 38.977)	(59, 38.9974)	(60, 39.0087)	(61, 39.0066)	(62, 38.9646)	(63, 39.0349)	(64, 39.008)	(65, 39.0148)	(66, 39.0241)	(67, 39.0119)	(68, 39.0029)	(69, 38.9838)	(70, 38.978)	(71, 38.9856)	(72, 38.99)	(73, 38.9708)	(74, 38.9526)	(75, 38.942)	(76, 38.9388)	(77, 38.8679)	(78, 38.9368)	(79, 38.9311)	(80, 38.9227)	(81, 38.9146)	(82, 38.882)	(83, 38.9104)	(84, 38.9065)	(85, 38.887)	(86, 38.8629)	(87, 38.8646)	(88, 38.8518)	(89, 38.8682)	(90, 38.854)	(91, 38.8225)	(92, 38.8073)	(93, 38.7965)	(94, 38.8015)	(95, 38.808)	(96, 38.7804)	(97, 38.7602)	(98, 38.7527)	(99, 38.6784)	(100, 38.7164)	(101, 38.7562)	(102, 38.7358)	(103, 38.7352)	(104, 38.7224)	(105, 38.6948)	(106, 38.6917)	(107, 38.6948)	(108, 38.6569)	(109, 38.6451)	(110, 38.6225)	(111, 38.6394)	(112, 38.6314)	(113, 38.6012)	(114, 38.5879)	(115, 38.5683)	(116, 38.5486)	(117, 38.5774)	(118, 38.5612)	(119, 38.5419)	(120, 38.51)	(121, 38.4961)	(122, 38.4969)	(123, 38.516)	(124, 38.4654)	(125, 38.4627)	(126, 38.3755)	(127, 38.4005)	(128, 38.42)	(129, 38.4207)	(130, 38.3716)	(131, 38.3512)	(132, 38.3251)	(133, 38.3089)	(134, 38.3308)	(135, 38.3582)	(136, 38.3074)	(137, 38.2656)	(138, 38.248)	(139, 38.2795)	(140, 38.2597)	(141, 38.1272)	(142, 38.1608)	(143, 38.2121)	(144, 38.2215)	(145, 38.2627)	(146, 38.274)	(147, 38.2821)	(148, 38.3959)	(149, 38.2507)	(150, 38.3065)	(151, 37.0206)
reports | SRR35329990	(1, 22.0068)	(2, 33.9501)	(3, 35.9537)	(4, 37.0926)	(5, 37.8656)	(6, 38.3821)	(7, 38.4832)	(8, 38.6944)	(9, 38.7793)	(10, 38.834)	(11, 38.8938)	(12, 38.9456)	(13, 38.9695)	(14, 38.9686)	(15, 39.0212)	(16, 39.0176)	(17, 38.9794)	(18, 38.9589)	(19, 39.0578)	(20, 39.0647)	(21, 39.1027)	(22, 39.1023)	(23, 39.0975)	(24, 39.1034)	(25, 39.1049)	(26, 39.0962)	(27, 39.1348)	(28, 39.097)	(29, 39.1311)	(30, 39.1243)	(31, 39.0912)	(32, 39.1193)	(33, 39.1162)	(34, 39.1314)	(35, 39.1215)	(36, 39.1231)	(37, 39.1128)	(38, 39.1124)	(39, 39.0965)	(40, 39.1016)	(41, 39.1271)	(42, 39.115)	(43, 39.1003)	(44, 39.0907)	(45, 39.1057)	(46, 39.0927)	(47, 39.1213)	(48, 39.112)	(49, 39.0784)	(50, 39.0385)	(51, 39.0884)	(52, 39.0305)	(53, 39.0759)	(54, 39.0837)	(55, 39.0777)	(56, 39.0632)	(57, 38.9989)	(58, 38.9872)	(59, 39.0098)	(60, 39.0249)	(61, 39.0103)	(62, 38.9598)	(63, 39.0416)	(64, 39.0043)	(65, 39.0245)	(66, 39.0232)	(67, 39.0155)	(68, 38.9978)	(69, 38.985)	(70, 38.9821)	(71, 38.9839)	(72, 38.9832)	(73, 38.9838)	(74, 38.9428)	(75, 38.9531)	(76, 38.9525)	(77, 38.8809)	(78, 38.9449)	(79, 38.9427)	(80, 38.9426)	(81, 38.9346)	(82, 38.9044)	(83, 38.9302)	(84, 38.929)	(85, 38.9097)	(86, 38.8865)	(87, 38.8869)	(88, 38.8732)	(89, 38.8904)	(90, 38.8772)	(91, 38.8463)	(92, 38.8311)	(93, 38.8195)	(94, 38.8244)	(95, 38.8315)	(96, 38.8056)	(97, 38.7868)	(98, 38.7789)	(99, 38.7048)	(100, 38.7436)	(101, 38.7827)	(102, 38.7618)	(103, 38.7607)	(104, 38.7496)	(105, 38.7237)	(106, 38.7196)	(107, 38.7215)	(108, 38.6853)	(109, 38.673)	(110, 38.6516)	(111, 38.6679)	(112, 38.66)	(113, 38.6313)	(114, 38.6183)	(115, 38.5996)	(116, 38.5782)	(117, 38.6063)	(118, 38.5913)	(119, 38.5735)	(120, 38.541)	(121, 38.5302)	(122, 38.5285)	(123, 38.5477)	(124, 38.4993)	(125, 38.4951)	(126, 38.4062)	(127, 38.4337)	(128, 38.4526)	(129, 38.4535)	(130, 38.4057)	(131, 38.3836)	(132, 38.3629)	(133, 38.3468)	(134, 38.3691)	(135, 38.3945)	(136, 38.3447)	(137, 38.3038)	(138, 38.2874)	(139, 38.3189)	(140, 38.2992)	(141, 38.171)	(142, 38.2107)	(143, 38.2563)	(144, 38.2663)	(145, 38.3099)	(146, 38.3215)	(147, 38.3309)	(148, 38.4411)	(149, 38.3021)	(150, 38.358)	(151, 37.065)
reports | SRR35329991	(1, 21.8276)	(2, 33.864)	(3, 35.891)	(4, 37.0704)	(5, 37.8657)	(6, 38.3895)	(7, 38.4902)	(8, 38.7063)	(9, 38.8021)	(10, 38.8636)	(11, 38.9229)	(12, 38.9818)	(13, 39.0013)	(14, 39.0065)	(15, 39.0615)	(16, 39.0539)	(17, 39.0149)	(18, 38.9962)	(19, 39.0959)	(20, 39.1074)	(21, 39.1432)	(22, 39.1401)	(23, 39.1382)	(24, 39.1443)	(25, 39.1446)	(26, 39.1363)	(27, 39.1728)	(28, 39.1307)	(29, 39.1664)	(30, 39.1581)	(31, 39.1245)	(32, 39.1525)	(33, 39.149)	(34, 39.163)	(35, 39.1543)	(36, 39.1545)	(37, 39.145)	(38, 39.1445)	(39, 39.1276)	(40, 39.1315)	(41, 39.1581)	(42, 39.1469)	(43, 39.1302)	(44, 39.1203)	(45, 39.1353)	(46, 39.1236)	(47, 39.1498)	(48, 39.1456)	(49, 39.1246)	(50, 39.0746)	(51, 39.1219)	(52, 39.0756)	(53, 39.1156)	(54, 39.12)	(55, 39.1105)	(56, 39.1111)	(57, 39.0312)	(58, 39.0271)	(59, 39.0468)	(60, 39.0577)	(61, 39.0552)	(62, 39.0057)	(63, 39.0852)	(64, 39.0551)	(65, 39.0514)	(66, 39.0743)	(67, 39.0612)	(68, 39.053)	(69, 39.0348)	(70, 39.0297)	(71, 39.037)	(72, 39.0406)	(73, 39.0236)	(74, 39.0047)	(75, 38.9944)	(76, 38.9879)	(77, 38.9007)	(78, 38.9633)	(79, 38.9787)	(80, 38.9759)	(81, 38.9686)	(82, 38.9382)	(83, 38.9648)	(84, 38.9635)	(85, 38.9444)	(86, 38.9213)	(87, 38.9226)	(88, 38.9079)	(89, 38.9249)	(90, 38.9116)	(91, 38.8836)	(92, 38.8697)	(93, 38.858)	(94, 38.8618)	(95, 38.8699)	(96, 38.8435)	(97, 38.825)	(98, 38.8159)	(99, 38.7429)	(100, 38.7811)	(101, 38.8201)	(102, 38.8004)	(103, 38.7986)	(104, 38.7882)	(105, 38.762)	(106, 38.7578)	(107, 38.7612)	(108, 38.7253)	(109, 38.7123)	(110, 38.6914)	(111, 38.7075)	(112, 38.7006)	(113, 38.6714)	(114, 38.6595)	(115, 38.6402)	(116, 38.6207)	(117, 38.648)	(118, 38.633)	(119, 38.6157)	(120, 38.5834)	(121, 38.5711)	(122, 38.5731)	(123, 38.592)	(124, 38.5422)	(125, 38.5416)	(126, 38.4512)	(127, 38.4797)	(128, 38.498)	(129, 38.4975)	(130, 38.4517)	(131, 38.4308)	(132, 38.4091)	(133, 38.3914)	(134, 38.4132)	(135, 38.4372)	(136, 38.3904)	(137, 38.3496)	(138, 38.333)	(139, 38.362)	(140, 38.3443)	(141, 38.2149)	(142, 38.2539)	(143, 38.299)	(144, 38.3098)	(145, 38.3505)	(146, 38.3574)	(147, 38.368)	(148, 38.4702)	(149, 38.3328)	(150, 38.389)	(151, 37.1003)
reports | SRR35329992	(1, 20.5752)	(2, 33.7927)	(3, 35.755)	(4, 36.9503)	(5, 37.7311)	(6, 38.2464)	(7, 38.3416)	(8, 38.6079)	(9, 38.6878)	(10, 38.747)	(11, 38.7923)	(12, 38.8684)	(13, 38.9086)	(14, 38.902)	(15, 38.9609)	(16, 38.9604)	(17, 38.9234)	(18, 38.9024)	(19, 39.0108)	(20, 39.02)	(21, 39.0622)	(22, 39.0654)	(23, 39.0629)	(24, 39.0673)	(25, 39.0664)	(26, 39.0621)	(27, 39.1005)	(28, 39.0632)	(29, 39.1007)	(30, 39.0932)	(31, 39.061)	(32, 39.0888)	(33, 39.0815)	(34, 39.0978)	(35, 39.0905)	(36, 39.0925)	(37, 39.0814)	(38, 39.0798)	(39, 39.0636)	(40, 39.0708)	(41, 39.0979)	(42, 39.0842)	(43, 39.0708)	(44, 39.0599)	(45, 39.0768)	(46, 39.0634)	(47, 39.0923)	(48, 39.0867)	(49, 39.0656)	(50, 39.0158)	(51, 39.0647)	(52, 39.0162)	(53, 39.0586)	(54, 39.0605)	(55, 39.0546)	(56, 39.0519)	(57, 38.972)	(58, 38.9679)	(59, 38.9882)	(60, 39.0002)	(61, 38.9968)	(62, 38.958)	(63, 39.0263)	(64, 39.0)	(65, 39.0056)	(66, 39.0134)	(67, 39.0018)	(68, 38.9919)	(69, 38.9738)	(70, 38.9684)	(71, 38.9755)	(72, 38.9793)	(73, 38.9618)	(74, 38.9438)	(75, 38.9325)	(76, 38.9283)	(77, 38.8589)	(78, 38.927)	(79, 38.9189)	(80, 38.9116)	(81, 38.9029)	(82, 38.8728)	(83, 38.8992)	(84, 38.8971)	(85, 38.8774)	(86, 38.8529)	(87, 38.8534)	(88, 38.8401)	(89, 38.8568)	(90, 38.8434)	(91, 38.8129)	(92, 38.7972)	(93, 38.7855)	(94, 38.7903)	(95, 38.7963)	(96, 38.7707)	(97, 38.7504)	(98, 38.7406)	(99, 38.6687)	(100, 38.7052)	(101, 38.7443)	(102, 38.7237)	(103, 38.7231)	(104, 38.711)	(105, 38.6834)	(106, 38.6794)	(107, 38.683)	(108, 38.6447)	(109, 38.6315)	(110, 38.6086)	(111, 38.6265)	(112, 38.6186)	(113, 38.5875)	(114, 38.5741)	(115, 38.5549)	(116, 38.5325)	(117, 38.5623)	(118, 38.5464)	(119, 38.5271)	(120, 38.493)	(121, 38.4812)	(122, 38.4803)	(123, 38.5017)	(124, 38.4498)	(125, 38.4455)	(126, 38.3566)	(127, 38.3813)	(128, 38.4011)	(129, 38.4006)	(130, 38.352)	(131, 38.3316)	(132, 38.3073)	(133, 38.2893)	(134, 38.3107)	(135, 38.3362)	(136, 38.2857)	(137, 38.2421)	(138, 38.225)	(139, 38.2581)	(140, 38.2384)	(141, 38.1042)	(142, 38.1402)	(143, 38.1917)	(144, 38.201)	(145, 38.2456)	(146, 38.2559)	(147, 38.2653)	(148, 38.3843)	(149, 38.2394)	(150, 38.2969)	(151, 36.9895)
reports | SRR35329993	(1, 20.669)	(2, 33.5772)	(3, 35.6391)	(4, 36.8934)	(5, 37.7489)	(6, 38.2872)	(7, 38.3931)	(8, 38.6104)	(9, 38.7103)	(10, 38.7687)	(11, 38.8412)	(12, 38.9023)	(13, 38.9261)	(14, 38.9296)	(15, 38.9851)	(16, 38.9813)	(17, 38.9449)	(18, 38.9267)	(19, 39.0272)	(20, 39.0357)	(21, 39.074)	(22, 39.0723)	(23, 39.071)	(24, 39.0778)	(25, 39.0797)	(26, 39.0724)	(27, 39.1099)	(28, 39.0721)	(29, 39.1063)	(30, 39.099)	(31, 39.0656)	(32, 39.0943)	(33, 39.0893)	(34, 39.1045)	(35, 39.0947)	(36, 39.0969)	(37, 39.0865)	(38, 39.0861)	(39, 39.0682)	(40, 39.0738)	(41, 39.0994)	(42, 39.0878)	(43, 39.0722)	(44, 39.0632)	(45, 39.077)	(46, 39.0643)	(47, 39.093)	(48, 39.0871)	(49, 39.061)	(50, 39.0138)	(51, 39.0618)	(52, 39.0145)	(53, 39.0555)	(54, 39.0595)	(55, 39.0504)	(56, 39.0474)	(57, 38.9698)	(58, 38.964)	(59, 38.9841)	(60, 38.9969)	(61, 38.9913)	(62, 38.9345)	(63, 39.0219)	(64, 38.9823)	(65, 38.9891)	(66, 39.0082)	(67, 38.9951)	(68, 38.9832)	(69, 38.9662)	(70, 38.9614)	(71, 38.9676)	(72, 38.9719)	(73, 38.9574)	(74, 38.933)	(75, 38.9261)	(76, 38.9209)	(77, 38.8369)	(78, 38.8936)	(79, 38.904)	(80, 38.906)	(81, 38.8971)	(82, 38.8676)	(83, 38.8948)	(84, 38.8913)	(85, 38.8726)	(86, 38.848)	(87, 38.8479)	(88, 38.8336)	(89, 38.8505)	(90, 38.8361)	(91, 38.8062)	(92, 38.7905)	(93, 38.7792)	(94, 38.7847)	(95, 38.7904)	(96, 38.764)	(97, 38.7442)	(98, 38.7351)	(99, 38.6592)	(100, 38.6967)	(101, 38.7361)	(102, 38.7162)	(103, 38.7142)	(104, 38.7026)	(105, 38.6749)	(106, 38.6705)	(107, 38.6742)	(108, 38.6349)	(109, 38.6215)	(110, 38.5981)	(111, 38.6155)	(112, 38.6073)	(113, 38.5782)	(114, 38.5628)	(115, 38.5433)	(116, 38.524)	(117, 38.5509)	(118, 38.5365)	(119, 38.5151)	(120, 38.4815)	(121, 38.4686)	(122, 38.4679)	(123, 38.4862)	(124, 38.4354)	(125, 38.4323)	(126, 38.3437)	(127, 38.3691)	(128, 38.3885)	(129, 38.3865)	(130, 38.3375)	(131, 38.3169)	(132, 38.2925)	(133, 38.2736)	(134, 38.295)	(135, 38.3221)	(136, 38.2705)	(137, 38.2311)	(138, 38.2128)	(139, 38.2436)	(140, 38.2244)	(141, 38.094)	(142, 38.1308)	(143, 38.1799)	(144, 38.1916)	(145, 38.2365)	(146, 38.2489)	(147, 38.2635)	(148, 38.3839)	(149, 38.2419)	(150, 38.2965)	(151, 36.9674)
reports | SRR35329994	(1, 21.1383)	(2, 33.7194)	(3, 35.7888)	(4, 36.9902)	(5, 37.7816)	(6, 38.2908)	(7, 38.3797)	(8, 38.643)	(9, 38.717)	(10, 38.7756)	(11, 38.824)	(12, 38.894)	(13, 38.9233)	(14, 38.9218)	(15, 38.9769)	(16, 38.9761)	(17, 38.9376)	(18, 38.9177)	(19, 39.0175)	(20, 39.0263)	(21, 39.066)	(22, 39.0649)	(23, 39.0627)	(24, 39.0687)	(25, 39.0699)	(26, 39.0621)	(27, 39.1015)	(28, 39.0646)	(29, 39.097)	(30, 39.0904)	(31, 39.0571)	(32, 39.0862)	(33, 39.0825)	(34, 39.0983)	(35, 39.0901)	(36, 39.0904)	(37, 39.0786)	(38, 39.0788)	(39, 39.0614)	(40, 39.066)	(41, 39.0926)	(42, 39.0807)	(43, 39.0665)	(44, 39.0557)	(45, 39.0713)	(46, 39.0575)	(47, 39.0857)	(48, 39.0797)	(49, 39.0585)	(50, 39.0083)	(51, 39.0547)	(52, 39.0075)	(53, 39.0493)	(54, 39.0529)	(55, 39.043)	(56, 39.0432)	(57, 38.9638)	(58, 38.9591)	(59, 38.9785)	(60, 38.9907)	(61, 38.9856)	(62, 38.937)	(63, 39.0156)	(64, 38.9846)	(65, 38.9839)	(66, 39.0043)	(67, 38.9905)	(68, 38.9821)	(69, 38.9626)	(70, 38.9576)	(71, 38.9636)	(72, 38.9696)	(73, 38.9494)	(74, 38.9301)	(75, 38.92)	(76, 38.9127)	(77, 38.8325)	(78, 38.8981)	(79, 38.9056)	(80, 38.8989)	(81, 38.891)	(82, 38.861)	(83, 38.8875)	(84, 38.8845)	(85, 38.8644)	(86, 38.8415)	(87, 38.8414)	(88, 38.8279)	(89, 38.8436)	(90, 38.8314)	(91, 38.8002)	(92, 38.7845)	(93, 38.7738)	(94, 38.7783)	(95, 38.7852)	(96, 38.7579)	(97, 38.7381)	(98, 38.7302)	(99, 38.6558)	(100, 38.6944)	(101, 38.7347)	(102, 38.7137)	(103, 38.7119)	(104, 38.7009)	(105, 38.673)	(106, 38.6677)	(107, 38.6722)	(108, 38.6338)	(109, 38.6218)	(110, 38.5992)	(111, 38.6162)	(112, 38.6089)	(113, 38.5776)	(114, 38.5646)	(115, 38.5441)	(116, 38.5253)	(117, 38.554)	(118, 38.5397)	(119, 38.5188)	(120, 38.4869)	(121, 38.4745)	(122, 38.4736)	(123, 38.4955)	(124, 38.4444)	(125, 38.4423)	(126, 38.3521)	(127, 38.3767)	(128, 38.3975)	(129, 38.3981)	(130, 38.3498)	(131, 38.3289)	(132, 38.3063)	(133, 38.2879)	(134, 38.3118)	(135, 38.3363)	(136, 38.2854)	(137, 38.2438)	(138, 38.2276)	(139, 38.2598)	(140, 38.2421)	(141, 38.1118)	(142, 38.1487)	(143, 38.1973)	(144, 38.2075)	(145, 38.25)	(146, 38.2626)	(147, 38.2737)	(148, 38.3892)	(149, 38.2498)	(150, 38.3043)	(151, 37.0062)
reports | SRR35329995	(1, 20.8838)	(2, 33.7094)	(3, 35.789)	(4, 37.0296)	(5, 37.8582)	(6, 38.3667)	(7, 38.4738)	(8, 38.6826)	(9, 38.7799)	(10, 38.8417)	(11, 38.9097)	(12, 38.9654)	(13, 38.9893)	(14, 38.9911)	(15, 39.0487)	(16, 39.0433)	(17, 39.0048)	(18, 38.9869)	(19, 39.0894)	(20, 39.0982)	(21, 39.1351)	(22, 39.1346)	(23, 39.1307)	(24, 39.1355)	(25, 39.1383)	(26, 39.1292)	(27, 39.1667)	(28, 39.13)	(29, 39.1628)	(30, 39.1539)	(31, 39.122)	(32, 39.149)	(33, 39.1444)	(34, 39.1582)	(35, 39.1479)	(36, 39.1476)	(37, 39.1389)	(38, 39.1368)	(39, 39.1201)	(40, 39.1257)	(41, 39.1517)	(42, 39.1391)	(43, 39.1242)	(44, 39.1136)	(45, 39.1263)	(46, 39.114)	(47, 39.1418)	(48, 39.1358)	(49, 39.1155)	(50, 39.0649)	(51, 39.1125)	(52, 39.0647)	(53, 39.1059)	(54, 39.1079)	(55, 39.1007)	(56, 39.101)	(57, 39.0214)	(58, 39.0165)	(59, 39.0368)	(60, 39.0478)	(61, 39.0458)	(62, 39.0024)	(63, 39.0743)	(64, 39.0453)	(65, 39.0452)	(66, 39.0631)	(67, 39.0496)	(68, 39.042)	(69, 39.0231)	(70, 39.0174)	(71, 39.026)	(72, 39.0305)	(73, 39.013)	(74, 38.9943)	(75, 38.9819)	(76, 38.977)	(77, 38.8955)	(78, 38.9623)	(79, 38.9684)	(80, 38.9633)	(81, 38.9555)	(82, 38.9269)	(83, 38.9523)	(84, 38.9484)	(85, 38.931)	(86, 38.9068)	(87, 38.9072)	(88, 38.8947)	(89, 38.9119)	(90, 38.8993)	(91, 38.8687)	(92, 38.8555)	(93, 38.8421)	(94, 38.847)	(95, 38.8545)	(96, 38.8276)	(97, 38.8088)	(98, 38.7995)	(99, 38.7263)	(100, 38.7652)	(101, 38.8047)	(102, 38.7846)	(103, 38.7834)	(104, 38.7723)	(105, 38.7459)	(106, 38.7429)	(107, 38.7456)	(108, 38.7081)	(109, 38.6968)	(110, 38.6754)	(111, 38.6918)	(112, 38.6848)	(113, 38.6546)	(114, 38.6415)	(115, 38.6235)	(116, 38.6041)	(117, 38.6314)	(118, 38.6166)	(119, 38.5973)	(120, 38.566)	(121, 38.5544)	(122, 38.5539)	(123, 38.5734)	(124, 38.5255)	(125, 38.5211)	(126, 38.4351)	(127, 38.4598)	(128, 38.4797)	(129, 38.4782)	(130, 38.4319)	(131, 38.4122)	(132, 38.3891)	(133, 38.3722)	(134, 38.3927)	(135, 38.4168)	(136, 38.37)	(137, 38.3284)	(138, 38.3118)	(139, 38.3427)	(140, 38.3249)	(141, 38.1936)	(142, 38.2307)	(143, 38.2782)	(144, 38.2863)	(145, 38.3292)	(146, 38.339)	(147, 38.3469)	(148, 38.4544)	(149, 38.3178)	(150, 38.3737)	(151, 37.0794)
reports | SRR35329996	(1, 21.4812)	(2, 34.1349)	(3, 36.2227)	(4, 37.4199)	(5, 38.162)	(6, 38.6475)	(7, 38.7324)	(8, 38.9425)	(9, 39.0175)	(10, 39.0713)	(11, 39.1195)	(12, 39.1685)	(13, 39.1927)	(14, 39.1923)	(15, 39.2436)	(16, 39.232)	(17, 39.191)	(18, 39.1683)	(19, 39.2702)	(20, 39.2758)	(21, 39.3077)	(22, 39.3077)	(23, 39.3049)	(24, 39.3104)	(25, 39.3111)	(26, 39.3037)	(27, 39.3341)	(28, 39.2975)	(29, 39.3297)	(30, 39.3244)	(31, 39.2934)	(32, 39.3178)	(33, 39.313)	(34, 39.3263)	(35, 39.3172)	(36, 39.3165)	(37, 39.3081)	(38, 39.3067)	(39, 39.2935)	(40, 39.2957)	(41, 39.3188)	(42, 39.3068)	(43, 39.2951)	(44, 39.2852)	(45, 39.2977)	(46, 39.2846)	(47, 39.3087)	(48, 39.3032)	(49, 39.286)	(50, 39.2357)	(51, 39.2832)	(52, 39.2369)	(53, 39.2756)	(54, 39.2771)	(55, 39.2694)	(56, 39.2689)	(57, 39.1912)	(58, 39.1876)	(59, 39.208)	(60, 39.2164)	(61, 39.2154)	(62, 39.1692)	(63, 39.2456)	(64, 39.2204)	(65, 39.2198)	(66, 39.2337)	(67, 39.2214)	(68, 39.2145)	(69, 39.197)	(70, 39.1935)	(71, 39.1978)	(72, 39.2018)	(73, 39.1873)	(74, 39.1699)	(75, 39.1594)	(76, 39.1557)	(77, 39.0741)	(78, 39.1408)	(79, 39.1454)	(80, 39.1404)	(81, 39.1334)	(82, 39.1072)	(83, 39.1295)	(84, 39.1269)	(85, 39.1109)	(86, 39.0889)	(87, 39.0891)	(88, 39.0771)	(89, 39.0892)	(90, 39.0776)	(91, 39.0513)	(92, 39.0383)	(93, 39.0295)	(94, 39.0338)	(95, 39.0388)	(96, 39.0152)	(97, 38.9975)	(98, 38.9892)	(99, 38.9167)	(100, 38.9525)	(101, 38.9909)	(102, 38.973)	(103, 38.9726)	(104, 38.9639)	(105, 38.9369)	(106, 38.9348)	(107, 38.9363)	(108, 38.901)	(109, 38.8915)	(110, 38.8712)	(111, 38.8828)	(112, 38.8761)	(113, 38.8499)	(114, 38.8392)	(115, 38.8216)	(116, 38.8032)	(117, 38.8289)	(118, 38.813)	(119, 38.7956)	(120, 38.7652)	(121, 38.7559)	(122, 38.7533)	(123, 38.7702)	(124, 38.726)	(125, 38.7221)	(126, 38.6368)	(127, 38.6671)	(128, 38.6808)	(129, 38.682)	(130, 38.64)	(131, 38.62)	(132, 38.5968)	(133, 38.58)	(134, 38.5971)	(135, 38.6192)	(136, 38.577)	(137, 38.5398)	(138, 38.5234)	(139, 38.5479)	(140, 38.5291)	(141, 38.4015)	(142, 38.4379)	(143, 38.4812)	(144, 38.4839)	(145, 38.5198)	(146, 38.5227)	(147, 38.5231)	(148, 38.6091)	(149, 38.4816)	(150, 38.5311)	(151, 37.2831)
