Sample	0	1	2	3	4	5	6	7	8	9	10	11	12	13	14	15	16	17	18	19	20	21	22	23	24	25	26	27	28	29	30	31	32	33	34	35	36	37	38	39	40	41	42	43	44	45	46	47	48	49	50	51	52	53	54	55	56	57	58	59	60	61	62	63	64	65	66	67	68	69	70	71	72	73	74	75	76	77	78	79	80	81	82	83	84	85	86	87	88	89	90	91	92	93	94	95	96	97	98	99	100	101	102	103	104	105	106	107	108	109	110	111	112	113	114	115	116	117	118	119	120	121	122	123	124	125	126	127	128	129	130	131	132	133	134	135	136	137	138	139	140	141	142	143	144	145	146	147	148	149	150
reports | SRR35329977	(1, 29.8962)	(2, 35.966)	(3, 38.1237)	(4, 38.5111)	(5, 38.4935)	(6, 38.6222)	(7, 38.6342)	(8, 38.5089)	(9, 38.5294)	(10, 38.7042)	(11, 38.6984)	(12, 38.832)	(13, 38.8027)	(14, 38.758)	(15, 38.7139)	(16, 39.0379)	(17, 39.0676)	(18, 39.055)	(19, 39.0631)	(20, 39.0711)	(21, 39.0468)	(22, 39.0273)	(23, 39.0928)	(24, 39.0998)	(25, 39.0735)	(26, 39.0107)	(27, 39.01)	(28, 39.0025)	(29, 38.9787)	(30, 39.0095)	(31, 38.9957)	(32, 38.9867)	(33, 38.9865)	(34, 38.9808)	(35, 38.9753)	(36, 38.9492)	(37, 38.9886)	(38, 38.9973)	(39, 38.9813)	(40, 38.9591)	(41, 38.9612)	(42, 38.9359)	(43, 38.9605)	(44, 38.9714)	(45, 38.9217)	(46, 38.9578)	(47, 38.9488)	(48, 38.8782)	(49, 38.9085)	(50, 38.9138)	(51, 38.9388)	(52, 38.9235)	(53, 38.9143)	(54, 38.9099)	(55, 38.902)	(56, 38.8555)	(57, 38.8847)	(58, 38.9019)	(59, 38.891)	(60, 38.8625)	(61, 38.8386)	(62, 38.839)	(63, 38.8245)	(64, 38.7802)	(65, 38.8371)	(66, 38.8265)	(67, 38.8115)	(68, 38.8183)	(69, 38.8021)	(70, 38.7946)	(71, 38.7318)	(72, 38.7479)	(73, 38.7893)	(74, 38.7808)	(75, 38.7686)	(76, 38.7752)	(77, 38.7702)	(78, 38.7528)	(79, 38.7585)	(80, 38.755)	(81, 38.7364)	(82, 38.7256)	(83, 38.7147)	(84, 38.6996)	(85, 38.6595)	(86, 38.7009)	(87, 38.6963)	(88, 38.6561)	(89, 38.6397)	(90, 38.5508)	(91, 38.6048)	(92, 38.5995)	(93, 38.6079)	(94, 38.5611)	(95, 38.5689)	(96, 38.5153)	(97, 38.5246)	(98, 38.5282)	(99, 38.5176)	(100, 38.52)	(101, 38.4884)	(102, 38.4841)	(103, 38.4534)	(104, 38.4728)	(105, 38.4681)	(106, 38.4581)	(107, 38.4707)	(108, 38.4505)	(109, 38.4153)	(110, 38.3884)	(111, 38.3663)	(112, 38.352)	(113, 38.3243)	(114, 38.2954)	(115, 38.2789)	(116, 38.2215)	(117, 38.1814)	(118, 38.1835)	(119, 38.1441)	(120, 38.0952)	(121, 38.046)	(122, 38.0091)	(123, 37.9218)	(124, 37.9149)	(125, 37.8941)	(126, 37.8931)	(127, 37.7921)	(128, 37.7558)	(129, 37.6762)	(130, 37.6113)	(131, 37.5842)	(132, 37.51)	(133, 37.4608)	(134, 37.4649)	(135, 37.336)	(136, 37.2256)	(137, 37.1614)	(138, 37.0491)	(139, 36.9658)	(140, 36.8458)	(141, 36.8212)	(142, 36.7722)	(143, 36.6225)	(144, 36.499)	(145, 36.3907)	(146, 36.2651)	(147, 36.1604)	(148, 36.0083)	(149, 35.8654)	(150, 35.8189)	(151, 34.3245)
reports | SRR35329978	(1, 29.6143)	(2, 35.8597)	(3, 38.2779)	(4, 38.6358)	(5, 38.6324)	(6, 38.5625)	(7, 38.5612)	(8, 38.6405)	(9, 38.6197)	(10, 38.7488)	(11, 38.6921)	(12, 38.8366)	(13, 38.8293)	(14, 38.7893)	(15, 38.7215)	(16, 39.0506)	(17, 39.0825)	(18, 39.0609)	(19, 39.066)	(20, 39.0783)	(21, 39.0498)	(22, 39.0315)	(23, 39.0969)	(24, 39.1009)	(25, 39.0773)	(26, 39.017)	(27, 39.0147)	(28, 39.0078)	(29, 38.9833)	(30, 39.0161)	(31, 39.0022)	(32, 38.9901)	(33, 38.9873)	(34, 38.9802)	(35, 38.9744)	(36, 38.9525)	(37, 38.989)	(38, 38.9927)	(39, 38.9766)	(40, 38.9513)	(41, 38.9502)	(42, 38.9238)	(43, 38.947)	(44, 38.9604)	(45, 38.9059)	(46, 38.9469)	(47, 38.9354)	(48, 38.8429)	(49, 38.8738)	(50, 38.8642)	(51, 38.9158)	(52, 38.8771)	(53, 38.8662)	(54, 38.8543)	(55, 38.8745)	(56, 38.8038)	(57, 38.8305)	(58, 38.8641)	(59, 38.8349)	(60, 38.8051)	(61, 38.7801)	(62, 38.7801)	(63, 38.7626)	(64, 38.7196)	(65, 38.7789)	(66, 38.7646)	(67, 38.7509)	(68, 38.7598)	(69, 38.7435)	(70, 38.7388)	(71, 38.6658)	(72, 38.6808)	(73, 38.7217)	(74, 38.7149)	(75, 38.7058)	(76, 38.7179)	(77, 38.7155)	(78, 38.6994)	(79, 38.7047)	(80, 38.7)	(81, 38.6801)	(82, 38.6662)	(83, 38.6547)	(84, 38.6377)	(85, 38.5979)	(86, 38.6378)	(87, 38.635)	(88, 38.5972)	(89, 38.5815)	(90, 38.4932)	(91, 38.5447)	(92, 38.5408)	(93, 38.5468)	(94, 38.4991)	(95, 38.5048)	(96, 38.4522)	(97, 38.46)	(98, 38.4646)	(99, 38.4542)	(100, 38.4593)	(101, 38.4272)	(102, 38.4212)	(103, 38.3872)	(104, 38.4026)	(105, 38.3944)	(106, 38.3816)	(107, 38.3913)	(108, 38.3723)	(109, 38.338)	(110, 38.3096)	(111, 38.285)	(112, 38.2676)	(113, 38.2353)	(114, 38.2)	(115, 38.1803)	(116, 38.1211)	(117, 38.076)	(118, 38.0747)	(119, 38.032)	(120, 37.9821)	(121, 37.9278)	(122, 37.8853)	(123, 37.7939)	(124, 37.7758)	(125, 37.7455)	(126, 37.7347)	(127, 37.6273)	(128, 37.5813)	(129, 37.4948)	(130, 37.4226)	(131, 37.3815)	(132, 37.3002)	(133, 37.2375)	(134, 37.2228)	(135, 37.0829)	(136, 36.9566)	(137, 36.8748)	(138, 36.7457)	(139, 36.6467)	(140, 36.5142)	(141, 36.4668)	(142, 36.406)	(143, 36.2299)	(144, 36.0925)	(145, 35.955)	(146, 35.8061)	(147, 35.6854)	(148, 35.5087)	(149, 35.3472)	(150, 35.2812)	(151, 33.7661)
reports | SRR35329979	(1, 29.0689)	(2, 35.8584)	(3, 38.2758)	(4, 38.5024)	(5, 38.5227)	(6, 38.6762)	(7, 38.6806)	(8, 38.4748)	(9, 38.5405)	(10, 38.7273)	(11, 38.6735)	(12, 38.8444)	(13, 38.8202)	(14, 38.7796)	(15, 38.7327)	(16, 39.0529)	(17, 39.0813)	(18, 39.0679)	(19, 39.0744)	(20, 39.0806)	(21, 39.0577)	(22, 39.0319)	(23, 39.0965)	(24, 39.1031)	(25, 39.0781)	(26, 39.0133)	(27, 39.0145)	(28, 39.007)	(29, 38.9834)	(30, 39.0156)	(31, 39.0021)	(32, 38.9906)	(33, 38.9902)	(34, 38.9845)	(35, 38.9787)	(36, 38.9567)	(37, 38.9935)	(38, 39.0007)	(39, 38.9849)	(40, 38.9603)	(41, 38.9615)	(42, 38.9387)	(43, 38.9586)	(44, 38.9716)	(45, 38.923)	(46, 38.959)	(47, 38.9491)	(48, 38.8812)	(49, 38.9096)	(50, 38.9237)	(51, 38.9357)	(52, 38.9227)	(53, 38.9145)	(54, 38.9156)	(55, 38.9034)	(56, 38.8652)	(57, 38.8979)	(58, 38.9118)	(59, 38.9005)	(60, 38.8716)	(61, 38.8445)	(62, 38.8416)	(63, 38.8264)	(64, 38.7815)	(65, 38.8402)	(66, 38.8294)	(67, 38.814)	(68, 38.8175)	(69, 38.8058)	(70, 38.7976)	(71, 38.7333)	(72, 38.7501)	(73, 38.7901)	(74, 38.7807)	(75, 38.7666)	(76, 38.7733)	(77, 38.7678)	(78, 38.7522)	(79, 38.7582)	(80, 38.7542)	(81, 38.7357)	(82, 38.7208)	(83, 38.7083)	(84, 38.6947)	(85, 38.6541)	(86, 38.6964)	(87, 38.6923)	(88, 38.6543)	(89, 38.6369)	(90, 38.5486)	(91, 38.6007)	(92, 38.5936)	(93, 38.6011)	(94, 38.5551)	(95, 38.5605)	(96, 38.5081)	(97, 38.517)	(98, 38.5215)	(99, 38.5115)	(100, 38.5159)	(101, 38.4853)	(102, 38.4826)	(103, 38.4502)	(104, 38.4699)	(105, 38.4656)	(106, 38.4573)	(107, 38.47)	(108, 38.455)	(109, 38.4243)	(110, 38.3991)	(111, 38.3814)	(112, 38.3723)	(113, 38.3459)	(114, 38.3214)	(115, 38.3104)	(116, 38.2621)	(117, 38.2252)	(118, 38.237)	(119, 38.2068)	(120, 38.171)	(121, 38.1293)	(122, 38.1016)	(123, 38.0267)	(124, 38.0308)	(125, 38.02)	(126, 38.0337)	(127, 37.9469)	(128, 37.9283)	(129, 37.8663)	(130, 37.8243)	(131, 37.8175)	(132, 37.7656)	(133, 37.7426)	(134, 37.7629)	(135, 37.6691)	(136, 37.5852)	(137, 37.549)	(138, 37.4694)	(139, 37.4136)	(140, 37.3351)	(141, 37.3475)	(142, 37.3449)	(143, 37.2392)	(144, 37.1718)	(145, 37.0982)	(146, 37.0331)	(147, 36.9801)	(148, 36.8749)	(149, 36.7993)	(150, 36.8161)	(151, 35.2)
reports | SRR35329980	(1, 27.9966)	(2, 36.3475)	(3, 38.3914)	(4, 38.5461)	(5, 38.5181)	(6, 38.4831)	(7, 38.6848)	(8, 38.6738)	(9, 38.5873)	(10, 38.6449)	(11, 38.7143)	(12, 38.8612)	(13, 38.8404)	(14, 38.8059)	(15, 38.7671)	(16, 39.0787)	(17, 39.1064)	(18, 39.0952)	(19, 39.1022)	(20, 39.1073)	(21, 39.0834)	(22, 39.0619)	(23, 39.1229)	(24, 39.1298)	(25, 39.106)	(26, 39.0437)	(27, 39.044)	(28, 39.0356)	(29, 39.0099)	(30, 39.0343)	(31, 39.023)	(32, 39.0119)	(33, 39.0119)	(34, 39.0043)	(35, 38.9966)	(36, 38.9787)	(37, 39.0135)	(38, 39.016)	(39, 39.0062)	(40, 38.9799)	(41, 38.98)	(42, 38.9551)	(43, 38.9758)	(44, 38.9872)	(45, 38.9396)	(46, 38.9766)	(47, 38.9662)	(48, 38.8991)	(49, 38.9277)	(50, 38.923)	(51, 38.95)	(52, 38.9181)	(53, 38.91)	(54, 38.9107)	(55, 38.9048)	(56, 38.859)	(57, 38.8954)	(58, 38.9086)	(59, 38.8962)	(60, 38.8705)	(61, 38.8495)	(62, 38.8486)	(63, 38.8289)	(64, 38.7863)	(65, 38.8378)	(66, 38.8283)	(67, 38.8173)	(68, 38.8255)	(69, 38.8043)	(70, 38.7947)	(71, 38.7274)	(72, 38.7427)	(73, 38.784)	(74, 38.7723)	(75, 38.7577)	(76, 38.7641)	(77, 38.7583)	(78, 38.7411)	(79, 38.7467)	(80, 38.7406)	(81, 38.7217)	(82, 38.7056)	(83, 38.695)	(84, 38.6765)	(85, 38.6347)	(86, 38.6731)	(87, 38.6686)	(88, 38.6277)	(89, 38.6091)	(90, 38.5191)	(91, 38.5682)	(92, 38.561)	(93, 38.5654)	(94, 38.5169)	(95, 38.5197)	(96, 38.4645)	(97, 38.4692)	(98, 38.4708)	(99, 38.4596)	(100, 38.4609)	(101, 38.426)	(102, 38.4188)	(103, 38.3827)	(104, 38.3964)	(105, 38.3859)	(106, 38.3712)	(107, 38.3798)	(108, 38.3567)	(109, 38.3175)	(110, 38.286)	(111, 38.2591)	(112, 38.2398)	(113, 38.205)	(114, 38.1668)	(115, 38.1417)	(116, 38.0806)	(117, 38.0305)	(118, 38.0266)	(119, 37.9814)	(120, 37.9294)	(121, 37.8707)	(122, 37.8272)	(123, 37.7305)	(124, 37.7129)	(125, 37.6765)	(126, 37.6647)	(127, 37.5493)	(128, 37.5039)	(129, 37.4121)	(130, 37.3316)	(131, 37.2961)	(132, 37.2028)	(133, 37.1481)	(134, 37.1281)	(135, 36.9809)	(136, 36.852)	(137, 36.7587)	(138, 36.6349)	(139, 36.5182)	(140, 36.3798)	(141, 36.3344)	(142, 36.2585)	(143, 36.091)	(144, 35.9373)	(145, 35.7918)	(146, 35.6493)	(147, 35.5)	(148, 35.321)	(149, 35.151)	(150, 35.0646)	(151, 33.4548)
reports | SRR35329981	(1, 27.8816)	(2, 35.896)	(3, 38.359)	(4, 38.6069)	(5, 38.5416)	(6, 38.6705)	(7, 38.5177)	(8, 38.4984)	(9, 38.609)	(10, 38.7603)	(11, 38.7303)	(12, 38.867)	(13, 38.8501)	(14, 38.81)	(15, 38.7471)	(16, 39.0704)	(17, 39.1041)	(18, 39.0857)	(19, 39.0935)	(20, 39.1046)	(21, 39.0784)	(22, 39.0592)	(23, 39.1222)	(24, 39.1268)	(25, 39.1022)	(26, 39.0437)	(27, 39.0445)	(28, 39.036)	(29, 39.0135)	(30, 39.0431)	(31, 39.0297)	(32, 39.0176)	(33, 39.0152)	(34, 39.008)	(35, 38.9982)	(36, 38.9803)	(37, 39.0166)	(38, 39.0231)	(39, 39.0091)	(40, 38.9822)	(41, 38.9823)	(42, 38.9573)	(43, 38.9784)	(44, 38.983)	(45, 38.942)	(46, 38.9786)	(47, 38.9684)	(48, 38.8765)	(49, 38.9097)	(50, 38.8925)	(51, 38.9473)	(52, 38.8903)	(53, 38.8968)	(54, 38.8808)	(55, 38.8932)	(56, 38.8249)	(57, 38.8484)	(58, 38.872)	(59, 38.8524)	(60, 38.8223)	(61, 38.7991)	(62, 38.8012)	(63, 38.7794)	(64, 38.7399)	(65, 38.7895)	(66, 38.7801)	(67, 38.7688)	(68, 38.7849)	(69, 38.758)	(70, 38.7511)	(71, 38.6817)	(72, 38.6956)	(73, 38.7347)	(74, 38.7259)	(75, 38.7159)	(76, 38.7306)	(77, 38.7297)	(78, 38.7165)	(79, 38.7212)	(80, 38.7161)	(81, 38.6966)	(82, 38.6816)	(83, 38.6688)	(84, 38.6506)	(85, 38.6104)	(86, 38.6493)	(87, 38.6445)	(88, 38.6056)	(89, 38.5913)	(90, 38.5011)	(91, 38.5528)	(92, 38.5456)	(93, 38.5496)	(94, 38.5025)	(95, 38.5069)	(96, 38.4507)	(97, 38.4582)	(98, 38.4617)	(99, 38.4521)	(100, 38.4564)	(101, 38.4231)	(102, 38.4161)	(103, 38.3806)	(104, 38.3944)	(105, 38.3859)	(106, 38.3705)	(107, 38.3782)	(108, 38.3557)	(109, 38.3187)	(110, 38.2887)	(111, 38.2624)	(112, 38.2424)	(113, 38.2094)	(114, 38.1704)	(115, 38.1476)	(116, 38.0833)	(117, 38.0348)	(118, 38.0316)	(119, 37.9823)	(120, 37.9277)	(121, 37.8737)	(122, 37.8272)	(123, 37.7301)	(124, 37.7125)	(125, 37.6805)	(126, 37.6644)	(127, 37.5541)	(128, 37.5043)	(129, 37.4117)	(130, 37.3342)	(131, 37.2903)	(132, 37.2093)	(133, 37.1435)	(134, 37.1337)	(135, 36.9871)	(136, 36.856)	(137, 36.7779)	(138, 36.648)	(139, 36.5456)	(140, 36.4119)	(141, 36.3659)	(142, 36.3035)	(143, 36.1324)	(144, 35.9878)	(145, 35.8635)	(146, 35.7129)	(147, 35.5907)	(148, 35.4208)	(149, 35.2561)	(150, 35.1863)	(151, 33.6517)
reports | SRR35329982	(1, 29.4549)	(2, 35.7037)	(3, 38.2938)	(4, 38.5032)	(5, 38.5123)	(6, 38.4543)	(7, 38.5136)	(8, 38.6439)	(9, 38.6581)	(10, 38.6467)	(11, 38.6927)	(12, 38.8082)	(13, 38.8055)	(14, 38.7733)	(15, 38.7238)	(16, 39.0497)	(17, 39.0775)	(18, 39.0664)	(19, 39.0742)	(20, 39.0806)	(21, 39.0561)	(22, 39.0317)	(23, 39.0977)	(24, 39.1037)	(25, 39.08)	(26, 39.0148)	(27, 39.017)	(28, 39.0069)	(29, 38.9806)	(30, 39.014)	(31, 38.9998)	(32, 38.987)	(33, 38.9865)	(34, 38.982)	(35, 38.9773)	(36, 38.9547)	(37, 38.9911)	(38, 38.9967)	(39, 38.9806)	(40, 38.9558)	(41, 38.9552)	(42, 38.9332)	(43, 38.9537)	(44, 38.9668)	(45, 38.9153)	(46, 38.9536)	(47, 38.9438)	(48, 38.8478)	(49, 38.8801)	(50, 38.8615)	(51, 38.9251)	(52, 38.8645)	(53, 38.8831)	(54, 38.8718)	(55, 38.8767)	(56, 38.8115)	(57, 38.8341)	(58, 38.8574)	(59, 38.8387)	(60, 38.8068)	(61, 38.7821)	(62, 38.7805)	(63, 38.7639)	(64, 38.7235)	(65, 38.7758)	(66, 38.7664)	(67, 38.7536)	(68, 38.7681)	(69, 38.7439)	(70, 38.7354)	(71, 38.668)	(72, 38.6839)	(73, 38.7225)	(74, 38.7126)	(75, 38.7025)	(76, 38.7176)	(77, 38.7172)	(78, 38.702)	(79, 38.7089)	(80, 38.703)	(81, 38.6823)	(82, 38.6674)	(83, 38.6535)	(84, 38.6368)	(85, 38.594)	(86, 38.636)	(87, 38.6308)	(88, 38.5916)	(89, 38.5742)	(90, 38.4832)	(91, 38.5358)	(92, 38.5279)	(93, 38.5319)	(94, 38.4862)	(95, 38.4893)	(96, 38.4334)	(97, 38.4423)	(98, 38.4453)	(99, 38.4347)	(100, 38.4387)	(101, 38.4045)	(102, 38.3973)	(103, 38.3608)	(104, 38.3783)	(105, 38.3682)	(106, 38.3551)	(107, 38.3635)	(108, 38.344)	(109, 38.3065)	(110, 38.2754)	(111, 38.2486)	(112, 38.2319)	(113, 38.1945)	(114, 38.1565)	(115, 38.1353)	(116, 38.0716)	(117, 38.023)	(118, 38.0222)	(119, 37.9763)	(120, 37.923)	(121, 37.8674)	(122, 37.8203)	(123, 37.723)	(124, 37.7058)	(125, 37.6723)	(126, 37.6597)	(127, 37.548)	(128, 37.5007)	(129, 37.4077)	(130, 37.3353)	(131, 37.2958)	(132, 37.2105)	(133, 37.1421)	(134, 37.1311)	(135, 36.9805)	(136, 36.8427)	(137, 36.7662)	(138, 36.6313)	(139, 36.533)	(140, 36.4042)	(141, 36.3595)	(142, 36.298)	(143, 36.1194)	(144, 35.9645)	(145, 35.8362)	(146, 35.6779)	(147, 35.5466)	(148, 35.3766)	(149, 35.2117)	(150, 35.1466)	(151, 33.5866)
reports | SRR35329983	(1, 30.2555)	(2, 36.0045)	(3, 38.2985)	(4, 38.5448)	(5, 38.5552)	(6, 38.5641)	(7, 38.5448)	(8, 38.6615)	(9, 38.6742)	(10, 38.6554)	(11, 38.6514)	(12, 38.7871)	(13, 38.8137)	(14, 38.7815)	(15, 38.7363)	(16, 39.0525)	(17, 39.0777)	(18, 39.0659)	(19, 39.0738)	(20, 39.0798)	(21, 39.0508)	(22, 39.0311)	(23, 39.0953)	(24, 39.102)	(25, 39.0767)	(26, 39.0152)	(27, 39.013)	(28, 39.0062)	(29, 38.98)	(30, 39.0108)	(31, 38.9955)	(32, 38.9835)	(33, 38.9837)	(34, 38.9767)	(35, 38.9727)	(36, 38.9497)	(37, 38.9864)	(38, 38.992)	(39, 38.977)	(40, 38.9496)	(41, 38.9452)	(42, 38.9244)	(43, 38.9478)	(44, 38.9599)	(45, 38.9115)	(46, 38.9466)	(47, 38.9384)	(48, 38.8544)	(49, 38.8854)	(50, 38.8789)	(51, 38.9187)	(52, 38.8989)	(53, 38.893)	(54, 38.888)	(55, 38.8791)	(56, 38.832)	(57, 38.8527)	(58, 38.8714)	(59, 38.8569)	(60, 38.8229)	(61, 38.7939)	(62, 38.7884)	(63, 38.7735)	(64, 38.7297)	(65, 38.7861)	(66, 38.7771)	(67, 38.7628)	(68, 38.7692)	(69, 38.7534)	(70, 38.7448)	(71, 38.681)	(72, 38.6964)	(73, 38.7364)	(74, 38.7288)	(75, 38.7167)	(76, 38.7247)	(77, 38.7251)	(78, 38.7122)	(79, 38.7189)	(80, 38.7138)	(81, 38.6952)	(82, 38.6804)	(83, 38.6686)	(84, 38.6532)	(85, 38.6123)	(86, 38.6546)	(87, 38.6525)	(88, 38.6156)	(89, 38.5995)	(90, 38.5101)	(91, 38.565)	(92, 38.5593)	(93, 38.5647)	(94, 38.5187)	(95, 38.5246)	(96, 38.471)	(97, 38.4812)	(98, 38.4856)	(99, 38.4784)	(100, 38.4814)	(101, 38.4489)	(102, 38.4449)	(103, 38.4118)	(104, 38.4285)	(105, 38.4242)	(106, 38.4123)	(107, 38.4225)	(108, 38.4043)	(109, 38.3697)	(110, 38.3423)	(111, 38.3198)	(112, 38.3064)	(113, 38.2753)	(114, 38.2432)	(115, 38.2262)	(116, 38.1663)	(117, 38.124)	(118, 38.1254)	(119, 38.0861)	(120, 38.036)	(121, 37.9881)	(122, 37.9466)	(123, 37.8588)	(124, 37.8486)	(125, 37.828)	(126, 37.8204)	(127, 37.7209)	(128, 37.6802)	(129, 37.6007)	(130, 37.5379)	(131, 37.5064)	(132, 37.437)	(133, 37.3837)	(134, 37.3884)	(135, 37.2589)	(136, 37.1394)	(137, 37.082)	(138, 36.9608)	(139, 36.8852)	(140, 36.7653)	(141, 36.7403)	(142, 36.6987)	(143, 36.5472)	(144, 36.4244)	(145, 36.3233)	(146, 36.1927)	(147, 36.0873)	(148, 35.9426)	(149, 35.7972)	(150, 35.757)	(151, 34.2166)
reports | SRR35329984	(1, 28.9687)	(2, 35.7786)	(3, 38.2203)	(4, 38.5285)	(5, 38.6625)	(6, 38.498)	(7, 38.539)	(8, 38.5643)	(9, 38.6771)	(10, 38.8002)	(11, 38.7246)	(12, 38.8459)	(13, 38.8707)	(14, 38.835)	(15, 38.79)	(16, 39.0938)	(17, 39.1212)	(18, 39.1086)	(19, 39.1165)	(20, 39.121)	(21, 39.098)	(22, 39.074)	(23, 39.1355)	(24, 39.1416)	(25, 39.1163)	(26, 39.0569)	(27, 39.0566)	(28, 39.0487)	(29, 39.0245)	(30, 39.0555)	(31, 39.0429)	(32, 39.031)	(33, 39.0299)	(34, 39.0235)	(35, 39.0172)	(36, 38.9958)	(37, 39.031)	(38, 39.0373)	(39, 39.022)	(40, 38.9947)	(41, 38.9993)	(42, 38.9762)	(43, 38.9958)	(44, 39.0063)	(45, 38.9574)	(46, 38.9938)	(47, 38.983)	(48, 38.9046)	(49, 38.9323)	(50, 38.9295)	(51, 38.9695)	(52, 38.9303)	(53, 38.929)	(54, 38.9231)	(55, 38.9242)	(56, 38.8695)	(57, 38.9014)	(58, 38.9175)	(59, 38.9037)	(60, 38.8779)	(61, 38.8576)	(62, 38.8594)	(63, 38.8398)	(64, 38.7991)	(65, 38.8504)	(66, 38.8399)	(67, 38.8277)	(68, 38.8367)	(69, 38.8134)	(70, 38.8056)	(71, 38.7393)	(72, 38.7555)	(73, 38.7964)	(74, 38.7873)	(75, 38.7749)	(76, 38.7843)	(77, 38.7794)	(78, 38.7631)	(79, 38.767)	(80, 38.7607)	(81, 38.743)	(82, 38.7295)	(83, 38.7166)	(84, 38.7022)	(85, 38.6616)	(86, 38.7007)	(87, 38.6963)	(88, 38.6564)	(89, 38.6379)	(90, 38.5472)	(91, 38.5991)	(92, 38.5932)	(93, 38.5985)	(94, 38.5535)	(95, 38.5595)	(96, 38.5024)	(97, 38.5113)	(98, 38.5125)	(99, 38.5021)	(100, 38.5036)	(101, 38.4702)	(102, 38.4619)	(103, 38.4278)	(104, 38.4437)	(105, 38.4353)	(106, 38.4225)	(107, 38.4298)	(108, 38.4084)	(109, 38.37)	(110, 38.338)	(111, 38.3113)	(112, 38.2932)	(113, 38.2592)	(114, 38.2234)	(115, 38.1998)	(116, 38.1399)	(117, 38.0921)	(118, 38.088)	(119, 38.044)	(120, 37.989)	(121, 37.9314)	(122, 37.8877)	(123, 37.7898)	(124, 37.7702)	(125, 37.7363)	(126, 37.7195)	(127, 37.6094)	(128, 37.5591)	(129, 37.4691)	(130, 37.3898)	(131, 37.3438)	(132, 37.257)	(133, 37.1855)	(134, 37.1669)	(135, 37.0174)	(136, 36.8793)	(137, 36.7921)	(138, 36.6548)	(139, 36.5471)	(140, 36.4045)	(141, 36.3512)	(142, 36.2788)	(143, 36.1007)	(144, 35.9372)	(145, 35.7986)	(146, 35.632)	(147, 35.4919)	(148, 35.3099)	(149, 35.1347)	(150, 35.0523)	(151, 33.4646)
reports | SRR35329985	(1, 29.2254)	(2, 35.862)	(3, 38.3711)	(4, 38.5782)	(5, 38.6282)	(6, 38.6105)	(7, 38.6028)	(8, 38.6007)	(9, 38.6395)	(10, 38.7861)	(11, 38.7281)	(12, 38.8666)	(13, 38.8699)	(14, 38.8314)	(15, 38.7641)	(16, 39.0832)	(17, 39.1153)	(18, 39.0973)	(19, 39.1027)	(20, 39.1105)	(21, 39.0856)	(22, 39.065)	(23, 39.1293)	(24, 39.133)	(25, 39.1083)	(26, 39.0511)	(27, 39.0504)	(28, 39.0418)	(29, 39.0169)	(30, 39.049)	(31, 39.034)	(32, 39.0239)	(33, 39.0206)	(34, 39.0143)	(35, 39.0078)	(36, 38.9849)	(37, 39.0203)	(38, 39.0243)	(39, 39.0108)	(40, 38.9846)	(41, 38.983)	(42, 38.9575)	(43, 38.981)	(44, 38.9897)	(45, 38.944)	(46, 38.9791)	(47, 38.9689)	(48, 38.8766)	(49, 38.9094)	(50, 38.9002)	(51, 38.9484)	(52, 38.919)	(53, 38.9158)	(54, 38.904)	(55, 38.9042)	(56, 38.8468)	(57, 38.8627)	(58, 38.8901)	(59, 38.8726)	(60, 38.8373)	(61, 38.8069)	(62, 38.8027)	(63, 38.7876)	(64, 38.744)	(65, 38.799)	(66, 38.7888)	(67, 38.7734)	(68, 38.7792)	(69, 38.7638)	(70, 38.7589)	(71, 38.6911)	(72, 38.7029)	(73, 38.7422)	(74, 38.734)	(75, 38.7234)	(76, 38.7341)	(77, 38.7325)	(78, 38.7166)	(79, 38.7238)	(80, 38.7172)	(81, 38.6977)	(82, 38.6804)	(83, 38.6696)	(84, 38.6524)	(85, 38.6118)	(86, 38.6518)	(87, 38.6487)	(88, 38.6107)	(89, 38.5944)	(90, 38.5052)	(91, 38.5561)	(92, 38.5487)	(93, 38.5541)	(94, 38.5069)	(95, 38.5113)	(96, 38.4562)	(97, 38.4647)	(98, 38.469)	(99, 38.4579)	(100, 38.4627)	(101, 38.4292)	(102, 38.4247)	(103, 38.3912)	(104, 38.405)	(105, 38.3978)	(106, 38.3857)	(107, 38.3966)	(108, 38.3782)	(109, 38.3433)	(110, 38.317)	(111, 38.2934)	(112, 38.2807)	(113, 38.2494)	(114, 38.2174)	(115, 38.2003)	(116, 38.1456)	(117, 38.1029)	(118, 38.1074)	(119, 38.0683)	(120, 38.0225)	(121, 37.9755)	(122, 37.9388)	(123, 37.8505)	(124, 37.8418)	(125, 37.8199)	(126, 37.816)	(127, 37.7172)	(128, 37.6804)	(129, 37.604)	(130, 37.5422)	(131, 37.5121)	(132, 37.4445)	(133, 37.3898)	(134, 37.3939)	(135, 37.2643)	(136, 37.147)	(137, 37.088)	(138, 36.9704)	(139, 36.8909)	(140, 36.774)	(141, 36.7431)	(142, 36.7047)	(143, 36.5456)	(144, 36.4219)	(145, 36.3144)	(146, 36.1807)	(147, 36.081)	(148, 35.9245)	(149, 35.7784)	(150, 35.7358)	(151, 34.1233)
reports | SRR35329986	(1, 28.2926)	(2, 36.0151)	(3, 38.3396)	(4, 38.5155)	(5, 38.5324)	(6, 38.6687)	(7, 38.6134)	(8, 38.5381)	(9, 38.6245)	(10, 38.772)	(11, 38.7254)	(12, 38.8753)	(13, 38.8692)	(14, 38.8227)	(15, 38.7594)	(16, 39.0878)	(17, 39.1228)	(18, 39.1032)	(19, 39.1073)	(20, 39.1186)	(21, 39.0922)	(22, 39.0763)	(23, 39.1393)	(24, 39.1457)	(25, 39.1226)	(26, 39.0655)	(27, 39.065)	(28, 39.0582)	(29, 39.0352)	(30, 39.0621)	(31, 39.0487)	(32, 39.0386)	(33, 39.0366)	(34, 39.0318)	(35, 39.0259)	(36, 39.0052)	(37, 39.0401)	(38, 39.0453)	(39, 39.0308)	(40, 39.0052)	(41, 39.0014)	(42, 38.9708)	(43, 39.0001)	(44, 39.0108)	(45, 38.9661)	(46, 39.0019)	(47, 38.9921)	(48, 38.9268)	(49, 38.9547)	(50, 38.9487)	(51, 38.9731)	(52, 38.9425)	(53, 38.9338)	(54, 38.9366)	(55, 38.9306)	(56, 38.8882)	(57, 38.925)	(58, 38.9371)	(59, 38.926)	(60, 38.8991)	(61, 38.8788)	(62, 38.8775)	(63, 38.8569)	(64, 38.8171)	(65, 38.8676)	(66, 38.8602)	(67, 38.8524)	(68, 38.8594)	(69, 38.8389)	(70, 38.8293)	(71, 38.7612)	(72, 38.7757)	(73, 38.8157)	(74, 38.8061)	(75, 38.7925)	(76, 38.8001)	(77, 38.7967)	(78, 38.7839)	(79, 38.7895)	(80, 38.7831)	(81, 38.764)	(82, 38.7497)	(83, 38.7367)	(84, 38.7201)	(85, 38.6814)	(86, 38.7195)	(87, 38.7181)	(88, 38.6821)	(89, 38.6685)	(90, 38.5798)	(91, 38.6321)	(92, 38.6254)	(93, 38.631)	(94, 38.5821)	(95, 38.5881)	(96, 38.5353)	(97, 38.5458)	(98, 38.5498)	(99, 38.5413)	(100, 38.5452)	(101, 38.5126)	(102, 38.5082)	(103, 38.4735)	(104, 38.4865)	(105, 38.4775)	(106, 38.4656)	(107, 38.4749)	(108, 38.4564)	(109, 38.4246)	(110, 38.3954)	(111, 38.3728)	(112, 38.3548)	(113, 38.3231)	(114, 38.2911)	(115, 38.2685)	(116, 38.2107)	(117, 38.167)	(118, 38.1639)	(119, 38.1278)	(120, 38.0807)	(121, 38.0272)	(122, 37.9874)	(123, 37.8956)	(124, 37.8849)	(125, 37.8513)	(126, 37.8427)	(127, 37.7306)	(128, 37.6906)	(129, 37.6069)	(130, 37.5329)	(131, 37.4994)	(132, 37.4147)	(133, 37.359)	(134, 37.3407)	(135, 37.2019)	(136, 37.0814)	(137, 36.9892)	(138, 36.8669)	(139, 36.7564)	(140, 36.6161)	(141, 36.5746)	(142, 36.493)	(143, 36.3368)	(144, 36.1906)	(145, 36.0466)	(146, 35.9039)	(147, 35.7518)	(148, 35.576)	(149, 35.4091)	(150, 35.3103)	(151, 33.608)
reports | SRR35329987	(1, 27.4284)	(2, 36.2156)	(3, 38.3558)	(4, 38.5375)	(5, 38.58)	(6, 38.4617)	(7, 38.4714)	(8, 38.4795)	(9, 38.5369)	(10, 38.6262)	(11, 38.6508)	(12, 38.8065)	(13, 38.8202)	(14, 38.7806)	(15, 38.7196)	(16, 39.0608)	(17, 39.0941)	(18, 39.0748)	(19, 39.0836)	(20, 39.0949)	(21, 39.0667)	(22, 39.0487)	(23, 39.1133)	(24, 39.115)	(25, 39.0912)	(26, 39.0293)	(27, 39.0286)	(28, 39.023)	(29, 39.0007)	(30, 39.0317)	(31, 39.0202)	(32, 39.0081)	(33, 39.005)	(34, 38.9989)	(35, 38.9913)	(36, 38.9664)	(37, 39.008)	(38, 39.0127)	(39, 39.0)	(40, 38.9715)	(41, 38.9689)	(42, 38.9397)	(43, 38.9696)	(44, 38.9833)	(45, 38.9345)	(46, 38.9707)	(47, 38.9606)	(48, 38.8768)	(49, 38.9082)	(50, 38.8986)	(51, 38.9415)	(52, 38.9015)	(53, 38.897)	(54, 38.8879)	(55, 38.8954)	(56, 38.8368)	(57, 38.8705)	(58, 38.8892)	(59, 38.872)	(60, 38.8441)	(61, 38.8212)	(62, 38.8208)	(63, 38.8007)	(64, 38.7594)	(65, 38.8127)	(66, 38.8028)	(67, 38.791)	(68, 38.8033)	(69, 38.7783)	(70, 38.7698)	(71, 38.7004)	(72, 38.7159)	(73, 38.7556)	(74, 38.7457)	(75, 38.7348)	(76, 38.7441)	(77, 38.7402)	(78, 38.7244)	(79, 38.7298)	(80, 38.7239)	(81, 38.704)	(82, 38.6882)	(83, 38.6756)	(84, 38.6573)	(85, 38.6149)	(86, 38.655)	(87, 38.6512)	(88, 38.6103)	(89, 38.5923)	(90, 38.5001)	(91, 38.5518)	(92, 38.5427)	(93, 38.5488)	(94, 38.5003)	(95, 38.5039)	(96, 38.4481)	(97, 38.455)	(98, 38.4572)	(99, 38.446)	(100, 38.4489)	(101, 38.4131)	(102, 38.4082)	(103, 38.3714)	(104, 38.3874)	(105, 38.3785)	(106, 38.3654)	(107, 38.3754)	(108, 38.3536)	(109, 38.3155)	(110, 38.2853)	(111, 38.259)	(112, 38.2433)	(113, 38.2072)	(114, 38.1696)	(115, 38.1478)	(116, 38.0844)	(117, 38.0378)	(118, 38.0387)	(119, 37.9918)	(120, 37.9408)	(121, 37.8865)	(122, 37.8424)	(123, 37.7487)	(124, 37.7328)	(125, 37.7026)	(126, 37.6973)	(127, 37.584)	(128, 37.5397)	(129, 37.4495)	(130, 37.3746)	(131, 37.3395)	(132, 37.254)	(133, 37.1964)	(134, 37.1919)	(135, 37.0476)	(136, 36.9195)	(137, 36.8378)	(138, 36.7119)	(139, 36.6055)	(140, 36.4747)	(141, 36.4324)	(142, 36.3689)	(143, 36.2001)	(144, 36.0554)	(145, 35.9253)	(146, 35.7825)	(147, 35.655)	(148, 35.4783)	(149, 35.3187)	(150, 35.2469)	(151, 33.6841)
reports | SRR35329988	(1, 28.5942)	(2, 36.2818)	(3, 38.3386)	(4, 38.5081)	(5, 38.4951)	(6, 38.5222)	(7, 38.5389)	(8, 38.6158)	(9, 38.6549)	(10, 38.6423)	(11, 38.6545)	(12, 38.7813)	(13, 38.8078)	(14, 38.7752)	(15, 38.7277)	(16, 39.0433)	(17, 39.0736)	(18, 39.0602)	(19, 39.0675)	(20, 39.074)	(21, 39.0501)	(22, 39.029)	(23, 39.0924)	(24, 39.0998)	(25, 39.0757)	(26, 39.0116)	(27, 39.0133)	(28, 39.0057)	(29, 38.9815)	(30, 39.0119)	(31, 38.9993)	(32, 38.9884)	(33, 38.9875)	(34, 38.9826)	(35, 38.9749)	(36, 38.9552)	(37, 38.9896)	(38, 38.9974)	(39, 38.9806)	(40, 38.9557)	(41, 38.956)	(42, 38.933)	(43, 38.9537)	(44, 38.9665)	(45, 38.9176)	(46, 38.9558)	(47, 38.946)	(48, 38.8736)	(49, 38.9011)	(50, 38.8978)	(51, 38.9277)	(52, 38.9066)	(53, 38.8968)	(54, 38.8922)	(55, 38.8906)	(56, 38.8406)	(57, 38.8714)	(58, 38.8902)	(59, 38.876)	(60, 38.8462)	(61, 38.8202)	(62, 38.8185)	(63, 38.802)	(64, 38.7587)	(65, 38.8165)	(66, 38.8058)	(67, 38.7939)	(68, 38.8007)	(69, 38.784)	(70, 38.7753)	(71, 38.7071)	(72, 38.7205)	(73, 38.7625)	(74, 38.7534)	(75, 38.7419)	(76, 38.7506)	(77, 38.7452)	(78, 38.7292)	(79, 38.7356)	(80, 38.7306)	(81, 38.7105)	(82, 38.6955)	(83, 38.6837)	(84, 38.6648)	(85, 38.627)	(86, 38.667)	(87, 38.6628)	(88, 38.626)	(89, 38.6096)	(90, 38.5204)	(91, 38.5724)	(92, 38.564)	(93, 38.5698)	(94, 38.5227)	(95, 38.5276)	(96, 38.4729)	(97, 38.4816)	(98, 38.4859)	(99, 38.4753)	(100, 38.4782)	(101, 38.4453)	(102, 38.4406)	(103, 38.4041)	(104, 38.4208)	(105, 38.4118)	(106, 38.3993)	(107, 38.4094)	(108, 38.3901)	(109, 38.3534)	(110, 38.3259)	(111, 38.3013)	(112, 38.2871)	(113, 38.2523)	(114, 38.2185)	(115, 38.1995)	(116, 38.1392)	(117, 38.0933)	(118, 38.0926)	(119, 38.0515)	(120, 38.0014)	(121, 37.9481)	(122, 37.905)	(123, 37.8137)	(124, 37.8014)	(125, 37.7732)	(126, 37.7665)	(127, 37.6592)	(128, 37.6172)	(129, 37.5328)	(130, 37.4621)	(131, 37.4263)	(132, 37.3486)	(133, 37.2901)	(134, 37.2849)	(135, 37.1478)	(136, 37.0276)	(137, 36.9541)	(138, 36.8315)	(139, 36.738)	(140, 36.6099)	(141, 36.5729)	(142, 36.5166)	(143, 36.352)	(144, 36.2208)	(145, 36.0987)	(146, 35.9588)	(147, 35.8463)	(148, 35.6775)	(149, 35.5266)	(150, 35.4715)	(151, 33.8134)
reports | SRR35329989	(1, 29.5348)	(2, 35.8092)	(3, 38.0163)	(4, 38.4301)	(5, 38.4334)	(6, 38.4867)	(7, 38.4976)	(8, 38.4384)	(9, 38.5146)	(10, 38.703)	(11, 38.6399)	(12, 38.7887)	(13, 38.8007)	(14, 38.7605)	(15, 38.7145)	(16, 39.0451)	(17, 39.0758)	(18, 39.0601)	(19, 39.067)	(20, 39.0742)	(21, 39.0481)	(22, 39.0262)	(23, 39.0929)	(24, 39.1001)	(25, 39.0741)	(26, 39.0104)	(27, 39.0101)	(28, 39.004)	(29, 38.9793)	(30, 39.0115)	(31, 38.9963)	(32, 38.9853)	(33, 38.9837)	(34, 38.9811)	(35, 38.9749)	(36, 38.9507)	(37, 38.988)	(38, 38.9959)	(39, 38.9807)	(40, 38.9529)	(41, 38.9531)	(42, 38.9271)	(43, 38.9456)	(44, 38.963)	(45, 38.9163)	(46, 38.9546)	(47, 38.9442)	(48, 38.869)	(49, 38.8977)	(50, 38.9126)	(51, 38.9266)	(52, 38.9126)	(53, 38.9012)	(54, 38.9)	(55, 38.8905)	(56, 38.8478)	(57, 38.8774)	(58, 38.8944)	(59, 38.8811)	(60, 38.8502)	(61, 38.8218)	(62, 38.8172)	(63, 38.8014)	(64, 38.757)	(65, 38.8152)	(66, 38.8061)	(67, 38.7927)	(68, 38.7982)	(69, 38.7824)	(70, 38.7743)	(71, 38.7085)	(72, 38.7249)	(73, 38.7635)	(74, 38.7536)	(75, 38.7411)	(76, 38.7483)	(77, 38.7441)	(78, 38.7294)	(79, 38.7364)	(80, 38.7295)	(81, 38.7103)	(82, 38.6969)	(83, 38.6833)	(84, 38.6661)	(85, 38.6261)	(86, 38.6672)	(87, 38.6631)	(88, 38.6243)	(89, 38.6063)	(90, 38.5181)	(91, 38.5697)	(92, 38.5607)	(93, 38.5665)	(94, 38.5187)	(95, 38.523)	(96, 38.469)	(97, 38.4773)	(98, 38.4798)	(99, 38.4721)	(100, 38.4753)	(101, 38.4402)	(102, 38.4372)	(103, 38.4017)	(104, 38.4217)	(105, 38.4136)	(106, 38.4024)	(107, 38.4145)	(108, 38.3964)	(109, 38.363)	(110, 38.3375)	(111, 38.316)	(112, 38.3031)	(113, 38.2723)	(114, 38.2423)	(115, 38.2257)	(116, 38.1686)	(117, 38.1261)	(118, 38.1319)	(119, 38.0952)	(120, 38.0508)	(121, 38.0036)	(122, 37.968)	(123, 37.8813)	(124, 37.8776)	(125, 37.8572)	(126, 37.8586)	(127, 37.7573)	(128, 37.7245)	(129, 37.6483)	(130, 37.5895)	(131, 37.5692)	(132, 37.5004)	(133, 37.4543)	(134, 37.4622)	(135, 37.3386)	(136, 37.2288)	(137, 37.1714)	(138, 37.0601)	(139, 36.9823)	(140, 36.8732)	(141, 36.8517)	(142, 36.8187)	(143, 36.6697)	(144, 36.5557)	(145, 36.4507)	(146, 36.3304)	(147, 36.2371)	(148, 36.0861)	(149, 35.9545)	(150, 35.9188)	(151, 34.3771)
reports | SRR35329990	(1, 29.9829)	(2, 35.9211)	(3, 38.2877)	(4, 38.5992)	(5, 38.6051)	(6, 38.6047)	(7, 38.6156)	(8, 38.643)	(9, 38.6423)	(10, 38.7454)	(11, 38.697)	(12, 38.8145)	(13, 38.8113)	(14, 38.7772)	(15, 38.7349)	(16, 39.047)	(17, 39.0745)	(18, 39.0618)	(19, 39.0693)	(20, 39.0745)	(21, 39.0499)	(22, 39.0255)	(23, 39.0893)	(24, 39.0961)	(25, 39.0704)	(26, 39.0059)	(27, 39.0059)	(28, 38.9982)	(29, 38.9716)	(30, 39.0049)	(31, 38.9906)	(32, 38.9783)	(33, 38.9771)	(34, 38.969)	(35, 38.9625)	(36, 38.9405)	(37, 38.9767)	(38, 38.9841)	(39, 38.97)	(40, 38.9452)	(41, 38.9475)	(42, 38.9226)	(43, 38.9451)	(44, 38.9541)	(45, 38.903)	(46, 38.9391)	(47, 38.9283)	(48, 38.8489)	(49, 38.8793)	(50, 38.8918)	(51, 38.9168)	(52, 38.8991)	(53, 38.8914)	(54, 38.886)	(55, 38.8753)	(56, 38.827)	(57, 38.8484)	(58, 38.8652)	(59, 38.8542)	(60, 38.8233)	(61, 38.7972)	(62, 38.7956)	(63, 38.7817)	(64, 38.7356)	(65, 38.7903)	(66, 38.7787)	(67, 38.7623)	(68, 38.7648)	(69, 38.7492)	(70, 38.7416)	(71, 38.6806)	(72, 38.6967)	(73, 38.7384)	(74, 38.7299)	(75, 38.7154)	(76, 38.7217)	(77, 38.7156)	(78, 38.6973)	(79, 38.7018)	(80, 38.6952)	(81, 38.6778)	(82, 38.6654)	(83, 38.6548)	(84, 38.6389)	(85, 38.5978)	(86, 38.6388)	(87, 38.6307)	(88, 38.5897)	(89, 38.57)	(90, 38.4784)	(91, 38.531)	(92, 38.5244)	(93, 38.5324)	(94, 38.4872)	(95, 38.493)	(96, 38.4387)	(97, 38.4437)	(98, 38.4446)	(99, 38.4317)	(100, 38.4333)	(101, 38.3986)	(102, 38.3954)	(103, 38.3623)	(104, 38.3822)	(105, 38.3782)	(106, 38.3652)	(107, 38.3758)	(108, 38.356)	(109, 38.3181)	(110, 38.288)	(111, 38.2642)	(112, 38.2515)	(113, 38.2213)	(114, 38.1925)	(115, 38.1764)	(116, 38.1207)	(117, 38.0774)	(118, 38.0802)	(119, 38.0388)	(120, 37.9915)	(121, 37.941)	(122, 37.9045)	(123, 37.815)	(124, 37.8112)	(125, 37.7899)	(126, 37.7909)	(127, 37.6893)	(128, 37.6536)	(129, 37.5734)	(130, 37.5095)	(131, 37.4844)	(132, 37.4109)	(133, 37.3624)	(134, 37.3719)	(135, 37.241)	(136, 37.1231)	(137, 37.0654)	(138, 36.951)	(139, 36.871)	(140, 36.7553)	(141, 36.7284)	(142, 36.6891)	(143, 36.5318)	(144, 36.4142)	(145, 36.3073)	(146, 36.1789)	(147, 36.0777)	(148, 35.9266)	(149, 35.7804)	(150, 35.7392)	(151, 34.2346)
reports | SRR35329991	(1, 29.971)	(2, 36.0033)	(3, 38.2258)	(4, 38.5526)	(5, 38.5899)	(6, 38.5934)	(7, 38.6595)	(8, 38.5473)	(9, 38.5669)	(10, 38.6513)	(11, 38.6584)	(12, 38.8239)	(13, 38.7996)	(14, 38.7673)	(15, 38.7111)	(16, 39.035)	(17, 39.068)	(18, 39.0575)	(19, 39.066)	(20, 39.0739)	(21, 39.0494)	(22, 39.027)	(23, 39.0914)	(24, 39.0967)	(25, 39.0711)	(26, 39.008)	(27, 39.0068)	(28, 38.9993)	(29, 38.9726)	(30, 38.9921)	(31, 38.9891)	(32, 38.9779)	(33, 38.9762)	(34, 38.9711)	(35, 38.9652)	(36, 38.9414)	(37, 38.9778)	(38, 38.985)	(39, 38.9684)	(40, 38.942)	(41, 38.9411)	(42, 38.9148)	(43, 38.9396)	(44, 38.9503)	(45, 38.8934)	(46, 38.9383)	(47, 38.9274)	(48, 38.8293)	(49, 38.8616)	(50, 38.8383)	(51, 38.9071)	(52, 38.8479)	(53, 38.8362)	(54, 38.8253)	(55, 38.8525)	(56, 38.7722)	(57, 38.8037)	(58, 38.8316)	(59, 38.8073)	(60, 38.7765)	(61, 38.7553)	(62, 38.7603)	(63, 38.7341)	(64, 38.6968)	(65, 38.7478)	(66, 38.736)	(67, 38.726)	(68, 38.7447)	(69, 38.712)	(70, 38.7059)	(71, 38.6343)	(72, 38.6488)	(73, 38.6888)	(74, 38.6812)	(75, 38.6715)	(76, 38.6873)	(77, 38.6867)	(78, 38.6706)	(79, 38.6768)	(80, 38.6703)	(81, 38.6498)	(82, 38.6352)	(83, 38.6219)	(84, 38.6052)	(85, 38.5618)	(86, 38.6038)	(87, 38.6005)	(88, 38.5599)	(89, 38.5444)	(90, 38.4517)	(91, 38.5031)	(92, 38.499)	(93, 38.5026)	(94, 38.4548)	(95, 38.4609)	(96, 38.407)	(97, 38.4142)	(98, 38.418)	(99, 38.4073)	(100, 38.4111)	(101, 38.3769)	(102, 38.3707)	(103, 38.3317)	(104, 38.3482)	(105, 38.339)	(106, 38.324)	(107, 38.3316)	(108, 38.3098)	(109, 38.2708)	(110, 38.2384)	(111, 38.2128)	(112, 38.1941)	(113, 38.1559)	(114, 38.1164)	(115, 38.0907)	(116, 38.0263)	(117, 37.9759)	(118, 37.9735)	(119, 37.9275)	(120, 37.8713)	(121, 37.8135)	(122, 37.7673)	(123, 37.67)	(124, 37.6479)	(125, 37.6106)	(126, 37.5949)	(127, 37.4794)	(128, 37.4316)	(129, 37.3381)	(130, 37.2579)	(131, 37.2185)	(132, 37.1279)	(133, 37.0639)	(134, 37.0421)	(135, 36.8942)	(136, 36.7616)	(137, 36.6667)	(138, 36.5375)	(139, 36.4272)	(140, 36.2907)	(141, 36.2426)	(142, 36.1719)	(143, 35.9978)	(144, 35.8435)	(145, 35.6978)	(146, 35.5462)	(147, 35.4094)	(148, 35.2268)	(149, 35.0612)	(150, 34.9822)	(151, 33.3057)
reports | SRR35329992	(1, 28.7022)	(2, 36.5101)	(3, 38.3661)	(4, 38.5558)	(5, 38.6519)	(6, 38.5809)	(7, 38.5131)	(8, 38.611)	(9, 38.6687)	(10, 38.6591)	(11, 38.671)	(12, 38.8131)	(13, 38.8292)	(14, 38.7729)	(15, 38.7158)	(16, 39.0593)	(17, 39.0942)	(18, 39.0716)	(19, 39.0788)	(20, 39.0899)	(21, 39.0642)	(22, 39.0487)	(23, 39.1153)	(24, 39.1214)	(25, 39.098)	(26, 39.038)	(27, 39.0392)	(28, 39.0329)	(29, 39.0105)	(30, 39.042)	(31, 39.0293)	(32, 39.0179)	(33, 39.0162)	(34, 39.0115)	(35, 39.005)	(36, 38.9828)	(37, 39.0204)	(38, 39.0263)	(39, 39.0128)	(40, 38.9849)	(41, 38.985)	(42, 38.9608)	(43, 38.9853)	(44, 38.9975)	(45, 38.9498)	(46, 38.9872)	(47, 38.9777)	(48, 38.9021)	(49, 38.9298)	(50, 38.9497)	(51, 38.9614)	(52, 38.9484)	(53, 38.9391)	(54, 38.9411)	(55, 38.9304)	(56, 38.8912)	(57, 38.9217)	(58, 38.937)	(59, 38.9247)	(60, 38.8941)	(61, 38.8662)	(62, 38.86)	(63, 38.8444)	(64, 38.7988)	(65, 38.8596)	(66, 38.8478)	(67, 38.8351)	(68, 38.8372)	(69, 38.8271)	(70, 38.8214)	(71, 38.757)	(72, 38.773)	(73, 38.8124)	(74, 38.8038)	(75, 38.7913)	(76, 38.7988)	(77, 38.7956)	(78, 38.781)	(79, 38.7884)	(80, 38.7839)	(81, 38.7653)	(82, 38.751)	(83, 38.7392)	(84, 38.7243)	(85, 38.6838)	(86, 38.7252)	(87, 38.7213)	(88, 38.6837)	(89, 38.6698)	(90, 38.5807)	(91, 38.6345)	(92, 38.6267)	(93, 38.6332)	(94, 38.5862)	(95, 38.5929)	(96, 38.5406)	(97, 38.5506)	(98, 38.5563)	(99, 38.5488)	(100, 38.5516)	(101, 38.5218)	(102, 38.5189)	(103, 38.4866)	(104, 38.505)	(105, 38.5004)	(106, 38.4929)	(107, 38.5078)	(108, 38.4905)	(109, 38.4617)	(110, 38.4381)	(111, 38.4201)	(112, 38.4121)	(113, 38.3871)	(114, 38.3611)	(115, 38.3512)	(116, 38.3019)	(117, 38.2668)	(118, 38.2776)	(119, 38.2491)	(120, 38.2123)	(121, 38.1727)	(122, 38.1461)	(123, 38.0685)	(124, 38.0739)	(125, 38.0632)	(126, 38.0756)	(127, 37.9899)	(128, 37.972)	(129, 37.9101)	(130, 37.8693)	(131, 37.8606)	(132, 37.8112)	(133, 37.7847)	(134, 37.8064)	(135, 37.7124)	(136, 37.6266)	(137, 37.5919)	(138, 37.5113)	(139, 37.4587)	(140, 37.3754)	(141, 37.3866)	(142, 37.385)	(143, 37.2786)	(144, 37.2086)	(145, 37.1348)	(146, 37.067)	(147, 37.0159)	(148, 36.9062)	(149, 36.8338)	(150, 36.8507)	(151, 35.2459)
reports | SRR35329993	(1, 28.6683)	(2, 36.2012)	(3, 38.2038)	(4, 38.5524)	(5, 38.4772)	(6, 38.4355)	(7, 38.5413)	(8, 38.61)	(9, 38.568)	(10, 38.723)	(11, 38.666)	(12, 38.8094)	(13, 38.8102)	(14, 38.7791)	(15, 38.736)	(16, 39.0499)	(17, 39.0782)	(18, 39.0658)	(19, 39.0726)	(20, 39.0775)	(21, 39.051)	(22, 39.0316)	(23, 39.0934)	(24, 39.0986)	(25, 39.0744)	(26, 39.0103)	(27, 39.0105)	(28, 39.0027)	(29, 38.9773)	(30, 39.0069)	(31, 38.9914)	(32, 38.9813)	(33, 38.9812)	(34, 38.9733)	(35, 38.9631)	(36, 38.9448)	(37, 38.9817)	(38, 38.988)	(39, 38.9715)	(40, 38.946)	(41, 38.9466)	(42, 38.9214)	(43, 38.9427)	(44, 38.9446)	(45, 38.9068)	(46, 38.9445)	(47, 38.9337)	(48, 38.8328)	(49, 38.8646)	(50, 38.8395)	(51, 38.9137)	(52, 38.8353)	(53, 38.8501)	(54, 38.8324)	(55, 38.8517)	(56, 38.7773)	(57, 38.806)	(58, 38.826)	(59, 38.8078)	(60, 38.7794)	(61, 38.7594)	(62, 38.7663)	(63, 38.7395)	(64, 38.7027)	(65, 38.7503)	(66, 38.7408)	(67, 38.7325)	(68, 38.753)	(69, 38.7161)	(70, 38.7098)	(71, 38.6404)	(72, 38.6559)	(73, 38.6967)	(74, 38.6871)	(75, 38.6783)	(76, 38.6967)	(77, 38.6959)	(78, 38.6815)	(79, 38.6865)	(80, 38.6817)	(81, 38.6613)	(82, 38.6473)	(83, 38.6355)	(84, 38.6185)	(85, 38.577)	(86, 38.6174)	(87, 38.6141)	(88, 38.5742)	(89, 38.5558)	(90, 38.4663)	(91, 38.5191)	(92, 38.5115)	(93, 38.517)	(94, 38.4701)	(95, 38.4759)	(96, 38.4224)	(97, 38.4313)	(98, 38.4345)	(99, 38.4255)	(100, 38.429)	(101, 38.3963)	(102, 38.3896)	(103, 38.3546)	(104, 38.3733)	(105, 38.3646)	(106, 38.3524)	(107, 38.3613)	(108, 38.3409)	(109, 38.304)	(110, 38.2737)	(111, 38.2473)	(112, 38.2297)	(113, 38.1953)	(114, 38.1586)	(115, 38.1377)	(116, 38.0752)	(117, 38.0274)	(118, 38.0248)	(119, 37.9788)	(120, 37.9242)	(121, 37.8701)	(122, 37.8253)	(123, 37.7289)	(124, 37.7106)	(125, 37.6792)	(126, 37.6656)	(127, 37.554)	(128, 37.5054)	(129, 37.4148)	(130, 37.3363)	(131, 37.2945)	(132, 37.206)	(133, 37.1439)	(134, 37.1299)	(135, 36.9834)	(136, 36.8512)	(137, 36.7657)	(138, 36.6365)	(139, 36.5243)	(140, 36.3882)	(141, 36.3403)	(142, 36.2703)	(143, 36.0972)	(144, 35.9432)	(145, 35.8105)	(146, 35.6578)	(147, 35.5187)	(148, 35.343)	(149, 35.1727)	(150, 35.0926)	(151, 33.6269)
reports | SRR35329994	(1, 30.0078)	(2, 35.8961)	(3, 38.1499)	(4, 38.5875)	(5, 38.508)	(6, 38.4352)	(7, 38.6403)	(8, 38.5178)	(9, 38.6579)	(10, 38.6698)	(11, 38.6958)	(12, 38.8303)	(13, 38.8104)	(14, 38.7787)	(15, 38.7302)	(16, 39.0491)	(17, 39.0773)	(18, 39.066)	(19, 39.0712)	(20, 39.0787)	(21, 39.0543)	(22, 39.0333)	(23, 39.0994)	(24, 39.1047)	(25, 39.0803)	(26, 39.0191)	(27, 39.0184)	(28, 39.0127)	(29, 38.9894)	(30, 39.0221)	(31, 39.0079)	(32, 38.9983)	(33, 38.9968)	(34, 38.9901)	(35, 38.9821)	(36, 38.9608)	(37, 38.9997)	(38, 39.0063)	(39, 38.9911)	(40, 38.9675)	(41, 38.9676)	(42, 38.9429)	(43, 38.9654)	(44, 38.9765)	(45, 38.929)	(46, 38.9615)	(47, 38.9531)	(48, 38.863)	(49, 38.8968)	(50, 38.9181)	(51, 38.9413)	(52, 38.9003)	(53, 38.8854)	(54, 38.8753)	(55, 38.8911)	(56, 38.8206)	(57, 38.8509)	(58, 38.8749)	(59, 38.8557)	(60, 38.8287)	(61, 38.8106)	(62, 38.8164)	(63, 38.7925)	(64, 38.7541)	(65, 38.8036)	(66, 38.7915)	(67, 38.7829)	(68, 38.798)	(69, 38.7661)	(70, 38.7607)	(71, 38.6958)	(72, 38.7125)	(73, 38.7536)	(74, 38.7443)	(75, 38.7341)	(76, 38.7464)	(77, 38.7427)	(78, 38.728)	(79, 38.7334)	(80, 38.7286)	(81, 38.7099)	(82, 38.6985)	(83, 38.6881)	(84, 38.6711)	(85, 38.6324)	(86, 38.6706)	(87, 38.6662)	(88, 38.6268)	(89, 38.6103)	(90, 38.5217)	(91, 38.5742)	(92, 38.5689)	(93, 38.5765)	(94, 38.5308)	(95, 38.5374)	(96, 38.4838)	(97, 38.4918)	(98, 38.4961)	(99, 38.4849)	(100, 38.4884)	(101, 38.4574)	(102, 38.4531)	(103, 38.4201)	(104, 38.437)	(105, 38.4306)	(106, 38.4181)	(107, 38.4286)	(108, 38.4075)	(109, 38.3711)	(110, 38.3418)	(111, 38.3173)	(112, 38.3026)	(113, 38.2703)	(114, 38.2363)	(115, 38.2158)	(116, 38.1566)	(117, 38.1095)	(118, 38.1088)	(119, 38.0659)	(120, 38.014)	(121, 37.9579)	(122, 37.9168)	(123, 37.824)	(124, 37.8132)	(125, 37.7806)	(126, 37.773)	(127, 37.6617)	(128, 37.6204)	(129, 37.5302)	(130, 37.455)	(131, 37.4159)	(132, 37.3285)	(133, 37.2729)	(134, 37.2528)	(135, 37.1205)	(136, 36.9977)	(137, 36.9114)	(138, 36.7915)	(139, 36.6799)	(140, 36.5516)	(141, 36.5028)	(142, 36.4291)	(143, 36.267)	(144, 36.1236)	(145, 35.9827)	(146, 35.8458)	(147, 35.714)	(148, 35.5453)	(149, 35.3787)	(150, 35.2965)	(151, 33.786)
reports | SRR35329995	(1, 29.9697)	(2, 36.0425)	(3, 38.2616)	(4, 38.5766)	(5, 38.6052)	(6, 38.5534)	(7, 38.5391)	(8, 38.5599)	(9, 38.6628)	(10, 38.7313)	(11, 38.6841)	(12, 38.819)	(13, 38.8096)	(14, 38.7705)	(15, 38.7074)	(16, 39.0416)	(17, 39.077)	(18, 39.0643)	(19, 39.072)	(20, 39.0793)	(21, 39.0549)	(22, 39.0333)	(23, 39.0992)	(24, 39.1049)	(25, 39.0798)	(26, 39.0151)	(27, 39.0173)	(28, 39.0113)	(29, 38.9861)	(30, 39.0138)	(31, 39.0043)	(32, 38.9922)	(33, 38.9904)	(34, 38.984)	(35, 38.9738)	(36, 38.9528)	(37, 38.9909)	(38, 38.9998)	(39, 38.9846)	(40, 38.9591)	(41, 38.9603)	(42, 38.9327)	(43, 38.9545)	(44, 38.969)	(45, 38.9168)	(46, 38.9544)	(47, 38.9444)	(48, 38.8602)	(49, 38.8901)	(50, 38.8758)	(51, 38.9279)	(52, 38.8994)	(53, 38.8998)	(54, 38.8908)	(55, 38.8867)	(56, 38.8307)	(57, 38.8505)	(58, 38.872)	(59, 38.8566)	(60, 38.8233)	(61, 38.7972)	(62, 38.7943)	(63, 38.7799)	(64, 38.7348)	(65, 38.792)	(66, 38.7797)	(67, 38.7653)	(68, 38.7703)	(69, 38.7539)	(70, 38.7483)	(71, 38.6833)	(72, 38.6983)	(73, 38.7389)	(74, 38.7313)	(75, 38.7173)	(76, 38.7277)	(77, 38.7233)	(78, 38.7065)	(79, 38.7125)	(80, 38.7077)	(81, 38.6889)	(82, 38.675)	(83, 38.6639)	(84, 38.6473)	(85, 38.6055)	(86, 38.6456)	(87, 38.6407)	(88, 38.5992)	(89, 38.5822)	(90, 38.4901)	(91, 38.542)	(92, 38.5365)	(93, 38.5421)	(94, 38.4962)	(95, 38.5001)	(96, 38.447)	(97, 38.452)	(98, 38.4546)	(99, 38.4425)	(100, 38.4447)	(101, 38.4118)	(102, 38.4053)	(103, 38.3705)	(104, 38.3903)	(105, 38.3829)	(106, 38.3716)	(107, 38.382)	(108, 38.3612)	(109, 38.3241)	(110, 38.2943)	(111, 38.2683)	(112, 38.253)	(113, 38.222)	(114, 38.1879)	(115, 38.1714)	(116, 38.1101)	(117, 38.0659)	(118, 38.0676)	(119, 38.0234)	(120, 37.974)	(121, 37.9199)	(122, 37.8775)	(123, 37.7868)	(124, 37.7744)	(125, 37.7491)	(126, 37.7429)	(127, 37.6366)	(128, 37.597)	(129, 37.5073)	(130, 37.4378)	(131, 37.4057)	(132, 37.3259)	(133, 37.2703)	(134, 37.2694)	(135, 37.1308)	(136, 37.004)	(137, 36.9376)	(138, 36.8128)	(139, 36.7204)	(140, 36.6004)	(141, 36.5595)	(142, 36.5142)	(143, 36.3429)	(144, 36.2124)	(145, 36.0974)	(146, 35.9545)	(147, 35.8427)	(148, 35.6822)	(149, 35.5259)	(150, 35.4778)	(151, 33.9088)
reports | SRR35329996	(1, 26.0905)	(2, 35.7141)	(3, 38.0517)	(4, 38.3909)	(5, 38.36)	(6, 38.3851)	(7, 38.293)	(8, 38.4545)	(9, 38.5188)	(10, 38.5335)	(11, 38.5424)	(12, 38.7038)	(13, 38.7133)	(14, 38.6692)	(15, 38.598)	(16, 38.9854)	(17, 39.0272)	(18, 39.0058)	(19, 39.0167)	(20, 39.0368)	(21, 39.0015)	(22, 38.9892)	(23, 39.0589)	(24, 39.0592)	(25, 39.0351)	(26, 38.9702)	(27, 38.9713)	(28, 38.9662)	(29, 38.9463)	(30, 38.9794)	(31, 38.9699)	(32, 38.9562)	(33, 38.9529)	(34, 38.9508)	(35, 38.9396)	(36, 38.9142)	(37, 38.9583)	(38, 38.9664)	(39, 38.9552)	(40, 38.9247)	(41, 38.9233)	(42, 38.898)	(43, 38.9276)	(44, 38.943)	(45, 38.8854)	(46, 38.9276)	(47, 38.9178)	(48, 38.8323)	(49, 38.8636)	(50, 38.8666)	(51, 38.9037)	(52, 38.857)	(53, 38.8557)	(54, 38.849)	(55, 38.8545)	(56, 38.7958)	(57, 38.8302)	(58, 38.8464)	(59, 38.832)	(60, 38.8042)	(61, 38.7816)	(62, 38.7877)	(63, 38.762)	(64, 38.7228)	(65, 38.7757)	(66, 38.7656)	(67, 38.7558)	(68, 38.7717)	(69, 38.7424)	(70, 38.7321)	(71, 38.6667)	(72, 38.6844)	(73, 38.7248)	(74, 38.7131)	(75, 38.6996)	(76, 38.7119)	(77, 38.7078)	(78, 38.6918)	(79, 38.6964)	(80, 38.693)	(81, 38.6703)	(82, 38.6572)	(83, 38.6455)	(84, 38.6253)	(85, 38.5836)	(86, 38.6241)	(87, 38.6192)	(88, 38.5754)	(89, 38.5573)	(90, 38.4637)	(91, 38.5151)	(92, 38.5074)	(93, 38.5135)	(94, 38.4649)	(95, 38.4671)	(96, 38.4131)	(97, 38.4175)	(98, 38.4195)	(99, 38.4081)	(100, 38.4099)	(101, 38.3735)	(102, 38.3686)	(103, 38.3308)	(104, 38.352)	(105, 38.3404)	(106, 38.3281)	(107, 38.3374)	(108, 38.3135)	(109, 38.2721)	(110, 38.2406)	(111, 38.2135)	(112, 38.1947)	(113, 38.1567)	(114, 38.1183)	(115, 38.0946)	(116, 38.0253)	(117, 37.9736)	(118, 37.9733)	(119, 37.9212)	(120, 37.8654)	(121, 37.8057)	(122, 37.7579)	(123, 37.6577)	(124, 37.6412)	(125, 37.6049)	(126, 37.5981)	(127, 37.4737)	(128, 37.4245)	(129, 37.3223)	(130, 37.243)	(131, 37.2016)	(132, 37.102)	(133, 37.0415)	(134, 37.0284)	(135, 36.8734)	(136, 36.7392)	(137, 36.647)	(138, 36.5155)	(139, 36.3942)	(140, 36.2571)	(141, 36.2041)	(142, 36.1223)	(143, 35.9407)	(144, 35.7876)	(145, 35.6442)	(146, 35.4976)	(147, 35.3529)	(148, 35.1715)	(149, 34.9993)	(150, 34.9058)	(151, 33.2079)
