Sample	0	1	2	3	4	5	6	7	8	9	10	11	12	13	14	15	16	17	18	19	20	21	22	23	24
fastp | SRR35329977_1	(30, 864.0)	(35, 2571.0)	(40, 9187.0)	(45, 30231.0)	(50, 52115.0)	(55, 82269.0)	(60, 191934.0)	(65, 284234.0)	(70, 418060.0)	(75, 634557.0)	(80, 918812.0)	(85, 1388654.0)	(90, 1886821.0)	(95, 2562151.0)	(100, 3136469.0)	(105, 3750253.0)	(110, 4138359.0)	(115, 4381861.0)	(120, 4487876.0)	(125, 4390130.0)	(130, 4294552.0)	(135, 4063707.0)	(140, 4001173.0)	(145, 3796994.0)	(150, 41053352.0)
fastp | SRR35329977_2	(30, 2072.0)	(35, 4059.0)	(40, 10958.0)	(45, 20753.0)	(50, 53866.0)	(55, 83782.0)	(60, 173305.0)	(65, 256532.0)	(70, 411843.0)	(75, 711258.0)	(80, 922620.0)	(85, 1392737.0)	(90, 1891378.0)	(95, 2566796.0)	(100, 3141790.0)	(105, 3757298.0)	(110, 4147053.0)	(115, 4393000.0)	(120, 4502779.0)	(125, 4410112.0)	(130, 4322074.0)	(135, 4104764.0)	(140, 4067942.0)	(145, 3909234.0)	(150, 40699181.0)
fastp | SRR35329978_1	(30, 863.0)	(35, 2586.0)	(40, 9138.0)	(45, 46181.0)	(50, 54239.0)	(55, 79481.0)	(60, 208299.0)	(65, 235842.0)	(70, 339085.0)	(75, 522125.0)	(80, 730791.0)	(85, 1096666.0)	(90, 1443365.0)	(95, 1942971.0)	(100, 2314225.0)	(105, 2735511.0)	(110, 2957732.0)	(115, 3089017.0)	(120, 3128839.0)	(125, 3012941.0)	(130, 2947572.0)	(135, 2736978.0)	(140, 2713128.0)	(145, 2522323.0)	(150, 26472289.0)
fastp | SRR35329978_2	(30, 1467.0)	(35, 3319.0)	(40, 10054.0)	(45, 19160.0)	(50, 49931.0)	(55, 75788.0)	(60, 149363.0)	(65, 219715.0)	(70, 337646.0)	(75, 642298.0)	(80, 733103.0)	(85, 1098918.0)	(90, 1445730.0)	(95, 1945520.0)	(100, 2317512.0)	(105, 2739597.0)	(110, 2962853.0)	(115, 3095762.0)	(120, 3137631.0)	(125, 3025249.0)	(130, 2963692.0)	(135, 2760844.0)	(140, 2745528.0)	(145, 2575741.0)	(150, 26285766.0)
fastp | SRR35329979_1	(30, 1239.0)	(35, 3369.0)	(40, 49027.0)	(45, 31168.0)	(50, 53190.0)	(55, 78825.0)	(60, 166498.0)	(65, 236982.0)	(70, 383785.0)	(75, 580152.0)	(80, 855111.0)	(85, 1282032.0)	(90, 1781300.0)	(95, 2424577.0)	(100, 3031190.0)	(105, 3656473.0)	(110, 4094772.0)	(115, 4391858.0)	(120, 4505010.0)	(125, 4472816.0)	(130, 4342812.0)	(135, 4168926.0)	(140, 4043886.0)	(145, 3866865.0)	(150, 41103678.0)
fastp | SRR35329979_2	(30, 2179.0)	(35, 4467.0)	(40, 12409.0)	(45, 21738.0)	(50, 54822.0)	(55, 80283.0)	(60, 167437.0)	(65, 237889.0)	(70, 385662.0)	(75, 634870.0)	(80, 858894.0)	(85, 1285905.0)	(90, 1785698.0)	(95, 2428988.0)	(100, 3036130.0)	(105, 3662962.0)	(110, 4103174.0)	(115, 4402687.0)	(120, 4519849.0)	(125, 4492701.0)	(130, 4371415.0)	(135, 4214310.0)	(140, 4122949.0)	(145, 3995910.0)	(150, 40722213.0)
fastp | SRR35329980_1	(30, 691.0)	(35, 1681.0)	(40, 5679.0)	(45, 11413.0)	(50, 30322.0)	(55, 47361.0)	(60, 107572.0)	(65, 176802.0)	(70, 247732.0)	(75, 392146.0)	(80, 566205.0)	(85, 881049.0)	(90, 1198381.0)	(95, 1662982.0)	(100, 2044271.0)	(105, 2477734.0)	(110, 2730454.0)	(115, 2915131.0)	(120, 2976457.0)	(125, 2920545.0)	(130, 2850195.0)	(135, 2700720.0)	(140, 2661169.0)	(145, 2517659.0)	(150, 26664084.0)
fastp | SRR35329980_2	(30, 1303.0)	(35, 2454.0)	(40, 6628.0)	(45, 12193.0)	(50, 31537.0)	(55, 48507.0)	(60, 101643.0)	(65, 151920.0)	(70, 245651.0)	(75, 431935.0)	(80, 568178.0)	(85, 883406.0)	(90, 1200804.0)	(95, 1665561.0)	(100, 2047208.0)	(105, 2481603.0)	(110, 2735502.0)	(115, 2921440.0)	(120, 2985023.0)	(125, 2931763.0)	(130, 2865285.0)	(135, 2722647.0)	(140, 2690671.0)	(145, 2568051.0)	(150, 26487522.0)
fastp | SRR35329981_1	(30, 1242.0)	(35, 3247.0)	(40, 12089.0)	(45, 39157.0)	(50, 67768.0)	(55, 105557.0)	(60, 271463.0)	(65, 377870.0)	(70, 459415.0)	(75, 688195.0)	(80, 931364.0)	(85, 1394776.0)	(90, 1793337.0)	(95, 2414532.0)	(100, 2834792.0)	(105, 3352318.0)	(110, 3595184.0)	(115, 3768825.0)	(120, 3802867.0)	(125, 3666622.0)	(130, 3586947.0)	(135, 3339413.0)	(140, 3313364.0)	(145, 3087056.0)	(150, 33007344.0)
fastp | SRR35329981_2	(30, 2151.0)	(35, 4237.0)	(40, 13277.0)	(45, 25912.0)	(50, 68205.0)	(55, 105191.0)	(60, 204901.0)	(65, 299046.0)	(70, 447949.0)	(75, 870166.0)	(80, 934522.0)	(85, 1397678.0)	(90, 1796299.0)	(95, 2417439.0)	(100, 2838248.0)	(105, 3357393.0)	(110, 3601240.0)	(115, 3776912.0)	(120, 3813471.0)	(125, 3681141.0)	(130, 3607032.0)	(135, 3370136.0)	(140, 3360785.0)	(145, 3168367.0)	(150, 32753046.0)
fastp | SRR35329982_1	(30, 923.0)	(35, 2832.0)	(40, 10435.0)	(45, 35632.0)	(50, 64170.0)	(55, 91790.0)	(60, 229991.0)	(65, 327908.0)	(70, 405279.0)	(75, 615393.0)	(80, 829322.0)	(85, 1262608.0)	(90, 1619493.0)	(95, 2208526.0)	(100, 2584753.0)	(105, 3081102.0)	(110, 3307163.0)	(115, 3471586.0)	(120, 3508911.0)	(125, 3379537.0)	(130, 3308231.0)	(135, 3061038.0)	(140, 3042359.0)	(145, 2801786.0)	(150, 30035322.0)
fastp | SRR35329982_2	(30, 1721.0)	(35, 3804.0)	(40, 11650.0)	(45, 22410.0)	(50, 59787.0)	(55, 91594.0)	(60, 179784.0)	(65, 265387.0)	(70, 393397.0)	(75, 769554.0)	(80, 832339.0)	(85, 1265549.0)	(90, 1622555.0)	(95, 2211708.0)	(100, 2588582.0)	(105, 3086157.0)	(110, 3313534.0)	(115, 3479928.0)	(120, 3520103.0)	(125, 3395350.0)	(130, 3330982.0)	(135, 3098187.0)	(140, 3110704.0)	(145, 2923819.0)	(150, 29707505.0)
fastp | SRR35329983_1	(30, 1058.0)	(35, 2955.0)	(40, 10371.0)	(45, 54571.0)	(50, 55240.0)	(55, 78506.0)	(60, 179524.0)	(65, 260083.0)	(70, 372725.0)	(75, 539292.0)	(80, 767699.0)	(85, 1143592.0)	(90, 1539042.0)	(95, 2070588.0)	(100, 2515916.0)	(105, 2980198.0)	(110, 3262931.0)	(115, 3432002.0)	(120, 3486751.0)	(125, 3381739.0)	(130, 3293090.0)	(135, 3095220.0)	(140, 3026969.0)	(145, 2855232.0)	(150, 29363420.0)
fastp | SRR35329983_2	(30, 1923.0)	(35, 3876.0)	(40, 11605.0)	(45, 20720.0)	(50, 53865.0)	(55, 79066.0)	(60, 160460.0)	(65, 226715.0)	(70, 356651.0)	(75, 654776.0)	(80, 770650.0)	(85, 1146621.0)	(90, 1542557.0)	(95, 2073920.0)	(100, 2519728.0)	(105, 2985286.0)	(110, 3269210.0)	(115, 3440243.0)	(120, 3497678.0)	(125, 3397030.0)	(130, 3314341.0)	(135, 3128531.0)	(140, 3082121.0)	(145, 2950721.0)	(150, 29080420.0)
fastp | SRR35329984_1	(30, 683.0)	(35, 2031.0)	(40, 7445.0)	(45, 17110.0)	(50, 43330.0)	(55, 66819.0)	(60, 165982.0)	(65, 233985.0)	(70, 321653.0)	(75, 500886.0)	(80, 701933.0)	(85, 1065917.0)	(90, 1397063.0)	(95, 1897180.0)	(100, 2255586.0)	(105, 2678738.0)	(110, 2888458.0)	(115, 3028140.0)	(120, 3064857.0)	(125, 2949260.0)	(130, 2889141.0)	(135, 2682084.0)	(140, 2658703.0)	(145, 2459591.0)	(150, 25642111.0)
fastp | SRR35329984_2	(30, 1281.0)	(35, 2704.0)	(40, 8169.0)	(45, 16003.0)	(50, 43210.0)	(55, 67215.0)	(60, 137777.0)	(65, 205147.0)	(70, 319813.0)	(75, 569615.0)	(80, 704411.0)	(85, 1068193.0)	(90, 1399370.0)	(95, 1899744.0)	(100, 2258695.0)	(105, 2682682.0)	(110, 2893580.0)	(115, 3034858.0)	(120, 3073839.0)	(125, 2962185.0)	(130, 2906837.0)	(135, 2708852.0)	(140, 2701983.0)	(145, 2531839.0)	(150, 25420684.0)
fastp | SRR35329985_1	(30, 710.0)	(35, 1964.0)	(40, 6768.0)	(45, 59061.0)	(50, 38431.0)	(55, 56700.0)	(60, 143111.0)	(65, 194773.0)	(70, 269888.0)	(75, 424165.0)	(80, 600176.0)	(85, 927568.0)	(90, 1233603.0)	(95, 1698992.0)	(100, 2043874.0)	(105, 2454096.0)	(110, 2667153.0)	(115, 2814804.0)	(120, 2855581.0)	(125, 2772312.0)	(130, 2706105.0)	(135, 2529565.0)	(140, 2494705.0)	(145, 2336113.0)	(150, 24492494.0)
fastp | SRR35329985_2	(30, 1252.0)	(35, 2690.0)	(40, 7547.0)	(45, 14115.0)	(50, 35570.0)	(55, 56044.0)	(60, 112182.0)	(65, 169752.0)	(70, 266723.0)	(75, 540563.0)	(80, 602390.0)	(85, 929748.0)	(90, 1235939.0)	(95, 1701138.0)	(100, 2046364.0)	(105, 2457693.0)	(110, 2671960.0)	(115, 2821179.0)	(120, 2863967.0)	(125, 2783851.0)	(130, 2721508.0)	(135, 2550905.0)	(140, 2524769.0)	(145, 2386433.0)	(150, 24318430.0)
fastp | SRR35329986_1	(30, 665.0)	(35, 1806.0)	(40, 6419.0)	(45, 12817.0)	(50, 32871.0)	(55, 51284.0)	(60, 112795.0)	(65, 182627.0)	(70, 254485.0)	(75, 392148.0)	(80, 563176.0)	(85, 854819.0)	(90, 1160739.0)	(95, 1587353.0)	(100, 1947147.0)	(105, 2351576.0)	(110, 2598379.0)	(115, 2768733.0)	(120, 2834550.0)	(125, 2773649.0)	(130, 2714067.0)	(135, 2559681.0)	(140, 2521566.0)	(145, 2378745.0)	(150, 25407873.0)
fastp | SRR35329986_2	(30, 1278.0)	(35, 2567.0)	(40, 7378.0)	(45, 13632.0)	(50, 34078.0)	(55, 52507.0)	(60, 107858.0)	(65, 157597.0)	(70, 252924.0)	(75, 430037.0)	(80, 565356.0)	(85, 857170.0)	(90, 1163357.0)	(95, 1590026.0)	(100, 1950515.0)	(105, 2355537.0)	(110, 2603369.0)	(115, 2775288.0)	(120, 2843310.0)	(125, 2785748.0)	(130, 2730058.0)	(135, 2585347.0)	(140, 2561147.0)	(145, 2442389.0)	(150, 25201497.0)
fastp | SRR35329987_1	(30, 1095.0)	(35, 2815.0)	(40, 10313.0)	(45, 23901.0)	(50, 52281.0)	(55, 80508.0)	(60, 209632.0)	(65, 288716.0)	(70, 380540.0)	(75, 586323.0)	(80, 840398.0)	(85, 1281169.0)	(90, 1735906.0)	(95, 2372373.0)	(100, 2913819.0)	(105, 3497342.0)	(110, 3870522.0)	(115, 4107518.0)	(120, 4213000.0)	(125, 4112105.0)	(130, 4036929.0)	(135, 3801543.0)	(140, 3773565.0)	(145, 3569328.0)	(150, 38227113.0)
fastp | SRR35329987_2	(30, 2076.0)	(35, 3967.0)	(40, 11490.0)	(45, 21122.0)	(50, 53339.0)	(55, 81146.0)	(60, 162650.0)	(65, 239074.0)	(70, 375767.0)	(75, 702823.0)	(80, 843474.0)	(85, 1284456.0)	(90, 1739469.0)	(95, 2375829.0)	(100, 2918095.0)	(105, 3502834.0)	(110, 3877414.0)	(115, 4116136.0)	(120, 4224220.0)	(125, 4125900.0)	(130, 4053694.0)	(135, 3819966.0)	(140, 3780493.0)	(145, 3575889.0)	(150, 38097431.0)
fastp | SRR35329988_1	(30, 941.0)	(35, 2583.0)	(40, 9673.0)	(45, 28739.0)	(50, 46201.0)	(55, 68981.0)	(60, 162854.0)	(65, 214231.0)	(70, 316879.0)	(75, 485136.0)	(80, 686027.0)	(85, 1034651.0)	(90, 1378839.0)	(95, 1867412.0)	(100, 2249942.0)	(105, 2686522.0)	(110, 2919776.0)	(115, 3091038.0)	(120, 3126098.0)	(125, 3047634.0)	(130, 2957048.0)	(135, 2791130.0)	(140, 2734639.0)	(145, 2578378.0)	(150, 27072330.0)
fastp | SRR35329988_2	(30, 1590.0)	(35, 3476.0)	(40, 10012.0)	(45, 17736.0)	(50, 45763.0)	(55, 68813.0)	(60, 139926.0)	(65, 201945.0)	(70, 316477.0)	(75, 543084.0)	(80, 688396.0)	(85, 1037265.0)	(90, 1381633.0)	(95, 1870207.0)	(100, 2253070.0)	(105, 2690824.0)	(110, 2925275.0)	(115, 3097897.0)	(120, 3135331.0)	(125, 3060212.0)	(130, 2974314.0)	(135, 2817273.0)	(140, 2777258.0)	(145, 2654173.0)	(150, 26845732.0)
fastp | SRR35329989_1	(30, 725.0)	(35, 2223.0)	(40, 15109.0)	(45, 35838.0)	(50, 38743.0)	(55, 60409.0)	(60, 133390.0)	(65, 191177.0)	(70, 289895.0)	(75, 448346.0)	(80, 636204.0)	(85, 976550.0)	(90, 1303793.0)	(95, 1791785.0)	(100, 2170340.0)	(105, 2602719.0)	(110, 2839101.0)	(115, 3013156.0)	(120, 3052154.0)	(125, 2968130.0)	(130, 2890612.0)	(135, 2702905.0)	(140, 2653481.0)	(145, 2477721.0)	(150, 25810291.0)
fastp | SRR35329989_2	(30, 1341.0)	(35, 2987.0)	(40, 8798.0)	(45, 15921.0)	(50, 39809.0)	(55, 60998.0)	(60, 123879.0)	(65, 181784.0)	(70, 288077.0)	(75, 504064.0)	(80, 638518.0)	(85, 978848.0)	(90, 1306214.0)	(95, 1794629.0)	(100, 2173434.0)	(105, 2606680.0)	(110, 2844043.0)	(115, 3019572.0)	(120, 3061253.0)	(125, 2979790.0)	(130, 2906484.0)	(135, 2726521.0)	(140, 2687765.0)	(145, 2534423.0)	(150, 25618965.0)
fastp | SRR35329990_1	(30, 859.0)	(35, 2360.0)	(40, 8239.0)	(45, 45736.0)	(50, 42163.0)	(55, 63924.0)	(60, 146882.0)	(65, 211610.0)	(70, 307245.0)	(75, 468330.0)	(80, 659621.0)	(85, 1001152.0)	(90, 1331162.0)	(95, 1809807.0)	(100, 2164918.0)	(105, 2584413.0)	(110, 2801208.0)	(115, 2951903.0)	(120, 2982635.0)	(125, 2898684.0)	(130, 2820594.0)	(135, 2647417.0)	(140, 2598736.0)	(145, 2441119.0)	(150, 25335748.0)
fastp | SRR35329990_2	(30, 1493.0)	(35, 3144.0)	(40, 9202.0)	(45, 16487.0)	(50, 42561.0)	(55, 64295.0)	(60, 132130.0)	(65, 192473.0)	(70, 304401.0)	(75, 542030.0)	(80, 662667.0)	(85, 1003678.0)	(90, 1333836.0)	(95, 1812471.0)	(100, 2168018.0)	(105, 2588728.0)	(110, 2806633.0)	(115, 2958928.0)	(120, 2991941.0)	(125, 2910805.0)	(130, 2837215.0)	(135, 2670081.0)	(140, 2627967.0)	(145, 2486855.0)	(150, 25158426.0)
fastp | SRR35329991_1	(30, 1018.0)	(35, 2887.0)	(40, 10617.0)	(45, 27524.0)	(50, 57879.0)	(55, 87433.0)	(60, 240156.0)	(65, 304769.0)	(70, 368570.0)	(75, 568382.0)	(80, 760734.0)	(85, 1162654.0)	(90, 1485624.0)	(95, 2031779.0)	(100, 2378082.0)	(105, 2838515.0)	(110, 3043729.0)	(115, 3201684.0)	(120, 3245818.0)	(125, 3130981.0)	(130, 3079911.0)	(135, 2859515.0)	(140, 2866571.0)	(145, 2662899.0)	(150, 28384935.0)
fastp | SRR35329991_2	(30, 1762.0)	(35, 3739.0)	(40, 11750.0)	(45, 22117.0)	(50, 56752.0)	(55, 86596.0)	(60, 166374.0)	(65, 245863.0)	(70, 362993.0)	(75, 725820.0)	(80, 763476.0)	(85, 1165404.0)	(90, 1488317.0)	(95, 2034401.0)	(100, 2381464.0)	(105, 2842957.0)	(110, 3049218.0)	(115, 3208893.0)	(120, 3255060.0)	(125, 3142289.0)	(130, 3094328.0)	(135, 2877663.0)	(140, 2882847.0)	(145, 2685017.0)	(150, 28247566.0)
fastp | SRR35329992_1	(30, 973.0)	(35, 2501.0)	(40, 67406.0)	(45, 29985.0)	(50, 44614.0)	(55, 68195.0)	(60, 143826.0)	(65, 211126.0)	(70, 340167.0)	(75, 529961.0)	(80, 776792.0)	(85, 1174596.0)	(90, 1610830.0)	(95, 2189923.0)	(100, 2702840.0)	(105, 3233727.0)	(110, 3585609.0)	(115, 3800040.0)	(120, 3885318.0)	(125, 3802720.0)	(130, 3705367.0)	(135, 3500515.0)	(140, 3418237.0)	(145, 3234477.0)	(150, 33984691.0)
fastp | SRR35329992_2	(30, 1766.0)	(35, 3523.0)	(40, 9749.0)	(45, 17624.0)	(50, 45917.0)	(55, 69365.0)	(60, 143949.0)	(65, 211431.0)	(70, 341525.0)	(75, 608486.0)	(80, 779932.0)	(85, 1177836.0)	(90, 1614176.0)	(95, 2193366.0)	(100, 2706684.0)	(105, 3238675.0)	(110, 3591996.0)	(115, 3808352.0)	(120, 3896961.0)	(125, 3818325.0)	(130, 3727017.0)	(135, 3533751.0)	(140, 3476245.0)	(145, 3333338.0)	(150, 33694447.0)
fastp | SRR35329993_1	(30, 1105.0)	(35, 3025.0)	(40, 11045.0)	(45, 28366.0)	(50, 61672.0)	(55, 95920.0)	(60, 263302.0)	(65, 392324.0)	(70, 438806.0)	(75, 671533.0)	(80, 921041.0)	(85, 1407562.0)	(90, 1835533.0)	(95, 2520331.0)	(100, 2991271.0)	(105, 3584803.0)	(110, 3876287.0)	(115, 4098403.0)	(120, 4156391.0)	(125, 4031048.0)	(130, 3953736.0)	(135, 3696738.0)	(140, 3673727.0)	(145, 3439680.0)	(150, 36223030.0)
fastp | SRR35329993_2	(30, 1939.0)	(35, 4021.0)	(40, 12300.0)	(45, 23881.0)	(50, 61717.0)	(55, 96004.0)	(60, 188118.0)	(65, 280961.0)	(70, 425951.0)	(75, 887957.0)	(80, 924798.0)	(85, 1410689.0)	(90, 1838798.0)	(95, 2523758.0)	(100, 2995195.0)	(105, 3590255.0)	(110, 3883385.0)	(115, 4107345.0)	(120, 4168742.0)	(125, 4047701.0)	(130, 3977007.0)	(135, 3730580.0)	(140, 3722832.0)	(145, 3521177.0)	(150, 35951568.0)
fastp | SRR35329994_1	(30, 916.0)	(35, 2569.0)	(40, 9306.0)	(45, 21681.0)	(50, 49094.0)	(55, 76581.0)	(60, 195503.0)	(65, 281815.0)	(70, 350771.0)	(75, 533730.0)	(80, 743400.0)	(85, 1117841.0)	(90, 1472907.0)	(95, 1983825.0)	(100, 2368708.0)	(105, 2804289.0)	(110, 3034435.0)	(115, 3174530.0)	(120, 3221198.0)	(125, 3100993.0)	(130, 3031885.0)	(135, 2817400.0)	(140, 2787132.0)	(145, 2596918.0)	(150, 27676827.0)
fastp | SRR35329994_2	(30, 1677.0)	(35, 3563.0)	(40, 10131.0)	(45, 19463.0)	(50, 50349.0)	(55, 77214.0)	(60, 151873.0)	(65, 223509.0)	(70, 343906.0)	(75, 654799.0)	(80, 746382.0)	(85, 1120640.0)	(90, 1475878.0)	(95, 1986949.0)	(100, 2372401.0)	(105, 2808944.0)	(110, 3040169.0)	(115, 3181923.0)	(120, 3230964.0)	(125, 3114163.0)	(130, 3049825.0)	(135, 2845742.0)	(140, 2829812.0)	(145, 2669933.0)	(150, 27444045.0)
fastp | SRR35329995_1	(30, 858.0)	(35, 2456.0)	(40, 8046.0)	(45, 49036.0)	(50, 54955.0)	(55, 66530.0)	(60, 166357.0)	(65, 231249.0)	(70, 328792.0)	(75, 508745.0)	(80, 730816.0)	(85, 1122122.0)	(90, 1501723.0)	(95, 2048358.0)	(100, 2468910.0)	(105, 2942648.0)	(110, 3188391.0)	(115, 3360584.0)	(120, 3391503.0)	(125, 3293017.0)	(130, 3192258.0)	(135, 2991956.0)	(140, 2937619.0)	(145, 2757853.0)	(150, 28359639.0)
fastp | SRR35329995_2	(30, 1542.0)	(35, 3280.0)	(40, 9120.0)	(45, 17321.0)	(50, 42711.0)	(55, 66091.0)	(60, 136466.0)	(65, 202829.0)	(70, 323760.0)	(75, 627091.0)	(80, 733529.0)	(85, 1124858.0)	(90, 1504591.0)	(95, 2051198.0)	(100, 2472271.0)	(105, 2946904.0)	(110, 3194001.0)	(115, 3368050.0)	(120, 3400948.0)	(125, 3305966.0)	(130, 3208713.0)	(135, 3013948.0)	(140, 2962011.0)	(145, 2797456.0)	(150, 28189766.0)
fastp | SRR35329996_1	(30, 798.0)	(35, 2262.0)	(40, 8286.0)	(45, 17822.0)	(50, 45439.0)	(55, 71548.0)	(60, 168579.0)	(65, 275116.0)	(70, 344311.0)	(75, 526450.0)	(80, 728425.0)	(85, 1100588.0)	(90, 1445511.0)	(95, 1955516.0)	(100, 2329501.0)	(105, 2771508.0)	(110, 2991531.0)	(115, 3152876.0)	(120, 3182838.0)	(125, 3091149.0)	(130, 3006710.0)	(135, 2820188.0)	(140, 2785493.0)	(145, 2630436.0)	(150, 27636161.0)
fastp | SRR35329996_2	(30, 1570.0)	(35, 3177.0)	(40, 9432.0)	(45, 17815.0)	(50, 46929.0)	(55, 72712.0)	(60, 147867.0)	(65, 218455.0)	(70, 337062.0)	(75, 620036.0)	(80, 731069.0)	(85, 1103322.0)	(90, 1448477.0)	(95, 1958547.0)	(100, 2332905.0)	(105, 2775723.0)	(110, 2996421.0)	(115, 3158835.0)	(120, 3190316.0)	(125, 3099233.0)	(130, 3015189.0)	(135, 2825504.0)	(140, 2765955.0)	(145, 2590638.0)	(150, 27621853.0)
