Sample	0	1	2	3	4	5	6	7	8	9	10	11	12	13	14	15	16	17	18	19	20	21	22	23	24	25	26	27	28	29	30	31	32	33	34	35	36	37	38	39	40	41	42	43	44	45	46	47	48	49	50	51	52	53	54	55	56	57	58	59	60	61	62	63	64	65	66	67	68	69	70	71	72	73	74	75	76	77	78	79	80	81	82	83	84	85	86	87	88	89	90	91	92	93	94	95	96	97	98	99	100	101	102	103	104	105	106	107	108	109	110	111	112	113	114	115	116	117	118	119	120	121	122	123	124	125	126	127	128	129	130	131	132	133	134	135	136	137	138	139	140	141	142	143	144	145	146	147	148	149	150
reports | SRR35329977	(1, 0.044454)	(2, 0.00652361)	(3, 7.64528e-06)	(4, 0.00050022)	(5, 0.08667899999999999)	(6, 4.368730000000001e-06)	(7, 2.1843700000000002e-06)	(8, 0.011035399999999999)	(9, 0.0)	(10, 6.553099999999999e-05)	(11, 1.2013999999999999e-05)	(12, 0.0021931)	(13, 0.00020860699999999998)	(14, 0.0364953)	(15, 0.0)	(16, 0.012513100000000001)	(17, 0.16441699999999998)	(18, 0.25423)	(19, 0.0)	(20, 0.0019266099999999998)	(21, 0.00269551)	(22, 0.0)	(23, 0.00103539)	(24, 4.368730000000001e-06)	(25, 0.0)	(26, 0.0)	(27, 0.021619799999999998)	(28, 0.0955497)	(29, 4.368730000000001e-06)	(30, 0.00487441)	(31, 0.0)	(32, 0.000978596)	(33, 0.00560399)	(34, 0.00531675)	(35, 3.38577e-05)	(36, 0.0160562)	(37, 0.014255199999999999)	(38, 0.0)	(39, 0.0)	(40, 0.0016492)	(41, 3.2765499999999997e-05)	(42, 0.000506773)	(43, 0.016663400000000002)	(44, 0.00271298)	(45, 7.64528e-05)	(46, 3.2765500000000004e-06)	(47, 0.0)	(48, 0.000984057)	(49, 0.000404108)	(50, 0.0839015)	(51, 0.0)	(52, 0.0824085)	(53, 0.008223049999999999)	(54, 0.0273133)	(55, 0.01917)	(56, 7.64528e-06)	(57, 0.163824)	(58, 0.164139)	(59, 0.0832986)	(60, 0.0839092)	(61, 0.0840064)	(62, 0.1663)	(63, 0.00209808)	(64, 0.0)	(65, 0.00130953)	(66, 1.2013999999999999e-05)	(67, 0.0)	(68, 0.00022171299999999998)	(69, 0.000703366)	(70, 0.0029346999999999997)	(71, 0.0038870800000000002)	(72, 0.00185344)	(73, 0.000418306)	(74, 0.0)	(75, 7.86372e-05)	(76, 0.0012571000000000001)	(77, 0.167735)	(78, 0.0007798190000000001)	(79, 0.00140236)	(80, 2.1843700000000002e-06)	(81, 0.0)	(82, 0.000772174)	(83, 0.0010201)	(84, 1.3106200000000002e-05)	(85, 0.0)	(86, 0.00030035)	(87, 0.00362059)	(88, 0.00232198)	(89, 0.0)	(90, 0.00266274)	(91, 2.07515e-05)	(92, 0.0)	(93, 0.0)	(94, 0.0227644)	(95, 6.553100000000001e-06)	(96, 0.0012734900000000002)	(97, 1.4198400000000001e-05)	(98, 0.0033857699999999998)	(99, 0.162992)	(100, 0.0825145)	(101, 0.0)	(102, 0.0)	(103, 0.010621499999999999)	(104, 6.553100000000001e-06)	(105, 0.00107034)	(106, 0.00238205)	(107, 0.0)	(108, 0.0116165)	(109, 0.00747272)	(110, 0.00751531)	(111, 0.00321976)	(112, 0.0)	(113, 0.00234601)	(114, 0.000786372)	(115, 4.2595199999999995e-05)	(116, 0.0216504)	(117, 0.000617084)	(118, 0.0164286)	(119, 0.0)	(120, 0.0)	(121, 0.000111403)	(122, 0.00117737)	(123, 0.000382264)	(124, 7.97294e-05)	(125, 0.007190940000000001)	(126, 0.162965)	(127, 1.3106200000000002e-05)	(128, 0.000792925)	(129, 0.00224771)	(130, 1.96593e-05)	(131, 0.000615991)	(132, 0.000771081)	(133, 0.00112386)	(134, 0.0336218)	(135, 0.0174465)	(136, 4.69639e-05)	(137, 0.00039100200000000005)	(138, 0.0)	(139, 0.00010594200000000001)	(140, 0.0)	(141, 0.179011)	(142, 0.00271298)	(143, 0.0)	(144, 0.00240062)	(145, 0.013108400000000001)	(146, 2.8396800000000002e-05)	(147, 8.19138e-05)	(148, 0.000441242)	(149, 0.0197849)	(150, 5.242480000000001e-05)	(151, 1.3106200000000002e-05)
reports | SRR35329978	(1, 0.0444617)	(2, 0.00650315)	(3, 2.5628200000000003e-05)	(4, 0.00048213)	(5, 0.08609950000000001)	(6, 4.80528e-06)	(7, 9.61057e-06)	(8, 0.011474999999999999)	(9, 0.0)	(10, 7.68845e-05)	(11, 8.00881e-06)	(12, 0.0023305599999999997)	(13, 0.00022584799999999998)	(14, 0.037136800000000005)	(15, 0.0)	(16, 0.0122727)	(17, 0.165638)	(18, 0.255245)	(19, 0.0)	(20, 0.0020935)	(21, 0.00293443)	(22, 3.20352e-06)	(23, 0.00109881)	(24, 4.80528e-06)	(25, 0.0)	(26, 0.0)	(27, 0.022174799999999998)	(28, 0.096008)	(29, 1.60176e-06)	(30, 0.0051865)	(31, 0.0)	(32, 0.0010203200000000001)	(33, 0.00570387)	(34, 0.00517849)	(35, 3.8442299999999996e-05)	(36, 0.0162595)	(37, 0.014071499999999999)	(38, 0.0)	(39, 0.0)	(40, 0.0017555300000000002)	(41, 4.0044e-05)	(42, 0.000541395)	(43, 0.0170988)	(44, 0.00270377)	(45, 6.24687e-05)	(46, 1.60176e-06)	(47, 0.0)	(48, 0.00102993)	(49, 0.000382821)	(50, 0.08314579999999999)	(51, 0.0)	(52, 0.083692)	(53, 0.00856141)	(54, 0.027712100000000003)	(55, 0.0188527)	(56, 2.2424700000000002e-05)	(57, 0.163977)	(58, 0.165875)	(59, 0.0843311)	(60, 0.0832916)	(61, 0.08449609999999999)	(62, 0.16593)	(63, 0.00230173)	(64, 0.0)	(65, 0.00139353)	(66, 1.60176e-06)	(67, 0.0)	(68, 0.00024827299999999997)	(69, 0.000698368)	(70, 0.0028751600000000003)	(71, 0.00410692)	(72, 0.0019044900000000002)	(73, 0.00040844899999999996)	(74, 0.0)	(75, 6.88757e-05)	(76, 0.0012894199999999999)	(77, 0.16997299999999999)	(78, 0.000786465)	(79, 0.0013855200000000001)	(80, 0.0)	(81, 0.0)	(82, 0.000858544)	(83, 0.00115006)	(84, 1.2814100000000002e-05)	(85, 0.0)	(86, 0.000245069)	(87, 0.00386505)	(88, 0.0024122500000000003)	(89, 0.0)	(90, 0.0029072)	(91, 6.407050000000001e-06)	(92, 0.0)	(93, 0.0)	(94, 0.0232992)	(95, 6.407050000000001e-06)	(96, 0.00131985)	(97, 1.60176e-05)	(98, 0.00363119)	(99, 0.158121)	(100, 0.08278060000000001)	(101, 0.0)	(102, 0.0)	(103, 0.011097000000000001)	(104, 2.40264e-05)	(105, 0.00127981)	(106, 0.00255161)	(107, 0.0)	(108, 0.0119796)	(109, 0.00728001)	(110, 0.00791911)	(111, 0.00315066)	(112, 0.0)	(113, 0.0024747199999999997)	(114, 0.0007448190000000001)	(115, 7.207929999999999e-05)	(116, 0.0221524)	(117, 0.000583041)	(118, 0.016225800000000002)	(119, 0.0)	(120, 0.0)	(121, 0.000142557)	(122, 0.00128782)	(123, 0.000371609)	(124, 5.28581e-05)	(125, 0.00773491)	(126, 0.164605)	(127, 2.08229e-05)	(128, 0.0007720489999999999)	(129, 0.00231935)	(130, 3.20352e-05)	(131, 0.000637501)	(132, 0.000706377)	(133, 0.00119171)	(134, 0.034095099999999996)	(135, 0.017432)	(136, 4.16458e-05)	(137, 0.000424467)	(138, 0.0)	(139, 0.000124937)	(140, 0.0)	(141, 0.179626)	(142, 0.00273741)	(143, 0.0)	(144, 0.00266373)	(145, 0.0135413)	(146, 3.04335e-05)	(147, 7.68845e-05)	(148, 0.0005221739999999999)	(149, 0.0201438)	(150, 4.32476e-05)	(151, 1.2814100000000002e-05)
reports | SRR35329979	(1, 0.0430513)	(2, 0.00621497)	(3, 1.3144099999999998e-05)	(4, 0.00047428300000000004)	(5, 0.0840532)	(6, 4.3813700000000005e-06)	(7, 5.47671e-06)	(8, 0.0112032)	(9, 0.0)	(10, 7.33879e-05)	(11, 1.53348e-05)	(12, 0.00223012)	(13, 0.000168683)	(14, 0.0370105)	(15, 0.0)	(16, 0.0119776)	(17, 0.165573)	(18, 0.258251)	(19, 0.0)	(20, 0.00208334)	(21, 0.00280298)	(22, 0.0)	(23, 0.00121692)	(24, 4.3813700000000005e-06)	(25, 0.0)	(26, 0.0)	(27, 0.0222497)	(28, 0.0959771)	(29, 4.3813700000000005e-06)	(30, 0.0049586100000000004)	(31, 0.0)	(32, 0.00108439)	(33, 0.0056191)	(34, 0.0049169899999999996)	(35, 3.6146299999999996e-05)	(36, 0.0165188)	(37, 0.0135329)	(38, 0.0)	(39, 0.0)	(40, 0.00182155)	(41, 4.1623000000000005e-05)	(42, 0.00046004299999999993)	(43, 0.016699600000000002)	(44, 0.00271645)	(45, 4.70997e-05)	(46, 3.28602e-06)	(47, 1.0953400000000002e-06)	(48, 0.0009288499999999999)	(49, 0.000378988)	(50, 0.083258)	(51, 0.0)	(52, 0.0833533)	(53, 0.008213970000000001)	(54, 0.027833699999999996)	(55, 0.018476199999999998)	(56, 1.42394e-05)	(57, 0.164457)	(58, 0.165693)	(59, 0.0838057)	(60, 0.0828757)	(61, 0.0848419)	(62, 0.16626200000000002)	(63, 0.00225859)	(64, 0.0)	(65, 0.0014907599999999998)	(66, 3.28602e-06)	(67, 0.0)	(68, 0.000253024)	(69, 0.000645156)	(70, 0.0026102)	(71, 0.00398047)	(72, 0.00176021)	(73, 0.000364749)	(74, 0.0)	(75, 5.03857e-05)	(76, 0.00136808)	(77, 0.16983199999999998)	(78, 0.000734974)	(79, 0.00123993)	(80, 1.0953400000000002e-06)	(81, 0.0)	(82, 0.000910229)	(83, 0.00115997)	(84, 1.20488e-05)	(85, 0.0)	(86, 0.000228926)	(87, 0.00371978)	(88, 0.00235389)	(89, 0.0)	(90, 0.00284132)	(91, 6.572049999999999e-06)	(92, 0.0)	(93, 0.0)	(94, 0.0230153)	(95, 8.76273e-06)	(96, 0.00130674)	(97, 1.3144099999999998e-05)	(98, 0.0034908499999999998)	(99, 0.150425)	(100, 0.0830981)	(101, 0.0)	(102, 0.0)	(103, 0.0108231)	(104, 8.76273e-06)	(105, 0.00102853)	(106, 0.00250833)	(107, 0.0)	(108, 0.0120739)	(109, 0.0070496199999999995)	(110, 0.00754362)	(111, 0.00291799)	(112, 1.0953400000000002e-06)	(113, 0.00241413)	(114, 0.0007755020000000001)	(115, 5.80531e-05)	(116, 0.021886)	(117, 0.0005827219999999999)	(118, 0.0156502)	(119, 0.0)	(120, 0.0)	(121, 0.000136918)	(122, 0.00131222)	(123, 0.000391037)	(124, 5.47671e-05)	(125, 0.00717777)	(126, 0.16433)	(127, 1.86208e-05)	(128, 0.0007842639999999999)	(129, 0.00231227)	(130, 2.5192899999999997e-05)	(131, 0.000622154)	(132, 0.000623249)	(133, 0.00125526)	(134, 0.0342787)	(135, 0.0167708)	(136, 4.1623000000000005e-05)	(137, 0.00047209199999999997)	(138, 0.0)	(139, 0.00012267799999999998)	(140, 0.0)	(141, 0.179252)	(142, 0.00248095)	(143, 0.0)	(144, 0.0023977)	(145, 0.013269000000000001)	(146, 2.8478900000000003e-05)	(147, 7.22925e-05)	(148, 0.000417325)	(149, 0.019834400000000002)	(150, 4.4909e-05)	(151, 1.3144099999999998e-05)
reports | SRR35329980	(1, 0.0438389)	(2, 0.00602465)	(3, 6.692199999999999e-06)	(4, 0.00045339699999999997)	(5, 0.0854912)	(6, 0.0)	(7, 3.3460999999999996e-06)	(8, 0.0109936)	(9, 0.0)	(10, 5.01915e-05)	(11, 1.00383e-05)	(12, 0.0021297900000000003)	(13, 0.000163959)	(14, 0.0362115)	(15, 0.0)	(16, 0.011607600000000001)	(17, 0.164713)	(18, 0.254842)	(19, 0.0)	(20, 0.0019758700000000002)	(21, 0.00260996)	(22, 0.0)	(23, 0.00108246)	(24, 3.3460999999999996e-06)	(25, 0.0)	(26, 0.0)	(27, 0.0214786)	(28, 0.09464109999999999)	(29, 8.36525e-06)	(30, 0.00492211)	(31, 0.0)	(32, 0.000992119)	(33, 0.00555285)	(34, 0.00483177)	(35, 1.84036e-05)	(36, 0.0158672)	(37, 0.0133359)	(38, 0.0)	(39, 0.0)	(40, 0.0016764)	(41, 2.50958e-05)	(42, 0.000490204)	(43, 0.0165264)	(44, 0.00292115)	(45, 5.3537599999999994e-05)	(46, 1.6730499999999998e-06)	(47, 0.0)	(48, 0.0009854269999999999)	(49, 0.000354687)	(50, 0.0830854)	(51, 0.0)	(52, 0.0825366)	(53, 0.00817787)	(54, 0.0270214)	(55, 0.0179552)	(56, 5.01915e-06)	(57, 0.163214)	(58, 0.16611399999999998)	(59, 0.083701)	(60, 0.08297489999999999)	(61, 0.0839135)	(62, 0.165741)	(63, 0.00217497)	(64, 0.0)	(65, 0.0013635399999999999)	(66, 0.0)	(67, 0.0)	(68, 0.000222516)	(69, 0.000664201)	(70, 0.00267855)	(71, 0.00389319)	(72, 0.0018319900000000001)	(73, 0.00035636)	(74, 0.0)	(75, 7.026809999999999e-05)	(76, 0.00125144)	(77, 0.167275)	(78, 0.000766257)	(79, 0.0013083300000000001)	(80, 0.0)	(81, 0.0)	(82, 0.0008064099999999999)	(83, 0.00100718)	(84, 1.00383e-05)	(85, 0.0)	(86, 0.000247611)	(87, 0.00363888)	(88, 0.00235231)	(89, 0.0)	(90, 0.00272707)	(91, 1.6730499999999998e-06)	(92, 0.0)	(93, 0.0)	(94, 0.0226063)	(95, 1.00383e-05)	(96, 0.00120627)	(97, 1.3384399999999998e-05)	(98, 0.00339797)	(99, 0.15908)	(100, 0.0816934)	(101, 0.0)	(102, 0.0)	(103, 0.0107058)	(104, 5.01915e-06)	(105, 0.000992119)	(106, 0.00240585)	(107, 0.0)	(108, 0.011621)	(109, 0.00684612)	(110, 0.00739823)	(111, 0.0029429)	(112, 0.0)	(113, 0.0023104799999999997)	(114, 0.0007495269999999999)	(115, 4.18263e-05)	(116, 0.021580699999999998)	(117, 0.000602298)	(118, 0.015269900000000001)	(119, 0.0)	(120, 0.0)	(121, 0.000103729)	(122, 0.00123137)	(123, 0.00040989699999999994)	(124, 7.026809999999999e-05)	(125, 0.0070753299999999995)	(126, 0.164869)	(127, 1.17114e-05)	(128, 0.0007880070000000001)	(129, 0.00220675)	(130, 1.17114e-05)	(131, 0.00066922)	(132, 0.000655836)	(133, 0.00114102)	(134, 0.033297)	(135, 0.016508000000000002)	(136, 3.84802e-05)	(137, 0.000396513)	(138, 0.0)	(139, 0.000102056)	(140, 0.0)	(141, 0.178866)	(142, 0.00246942)	(143, 0.0)	(144, 0.00230714)	(145, 0.0131552)	(146, 2.34227e-05)	(147, 6.02298e-05)	(148, 0.00035636)	(149, 0.0195295)	(150, 3.84802e-05)	(151, 1.3384399999999998e-05)
reports | SRR35329981	(1, 0.043710599999999995)	(2, 0.006186130000000001)	(3, 7.765019999999999e-06)	(4, 0.00046978400000000005)	(5, 0.08422199999999999)	(6, 2.58834e-06)	(7, 1.29417e-06)	(8, 0.011019900000000001)	(9, 0.0)	(10, 6.34144e-05)	(11, 2.58834e-06)	(12, 0.00219362)	(13, 0.000192831)	(14, 0.0368295)	(15, 0.0)	(16, 0.0116799)	(17, 0.16653)	(18, 0.254888)	(19, 0.0)	(20, 0.0019878499999999998)	(21, 0.00265693)	(22, 2.58834e-06)	(23, 0.00113369)	(24, 1.29417e-06)	(25, 0.0)	(26, 0.0)	(27, 0.0217822)	(28, 0.0960042)	(29, 2.58834e-06)	(30, 0.0049942)	(31, 0.0)	(32, 0.00103145)	(33, 0.00552481)	(34, 0.00484279)	(35, 3.1060100000000004e-05)	(36, 0.0160283)	(37, 0.0132394)	(38, 0.0)	(39, 0.0)	(40, 0.00171478)	(41, 3.36484e-05)	(42, 0.00046849)	(43, 0.0169226)	(44, 0.00283164)	(45, 5.56493e-05)	(46, 1.29417e-06)	(47, 0.0)	(48, 0.0009279199999999999)	(49, 0.000380486)	(50, 0.0833006)	(51, 0.0)	(52, 0.0842181)	(53, 0.00848846)	(54, 0.0273769)	(55, 0.0180149)	(56, 7.765019999999999e-06)	(57, 0.16461699999999999)	(58, 0.167365)	(59, 0.0850555)	(60, 0.08323459999999999)	(61, 0.0849079)	(62, 0.166153)	(63, 0.00217162)	(64, 0.0)	(65, 0.0013757)	(66, 3.8825099999999995e-06)	(67, 0.0)	(68, 0.000266599)	(69, 0.000619908)	(70, 0.00265046)	(71, 0.00397181)	(72, 0.0017354799999999997)	(73, 0.000402487)	(74, 0.0)	(75, 6.729690000000001e-05)	(76, 0.0012928800000000002)	(77, 0.169872)	(78, 0.000737677)	(79, 0.00127476)	(80, 1.29417e-06)	(81, 0.0)	(82, 0.0008282690000000001)	(83, 0.00105345)	(84, 6.47085e-06)	(85, 0.0)	(86, 0.000270482)	(87, 0.00366768)	(88, 0.0023592699999999997)	(89, 0.0)	(90, 0.00270223)	(91, 7.765019999999999e-06)	(92, 0.0)	(93, 0.0)	(94, 0.0230958)	(95, 2.58834e-06)	(96, 0.00125405)	(97, 7.765019999999999e-06)	(98, 0.0034295499999999995)	(99, 0.14930200000000002)	(100, 0.0827531)	(101, 0.0)	(102, 0.0)	(103, 0.0110276)	(104, 6.47085e-06)	(105, 0.0010431000000000001)	(106, 0.00241233)	(107, 0.0)	(108, 0.0117084)	(109, 0.006860399999999999)	(110, 0.00743242)	(111, 0.00290153)	(112, 0.0)	(113, 0.00232821)	(114, 0.000719559)	(115, 4.9178500000000004e-05)	(116, 0.0219711)	(117, 0.000594024)	(118, 0.0151974)	(119, 0.0)	(120, 0.0)	(121, 0.000144947)	(122, 0.00122687)	(123, 0.000396016)	(124, 7.24735e-05)	(125, 0.00729006)	(126, 0.16605999999999999)	(127, 1.42359e-05)	(128, 0.000793326)	(129, 0.0022660899999999997)	(130, 1.81184e-05)	(131, 0.0006483789999999999)	(132, 0.0007350890000000001)	(133, 0.00116217)	(134, 0.0338193)	(135, 0.016359600000000002)	(136, 4.5296e-05)	(137, 0.000447783)	(138, 0.0)	(139, 0.000128123)	(140, 0.0)	(141, 0.179971)	(142, 0.0024641)	(143, 0.0)	(144, 0.0023320999999999997)	(145, 0.0136134)	(146, 2.4589199999999998e-05)	(147, 8.282689999999999e-05)	(148, 0.000407664)	(149, 0.020200700000000002)	(150, 4.65901e-05)	(151, 6.47085e-06)
reports | SRR35329982	(1, 0.0427069)	(2, 0.00627864)	(3, 1.4131499999999998e-05)	(4, 0.000500256)	(5, 0.0820491)	(6, 2.82631e-06)	(7, 4.23946e-06)	(8, 0.0115257)	(9, 0.0)	(10, 5.22867e-05)	(11, 1.27184e-05)	(12, 0.00235997)	(13, 0.000162513)	(14, 0.037529099999999996)	(15, 0.0)	(16, 0.0119609)	(17, 0.166882)	(18, 0.25883999999999996)	(19, 0.0)	(20, 0.0021056)	(21, 0.00275706)	(22, 0.0)	(23, 0.00119977)	(24, 0.0)	(25, 0.0)	(26, 0.0)	(27, 0.02213)	(28, 0.0961213)	(29, 4.23946e-06)	(30, 0.00513681)	(31, 0.0)	(32, 0.0011488899999999999)	(33, 0.00571338)	(34, 0.00500398)	(35, 3.25025e-05)	(36, 0.0166356)	(37, 0.013447599999999999)	(38, 0.0)	(39, 0.0)	(40, 0.0018314499999999999)	(41, 4.66341e-05)	(42, 0.00047340699999999996)	(43, 0.0170893)	(44, 0.00258325)	(45, 5.22867e-05)	(46, 2.82631e-06)	(47, 0.0)	(48, 0.00109095)	(49, 0.000401336)	(50, 0.08157149999999999)	(51, 0.0)	(52, 0.0844049)	(53, 0.00856795)	(54, 0.0279804)	(55, 0.0183682)	(56, 1.4131499999999998e-05)	(57, 0.16439099999999998)	(58, 0.169399)	(59, 0.08421830000000001)	(60, 0.0832418)	(61, 0.0858816)	(62, 0.16619)	(63, 0.00227376)	(64, 0.0)	(65, 0.00146544)	(66, 2.82631e-06)	(67, 0.0)	(68, 0.00028121799999999996)	(69, 0.000764516)	(70, 0.00269206)	(71, 0.004059989999999999)	(72, 0.0019289499999999998)	(73, 0.000391444)	(74, 0.0)	(75, 4.8047199999999996e-05)	(76, 0.00138772)	(77, 0.172042)	(78, 0.000877569)	(79, 0.00128032)	(80, 1.41315e-06)	(81, 0.0)	(82, 0.0009270289999999999)	(83, 0.00110509)	(84, 9.89208e-06)	(85, 0.0)	(86, 0.00024164899999999998)	(87, 0.0038395400000000002)	(88, 0.00248715)	(89, 0.0)	(90, 0.0028687)	(91, 1.27184e-05)	(92, 0.0)	(93, 0.0)	(94, 0.0236505)	(95, 9.89208e-06)	(96, 0.00128314)	(97, 1.4131499999999998e-05)	(98, 0.00362474)	(99, 0.14014)	(100, 0.08432150000000001)	(101, 0.0)	(102, 0.0)	(103, 0.0112148)	(104, 8.47892e-06)	(105, 0.0009044179999999999)	(106, 0.0025253100000000002)	(107, 0.0)	(108, 0.012295900000000002)	(109, 0.00718306)	(110, 0.00775397)	(111, 0.00298882)	(112, 0.0)	(113, 0.0024687800000000003)	(114, 0.000688206)	(115, 6.07656e-05)	(116, 0.0225469)	(117, 0.0006514639999999999)	(118, 0.015597000000000001)	(119, 0.0)	(120, 0.0)	(121, 0.00015685999999999999)	(122, 0.00133402)	(123, 0.000406988)	(124, 4.52209e-05)	(125, 0.0073385099999999995)	(126, 0.16803)	(127, 1.55447e-05)	(128, 0.000886047)	(129, 0.00240943)	(130, 2.26105e-05)	(131, 0.0006839659999999999)	(132, 0.00065853)	(133, 0.0012351)	(134, 0.034608099999999996)	(135, 0.0167473)	(136, 4.94604e-05)	(137, 0.000486125)	(138, 0.0)	(139, 0.00013001)	(140, 0.0)	(141, 0.18004399999999998)	(142, 0.0024899799999999997)	(143, 0.0)	(144, 0.00231475)	(145, 0.0137825)	(146, 3.53288e-05)	(147, 9.04418e-05)	(148, 0.00037024599999999996)	(149, 0.0204639)	(150, 4.8047199999999996e-05)	(151, 1.13052e-05)
reports | SRR35329983	(1, 0.045020500000000005)	(2, 0.006399009999999999)	(3, 1.8833399999999998e-05)	(4, 0.000457796)	(5, 0.08589770000000001)	(6, 1.01411e-05)	(7, 4.34617e-06)	(8, 0.010933499999999999)	(9, 0.0)	(10, 6.37438e-05)	(11, 1.30385e-05)	(12, 0.00219337)	(13, 0.00020571900000000001)	(14, 0.0364223)	(15, 0.0)	(16, 0.012447399999999999)	(17, 0.165438)	(18, 0.253708)	(19, 0.0)	(20, 0.00200069)	(21, 0.00273374)	(22, 0.0)	(23, 0.00112421)	(24, 4.34617e-06)	(25, 0.0)	(26, 0.0)	(27, 0.0215208)	(28, 0.0958779)	(29, 4.34617e-06)	(30, 0.00487206)	(31, 0.0)	(32, 0.0010517699999999998)	(33, 0.00548631)	(34, 0.0052009199999999995)	(35, 2.89745e-05)	(36, 0.0160432)	(37, 0.0140671)	(38, 0.0)	(39, 0.0)	(40, 0.00174136)	(41, 4.63591e-05)	(42, 0.000491117)	(43, 0.0166777)	(44, 0.00284674)	(45, 7.8231e-05)	(46, 4.34617e-06)	(47, 0.0)	(48, 0.00101121)	(49, 0.000409989)	(50, 0.0839028)	(51, 0.0)	(52, 0.0826352)	(53, 0.00826641)	(54, 0.0273722)	(55, 0.019202800000000003)	(56, 1.8833399999999998e-05)	(57, 0.16472399999999998)	(58, 0.16625299999999998)	(59, 0.0841925)	(60, 0.082344)	(61, 0.0848749)	(62, 0.16589199999999998)	(63, 0.00219047)	(64, 0.0)	(65, 0.0013907700000000002)	(66, 1.15898e-05)	(67, 0.0)	(68, 0.000236142)	(69, 0.000650477)	(70, 0.0028264600000000003)	(71, 0.00386809)	(72, 0.00182394)	(73, 0.000388258)	(74, 0.0)	(75, 7.8231e-05)	(76, 0.00125894)	(77, 0.168224)	(78, 0.000759131)	(79, 0.0013502100000000001)	(80, 1.44872e-06)	(81, 0.0)	(82, 0.000844605)	(83, 0.00106481)	(84, 1.15898e-05)	(85, 0.0)	(86, 0.000320168)	(87, 0.00359573)	(88, 0.00230492)	(89, 0.0)	(90, 0.00275837)	(91, 1.44872e-05)	(92, 0.0)	(93, 0.0)	(94, 0.022814499999999998)	(95, 2.89745e-06)	(96, 0.00127198)	(97, 1.30385e-05)	(98, 0.00336973)	(99, 0.160688)	(100, 0.083771)	(101, 0.0)	(102, 0.0)	(103, 0.010752399999999999)	(104, 1.5935999999999998e-05)	(105, 0.00101121)	(106, 0.00238315)	(107, 0.0)	(108, 0.0116753)	(109, 0.0073711)	(110, 0.00739863)	(111, 0.00307564)	(112, 0.0)	(113, 0.0023817)	(114, 0.000754785)	(115, 6.37438e-05)	(116, 0.0216816)	(117, 0.0005490660000000001)	(118, 0.016419800000000002)	(119, 0.0)	(120, 0.0)	(121, 0.00013907699999999998)	(122, 0.0012517000000000001)	(123, 0.000341899)	(124, 8.257719999999999e-05)	(125, 0.0071436500000000005)	(126, 0.164949)	(127, 3.18719e-05)	(128, 0.0007634769999999999)	(129, 0.00222524)	(130, 3.18719e-05)	(131, 0.000611361)	(132, 0.000702631)	(133, 0.00116912)	(134, 0.0336451)	(135, 0.0174875)	(136, 3.91155e-05)	(137, 0.000437514)	(138, 0.0)	(139, 0.000137629)	(140, 0.0)	(141, 0.179481)	(142, 0.00268303)	(143, 0.0)	(144, 0.00234693)	(145, 0.013234100000000002)	(146, 2.75257e-05)	(147, 8.54747e-05)	(148, 0.000409989)	(149, 0.0197925)	(150, 5.07053e-05)	(151, 1.30385e-05)
reports | SRR35329984	(1, 0.0430018)	(2, 0.00608897)	(3, 1.6478899999999999e-06)	(4, 0.000515791)	(5, 0.0846408)	(6, 1.6478899999999999e-06)	(7, 1.6478899999999999e-06)	(8, 0.0113573)	(9, 0.0)	(10, 7.58032e-05)	(11, 1.4831100000000001e-05)	(12, 0.00230046)	(13, 0.000212578)	(14, 0.0367827)	(15, 0.0)	(16, 0.011762700000000001)	(17, 0.165869)	(18, 0.25886)	(19, 0.0)	(20, 0.00212249)	(21, 0.00289865)	(22, 0.0)	(23, 0.00114364)	(24, 1.6478899999999999e-06)	(25, 0.0)	(26, 0.0)	(27, 0.0218016)	(28, 0.09652709999999999)	(29, 1.6478899999999999e-06)	(30, 0.00522547)	(31, 0.0)	(32, 0.00105795)	(33, 0.00560614)	(34, 0.00488106)	(35, 2.30705e-05)	(36, 0.016040600000000002)	(37, 0.0134666)	(38, 0.0)	(39, 0.0)	(40, 0.0018159799999999998)	(41, 3.1310000000000003e-05)	(42, 0.000558636)	(43, 0.016943700000000003)	(44, 0.00266959)	(45, 6.92116e-05)	(46, 3.2957899999999996e-06)	(47, 1.6478899999999999e-06)	(48, 0.000996976)	(49, 0.000370776)	(50, 0.0838581)	(51, 0.0)	(52, 0.0847463)	(53, 0.00849984)	(54, 0.027508300000000003)	(55, 0.0183065)	(56, 1.6478899999999999e-06)	(57, 0.165045)	(58, 0.16839500000000002)	(59, 0.085122)	(60, 0.0833439)	(61, 0.08518300000000001)	(62, 0.16723000000000002)	(63, 0.00231859)	(64, 0.0)	(65, 0.00149134)	(66, 4.94368e-06)	(67, 0.0)	(68, 0.00020763500000000001)	(69, 0.000692116)	(70, 0.00266629)	(71, 0.00412798)	(72, 0.0018555299999999998)	(73, 0.000352649)	(74, 0.0)	(75, 6.262000000000001e-05)	(76, 0.00134633)	(77, 0.170781)	(78, 0.000784398)	(79, 0.00123922)	(80, 1.6478899999999999e-06)	(81, 0.0)	(82, 0.000856905)	(83, 0.0010876100000000001)	(84, 8.239470000000001e-06)	(85, 0.0)	(86, 0.000319692)	(87, 0.00384783)	(88, 0.00239933)	(89, 0.0)	(90, 0.00291348)	(91, 1.15353e-05)	(92, 0.0)	(93, 0.0)	(94, 0.0234281)	(95, 3.2957899999999996e-06)	(96, 0.00127712)	(97, 1.3183200000000001e-05)	(98, 0.0035989999999999998)	(99, 0.148859)	(100, 0.08451059999999999)	(101, 0.0)	(102, 0.0)	(103, 0.0110887)	(104, 3.2957899999999996e-06)	(105, 0.00110409)	(106, 0.00255259)	(107, 0.0)	(108, 0.011760999999999999)	(109, 0.007038160000000001)	(110, 0.00776982)	(111, 0.00292007)	(112, 0.0)	(113, 0.00249821)	(114, 0.0007662709999999999)	(115, 3.79016e-05)	(116, 0.0221279)	(117, 0.0006262)	(118, 0.0155364)	(119, 0.0)	(120, 0.0)	(121, 0.000110409)	(122, 0.00127877)	(123, 0.000426805)	(124, 7.08595e-05)	(125, 0.00758855)	(126, 0.167106)	(127, 1.15353e-05)	(128, 0.000812412)	(129, 0.00229717)	(130, 1.3183200000000001e-05)	(131, 0.000659158)	(132, 0.000664102)	(133, 0.00119308)	(134, 0.0337967)	(135, 0.016737699999999998)	(136, 4.2845299999999994e-05)	(137, 0.000423509)	(138, 0.0)	(139, 9.722580000000001e-05)	(140, 0.0)	(141, 0.18057800000000002)	(142, 0.00245372)	(143, 0.0)	(144, 0.00255259)	(145, 0.0136825)	(146, 2.96621e-05)	(147, 6.09721e-05)	(148, 0.000435044)	(149, 0.0204553)	(150, 4.2845299999999994e-05)	(151, 1.3183200000000001e-05)
reports | SRR35329985	(1, 0.0443896)	(2, 0.006477739999999999)	(3, 1.23285e-05)	(4, 0.00045615399999999996)	(5, 0.0852638)	(6, 3.52242e-06)	(7, 3.52242e-06)	(8, 0.0112136)	(9, 0.0)	(10, 6.51648e-05)	(11, 1.40897e-05)	(12, 0.0022191299999999997)	(13, 0.000237764)	(14, 0.0364113)	(15, 0.0)	(16, 0.0123091)	(17, 0.165799)	(18, 0.252855)	(19, 0.0)	(20, 0.00203948)	(21, 0.00269113)	(22, 0.0)	(23, 0.00109723)	(24, 3.52242e-06)	(25, 0.0)	(26, 0.0)	(27, 0.0214727)	(28, 0.09638580000000001)	(29, 5.28363e-06)	(30, 0.0050617200000000005)	(31, 0.0)	(32, 0.0010127)	(33, 0.00549322)	(34, 0.00519205)	(35, 3.69854e-05)	(36, 0.0161485)	(37, 0.0139664)	(38, 0.0)	(39, 0.0)	(40, 0.0017488800000000002)	(41, 3.87466e-05)	(42, 0.00048609399999999996)	(43, 0.0169446)	(44, 0.00263125)	(45, 6.34036e-05)	(46, 3.52242e-06)	(47, 0.0)	(48, 0.0009774719999999998)	(49, 0.00037866)	(50, 0.0831433)	(51, 0.0)	(52, 0.08246339999999999)	(53, 0.00839922)	(54, 0.0273992)	(55, 0.0187428)	(56, 1.23285e-05)	(57, 0.16445500000000002)	(58, 0.165378)	(59, 0.0835571)	(60, 0.0831732)	(61, 0.08443250000000001)	(62, 0.165631)	(63, 0.00220151)	(64, 0.0)	(65, 0.0013702200000000001)	(66, 7.04485e-06)	(67, 0.0)	(68, 0.000230719)	(69, 0.000649887)	(70, 0.00290776)	(71, 0.0039539200000000005)	(72, 0.0018158100000000002)	(73, 0.00043678)	(74, 0.0)	(75, 5.45975e-05)	(76, 0.00129625)	(77, 0.16880499999999998)	(78, 0.0007467540000000001)	(79, 0.0014054500000000001)	(80, 3.52242e-06)	(81, 0.0)	(82, 0.000810157)	(83, 0.00103031)	(84, 1.93733e-05)	(85, 0.0)	(86, 0.000285316)	(87, 0.00374257)	(88, 0.00228253)	(89, 0.0)	(90, 0.00281089)	(91, 1.23285e-05)	(92, 0.0)	(93, 0.0)	(94, 0.0232762)	(95, 8.806060000000001e-06)	(96, 0.00122404)	(97, 2.6418199999999997e-05)	(98, 0.00352066)	(99, 0.159705)	(100, 0.0830288)	(101, 0.0)	(102, 0.0)	(103, 0.0109318)	(104, 1.05673e-05)	(105, 0.000966905)	(106, 0.00251149)	(107, 0.0)	(108, 0.011823)	(109, 0.00736891)	(110, 0.00752037)	(111, 0.0031631399999999996)	(112, 0.0)	(113, 0.0024586499999999997)	(114, 0.0007009620000000001)	(115, 5.45975e-05)	(116, 0.0218866)	(117, 0.000598812)	(118, 0.0161204)	(119, 0.0)	(120, 0.0)	(121, 0.000112718)	(122, 0.00127688)	(123, 0.00038394400000000005)	(124, 9.1583e-05)	(125, 0.00723682)	(126, 0.164111)	(127, 1.40897e-05)	(128, 0.000811918)	(129, 0.0022772499999999998)	(130, 2.11345e-05)	(131, 0.0006252300000000001)	(132, 0.000734425)	(133, 0.00118177)	(134, 0.033424300000000004)	(135, 0.0173691)	(136, 3.52242e-05)	(137, 0.00039275000000000003)	(138, 0.0)	(139, 9.1583e-05)	(140, 0.0)	(141, 0.180403)	(142, 0.00281265)	(143, 0.0)	(144, 0.00227196)	(145, 0.0135279)	(146, 2.99406e-05)	(147, 9.1583e-05)	(148, 0.00040684)	(149, 0.0201888)	(150, 4.7552699999999996e-05)	(151, 2.2895700000000002e-05)
reports | SRR35329986	(1, 0.0443675)	(2, 0.006166339999999999)	(3, 8.76897e-06)	(4, 0.000434941)	(5, 0.0851064)	(6, 1.75379e-06)	(7, 3.50759e-06)	(8, 0.010822700000000001)	(9, 0.0)	(10, 7.01518e-05)	(11, 7.01518e-06)	(12, 0.0022167999999999997)	(13, 0.000187656)	(14, 0.0361615)	(15, 0.0)	(16, 0.0117066)	(17, 0.165853)	(18, 0.253776)	(19, 0.0)	(20, 0.00196951)	(21, 0.0027289)	(22, 0.0)	(23, 0.00101895)	(24, 1.75379e-06)	(25, 0.0)	(26, 0.0)	(27, 0.0210718)	(28, 0.09577820000000001)	(29, 1.75379e-06)	(30, 0.00498604)	(31, 0.0)	(32, 0.0009119730000000001)	(33, 0.00514563)	(34, 0.00486327)	(35, 2.80607e-05)	(36, 0.0155719)	(37, 0.013388500000000001)	(38, 0.0)	(39, 0.0)	(40, 0.0016608399999999998)	(41, 2.63069e-05)	(42, 0.00048229299999999996)	(43, 0.0167785)	(44, 0.00279029)	(45, 6.31366e-05)	(46, 7.01518e-06)	(47, 0.0)	(48, 0.000827791)	(49, 0.00041564900000000003)	(50, 0.0831965)	(51, 0.0)	(52, 0.0832894)	(53, 0.00828843)	(54, 0.0268225)	(55, 0.0180781)	(56, 8.76897e-06)	(57, 0.16435)	(58, 0.165521)	(59, 0.08409090000000001)	(60, 0.0829282)	(61, 0.0837489)	(62, 0.165435)	(63, 0.00208175)	(64, 0.0)	(65, 0.0013135900000000001)	(66, 5.26138e-06)	(67, 0.0)	(68, 0.000198179)	(69, 0.000571737)	(70, 0.00261841)	(71, 0.0038846500000000003)	(72, 0.00160297)	(73, 0.000357774)	(74, 0.0)	(75, 7.36594e-05)	(76, 0.00118381)	(77, 0.168596)	(78, 0.000645396)	(79, 0.00125221)	(80, 1.75379e-06)	(81, 0.0)	(82, 0.000773423)	(83, 0.00104702)	(84, 7.01518e-06)	(85, 0.0)	(86, 0.000310422)	(87, 0.00364438)	(88, 0.00211508)	(89, 0.0)	(90, 0.0026289399999999997)	(91, 8.76897e-06)	(92, 0.0)	(93, 0.0)	(94, 0.022848399999999998)	(95, 3.50759e-06)	(96, 0.00123467)	(97, 8.76897e-06)	(98, 0.00340061)	(99, 0.158129)	(100, 0.0835911)	(101, 0.0)	(102, 0.0)	(103, 0.0108262)	(104, 8.76897e-06)	(105, 0.00114698)	(106, 0.00233079)	(107, 0.0)	(108, 0.0111383)	(109, 0.0069871199999999994)	(110, 0.00734314)	(111, 0.00286745)	(112, 0.0)	(113, 0.00235359)	(114, 0.000694502)	(115, 4.0337300000000004e-05)	(116, 0.0214279)	(117, 0.000536661)	(118, 0.0154614)	(119, 0.0)	(120, 0.0)	(121, 9.645869999999999e-05)	(122, 0.00120486)	(123, 0.000394604)	(124, 7.716690000000001e-05)	(125, 0.0073852300000000004)	(126, 0.164295)	(127, 1.22766e-05)	(128, 0.000710287)	(129, 0.0023079899999999998)	(130, 1.75379e-05)	(131, 0.000589275)	(132, 0.000669949)	(133, 0.00112243)	(134, 0.033260700000000004)	(135, 0.016483900000000003)	(136, 4.38449e-05)	(137, 0.00038408100000000004)	(138, 0.0)	(139, 0.000103474)	(140, 0.0)	(141, 0.178985)	(142, 0.00245356)	(143, 0.0)	(144, 0.0024518)	(145, 0.0133832)	(146, 1.75379e-05)	(147, 5.7875200000000005e-05)	(148, 0.000454233)	(149, 0.020014300000000002)	(150, 5.26138e-05)	(151, 7.01518e-06)
reports | SRR35329987	(1, 0.0428773)	(2, 0.0062504)	(3, 8.21495e-06)	(4, 0.00045299600000000005)	(5, 0.0858474)	(6, 2.34713e-06)	(7, 2.34713e-06)	(8, 0.010992799999999999)	(9, 0.0)	(10, 5.633109999999999e-05)	(11, 9.38851e-06)	(12, 0.00223799)	(13, 0.00017016699999999999)	(14, 0.0365718)	(15, 0.0)	(16, 0.011759100000000001)	(17, 0.166677)	(18, 0.256268)	(19, 0.0)	(20, 0.00201149)	(21, 0.00268511)	(22, 0.0)	(23, 0.0011172299999999999)	(24, 3.52069e-06)	(25, 0.0)	(26, 0.0)	(27, 0.0215431)	(28, 0.0957875)	(29, 1.17356e-06)	(30, 0.00509092)	(31, 0.0)	(32, 0.00100926)	(33, 0.00536788)	(34, 0.0049806)	(35, 2.81655e-05)	(36, 0.0159147)	(37, 0.013310599999999999)	(38, 0.0)	(39, 0.0)	(40, 0.0017310099999999998)	(41, 3.7554e-05)	(42, 0.000491723)	(43, 0.0167737)	(44, 0.0027109300000000003)	(45, 6.21989e-05)	(46, 1.17356e-06)	(47, 0.0)	(48, 0.000913033)	(49, 0.000357937)	(50, 0.08416330000000001)	(51, 0.0)	(52, 0.0834333)	(53, 0.00831118)	(54, 0.0272584)	(55, 0.0179344)	(56, 8.21495e-06)	(57, 0.16503500000000002)	(58, 0.166168)	(59, 0.0848733)	(60, 0.08370559999999999)	(61, 0.0846069)	(62, 0.167186)	(63, 0.00217813)	(64, 0.0)	(65, 0.0014223600000000001)	(66, 7.04138e-06)	(67, 0.0)	(68, 0.00023236600000000002)	(69, 0.00060908)	(70, 0.0027015399999999997)	(71, 0.00396782)	(72, 0.0016958)	(73, 0.000341507)	(74, 0.0)	(75, 5.16368e-05)	(76, 0.0012874000000000002)	(77, 0.169735)	(78, 0.000707659)	(79, 0.0012651)	(80, 3.52069e-06)	(81, 0.0)	(82, 0.000835577)	(83, 0.00104095)	(84, 5.8678200000000005e-06)	(85, 0.0)	(86, 0.000238233)	(87, 0.0037413200000000002)	(88, 0.0022133400000000003)	(89, 0.0)	(90, 0.0027508299999999997)	(91, 7.04138e-06)	(92, 0.0)	(93, 0.0)	(94, 0.0227472)	(95, 4.69426e-06)	(96, 0.0012475)	(97, 7.04138e-06)	(98, 0.0034714)	(99, 0.159011)	(100, 0.0836575)	(101, 0.0)	(102, 0.0)	(103, 0.010904800000000001)	(104, 7.04138e-06)	(105, 0.00107264)	(106, 0.0024504)	(107, 0.0)	(108, 0.0116382)	(109, 0.007042560000000001)	(110, 0.0073523799999999995)	(111, 0.00297264)	(112, 0.0)	(113, 0.0023154399999999998)	(114, 0.000719395)	(115, 5.51575e-05)	(116, 0.0216675)	(117, 0.000544534)	(118, 0.0153878)	(119, 0.0)	(120, 0.0)	(121, 0.00011618300000000001)	(122, 0.00125571)	(123, 0.00038727600000000004)	(124, 6.4546e-05)	(125, 0.007324209999999999)	(126, 0.164856)	(127, 1.5256299999999998e-05)	(128, 0.000760469)	(129, 0.00228258)	(130, 1.64299e-05)	(131, 0.0006126)	(132, 0.000665411)	(133, 0.00115948)	(134, 0.0335369)	(135, 0.0164991)	(136, 4.10747e-05)	(137, 0.00042248300000000003)	(138, 0.0)	(139, 0.000115009)	(140, 0.0)	(141, 0.180069)	(142, 0.00253959)	(143, 0.0)	(144, 0.0023952400000000003)	(145, 0.0133129)	(146, 2.58184e-05)	(147, 7.041379999999999e-05)	(148, 0.000376714)	(149, 0.0198755)	(150, 5.28104e-05)	(151, 5.8678200000000005e-06)
reports | SRR35329988	(1, 0.0447129)	(2, 0.00646191)	(3, 1.43705e-05)	(4, 0.000502966)	(5, 0.0863297)	(6, 6.386869999999999e-06)	(7, 6.386869999999999e-06)	(8, 0.0112329)	(9, 0.0)	(10, 5.1095e-05)	(11, 9.5803e-06)	(12, 0.00227532)	(13, 0.000167655)	(14, 0.036718100000000004)	(15, 0.0)	(16, 0.0119323)	(17, 0.16570300000000002)	(18, 0.254346)	(19, 0.0)	(20, 0.00214279)	(21, 0.00285014)	(22, 1.59672e-06)	(23, 0.00120871)	(24, 4.79015e-06)	(25, 0.0)	(26, 0.0)	(27, 0.0216579)	(28, 0.0948003)	(29, 1.59672e-06)	(30, 0.00518135)	(31, 0.0)	(32, 0.00111451)	(33, 0.00553582)	(34, 0.00508714)	(35, 4.63048e-05)	(36, 0.0160789)	(37, 0.0134108)	(38, 0.0)	(39, 0.0)	(40, 0.0018474)	(41, 3.99179e-05)	(42, 0.00047582200000000004)	(43, 0.016756)	(44, 0.0027256000000000003)	(45, 7.18523e-05)	(46, 1.59672e-06)	(47, 0.0)	(48, 0.000993158)	(49, 0.000421533)	(50, 0.0838532)	(51, 0.0)	(52, 0.0832832)	(53, 0.00852008)	(54, 0.0275593)	(55, 0.0181946)	(56, 1.43705e-05)	(57, 0.163416)	(58, 0.166038)	(59, 0.0843546)	(60, 0.0825056)	(61, 0.0844057)	(62, 0.165406)	(63, 0.00235675)	(64, 0.0)	(65, 0.00144822)	(66, 1.59672e-06)	(67, 0.0)	(68, 0.000255475)	(69, 0.000691379)	(70, 0.00275274)	(71, 0.00414348)	(72, 0.00183622)	(73, 0.000376825)	(74, 0.0)	(75, 6.0675300000000005e-05)	(76, 0.00137158)	(77, 0.16850199999999999)	(78, 0.000799955)	(79, 0.0013108999999999998)	(80, 3.19343e-06)	(81, 0.0)	(82, 0.000924499)	(83, 0.00109854)	(84, 9.5803e-06)	(85, 0.0)	(86, 0.000303376)	(87, 0.00383212)	(88, 0.00239827)	(89, 0.0)	(90, 0.0029092199999999997)	(91, 3.19343e-06)	(92, 0.0)	(93, 0.0)	(94, 0.023245000000000002)	(95, 7.98359e-06)	(96, 0.00125023)	(97, 1.1177e-05)	(98, 0.0036453099999999997)	(99, 0.158522)	(100, 0.0840592)	(101, 0.0)	(102, 0.0)	(103, 0.0110525)	(104, 1.43705e-05)	(105, 0.000962821)	(106, 0.00260105)	(107, 0.0)	(108, 0.0118205)	(109, 0.00709102)	(110, 0.00760836)	(111, 0.0030529199999999998)	(112, 0.0)	(113, 0.0025307999999999997)	(114, 0.000705749)	(115, 4.63048e-05)	(116, 0.021825499999999998)	(117, 0.000648267)	(118, 0.015587199999999999)	(119, 0.0)	(120, 0.0)	(121, 0.00013093099999999998)	(122, 0.00135721)	(123, 0.00041195299999999995)	(124, 6.54654e-05)	(125, 0.00737843)	(126, 0.16467400000000001)	(127, 1.27737e-05)	(128, 0.000847857)	(129, 0.00241583)	(130, 2.07573e-05)	(131, 0.000688185)	(132, 0.000688185)	(133, 0.0012662)	(134, 0.0337338)	(135, 0.0168214)	(136, 4.15146e-05)	(137, 0.000464645)	(138, 0.0)	(139, 0.00012294700000000001)	(140, 0.0)	(141, 0.17973)	(142, 0.00254836)	(143, 0.0)	(144, 0.00236953)	(145, 0.0134939)	(146, 2.8740899999999998e-05)	(147, 7.983589999999999e-05)	(148, 0.00036245499999999997)	(149, 0.0200244)	(150, 5.90785e-05)	(151, 1.1177e-05)
reports | SRR35329989	(1, 0.0434594)	(2, 0.006475259999999999)	(3, 9.97729e-06)	(4, 0.000475584)	(5, 0.0856517)	(6, 6.65153e-06)	(7, 3.3257599999999997e-06)	(8, 0.0110831)	(9, 0.0)	(10, 6.31895e-05)	(11, 3.3257599999999997e-06)	(12, 0.00219334)	(13, 0.000177928)	(14, 0.0364903)	(15, 0.0)	(16, 0.0123536)	(17, 0.164655)	(18, 0.25426)	(19, 0.0)	(20, 0.0019372600000000001)	(21, 0.00266893)	(22, 3.3257599999999997e-06)	(23, 0.00105094)	(24, 3.3257599999999997e-06)	(25, 0.0)	(26, 0.0)	(27, 0.021699)	(28, 0.0958835)	(29, 0.0)	(30, 0.00501858)	(31, 0.0)	(32, 0.000984426)	(33, 0.00549583)	(34, 0.00507345)	(35, 4.82236e-05)	(36, 0.0161)	(37, 0.014008099999999999)	(38, 0.0)	(39, 0.0)	(40, 0.0017061199999999998)	(41, 3.49205e-05)	(42, 0.000492213)	(43, 0.0165557)	(44, 0.00270551)	(45, 5.9863799999999994e-05)	(46, 3.3257599999999997e-06)	(47, 0.0)	(48, 0.000996066)	(49, 0.000330914)	(50, 0.08387410000000001)	(51, 0.0)	(52, 0.0832223)	(53, 0.0082612)	(54, 0.0273528)	(55, 0.01906)	(56, 9.97729e-06)	(57, 0.163679)	(58, 0.16555299999999998)	(59, 0.08396719999999999)	(60, 0.0839074)	(61, 0.0841751)	(62, 0.16716)	(63, 0.0021883500000000004)	(64, 0.0)	(65, 0.00132864)	(66, 3.3257599999999997e-06)	(67, 0.0)	(68, 0.00019455700000000001)	(69, 0.000661827)	(70, 0.00283355)	(71, 0.00396265)	(72, 0.0018092199999999998)	(73, 0.000425698)	(74, 0.0)	(75, 6.15266e-05)	(76, 0.0012322)	(77, 0.169765)	(78, 0.0007616)	(79, 0.00142842)	(80, 3.3257599999999997e-06)	(81, 0.0)	(82, 0.0007749030000000001)	(83, 0.000994404)	(84, 8.31441e-06)	(85, 0.0)	(86, 0.000249432)	(87, 0.00364338)	(88, 0.00224655)	(89, 0.0)	(90, 0.00272048)	(91, 9.97729e-06)	(92, 0.0)	(93, 0.0)	(94, 0.0227848)	(95, 4.98865e-06)	(96, 0.00117233)	(97, 1.1640199999999999e-05)	(98, 0.00345713)	(99, 0.157109)	(100, 0.08314909999999999)	(101, 0.0)	(102, 0.0)	(103, 0.0107422)	(104, 9.97729e-06)	(105, 0.00105094)	(106, 0.00240619)	(107, 0.0)	(108, 0.0117782)	(109, 0.007228549999999999)	(110, 0.00744472)	(111, 0.00312289)	(112, 0.0)	(113, 0.00231141)	(114, 0.0007848800000000001)	(115, 3.99092e-05)	(116, 0.0216474)	(117, 0.000573694)	(118, 0.0162414)	(119, 0.0)	(120, 0.0)	(121, 9.47843e-05)	(122, 0.00121557)	(123, 0.0003808)	(124, 7.150389999999999e-05)	(125, 0.00728509)	(126, 0.164324)	(127, 1.49659e-05)	(128, 0.000776566)	(129, 0.00224822)	(130, 1.49659e-05)	(131, 0.0006086150000000001)	(132, 0.00072668)	(133, 0.00111081)	(134, 0.0336384)	(135, 0.0172757)	(136, 4.65607e-05)	(137, 0.00036916)	(138, 0.0)	(139, 7.64926e-05)	(140, 0.0)	(141, 0.177978)	(142, 0.0026273499999999997)	(143, 0.0)	(144, 0.00235132)	(145, 0.0132149)	(146, 3.49205e-05)	(147, 7.64926e-05)	(148, 0.000437338)	(149, 0.019788299999999998)	(150, 3.49205e-05)	(151, 9.97729e-06)
reports | SRR35329990	(1, 0.0451807)	(2, 0.00659116)	(3, 2.0228599999999998e-05)	(4, 0.000475373)	(5, 0.0852671)	(6, 3.3714400000000003e-06)	(7, 1.0114299999999999e-05)	(8, 0.0111409)	(9, 0.0)	(10, 7.248589999999999e-05)	(11, 1.0114299999999999e-05)	(12, 0.00235158)	(13, 0.00020565799999999997)	(14, 0.036602)	(15, 0.0)	(16, 0.0125232)	(17, 0.164663)	(18, 0.25263199999999997)	(19, 0.0)	(20, 0.0019706100000000002)	(21, 0.00285224)	(22, 0.0)	(23, 0.00115135)	(24, 3.3714400000000003e-06)	(25, 0.0)	(26, 0.0)	(27, 0.021997)	(28, 0.09603539999999999)	(29, 0.0)	(30, 0.00503019)	(31, 0.0)	(32, 0.00107886)	(33, 0.0055426500000000005)	(34, 0.00523079)	(35, 2.1914399999999998e-05)	(36, 0.016134)	(37, 0.014222400000000001)	(38, 0.0)	(39, 0.0)	(40, 0.00172955)	(41, 5.3942999999999995e-05)	(42, 0.0005090870000000001)	(43, 0.017015699999999998)	(44, 0.00270558)	(45, 6.237159999999999e-05)	(46, 1.6857200000000001e-06)	(47, 0.0)	(48, 0.0009591739999999999)	(49, 0.000389401)	(50, 0.0833942)	(51, 0.0)	(52, 0.0822867)	(53, 0.00843197)	(54, 0.0271148)	(55, 0.0192088)	(56, 2.0228599999999998e-05)	(57, 0.164251)	(58, 0.165437)	(59, 0.0834246)	(60, 0.0824721)	(61, 0.0845085)	(62, 0.16576)	(63, 0.0021526600000000003)	(64, 0.0)	(65, 0.00144298)	(66, 5.05716e-06)	(67, 0.0)	(68, 0.000252858)	(69, 0.000662488)	(70, 0.00294327)	(71, 0.00401538)	(72, 0.00182901)	(73, 0.000416373)	(74, 0.0)	(75, 4.88859e-05)	(76, 0.00130643)	(77, 0.16882799999999998)	(78, 0.000758574)	(79, 0.00139746)	(80, 3.3714400000000003e-06)	(81, 0.0)	(82, 0.0008732030000000001)	(83, 0.00114292)	(84, 1.0114299999999999e-05)	(85, 0.0)	(86, 0.000284887)	(87, 0.00378444)	(88, 0.00234315)	(89, 0.0)	(90, 0.0027308700000000003)	(91, 6.7428800000000006e-06)	(92, 0.0)	(93, 0.0)	(94, 0.0231517)	(95, 5.05716e-06)	(96, 0.0013570000000000001)	(97, 1.0114299999999999e-05)	(98, 0.00348775)	(99, 0.157025)	(100, 0.082811)	(101, 0.0)	(102, 0.0)	(103, 0.0110651)	(104, 1.85429e-05)	(105, 0.0012457500000000001)	(106, 0.00243418)	(107, 0.0)	(108, 0.011730899999999999)	(109, 0.00744751)	(110, 0.00764811)	(111, 0.0032045499999999996)	(112, 0.0)	(113, 0.00240384)	(114, 0.0007450880000000001)	(115, 5.22573e-05)	(116, 0.0220492)	(117, 0.000593373)	(118, 0.0163886)	(119, 0.0)	(120, 0.0)	(121, 0.000138229)	(122, 0.00128115)	(123, 0.000402887)	(124, 8.4286e-05)	(125, 0.0075334799999999995)	(126, 0.164162)	(127, 1.6857200000000002e-05)	(128, 0.000761945)	(129, 0.00240721)	(130, 1.51715e-05)	(131, 0.000649002)	(132, 0.00074846)	(133, 0.00120529)	(134, 0.0335981)	(135, 0.0175231)	(136, 3.87716e-05)	(137, 0.00045177300000000004)	(138, 0.0)	(139, 0.000133172)	(140, 0.0)	(141, 0.179971)	(142, 0.00276289)	(143, 0.0)	(144, 0.00258084)	(145, 0.0135667)	(146, 3.3714400000000004e-05)	(147, 7.585739999999999e-05)	(148, 0.000510773)	(149, 0.0202489)	(150, 6.40573e-05)	(151, 1.0114299999999999e-05)
reports | SRR35329991	(1, 0.0446223)	(2, 0.00630498)	(3, 1.51854e-05)	(4, 0.000492007)	(5, 0.0848424)	(6, 4.55562e-06)	(7, 4.55562e-06)	(8, 0.0115379)	(9, 0.0)	(10, 5.9223100000000006e-05)	(11, 1.0629800000000001e-05)	(12, 0.00235526)	(13, 0.00021107700000000003)	(14, 0.0367532)	(15, 0.0)	(16, 0.0123473)	(17, 0.165604)	(18, 0.254299)	(19, 0.0)	(20, 0.0019877700000000002)	(21, 0.00281082)	(22, 0.0)	(23, 0.00111613)	(24, 1.5185399999999998e-06)	(25, 0.0)	(26, 0.0)	(27, 0.0218761)	(28, 0.0967538)	(29, 4.55562e-06)	(30, 0.005155450000000001)	(31, 0.0)	(32, 0.00106905)	(33, 0.0058479)	(34, 0.00499904)	(35, 4.10006e-05)	(36, 0.0162955)	(37, 0.014093600000000001)	(38, 0.0)	(39, 0.0)	(40, 0.00174025)	(41, 4.10006e-05)	(42, 0.000611972)	(43, 0.0171124)	(44, 0.0028320800000000003)	(45, 6.83343e-05)	(46, 0.0)	(47, 0.0)	(48, 0.00108424)	(49, 0.00041759899999999994)	(50, 0.0832752)	(51, 0.0)	(52, 0.0828121)	(53, 0.00849016)	(54, 0.027438499999999998)	(55, 0.019062199999999998)	(56, 1.51854e-05)	(57, 0.16412200000000002)	(58, 0.16471)	(59, 0.0839039)	(60, 0.08353189999999999)	(61, 0.0848333)	(62, 0.166356)	(63, 0.00221251)	(64, 0.0)	(65, 0.00151095)	(66, 1.0629800000000001e-05)	(67, 0.0)	(68, 0.00025967)	(69, 0.00071827)	(70, 0.0027516)	(71, 0.00407121)	(72, 0.00195588)	(73, 0.00035381999999999997)	(74, 0.0)	(75, 6.98529e-05)	(76, 0.00131354)	(77, 0.168929)	(78, 0.0008397529999999999)	(79, 0.00128772)	(80, 0.0)	(81, 0.0)	(82, 0.000874679)	(83, 0.0010887899999999999)	(84, 9.11124e-06)	(85, 0.0)	(86, 0.00025359600000000003)	(87, 0.00376294)	(88, 0.0024737)	(89, 0.0)	(90, 0.00282904)	(91, 1.6703899999999998e-05)	(92, 0.0)	(93, 0.0)	(94, 0.0234296)	(95, 7.5927e-06)	(96, 0.00133632)	(97, 1.6703899999999998e-05)	(98, 0.0035518700000000004)	(99, 0.157157)	(100, 0.08335569999999999)	(101, 0.0)	(102, 0.0)	(103, 0.0111355)	(104, 7.5927e-06)	(105, 0.00116016)	(106, 0.00243726)	(107, 0.0)	(108, 0.0120344)	(109, 0.007149289999999999)	(110, 0.00795412)	(111, 0.0029991199999999997)	(112, 0.0)	(113, 0.0023643699999999998)	(114, 0.000736492)	(115, 6.22602e-05)	(116, 0.0223393)	(117, 0.000605898)	(118, 0.016300000000000002)	(119, 0.0)	(120, 0.0)	(121, 0.00013970600000000002)	(122, 0.0012436799999999998)	(123, 0.00039482099999999995)	(124, 6.37787e-05)	(125, 0.00758967)	(126, 0.163416)	(127, 1.36669e-05)	(128, 0.000809382)	(129, 0.00235222)	(130, 2.1259600000000002e-05)	(131, 0.000651454)	(132, 0.0006560100000000001)	(133, 0.0011829400000000002)	(134, 0.033707)	(135, 0.0172901)	(136, 4.40377e-05)	(137, 0.00044189500000000004)	(138, 0.0)	(139, 0.000132113)	(140, 0.0)	(141, 0.179194)	(142, 0.00256178)	(143, 0.0)	(144, 0.00269997)	(145, 0.0135484)	(146, 3.6445e-05)	(147, 9.71866e-05)	(148, 0.000447969)	(149, 0.0203029)	(150, 5.1630400000000006e-05)	(151, 1.21483e-05)
reports | SRR35329992	(1, 0.044357)	(2, 0.006277039999999999)	(3, 6.46584e-06)	(4, 0.00043191800000000005)	(5, 0.0847775)	(6, 0.0)	(7, 3.8795e-06)	(8, 0.0110411)	(9, 0.0)	(10, 5.172670000000001e-05)	(11, 5.17267e-06)	(12, 0.00223977)	(13, 0.00019397499999999999)	(14, 0.036493199999999996)	(15, 0.0)	(16, 0.0115493)	(17, 0.165403)	(18, 0.257737)	(19, 0.0)	(20, 0.00212209)	(21, 0.0028074700000000003)	(22, 0.0)	(23, 0.00119359)	(24, 2.58634e-06)	(25, 0.0)	(26, 0.0)	(27, 0.0214394)	(28, 0.0951306)	(29, 1.29317e-06)	(30, 0.00516491)	(31, 0.0)	(32, 0.00105781)	(33, 0.00530328)	(34, 0.00491533)	(35, 3.62087e-05)	(36, 0.0158827)	(37, 0.013154099999999998)	(38, 0.0)	(39, 0.0)	(40, 0.00184406)	(41, 1.93975e-05)	(42, 0.000460368)	(43, 0.0169172)	(44, 0.00281523)	(45, 6.20721e-05)	(46, 0.0)	(47, 0.0)	(48, 0.000951772)	(49, 0.00036338)	(50, 0.08453959999999999)	(51, 0.0)	(52, 0.0833938)	(53, 0.00841335)	(54, 0.0272173)	(55, 0.017750000000000002)	(56, 6.46584e-06)	(57, 0.164183)	(58, 0.16658499999999998)	(59, 0.08419299999999999)	(60, 0.0831468)	(61, 0.0847594)	(62, 0.166168)	(63, 0.00231477)	(64, 0.0)	(65, 0.0014199)	(66, 7.75901e-06)	(67, 0.0)	(68, 0.00020044100000000001)	(69, 0.000637532)	(70, 0.0026885)	(71, 0.0041265)	(72, 0.00170052)	(73, 0.000372432)	(74, 0.0)	(75, 5.5606199999999996e-05)	(76, 0.00136817)	(77, 0.16827599999999998)	(78, 0.000740985)	(79, 0.00127377)	(80, 0.0)	(81, 0.0)	(82, 0.000890993)	(83, 0.00108238)	(84, 6.46584e-06)	(85, 0.0)	(86, 0.000249581)	(87, 0.00377864)	(88, 0.00223201)	(89, 0.0)	(90, 0.0028604900000000003)	(91, 9.05218e-06)	(92, 0.0)	(93, 0.0)	(94, 0.0229925)	(95, 6.46584e-06)	(96, 0.00124403)	(97, 7.75901e-06)	(98, 0.00359501)	(99, 0.154753)	(100, 0.082874)	(101, 0.0)	(102, 0.0)	(103, 0.0110268)	(104, 3.8795e-06)	(105, 0.000978928)	(106, 0.00258634)	(107, 0.0)	(108, 0.011504)	(109, 0.00688871)	(110, 0.00740985)	(111, 0.00296006)	(112, 0.0)	(113, 0.00248547)	(114, 0.000765556)	(115, 4.00882e-05)	(116, 0.0216968)	(117, 0.000574167)	(118, 0.0151197)	(119, 0.0)	(120, 0.0)	(121, 0.000107333)	(122, 0.00133326)	(123, 0.000360794)	(124, 7.112419999999999e-05)	(125, 0.00733873)	(126, 0.165204)	(127, 5.17267e-06)	(128, 0.0007952980000000001)	(129, 0.00237555)	(130, 1.16385e-05)	(131, 0.000559942)	(132, 0.0006672749999999999)	(133, 0.00125567)	(134, 0.0335435)	(135, 0.016375400000000002)	(136, 3.8795e-05)	(137, 0.000413814)	(138, 0.0)	(139, 8.40559e-05)	(140, 0.0)	(141, 0.180343)	(142, 0.00249064)	(143, 0.0)	(144, 0.00220097)	(145, 0.0135511)	(146, 2.5863399999999997e-05)	(147, 7.88833e-05)	(148, 0.00039183)	(149, 0.0201437)	(150, 3.2329199999999995e-05)	(151, 6.46584e-06)
reports | SRR35329993	(1, 0.0444041)	(2, 0.006250319999999999)	(3, 1.07251e-05)	(4, 0.00046236899999999996)	(5, 0.08598399999999999)	(6, 1.19167e-06)	(7, 3.5750199999999998e-06)	(8, 0.010884699999999999)	(9, 0.0)	(10, 6.1967e-05)	(11, 9.53338e-06)	(12, 0.00217242)	(13, 0.000184709)	(14, 0.0363794)	(15, 0.0)	(16, 0.0118452)	(17, 0.164814)	(18, 0.253316)	(19, 0.0)	(20, 0.00192217)	(21, 0.00270748)	(22, 1.19167e-06)	(23, 0.00106059)	(24, 0.0)	(25, 0.0)	(26, 0.0)	(27, 0.0217516)	(28, 0.0952171)	(29, 1.19167e-06)	(30, 0.00494306)	(31, 0.0)	(32, 0.0010105399999999999)	(33, 0.00538875)	(34, 0.00500979)	(35, 3.45585e-05)	(36, 0.0159041)	(37, 0.0134707)	(38, 0.0)	(39, 0.0)	(40, 0.0016742999999999999)	(41, 3.69419e-05)	(42, 0.00046475199999999997)	(43, 0.0165678)	(44, 0.00286002)	(45, 6.07753e-05)	(46, 0.0)	(47, 0.0)	(48, 0.00091163)	(49, 0.00039206)	(50, 0.0845564)	(51, 0.0)	(52, 0.0828201)	(53, 0.00817964)	(54, 0.027193999999999996)	(55, 0.0180205)	(56, 1.19167e-05)	(57, 0.16455899999999998)	(58, 0.166857)	(59, 0.0846159)	(60, 0.083211)	(61, 0.08473750000000001)	(62, 0.166406)	(63, 0.00211164)	(64, 0.0)	(65, 0.0013525499999999999)	(66, 3.5750199999999998e-06)	(67, 0.0)	(68, 0.00022522600000000003)	(69, 0.000601795)	(70, 0.00278136)	(71, 0.003892)	(72, 0.0017374600000000001)	(73, 0.000389677)	(74, 0.0)	(75, 6.07753e-05)	(76, 0.00126198)	(77, 0.16833099999999998)	(78, 0.0007078540000000001)	(79, 0.00137638)	(80, 0.0)	(81, 0.0)	(82, 0.000804379)	(83, 0.00108085)	(84, 7.1500399999999996e-06)	(85, 0.0)	(86, 0.000269318)	(87, 0.0036298399999999996)	(88, 0.00226537)	(89, 0.0)	(90, 0.00267411)	(91, 5.95837e-06)	(92, 0.0)	(93, 0.0)	(94, 0.022480899999999998)	(95, 5.95837e-06)	(96, 0.00130965)	(97, 8.34171e-06)	(98, 0.00337363)	(99, 0.160885)	(100, 0.0832836)	(101, 0.0)	(102, 0.0)	(103, 0.0107155)	(104, 9.53338e-06)	(105, 0.0012369599999999998)	(106, 0.0023654699999999997)	(107, 0.0)	(108, 0.0116021)	(109, 0.0070928399999999996)	(110, 0.007468209999999999)	(111, 0.00306617)	(112, 0.0)	(113, 0.00233568)	(114, 0.000769821)	(115, 5.7200299999999995e-05)	(116, 0.021400100000000002)	(117, 0.00060537)	(118, 0.015478599999999999)	(119, 0.0)	(120, 0.0)	(121, 0.000132276)	(122, 0.0012202699999999999)	(123, 0.00039206)	(124, 7.74587e-05)	(125, 0.0073705)	(126, 0.16561499999999998)	(127, 1.78751e-05)	(128, 0.000796038)	(129, 0.00223796)	(130, 2.26418e-05)	(131, 0.000630395)	(132, 0.000726921)	(133, 0.00109991)	(134, 0.033405000000000004)	(135, 0.0166262)	(136, 4.05169e-05)	(137, 0.00040874400000000006)	(138, 0.0)	(139, 0.00011916699999999999)	(140, 0.0)	(141, 0.179496)	(142, 0.00259189)	(143, 0.0)	(144, 0.00254422)	(145, 0.013193)	(146, 1.54917e-05)	(147, 7.86504e-05)	(148, 0.00048501100000000004)	(149, 0.019547)	(150, 5.1241899999999995e-05)	(151, 7.1500399999999996e-06)
reports | SRR35329994	(1, 0.0446117)	(2, 0.00641116)	(3, 7.742940000000001e-06)	(4, 0.00046612499999999996)	(5, 0.0854124)	(6, 3.0971799999999996e-06)	(7, 3.0971799999999996e-06)	(8, 0.0111684)	(9, 0.0)	(10, 7.12351e-05)	(11, 1.39373e-05)	(12, 0.00233992)	(13, 0.00021370500000000001)	(14, 0.0367341)	(15, 0.0)	(16, 0.0122339)	(17, 0.16407100000000002)	(18, 0.253628)	(19, 0.0)	(20, 0.00209679)	(21, 0.0028525)	(22, 0.0)	(23, 0.0011815699999999998)	(24, 3.0971799999999996e-06)	(25, 0.0)	(26, 0.0)	(27, 0.0221138)	(28, 0.0957632)	(29, 3.0971799999999996e-06)	(30, 0.00518468)	(31, 0.0)	(32, 0.00107782)	(33, 0.00569726)	(34, 0.00500968)	(35, 2.32288e-05)	(36, 0.0164027)	(37, 0.0139094)	(38, 0.0)	(39, 0.0)	(40, 0.00181649)	(41, 4.64577e-05)	(42, 0.000545103)	(43, 0.016888900000000002)	(44, 0.00287108)	(45, 8.6721e-05)	(46, 4.64577e-06)	(47, 0.0)	(48, 0.000952382)	(49, 0.000380953)	(50, 0.0840156)	(51, 0.0)	(52, 0.0814372)	(53, 0.00846459)	(54, 0.0275989)	(55, 0.018883499999999998)	(56, 1.08401e-05)	(57, 0.16270600000000002)	(58, 0.164846)	(59, 0.0828294)	(60, 0.0828294)	(61, 0.0841627)	(62, 0.165841)	(63, 0.00227333)	(64, 0.0)	(65, 0.00146342)	(66, 4.64577e-06)	(67, 0.0)	(68, 0.000236934)	(69, 0.000661247)	(70, 0.00280295)	(71, 0.00407898)	(72, 0.00181804)	(73, 0.000396439)	(74, 0.0)	(75, 7.27837e-05)	(76, 0.0013457200000000001)	(77, 0.166668)	(78, 0.0007665510000000001)	(79, 0.00141076)	(80, 3.0971799999999996e-06)	(81, 0.0)	(82, 0.000865661)	(83, 0.0010995)	(84, 1.08401e-05)	(85, 0.0)	(86, 0.00027100299999999997)	(87, 0.00379559)	(88, 0.00234611)	(89, 0.0)	(90, 0.00288192)	(91, 1.39373e-05)	(92, 0.0)	(93, 0.0)	(94, 0.0231979)	(95, 7.742940000000001e-06)	(96, 0.00130701)	(97, 1.70345e-05)	(98, 0.0035787899999999997)	(99, 0.159618)	(100, 0.083311)	(101, 0.0)	(102, 0.0)	(103, 0.0110414)	(104, 6.194359999999999e-06)	(105, 0.00108091)	(106, 0.00253194)	(107, 0.0)	(108, 0.012003100000000001)	(109, 0.007187)	(110, 0.007780110000000001)	(111, 0.00307705)	(112, 0.0)	(113, 0.00247774)	(114, 0.000752614)	(115, 3.71661e-05)	(116, 0.022135500000000002)	(117, 0.000596207)	(118, 0.0161224)	(119, 0.0)	(120, 0.0)	(121, 9.910970000000001e-05)	(122, 0.00133024)	(123, 0.00038714699999999996)	(124, 8.36238e-05)	(125, 0.0074007100000000004)	(126, 0.163515)	(127, 4.64577e-06)	(128, 0.000744871)	(129, 0.0024281899999999998)	(130, 7.742940000000001e-06)	(131, 0.000605498)	(132, 0.0007588079999999999)	(133, 0.00123423)	(134, 0.0336741)	(135, 0.0173705)	(136, 5.57492e-05)	(137, 0.000464577)	(138, 0.0)	(139, 9.910970000000001e-05)	(140, 1.5485899999999998e-06)	(141, 0.178706)	(142, 0.0026325999999999997)	(143, 0.0)	(144, 0.0025118099999999997)	(145, 0.013528499999999999)	(146, 2.32288e-05)	(147, 8.20752e-05)	(148, 0.000371661)	(149, 0.020127)	(150, 6.96865e-05)	(151, 1.23887e-05)
reports | SRR35329995	(1, 0.045014900000000004)	(2, 0.0062718800000000005)	(3, 1.34847e-05)	(4, 0.000471964)	(5, 0.0852442)	(6, 4.49489e-06)	(7, 1.4983e-06)	(8, 0.010963)	(9, 0.0)	(10, 6.892170000000001e-05)	(11, 7.49149e-06)	(12, 0.00223097)	(13, 0.000191782)	(14, 0.0365315)	(15, 0.0)	(16, 0.012428400000000001)	(17, 0.165721)	(18, 0.254242)	(19, 0.0)	(20, 0.00208863)	(21, 0.00283478)	(22, 0.0)	(23, 0.0011207300000000001)	(24, 1.4983e-06)	(25, 0.0)	(26, 0.0)	(27, 0.0218452)	(28, 0.0958896)	(29, 2.9966e-06)	(30, 0.00500731)	(31, 0.0)	(32, 0.00103083)	(33, 0.0056366)	(34, 0.00502979)	(35, 3.1464299999999996e-05)	(36, 0.0161591)	(37, 0.014129)	(38, 0.0)	(39, 0.0)	(40, 0.0017799799999999998)	(41, 3.74575e-05)	(42, 0.00051092)	(43, 0.0167225)	(44, 0.00280931)	(45, 5.84336e-05)	(46, 1.4983e-06)	(47, 0.0)	(48, 0.00099487)	(49, 0.00039555100000000006)	(50, 0.0849969)	(51, 0.0)	(52, 0.0825487)	(53, 0.00833503)	(54, 0.027567200000000004)	(55, 0.0193041)	(56, 1.19864e-05)	(57, 0.163473)	(58, 0.165646)	(59, 0.08314210000000001)	(60, 0.0830626)	(61, 0.0837084)	(62, 0.16569499999999998)	(63, 0.00226692)	(64, 0.0)	(65, 0.0014129)	(66, 4.49489e-06)	(67, 0.0)	(68, 0.000257707)	(69, 0.000662248)	(70, 0.00276586)	(71, 0.00396599)	(72, 0.0018848600000000001)	(73, 0.000380568)	(74, 0.0)	(75, 5.3938700000000006e-05)	(76, 0.0012930300000000001)	(77, 0.169016)	(78, 0.000762634)	(79, 0.00129902)	(80, 1.4983e-06)	(81, 0.0)	(82, 0.0008570260000000001)	(83, 0.00112372)	(84, 1.04881e-05)	(85, 0.0)	(86, 0.000283178)	(87, 0.00375923)	(88, 0.00231637)	(89, 0.0)	(90, 0.00282729)	(91, 5.993190000000001e-06)	(92, 0.0)	(93, 0.0)	(94, 0.0227816)	(95, 5.993190000000001e-06)	(96, 0.00132599)	(97, 1.19864e-05)	(98, 0.00349553)	(99, 0.15974)	(100, 0.0825982)	(101, 0.0)	(102, 0.0)	(103, 0.010817700000000001)	(104, 5.993190000000001e-06)	(105, 0.0011447)	(106, 0.00253212)	(107, 0.0)	(108, 0.0117646)	(109, 0.0072038200000000005)	(110, 0.0076383200000000005)	(111, 0.00305503)	(112, 0.0)	(113, 0.00247669)	(114, 0.000803088)	(115, 5.69353e-05)	(116, 0.021974)	(117, 0.000603814)	(118, 0.0164124)	(119, 0.0)	(120, 0.0)	(121, 0.000124359)	(122, 0.00126756)	(123, 0.000386561)	(124, 7.191829999999999e-05)	(125, 0.0074540299999999995)	(126, 0.16432)	(127, 1.64813e-05)	(128, 0.000786606)	(129, 0.00234184)	(130, 2.54711e-05)	(131, 0.000617299)	(132, 0.000663746)	(133, 0.00122261)	(134, 0.0336053)	(135, 0.0175331)	(136, 5.09421e-05)	(137, 0.000447991)	(138, 0.0)	(139, 9.73894e-05)	(140, 0.0)	(141, 0.179841)	(142, 0.00259056)	(143, 0.0)	(144, 0.00244822)	(145, 0.0132345)	(146, 3.44609e-05)	(147, 8.98979e-05)	(148, 0.000462974)	(149, 0.0198689)	(150, 4.9443799999999996e-05)	(151, 1.19864e-05)
reports | SRR35329996	(1, 0.0412442)	(2, 0.00586252)	(3, 1.72151e-05)	(4, 0.000375602)	(5, 0.08622099999999999)	(6, 7.82505e-06)	(7, 1.56501e-06)	(8, 0.0102852)	(9, 0.0)	(10, 5.4775300000000004e-05)	(11, 4.69503e-06)	(12, 0.0021112)	(13, 0.00016276099999999998)	(14, 0.036090699999999996)	(15, 0.0)	(16, 0.011025499999999999)	(17, 0.165744)	(18, 0.25645)	(19, 0.0)	(20, 0.0019202700000000002)	(21, 0.00256505)	(22, 0.0)	(23, 0.00111898)	(24, 4.69503e-06)	(25, 0.0)	(26, 0.0)	(27, 0.0211871)	(28, 0.0946408)	(29, 0.0)	(30, 0.00461052)	(31, 0.0)	(32, 0.000998476)	(33, 0.00518957)	(34, 0.00455887)	(35, 3.44302e-05)	(36, 0.015841)	(37, 0.012487199999999999)	(38, 0.0)	(39, 0.0)	(40, 0.00169177)	(41, 2.97352e-05)	(42, 0.000438203)	(43, 0.0158927)	(44, 0.00255096)	(45, 5.1645300000000005e-05)	(46, 0.0)	(47, 0.0)	(48, 0.0007872)	(49, 0.000353692)	(50, 0.0840019)	(51, 0.0)	(52, 0.08346039999999999)	(53, 0.007892340000000001)	(54, 0.027254599999999997)	(55, 0.017093)	(56, 2.0345100000000003e-05)	(57, 0.16501300000000002)	(58, 0.165428)	(59, 0.0833774)	(60, 0.0838767)	(61, 0.0846983)	(62, 0.167143)	(63, 0.00212372)	(64, 0.0)	(65, 0.00134278)	(66, 4.69503e-06)	(67, 0.0)	(68, 0.00023631599999999998)	(69, 0.000502368)	(70, 0.00242107)	(71, 0.0036887300000000003)	(72, 0.00148519)	(73, 0.00036308200000000003)	(74, 0.0)	(75, 4.69503e-05)	(76, 0.00122384)	(77, 0.170697)	(78, 0.000588443)	(79, 0.00122071)	(80, 3.13002e-06)	(81, 0.0)	(82, 0.000816935)	(83, 0.000978131)	(84, 3.13002e-06)	(85, 0.0)	(86, 0.00021127600000000001)	(87, 0.00343832)	(88, 0.0020439)	(89, 0.0)	(90, 0.00257131)	(91, 1.09551e-05)	(92, 0.0)	(93, 0.0)	(94, 0.0219054)	(95, 4.69503e-06)	(96, 0.00121758)	(97, 3.13002e-06)	(98, 0.00321922)	(99, 0.155778)	(100, 0.0831787)	(101, 0.0)	(102, 0.0)	(103, 0.0102618)	(104, 1.56501e-05)	(105, 0.0008920550000000001)	(106, 0.00233343)	(107, 0.0)	(108, 0.0113573)	(109, 0.006546430000000001)	(110, 0.00674988)	(111, 0.00275598)	(112, 0.0)	(113, 0.00225987)	(114, 0.000665129)	(115, 5.94703e-05)	(116, 0.020775500000000002)	(117, 0.000499238)	(118, 0.0145452)	(119, 0.0)	(120, 0.0)	(121, 0.000126766)	(122, 0.0012441800000000001)	(123, 0.00030987200000000004)	(124, 4.53853e-05)	(125, 0.00661216)	(126, 0.164146)	(127, 2.0345100000000003e-05)	(128, 0.000685474)	(129, 0.00220353)	(130, 2.5040099999999998e-05)	(131, 0.000557143)	(132, 0.000630699)	(133, 0.0011675)	(134, 0.0336007)	(135, 0.0156016)	(136, 2.81702e-05)	(137, 0.00042255200000000003)	(138, 0.0)	(139, 0.000103291)	(140, 0.0)	(141, 0.179214)	(142, 0.00224109)	(143, 0.0)	(144, 0.00206268)	(145, 0.0126828)	(146, 1.56501e-05)	(147, 9.233550000000001e-05)	(148, 0.000352127)	(149, 0.0192277)	(150, 3.75602e-05)	(151, 3.13002e-06)
