Sample	0	1	2	3	4	5	6	7	8	9	10	11	12	13	14	15	16	17	18	19	20	21	22	23	24	25	26	27	28	29	30	31	32	33	34	35	36	37	38	39	40	41	42	43	44	45	46	47	48	49	50	51	52	53	54	55	56	57	58	59	60	61	62	63	64	65	66	67	68	69	70	71	72	73	74	75	76	77	78	79	80	81	82	83	84	85	86	87	88	89	90	91	92	93	94	95	96	97	98	99	100
fastp | SRR35329977_1	(0.0, 9.0)	(1.0, 7.0)	(2.0, 6.0)	(3.0, 6.0)	(4.0, 4.5)	(5.0, 4.5)	(6.0, 8.5)	(7.0, 12.0)	(8.0, 13.5)	(9.0, 19.5)	(10.0, 33.5)	(11.0, 53.0)	(12.0, 188.5)	(13.0, 320.5)	(14.0, 372.5)	(15.0, 588.5)	(16.0, 1127.5)	(17.0, 1991.0)	(18.0, 3340.0)	(19.0, 5728.5)	(20.0, 10673.5)	(21.0, 18218.5)	(22.0, 28367.5)	(23.0, 44203.0)	(24.0, 69186.5)	(25.0, 104004.5)	(26.0, 150259.5)	(27.0, 210811.5)	(28.0, 287675.0)	(29.0, 388509.0)	(30.0, 508202.0)	(31.0, 636101.0)	(32.0, 776059.5)	(33.0, 934025.5)	(34.0, 1089241.5)	(35.0, 1245858.5)	(36.0, 1438823.0)	(37.0, 1629964.0)	(38.0, 1786822.5)	(39.0, 1945158.0)	(40.0, 2088772.0)	(41.0, 2223229.5)	(42.0, 2384858.0)	(43.0, 2562188.0)	(44.0, 2739575.0)	(45.0, 2917595.0)	(46.0, 3099061.0)	(47.0, 3274164.5)	(48.0, 3443536.5)	(49.0, 3577658.5)	(50.0, 3679351.0)	(51.0, 3792867.5)	(52.0, 3885793.0)	(53.0, 3898898.0)	(54.0, 3853617.5)	(55.0, 3758700.5)	(56.0, 3597116.5)	(57.0, 3379168.0)	(58.0, 3101159.5)	(59.0, 2775310.0)	(60.0, 2435839.5)	(61.0, 2083915.5)	(62.0, 1748876.5)	(63.0, 1440817.0)	(64.0, 1147383.5)	(65.0, 897775.0)	(66.0, 710492.0)	(67.0, 575202.0)	(68.0, 468718.5)	(69.0, 386317.5)	(70.0, 316736.5)	(71.0, 270466.5)	(72.0, 242118.0)	(73.0, 207436.0)	(74.0, 175239.0)	(75.0, 154180.0)	(76.0, 136495.0)	(77.0, 117776.0)	(78.0, 100039.0)	(79.0, 85911.5)	(80.0, 76242.5)	(81.0, 65149.5)	(82.0, 54667.0)	(83.0, 43229.0)	(84.0, 28648.0)	(85.0, 18162.0)	(86.0, 10511.5)	(87.0, 5254.5)	(88.0, 2557.0)	(89.0, 1218.0)	(90.0, 479.5)	(91.0, 152.0)	(92.0, 46.5)	(93.0, 18.5)	(94.0, 10.0)	(95.0, 10.5)	(96.0, 14.0)	(97.0, 21.0)	(98.0, 186.5)	(99.0, 272.5)	(100.0, 107.5)
fastp | SRR35329977_2	(0.0, 30.0)	(1.0, 41.5)	(2.0, 32.5)	(3.0, 14.5)	(4.0, 17.0)	(5.0, 16.5)	(6.0, 21.0)	(7.0, 30.5)	(8.0, 39.5)	(9.0, 51.5)	(10.0, 69.5)	(11.0, 105.5)	(12.0, 146.5)	(13.0, 233.0)	(14.0, 417.0)	(15.0, 631.5)	(16.0, 999.0)	(17.0, 1695.5)	(18.0, 2851.5)	(19.0, 4867.0)	(20.0, 8823.5)	(21.0, 15442.0)	(22.0, 25679.5)	(23.0, 40070.5)	(24.0, 60441.0)	(25.0, 89739.5)	(26.0, 133513.5)	(27.0, 194741.5)	(28.0, 270899.5)	(29.0, 367723.5)	(30.0, 478692.5)	(31.0, 604200.5)	(32.0, 747297.0)	(33.0, 889806.0)	(34.0, 1029167.0)	(35.0, 1181116.5)	(36.0, 1355529.5)	(37.0, 1527475.0)	(38.0, 1688800.5)	(39.0, 1849051.0)	(40.0, 1988304.5)	(41.0, 2120498.0)	(42.0, 2277658.0)	(43.0, 2442353.5)	(44.0, 2618400.0)	(45.0, 2813455.5)	(46.0, 2994145.0)	(47.0, 3153241.5)	(48.0, 3304757.5)	(49.0, 3472985.5)	(50.0, 3627179.5)	(51.0, 3713844.0)	(52.0, 3776711.0)	(53.0, 3821456.0)	(54.0, 3818986.0)	(55.0, 3754329.5)	(56.0, 3618634.5)	(57.0, 3426702.5)	(58.0, 3175858.5)	(59.0, 2871216.0)	(60.0, 2538996.5)	(61.0, 2214695.5)	(62.0, 1896154.0)	(63.0, 1575545.5)	(64.0, 1276499.5)	(65.0, 1032665.5)	(66.0, 842933.0)	(67.0, 690009.5)	(68.0, 567760.5)	(69.0, 471259.5)	(70.0, 398627.5)	(71.0, 346755.0)	(72.0, 307287.5)	(73.0, 272977.0)	(74.0, 241532.5)	(75.0, 214274.0)	(76.0, 193983.5)	(77.0, 173716.0)	(78.0, 151028.5)	(79.0, 128672.5)	(80.0, 110636.0)	(81.0, 97040.0)	(82.0, 82695.5)	(83.0, 65697.5)	(84.0, 48337.5)	(85.0, 34598.0)	(86.0, 23082.5)	(87.0, 13268.0)	(88.0, 6630.0)	(89.0, 2825.0)	(90.0, 1229.5)	(91.0, 609.0)	(92.0, 430.0)	(93.0, 365.0)	(94.0, 361.0)	(95.0, 348.0)	(96.0, 341.5)	(97.0, 340.5)	(98.0, 342.0)	(99.0, 406.5)	(100.0, 1598.5)
fastp | SRR35329978_1	(0.0, 14.0)	(1.0, 9.0)	(2.0, 3.5)	(3.0, 3.0)	(4.0, 4.0)	(5.0, 4.5)	(6.0, 4.0)	(7.0, 4.0)	(8.0, 11.0)	(9.0, 23.0)	(10.0, 25.5)	(11.0, 37.0)	(12.0, 137.5)	(13.0, 213.0)	(14.0, 245.5)	(15.0, 377.0)	(16.0, 696.0)	(17.0, 1231.5)	(18.0, 2091.5)	(19.0, 3512.0)	(20.0, 6487.5)	(21.0, 11133.5)	(22.0, 17439.5)	(23.0, 27075.0)	(24.0, 42027.0)	(25.0, 63184.0)	(26.0, 91843.0)	(27.0, 129871.5)	(28.0, 177878.5)	(29.0, 242604.5)	(30.0, 322387.5)	(31.0, 411289.5)	(32.0, 511942.0)	(33.0, 623662.5)	(34.0, 731309.0)	(35.0, 839863.5)	(36.0, 973554.5)	(37.0, 1106290.5)	(38.0, 1214041.5)	(39.0, 1319112.0)	(40.0, 1413743.0)	(41.0, 1506629.5)	(42.0, 1619818.0)	(43.0, 1744685.5)	(44.0, 1869903.5)	(45.0, 1991055.0)	(46.0, 2110802.5)	(47.0, 2226629.0)	(48.0, 2342967.0)	(49.0, 2442071.0)	(50.0, 2528936.5)	(51.0, 2619685.0)	(52.0, 2672162.0)	(53.0, 2670684.5)	(54.0, 2641877.5)	(55.0, 2584050.5)	(56.0, 2476951.5)	(57.0, 2319925.5)	(58.0, 2126058.0)	(59.0, 1900292.5)	(60.0, 1670345.5)	(61.0, 1437059.5)	(62.0, 1207733.5)	(63.0, 994335.0)	(64.0, 792884.0)	(65.0, 622065.0)	(66.0, 492538.5)	(67.0, 400832.0)	(68.0, 331754.5)	(69.0, 277422.5)	(70.0, 229967.0)	(71.0, 199673.0)	(72.0, 181987.0)	(73.0, 156814.0)	(74.0, 132539.5)	(75.0, 118132.5)	(76.0, 107029.0)	(77.0, 93923.5)	(78.0, 79858.5)	(79.0, 69290.5)	(80.0, 62869.5)	(81.0, 54561.5)	(82.0, 47402.0)	(83.0, 38658.0)	(84.0, 26067.5)	(85.0, 17255.5)	(86.0, 10303.5)	(87.0, 5028.0)	(88.0, 2443.5)	(89.0, 1193.5)	(90.0, 511.0)	(91.0, 166.0)	(92.0, 43.0)	(93.0, 21.0)	(94.0, 17.0)	(95.0, 16.0)	(96.0, 12.0)	(97.0, 11.5)	(98.0, 107.0)	(99.0, 137.5)	(100.0, 40.5)
fastp | SRR35329978_2	(0.0, 19.0)	(1.0, 28.0)	(2.0, 22.0)	(3.0, 9.5)	(4.0, 12.0)	(5.0, 14.5)	(6.0, 19.5)	(7.0, 25.0)	(8.0, 31.0)	(9.0, 35.0)	(10.0, 45.5)	(11.0, 65.5)	(12.0, 94.0)	(13.0, 157.0)	(14.0, 262.0)	(15.0, 384.0)	(16.0, 632.5)	(17.0, 1077.0)	(18.0, 1745.5)	(19.0, 3048.5)	(20.0, 5491.5)	(21.0, 9484.5)	(22.0, 15659.5)	(23.0, 24409.5)	(24.0, 36666.5)	(25.0, 54418.5)	(26.0, 81011.0)	(27.0, 118455.5)	(28.0, 165822.0)	(29.0, 228759.0)	(30.0, 304065.5)	(31.0, 392025.5)	(32.0, 494937.5)	(33.0, 596106.0)	(34.0, 692950.0)	(35.0, 800197.5)	(36.0, 921524.5)	(37.0, 1039419.0)	(38.0, 1149734.5)	(39.0, 1258456.5)	(40.0, 1352158.0)	(41.0, 1442374.5)	(42.0, 1551407.5)	(43.0, 1665612.0)	(44.0, 1835373.5)	(45.0, 2019275.0)	(46.0, 2102202.5)	(47.0, 2165393.0)	(48.0, 2263411.0)	(49.0, 2358303.0)	(50.0, 2444997.0)	(51.0, 2520045.0)	(52.0, 2583629.0)	(53.0, 2618199.0)	(54.0, 2611566.0)	(55.0, 2562152.0)	(56.0, 2468541.0)	(57.0, 2336463.5)	(58.0, 2163793.0)	(59.0, 1953576.0)	(60.0, 1729097.5)	(61.0, 1508727.0)	(62.0, 1289425.0)	(63.0, 1069394.5)	(64.0, 867843.5)	(65.0, 706478.5)	(66.0, 578925.5)	(67.0, 476753.5)	(68.0, 396374.5)	(69.0, 331997.0)	(70.0, 283228.5)	(71.0, 250335.0)	(72.0, 224781.0)	(73.0, 199596.5)	(74.0, 176424.0)	(75.0, 157291.5)	(76.0, 145117.5)	(77.0, 132237.0)	(78.0, 114589.0)	(79.0, 97831.5)	(80.0, 85700.0)	(81.0, 77560.5)	(82.0, 67976.0)	(83.0, 54371.0)	(84.0, 40584.0)	(85.0, 30338.0)	(86.0, 20697.5)	(87.0, 11880.5)	(88.0, 5822.5)	(89.0, 2372.0)	(90.0, 1041.0)	(91.0, 490.0)	(92.0, 318.5)	(93.0, 256.0)	(94.0, 241.5)	(95.0, 233.5)	(96.0, 235.0)	(97.0, 247.0)	(98.0, 240.0)	(99.0, 270.5)	(100.0, 997.0)
fastp | SRR35329979_1	(0.0, 15.0)	(1.0, 13.0)	(2.0, 8.5)	(3.0, 5.0)	(4.0, 6.5)	(5.0, 11.0)	(6.0, 12.0)	(7.0, 9.5)	(8.0, 17.5)	(9.0, 31.5)	(10.0, 44.0)	(11.0, 58.5)	(12.0, 167.0)	(13.0, 314.5)	(14.0, 429.5)	(15.0, 684.5)	(16.0, 1276.5)	(17.0, 2260.0)	(18.0, 3845.5)	(19.0, 6586.5)	(20.0, 12315.0)	(21.0, 21240.0)	(22.0, 33524.0)	(23.0, 52572.5)	(24.0, 81342.0)	(25.0, 121106.5)	(26.0, 173799.0)	(27.0, 241164.0)	(28.0, 321081.5)	(29.0, 417261.5)	(30.0, 528171.5)	(31.0, 644424.5)	(32.0, 770233.0)	(33.0, 914250.0)	(34.0, 1058442.0)	(35.0, 1206043.5)	(36.0, 1382806.5)	(37.0, 1557851.5)	(38.0, 1712444.5)	(39.0, 1869034.0)	(40.0, 2007413.0)	(41.0, 2139361.5)	(42.0, 2296770.5)	(43.0, 2477945.5)	(44.0, 2662543.0)	(45.0, 2842215.0)	(46.0, 3022615.0)	(47.0, 3196429.0)	(48.0, 3394022.5)	(49.0, 3556040.0)	(50.0, 3647898.0)	(51.0, 3757171.5)	(52.0, 3853681.0)	(53.0, 3868976.0)	(54.0, 3832518.0)	(55.0, 3755922.0)	(56.0, 3610887.0)	(57.0, 3401761.0)	(58.0, 3133991.0)	(59.0, 2814778.5)	(60.0, 2480355.0)	(61.0, 2134485.5)	(62.0, 1799422.0)	(63.0, 1485628.0)	(64.0, 1188109.0)	(65.0, 931279.0)	(66.0, 733020.5)	(67.0, 590634.0)	(68.0, 483075.0)	(69.0, 402819.5)	(70.0, 334115.5)	(71.0, 287200.0)	(72.0, 259327.5)	(73.0, 222617.0)	(74.0, 187642.5)	(75.0, 166116.0)	(76.0, 149121.0)	(77.0, 129925.5)	(78.0, 110166.5)	(79.0, 95060.0)	(80.0, 85972.0)	(81.0, 74830.5)	(82.0, 64802.0)	(83.0, 52942.0)	(84.0, 35705.5)	(85.0, 22965.5)	(86.0, 13134.5)	(87.0, 6194.5)	(88.0, 2876.0)	(89.0, 1432.0)	(90.0, 711.0)	(91.0, 254.5)	(92.0, 52.5)	(93.0, 25.5)	(94.0, 17.5)	(95.0, 15.0)	(96.0, 19.5)	(97.0, 27.5)	(98.0, 253.0)	(99.0, 408.5)	(100.0, 207.5)
fastp | SRR35329979_2	(0.0, 13.0)	(1.0, 15.0)	(2.0, 13.0)	(3.0, 12.5)	(4.0, 19.0)	(5.0, 20.0)	(6.0, 22.5)	(7.0, 28.5)	(8.0, 34.5)	(9.0, 41.0)	(10.0, 58.5)	(11.0, 94.5)	(12.0, 153.5)	(13.0, 257.0)	(14.0, 428.5)	(15.0, 684.0)	(16.0, 1109.5)	(17.0, 1854.5)	(18.0, 3037.0)	(19.0, 5244.5)	(20.0, 9382.0)	(21.0, 16528.0)	(22.0, 27732.5)	(23.0, 44022.5)	(24.0, 67292.5)	(25.0, 100603.5)	(26.0, 147578.0)	(27.0, 210863.5)	(28.0, 287520.5)	(29.0, 377196.5)	(30.0, 478333.5)	(31.0, 590810.0)	(32.0, 716876.0)	(33.0, 846061.5)	(34.0, 972741.5)	(35.0, 1108635.0)	(36.0, 1267477.5)	(37.0, 1433949.0)	(38.0, 1591602.5)	(39.0, 1745047.5)	(40.0, 1883758.5)	(41.0, 2016610.5)	(42.0, 2169525.0)	(43.0, 2334496.5)	(44.0, 2511920.5)	(45.0, 2708903.5)	(46.0, 2897228.0)	(47.0, 3065545.5)	(48.0, 3225451.5)	(49.0, 3397235.0)	(50.0, 3551450.0)	(51.0, 3652302.5)	(52.0, 3741830.0)	(53.0, 3810050.0)	(54.0, 3819174.5)	(55.0, 3772678.5)	(56.0, 3662567.5)	(57.0, 3489057.5)	(58.0, 3253261.5)	(59.0, 2958177.5)	(60.0, 2634306.5)	(61.0, 2311513.0)	(62.0, 1990033.5)	(63.0, 1663022.0)	(64.0, 1354861.5)	(65.0, 1099363.0)	(66.0, 896297.0)	(67.0, 731109.5)	(68.0, 601923.0)	(69.0, 501115.5)	(70.0, 424291.5)	(71.0, 370132.0)	(72.0, 329328.5)	(73.0, 293017.0)	(74.0, 259139.5)	(75.0, 229927.5)	(76.0, 208001.5)	(77.0, 189157.0)	(78.0, 166066.5)	(79.0, 140820.5)	(80.0, 121761.5)	(81.0, 108938.0)	(82.0, 95886.5)	(83.0, 79215.0)	(84.0, 59929.0)	(85.0, 43268.5)	(86.0, 28950.0)	(87.0, 16134.0)	(88.0, 7676.5)	(89.0, 3282.5)	(90.0, 1460.5)	(91.0, 733.5)	(92.0, 500.0)	(93.0, 414.5)	(94.0, 377.5)	(95.0, 364.5)	(96.0, 344.0)	(97.0, 374.0)	(98.0, 362.5)	(99.0, 369.5)	(100.0, 1260.0)
fastp | SRR35329980_1	(0.0, 7.0)	(1.0, 7.0)	(2.0, 4.0)	(3.0, 3.0)	(4.0, 3.0)	(5.0, 2.5)	(6.0, 4.5)	(7.0, 5.5)	(8.0, 8.0)	(9.0, 15.0)	(10.0, 24.0)	(11.0, 32.5)	(12.0, 54.5)	(13.0, 145.5)	(14.0, 216.5)	(15.0, 284.5)	(16.0, 526.5)	(17.0, 1022.0)	(18.0, 1777.0)	(19.0, 3011.5)	(20.0, 5301.0)	(21.0, 9643.0)	(22.0, 15921.0)	(23.0, 24572.0)	(24.0, 38362.5)	(25.0, 58925.5)	(26.0, 86573.0)	(27.0, 123766.0)	(28.0, 170620.5)	(29.0, 226944.0)	(30.0, 297560.0)	(31.0, 375603.0)	(32.0, 457332.5)	(33.0, 548291.5)	(34.0, 651656.0)	(35.0, 752451.5)	(36.0, 857598.0)	(37.0, 983549.5)	(38.0, 1100997.0)	(39.0, 1200127.0)	(40.0, 1300410.5)	(41.0, 1390671.5)	(42.0, 1481602.0)	(43.0, 1591040.0)	(44.0, 1710300.0)	(45.0, 1828585.5)	(46.0, 1941437.0)	(47.0, 2055071.5)	(48.0, 2165272.0)	(49.0, 2271469.5)	(50.0, 2351781.0)	(51.0, 2416527.5)	(52.0, 2490822.5)	(53.0, 2533583.0)	(54.0, 2522951.0)	(55.0, 2484060.0)	(56.0, 2413358.0)	(57.0, 2296955.0)	(58.0, 2141253.5)	(59.0, 1949192.5)	(60.0, 1736019.5)	(61.0, 1516093.5)	(62.0, 1289573.5)	(63.0, 1075809.0)	(64.0, 879093.5)	(65.0, 694831.0)	(66.0, 539507.0)	(67.0, 427668.5)	(68.0, 346397.0)	(69.0, 282136.0)	(70.0, 235046.5)	(71.0, 195497.5)	(72.0, 168714.0)	(73.0, 150317.0)	(74.0, 127136.0)	(75.0, 107823.5)	(76.0, 95526.5)	(77.0, 84285.5)	(78.0, 72287.0)	(79.0, 60608.5)	(80.0, 52242.5)	(81.0, 46063.5)	(82.0, 38250.0)	(83.0, 31416.5)	(84.0, 23706.5)	(85.0, 14920.0)	(86.0, 9178.5)	(87.0, 5033.5)	(88.0, 2374.0)	(89.0, 1077.0)	(90.0, 491.0)	(91.0, 175.0)	(92.0, 51.5)	(93.0, 16.5)	(94.0, 11.0)	(95.0, 9.0)	(96.0, 7.5)	(97.0, 7.0)	(98.0, 18.5)	(99.0, 98.5)	(100.0, 90.0)
fastp | SRR35329980_2	(0.0, 20.0)	(1.0, 20.5)	(2.0, 15.5)	(3.0, 11.0)	(4.0, 9.5)	(5.0, 9.5)	(6.0, 18.5)	(7.0, 25.0)	(8.0, 22.0)	(9.0, 24.0)	(10.0, 30.5)	(11.0, 46.0)	(12.0, 80.0)	(13.0, 147.0)	(14.0, 257.5)	(15.0, 407.0)	(16.0, 667.5)	(17.0, 1121.5)	(18.0, 1909.0)	(19.0, 3241.5)	(20.0, 5744.0)	(21.0, 10126.0)	(22.0, 16981.5)	(23.0, 27006.5)	(24.0, 40854.5)	(25.0, 60412.0)	(26.0, 88846.5)	(27.0, 128442.5)	(28.0, 178190.0)	(29.0, 237584.5)	(30.0, 307119.0)	(31.0, 384138.5)	(32.0, 470299.5)	(33.0, 560858.5)	(34.0, 651995.0)	(35.0, 746498.0)	(36.0, 853367.5)	(37.0, 969331.0)	(38.0, 1077315.0)	(39.0, 1179307.5)	(40.0, 1273400.5)	(41.0, 1361523.5)	(42.0, 1460092.5)	(43.0, 1567171.0)	(44.0, 1677183.5)	(45.0, 1800655.0)	(46.0, 1924044.5)	(47.0, 2030200.0)	(48.0, 2129590.0)	(49.0, 2238754.0)	(50.0, 2337492.5)	(51.0, 2397489.0)	(52.0, 2443985.5)	(53.0, 2481278.0)	(54.0, 2483394.5)	(55.0, 2451631.5)	(56.0, 2382738.5)	(57.0, 2272137.5)	(58.0, 2119324.5)	(59.0, 1927326.5)	(60.0, 1715140.0)	(61.0, 1502075.5)	(62.0, 1292298.5)	(63.0, 1083365.0)	(64.0, 884526.5)	(65.0, 713944.0)	(66.0, 579769.5)	(67.0, 473706.0)	(68.0, 388861.5)	(69.0, 321317.5)	(70.0, 269654.5)	(71.0, 232931.5)	(72.0, 205559.0)	(73.0, 181900.5)	(74.0, 160537.5)	(75.0, 142145.5)	(76.0, 128133.0)	(77.0, 115902.5)	(78.0, 101407.5)	(79.0, 85961.5)	(80.0, 73054.0)	(81.0, 62761.5)	(82.0, 53431.5)	(83.0, 43315.5)	(84.0, 31758.0)	(85.0, 21727.5)	(86.0, 14264.0)	(87.0, 8096.0)	(88.0, 3993.0)	(89.0, 1839.5)	(90.0, 797.5)	(91.0, 431.5)	(92.0, 311.5)	(93.0, 256.5)	(94.0, 232.0)	(95.0, 219.0)	(96.0, 241.0)	(97.0, 252.5)	(98.0, 229.5)	(99.0, 237.5)	(100.0, 649.0)
fastp | SRR35329981_1	(0.0, 7.0)	(1.0, 17.0)	(2.0, 18.0)	(3.0, 6.5)	(4.0, 3.5)	(5.0, 4.0)	(6.0, 4.0)	(7.0, 5.0)	(8.0, 12.0)	(9.0, 20.0)	(10.0, 25.5)	(11.0, 34.5)	(12.0, 59.5)	(13.0, 164.0)	(14.0, 247.5)	(15.0, 337.5)	(16.0, 591.5)	(17.0, 1061.5)	(18.0, 1835.5)	(19.0, 3108.5)	(20.0, 5503.5)	(21.0, 9965.0)	(22.0, 16410.0)	(23.0, 25558.0)	(24.0, 39564.0)	(25.0, 60495.5)	(26.0, 89727.0)	(27.0, 129426.0)	(28.0, 181691.0)	(29.0, 248340.5)	(30.0, 337943.5)	(31.0, 444907.0)	(32.0, 561344.0)	(33.0, 689356.0)	(34.0, 832588.0)	(35.0, 973681.5)	(36.0, 1116939.0)	(37.0, 1285779.5)	(38.0, 1444062.5)	(39.0, 1572799.0)	(40.0, 1701486.5)	(41.0, 1817148.0)	(42.0, 1933520.5)	(43.0, 2076949.5)	(44.0, 2234521.0)	(45.0, 2387589.5)	(46.0, 2537543.0)	(47.0, 2688335.0)	(48.0, 2826929.5)	(49.0, 2961022.5)	(50.0, 3060142.5)	(51.0, 3141552.5)	(52.0, 3239848.0)	(53.0, 3296183.0)	(54.0, 3273024.5)	(55.0, 3210601.5)	(56.0, 3114267.0)	(57.0, 2962952.5)	(58.0, 2763561.0)	(59.0, 2517424.0)	(60.0, 2242283.0)	(61.0, 1960140.0)	(62.0, 1672666.5)	(63.0, 1398487.5)	(64.0, 1143573.5)	(65.0, 907592.5)	(66.0, 709339.5)	(67.0, 565772.5)	(68.0, 462317.0)	(69.0, 380338.0)	(70.0, 318787.0)	(71.0, 266648.0)	(72.0, 234043.5)	(73.0, 211246.0)	(74.0, 180303.5)	(75.0, 154377.0)	(76.0, 138732.0)	(77.0, 124935.0)	(78.0, 108726.0)	(79.0, 91940.0)	(80.0, 80824.0)	(81.0, 73342.0)	(82.0, 63150.5)	(83.0, 54780.5)	(84.0, 43216.0)	(85.0, 28577.0)	(86.0, 19116.0)	(87.0, 11333.5)	(88.0, 6101.0)	(89.0, 3598.0)	(90.0, 1932.0)	(91.0, 763.0)	(92.0, 209.0)	(93.0, 61.0)	(94.0, 32.5)	(95.0, 20.5)	(96.0, 15.0)	(97.0, 13.0)	(98.0, 30.0)	(99.0, 121.5)	(100.0, 100.0)
fastp | SRR35329981_2	(0.0, 59.0)	(1.0, 48.5)	(2.0, 27.0)	(3.0, 11.5)	(4.0, 10.0)	(5.0, 16.0)	(6.0, 24.0)	(7.0, 34.5)	(8.0, 36.5)	(9.0, 45.0)	(10.0, 68.0)	(11.0, 83.5)	(12.0, 127.0)	(13.0, 200.5)	(14.0, 337.5)	(15.0, 541.0)	(16.0, 848.0)	(17.0, 1373.0)	(18.0, 2223.5)	(19.0, 3887.0)	(20.0, 7038.5)	(21.0, 12139.5)	(22.0, 19919.0)	(23.0, 31098.0)	(24.0, 46230.0)	(25.0, 68086.0)	(26.0, 100340.5)	(27.0, 146279.5)	(28.0, 206455.5)	(29.0, 284731.0)	(30.0, 378668.0)	(31.0, 488727.0)	(32.0, 616845.5)	(33.0, 745823.0)	(34.0, 872924.5)	(35.0, 1007304.5)	(36.0, 1154939.0)	(37.0, 1304135.5)	(38.0, 1444392.5)	(39.0, 1580626.0)	(40.0, 1696616.0)	(41.0, 1806993.5)	(42.0, 1936767.5)	(43.0, 2070360.0)	(44.0, 2213751.5)	(45.0, 2375556.5)	(46.0, 2528572.0)	(47.0, 2661599.0)	(48.0, 2787279.5)	(49.0, 2974504.5)	(50.0, 3144963.0)	(51.0, 3165760.5)	(52.0, 3171008.0)	(53.0, 3208394.5)	(54.0, 3202321.0)	(55.0, 3148020.0)	(56.0, 3037441.5)	(57.0, 2877221.5)	(58.0, 2669577.0)	(59.0, 2418267.0)	(60.0, 2146413.5)	(61.0, 1878159.0)	(62.0, 1613182.0)	(63.0, 1345788.0)	(64.0, 1095794.5)	(65.0, 889349.5)	(66.0, 727782.5)	(67.0, 597760.0)	(68.0, 494379.5)	(69.0, 413482.5)	(70.0, 351124.5)	(71.0, 307163.5)	(72.0, 274426.0)	(73.0, 244344.0)	(74.0, 216974.0)	(75.0, 192993.0)	(76.0, 176163.5)	(77.0, 160686.0)	(78.0, 140742.0)	(79.0, 120290.5)	(80.0, 105424.0)	(81.0, 95421.0)	(82.0, 84108.5)	(83.0, 69096.5)	(84.0, 52664.5)	(85.0, 39196.0)	(86.0, 27072.0)	(87.0, 16579.5)	(88.0, 9258.5)	(89.0, 4571.5)	(90.0, 2116.0)	(91.0, 954.5)	(92.0, 495.5)	(93.0, 360.5)	(94.0, 310.0)	(95.0, 301.0)	(96.0, 305.5)	(97.0, 284.5)	(98.0, 283.0)	(99.0, 327.5)	(100.0, 1212.5)
fastp | SRR35329982_1	(0.0, 11.0)	(1.0, 7.5)	(2.0, 5.0)	(3.0, 5.5)	(4.0, 5.0)	(5.0, 5.0)	(6.0, 6.5)	(7.0, 7.5)	(8.0, 10.0)	(9.0, 17.0)	(10.0, 19.5)	(11.0, 34.0)	(12.0, 111.0)	(13.0, 187.5)	(14.0, 218.5)	(15.0, 346.0)	(16.0, 682.0)	(17.0, 1241.0)	(18.0, 2035.0)	(19.0, 3441.5)	(20.0, 6597.5)	(21.0, 11389.5)	(22.0, 17684.0)	(23.0, 27590.0)	(24.0, 42876.0)	(25.0, 63732.5)	(26.0, 92645.0)	(27.0, 130978.0)	(28.0, 179951.5)	(29.0, 248696.0)	(30.0, 337154.0)	(31.0, 437896.0)	(32.0, 554522.0)	(33.0, 686075.5)	(34.0, 814745.0)	(35.0, 945621.5)	(36.0, 1102677.0)	(37.0, 1257837.5)	(38.0, 1379520.0)	(39.0, 1498063.5)	(40.0, 1609783.0)	(41.0, 1715015.0)	(42.0, 1841189.0)	(43.0, 1983462.5)	(44.0, 2122823.5)	(45.0, 2257686.0)	(46.0, 2394686.5)	(47.0, 2528835.5)	(48.0, 2668537.5)	(49.0, 2783115.5)	(50.0, 2860852.5)	(51.0, 2941893.5)	(52.0, 3012032.0)	(53.0, 3024520.5)	(54.0, 2994152.0)	(55.0, 2917718.5)	(56.0, 2787082.5)	(57.0, 2616418.5)	(58.0, 2396951.5)	(59.0, 2145099.0)	(60.0, 1891171.5)	(61.0, 1628047.5)	(62.0, 1373580.0)	(63.0, 1134933.5)	(64.0, 906729.0)	(65.0, 712389.0)	(66.0, 561861.5)	(67.0, 454251.0)	(68.0, 374491.0)	(69.0, 314210.0)	(70.0, 261065.0)	(71.0, 225787.5)	(72.0, 203999.5)	(73.0, 176363.0)	(74.0, 150718.0)	(75.0, 134602.0)	(76.0, 121429.0)	(77.0, 106601.0)	(78.0, 91310.0)	(79.0, 79153.5)	(80.0, 71965.5)	(81.0, 62413.0)	(82.0, 54567.5)	(83.0, 45633.5)	(84.0, 31799.5)	(85.0, 21813.0)	(86.0, 13872.5)	(87.0, 7916.0)	(88.0, 4658.5)	(89.0, 2618.5)	(90.0, 1248.0)	(91.0, 443.0)	(92.0, 113.5)	(93.0, 38.5)	(94.0, 20.0)	(95.0, 14.5)	(96.0, 12.0)	(97.0, 18.0)	(98.0, 134.5)	(99.0, 175.0)	(100.0, 61.0)
fastp | SRR35329982_2	(0.0, 9.0)	(1.0, 16.5)	(2.0, 20.5)	(3.0, 16.0)	(4.0, 17.0)	(5.0, 18.5)	(6.0, 23.0)	(7.0, 24.5)	(8.0, 27.5)	(9.0, 34.0)	(10.0, 39.5)	(11.0, 48.5)	(12.0, 92.5)	(13.0, 169.5)	(14.0, 257.0)	(15.0, 415.0)	(16.0, 680.5)	(17.0, 1117.0)	(18.0, 1837.0)	(19.0, 3215.5)	(20.0, 5834.0)	(21.0, 9821.0)	(22.0, 15947.0)	(23.0, 24923.5)	(24.0, 37364.5)	(25.0, 55074.5)	(26.0, 81776.5)	(27.0, 119692.5)	(28.0, 168636.0)	(29.0, 234872.0)	(30.0, 317842.5)	(31.0, 417039.0)	(32.0, 534724.5)	(33.0, 655497.0)	(34.0, 772009.0)	(35.0, 899145.0)	(36.0, 1039955.0)	(37.0, 1175778.0)	(38.0, 1303672.0)	(39.0, 1427702.5)	(40.0, 1536243.5)	(41.0, 1638522.0)	(42.0, 1758646.0)	(43.0, 1886521.5)	(44.0, 2020960.5)	(45.0, 2172023.0)	(46.0, 2324390.0)	(47.0, 2507733.5)	(48.0, 2624302.0)	(49.0, 2672401.5)	(50.0, 2757694.0)	(51.0, 2840327.0)	(52.0, 2914229.5)	(53.0, 2958158.0)	(54.0, 2956851.5)	(55.0, 2900120.0)	(56.0, 2789899.0)	(57.0, 2639771.5)	(58.0, 2446262.5)	(59.0, 2215144.0)	(60.0, 1966714.5)	(61.0, 1720140.5)	(62.0, 1473653.0)	(63.0, 1226084.5)	(64.0, 998234.0)	(65.0, 814481.5)	(66.0, 665714.5)	(67.0, 544610.5)	(68.0, 452042.0)	(69.0, 379248.5)	(70.0, 323059.5)	(71.0, 283222.0)	(72.0, 252708.5)	(73.0, 225435.0)	(74.0, 200806.0)	(75.0, 180133.5)	(76.0, 165412.0)	(77.0, 150314.0)	(78.0, 131084.0)	(79.0, 112602.5)	(80.0, 99023.5)	(81.0, 89260.0)	(82.0, 78471.0)	(83.0, 64635.5)	(84.0, 49883.5)	(85.0, 37758.5)	(86.0, 26616.5)	(87.0, 16657.0)	(88.0, 9320.0)	(89.0, 4690.0)	(90.0, 2351.0)	(91.0, 1072.0)	(92.0, 538.5)	(93.0, 350.0)	(94.0, 317.5)	(95.0, 291.0)	(96.0, 284.0)	(97.0, 298.5)	(98.0, 329.5)	(99.0, 406.0)	(100.0, 2134.0)
fastp | SRR35329983_1	(0.0, 12.0)	(1.0, 7.5)	(2.0, 2.0)	(3.0, 2.5)	(4.0, 6.0)	(5.0, 8.0)	(6.0, 9.5)	(7.0, 10.0)	(8.0, 10.5)	(9.0, 19.0)	(10.0, 25.0)	(11.0, 37.5)	(12.0, 122.0)	(13.0, 192.0)	(14.0, 252.0)	(15.0, 446.5)	(16.0, 812.5)	(17.0, 1439.5)	(18.0, 2472.5)	(19.0, 4285.0)	(20.0, 8028.0)	(21.0, 13720.5)	(22.0, 21515.0)	(23.0, 34032.5)	(24.0, 53739.0)	(25.0, 80851.5)	(26.0, 117018.5)	(27.0, 164307.0)	(28.0, 222889.0)	(29.0, 297452.5)	(30.0, 383006.5)	(31.0, 471612.0)	(32.0, 569284.0)	(33.0, 680883.0)	(34.0, 790675.0)	(35.0, 903092.0)	(36.0, 1042048.5)	(37.0, 1180388.5)	(38.0, 1297798.0)	(39.0, 1415625.0)	(40.0, 1523781.5)	(41.0, 1628606.5)	(42.0, 1753983.0)	(43.0, 1895701.0)	(44.0, 2049132.0)	(45.0, 2198080.5)	(46.0, 2322842.0)	(47.0, 2446916.0)	(48.0, 2580420.0)	(49.0, 2685975.5)	(50.0, 2770897.5)	(51.0, 2864639.0)	(52.0, 2936861.0)	(53.0, 2948395.5)	(54.0, 2918950.5)	(55.0, 2851302.5)	(56.0, 2735346.5)	(57.0, 2576132.0)	(58.0, 2366053.0)	(59.0, 2120972.5)	(60.0, 1868628.5)	(61.0, 1603553.0)	(62.0, 1345339.5)	(63.0, 1110560.5)	(64.0, 892303.0)	(65.0, 702823.0)	(66.0, 559174.5)	(67.0, 457109.0)	(68.0, 377341.5)	(69.0, 314892.5)	(70.0, 260561.0)	(71.0, 224943.0)	(72.0, 204166.0)	(73.0, 175899.0)	(74.0, 149083.0)	(75.0, 133815.5)	(76.0, 121590.0)	(77.0, 106398.0)	(78.0, 90946.5)	(79.0, 79483.5)	(80.0, 72046.5)	(81.0, 62555.0)	(82.0, 54348.0)	(83.0, 44657.0)	(84.0, 30412.5)	(85.0, 20009.0)	(86.0, 11888.0)	(87.0, 5984.0)	(88.0, 3111.0)	(89.0, 1620.5)	(90.0, 708.0)	(91.0, 242.5)	(92.0, 63.0)	(93.0, 27.0)	(94.0, 12.0)	(95.0, 10.5)	(96.0, 18.5)	(97.0, 21.5)	(98.0, 146.5)	(99.0, 203.0)	(100.0, 73.0)
fastp | SRR35329983_2	(0.0, 9.0)	(1.0, 22.5)	(2.0, 23.5)	(3.0, 10.5)	(4.0, 14.0)	(5.0, 17.0)	(6.0, 19.0)	(7.0, 21.5)	(8.0, 22.5)	(9.0, 27.0)	(10.0, 39.5)	(11.0, 66.5)	(12.0, 106.5)	(13.0, 182.5)	(14.0, 294.5)	(15.0, 443.5)	(16.0, 652.0)	(17.0, 1155.0)	(18.0, 2020.5)	(19.0, 3481.0)	(20.0, 6319.0)	(21.0, 11042.5)	(22.0, 18473.5)	(23.0, 29502.0)	(24.0, 45459.0)	(25.0, 68249.0)	(26.0, 102191.5)	(27.0, 149043.0)	(28.0, 206628.5)	(29.0, 276309.0)	(30.0, 354588.0)	(31.0, 441577.0)	(32.0, 540771.0)	(33.0, 641860.0)	(34.0, 740048.5)	(35.0, 849468.5)	(36.0, 976390.0)	(37.0, 1101882.5)	(38.0, 1221168.5)	(39.0, 1341352.5)	(40.0, 1447085.0)	(41.0, 1548806.5)	(42.0, 1670545.0)	(43.0, 1799919.0)	(44.0, 1938880.0)	(45.0, 2100137.0)	(46.0, 2284753.5)	(47.0, 2401890.0)	(48.0, 2477421.0)	(49.0, 2585284.5)	(50.0, 2685942.0)	(51.0, 2775708.0)	(52.0, 2850661.5)	(53.0, 2892981.0)	(54.0, 2893328.5)	(55.0, 2851583.5)	(56.0, 2756571.0)	(57.0, 2613927.0)	(58.0, 2425024.0)	(59.0, 2194929.5)	(60.0, 1947663.0)	(61.0, 1705071.5)	(62.0, 1461468.0)	(63.0, 1214328.5)	(64.0, 987173.5)	(65.0, 804860.0)	(66.0, 661400.0)	(67.0, 545179.5)	(68.0, 452583.0)	(69.0, 378016.0)	(70.0, 320863.5)	(71.0, 281676.5)	(72.0, 252281.5)	(73.0, 224660.0)	(74.0, 199635.0)	(75.0, 178911.0)	(76.0, 163944.0)	(77.0, 148454.0)	(78.0, 129391.0)	(79.0, 111309.0)	(80.0, 97921.0)	(81.0, 88542.5)	(82.0, 78062.0)	(83.0, 63200.0)	(84.0, 47499.5)	(85.0, 35143.5)	(86.0, 23965.5)	(87.0, 14217.0)	(88.0, 7281.5)	(89.0, 3139.5)	(90.0, 1458.5)	(91.0, 692.0)	(92.0, 411.0)	(93.0, 312.0)	(94.0, 286.5)	(95.0, 277.0)	(96.0, 268.0)	(97.0, 272.0)	(98.0, 278.0)	(99.0, 326.5)	(100.0, 1527.5)
fastp | SRR35329984_1	(0.0, 12.0)	(1.0, 7.5)	(2.0, 3.0)	(3.0, 3.0)	(4.0, 1.5)	(5.0, 1.5)	(6.0, 2.0)	(7.0, 4.0)	(8.0, 10.5)	(9.0, 18.0)	(10.0, 22.5)	(11.0, 29.0)	(12.0, 101.5)	(13.0, 193.5)	(14.0, 224.5)	(15.0, 330.5)	(16.0, 657.0)	(17.0, 1217.5)	(18.0, 2059.0)	(19.0, 3467.5)	(20.0, 6357.5)	(21.0, 10918.0)	(22.0, 17124.5)	(23.0, 26803.0)	(24.0, 41735.5)	(25.0, 62237.5)	(26.0, 90532.5)	(27.0, 128626.5)	(28.0, 176171.0)	(29.0, 239397.0)	(30.0, 317864.5)	(31.0, 405034.0)	(32.0, 502601.0)	(33.0, 610845.0)	(34.0, 716047.0)	(35.0, 822824.5)	(36.0, 954156.0)	(37.0, 1084592.5)	(38.0, 1189747.5)	(39.0, 1291866.0)	(40.0, 1386949.0)	(41.0, 1479109.0)	(42.0, 1586935.5)	(43.0, 1705599.0)	(44.0, 1828915.0)	(45.0, 1947745.0)	(46.0, 2061578.0)	(47.0, 2174103.0)	(48.0, 2285818.5)	(49.0, 2379873.0)	(50.0, 2451752.0)	(51.0, 2527800.0)	(52.0, 2586984.0)	(53.0, 2594790.0)	(54.0, 2564375.5)	(55.0, 2501913.5)	(56.0, 2397493.5)	(57.0, 2250982.0)	(58.0, 2065211.0)	(59.0, 1843948.5)	(60.0, 1614994.5)	(61.0, 1385087.0)	(62.0, 1162030.5)	(63.0, 956655.5)	(64.0, 764382.5)	(65.0, 598129.5)	(66.0, 472129.0)	(67.0, 382640.5)	(68.0, 313909.0)	(69.0, 261673.0)	(70.0, 216730.5)	(71.0, 185506.5)	(72.0, 166472.0)	(73.0, 142736.0)	(74.0, 121133.5)	(75.0, 107309.5)	(76.0, 95926.0)	(77.0, 83529.0)	(78.0, 70700.0)	(79.0, 60912.0)	(80.0, 54488.0)	(81.0, 46762.5)	(82.0, 39876.0)	(83.0, 32035.5)	(84.0, 21553.5)	(85.0, 14027.5)	(86.0, 8302.5)	(87.0, 4121.5)	(88.0, 1975.0)	(89.0, 926.5)	(90.0, 424.5)	(91.0, 160.0)	(92.0, 38.0)	(93.0, 18.5)	(94.0, 12.5)	(95.0, 10.5)	(96.0, 15.0)	(97.0, 14.5)	(98.0, 135.0)	(99.0, 217.5)	(100.0, 104.0)
fastp | SRR35329984_2	(0.0, 16.0)	(1.0, 26.5)	(2.0, 23.5)	(3.0, 9.0)	(4.0, 10.0)	(5.0, 12.5)	(6.0, 12.5)	(7.0, 12.5)	(8.0, 16.5)	(9.0, 25.0)	(10.0, 36.0)	(11.0, 60.0)	(12.0, 93.5)	(13.0, 146.0)	(14.0, 242.5)	(15.0, 391.5)	(16.0, 596.5)	(17.0, 982.0)	(18.0, 1688.0)	(19.0, 2935.5)	(20.0, 5341.0)	(21.0, 9372.5)	(22.0, 15538.0)	(23.0, 24387.0)	(24.0, 36416.0)	(25.0, 53716.5)	(26.0, 80430.0)	(27.0, 117886.0)	(28.0, 165083.0)	(29.0, 226112.5)	(30.0, 299354.0)	(31.0, 384600.0)	(32.0, 482509.0)	(33.0, 580376.5)	(34.0, 676668.0)	(35.0, 780995.0)	(36.0, 898777.0)	(37.0, 1016568.5)	(38.0, 1125511.0)	(39.0, 1231274.0)	(40.0, 1324680.5)	(41.0, 1415326.0)	(42.0, 1521548.0)	(43.0, 1630497.5)	(44.0, 1748151.5)	(45.0, 1879900.0)	(46.0, 2000746.5)	(47.0, 2106750.5)	(48.0, 2207583.5)	(49.0, 2328254.5)	(50.0, 2432574.5)	(51.0, 2476533.5)	(52.0, 2513528.0)	(53.0, 2541767.0)	(54.0, 2536987.5)	(55.0, 2493124.5)	(56.0, 2400121.0)	(57.0, 2270712.5)	(58.0, 2103606.5)	(59.0, 1898826.5)	(60.0, 1679012.0)	(61.0, 1465201.0)	(62.0, 1253761.0)	(63.0, 1041568.0)	(64.0, 844640.0)	(65.0, 684775.5)	(66.0, 558470.0)	(67.0, 457589.5)	(68.0, 378943.0)	(69.0, 317004.0)	(70.0, 268640.0)	(71.0, 233469.0)	(72.0, 207647.0)	(73.0, 184863.0)	(74.0, 163741.5)	(75.0, 145353.0)	(76.0, 132223.0)	(77.0, 119405.0)	(78.0, 103696.5)	(79.0, 88499.5)	(80.0, 76720.0)	(81.0, 67739.5)	(82.0, 58400.0)	(83.0, 47080.0)	(84.0, 35091.0)	(85.0, 25196.5)	(86.0, 16834.5)	(87.0, 9721.0)	(88.0, 4802.5)	(89.0, 2107.0)	(90.0, 911.5)	(91.0, 433.0)	(92.0, 306.5)	(93.0, 249.5)	(94.0, 237.0)	(95.0, 249.5)	(96.0, 233.0)	(97.0, 229.5)	(98.0, 248.5)	(99.0, 271.5)	(100.0, 918.0)
fastp | SRR35329985_1	(0.0, 12.0)	(1.0, 8.0)	(2.0, 2.0)	(3.0, 0.5)	(4.0, 2.0)	(5.0, 3.0)	(6.0, 5.0)	(7.0, 9.0)	(8.0, 12.5)	(9.0, 18.0)	(10.0, 21.0)	(11.0, 34.5)	(12.0, 131.0)	(13.0, 229.0)	(14.0, 265.0)	(15.0, 418.5)	(16.0, 771.0)	(17.0, 1374.5)	(18.0, 2259.0)	(19.0, 3815.5)	(20.0, 7293.5)	(21.0, 12464.5)	(22.0, 19320.0)	(23.0, 29757.5)	(24.0, 46075.5)	(25.0, 69254.0)	(26.0, 100470.0)	(27.0, 140372.5)	(28.0, 190112.5)	(29.0, 255517.0)	(30.0, 329809.5)	(31.0, 405627.0)	(32.0, 489750.5)	(33.0, 588101.0)	(34.0, 683655.0)	(35.0, 779674.0)	(36.0, 900075.5)	(37.0, 1018538.0)	(38.0, 1111085.0)	(39.0, 1201387.5)	(40.0, 1284168.5)	(41.0, 1358686.0)	(42.0, 1451612.0)	(43.0, 1563621.5)	(44.0, 1695039.0)	(45.0, 1819234.5)	(46.0, 1907119.5)	(47.0, 1996898.0)	(48.0, 2103225.0)	(49.0, 2186456.5)	(50.0, 2252950.0)	(51.0, 2332681.0)	(52.0, 2396824.0)	(53.0, 2405717.5)	(54.0, 2377554.0)	(55.0, 2319883.0)	(56.0, 2225026.5)	(57.0, 2094156.0)	(58.0, 1926183.5)	(59.0, 1727891.0)	(60.0, 1518624.0)	(61.0, 1306702.5)	(62.0, 1108239.0)	(63.0, 920048.0)	(64.0, 736017.0)	(65.0, 578373.5)	(66.0, 457111.5)	(67.0, 370109.0)	(68.0, 303244.5)	(69.0, 251242.0)	(70.0, 208300.0)	(71.0, 179764.5)	(72.0, 161472.5)	(73.0, 138949.0)	(74.0, 118364.5)	(75.0, 105347.5)	(76.0, 94269.0)	(77.0, 81792.5)	(78.0, 69052.5)	(79.0, 59785.5)	(80.0, 54454.0)	(81.0, 46836.0)	(82.0, 40109.5)	(83.0, 32642.5)	(84.0, 21898.0)	(85.0, 14091.5)	(86.0, 8316.0)	(87.0, 4060.0)	(88.0, 1942.0)	(89.0, 963.0)	(90.0, 441.0)	(91.0, 171.0)	(92.0, 38.0)	(93.0, 18.0)	(94.0, 13.0)	(95.0, 9.0)	(96.0, 14.0)	(97.0, 21.5)	(98.0, 147.0)	(99.0, 205.0)	(100.0, 84.5)
fastp | SRR35329985_2	(0.0, 17.0)	(1.0, 18.0)	(2.0, 16.5)	(3.0, 11.5)	(4.0, 11.5)	(5.0, 12.0)	(6.0, 13.0)	(7.0, 18.0)	(8.0, 19.5)	(9.0, 27.0)	(10.0, 42.0)	(11.0, 58.5)	(12.0, 86.5)	(13.0, 140.0)	(14.0, 245.5)	(15.0, 415.0)	(16.0, 640.5)	(17.0, 1065.0)	(18.0, 1755.0)	(19.0, 2995.5)	(20.0, 5413.5)	(21.0, 9476.0)	(22.0, 15854.5)	(23.0, 24940.5)	(24.0, 37547.5)	(25.0, 55878.5)	(26.0, 83234.5)	(27.0, 121463.5)	(28.0, 168819.0)	(29.0, 226672.0)	(30.0, 294454.0)	(31.0, 369240.5)	(32.0, 454072.5)	(33.0, 542088.0)	(34.0, 628540.5)	(35.0, 720140.0)	(36.0, 824359.5)	(37.0, 932317.0)	(38.0, 1030677.0)	(39.0, 1123881.0)	(40.0, 1206729.0)	(41.0, 1282476.0)	(42.0, 1370857.0)	(43.0, 1468845.5)	(44.0, 1617701.5)	(45.0, 1780403.0)	(46.0, 1848994.5)	(47.0, 1901258.5)	(48.0, 1993958.5)	(49.0, 2082847.5)	(50.0, 2164961.5)	(51.0, 2240627.5)	(52.0, 2308059.5)	(53.0, 2355473.0)	(54.0, 2366931.5)	(55.0, 2332544.0)	(56.0, 2252355.5)	(57.0, 2141340.5)	(58.0, 1996751.0)	(59.0, 1820005.5)	(60.0, 1628629.0)	(61.0, 1432407.0)	(62.0, 1236138.5)	(63.0, 1036708.0)	(64.0, 847850.0)	(65.0, 690826.5)	(66.0, 565366.0)	(67.0, 463905.5)	(68.0, 382691.0)	(69.0, 318070.5)	(70.0, 268536.5)	(71.0, 233538.0)	(72.0, 207524.0)	(73.0, 183909.5)	(74.0, 162793.5)	(75.0, 144672.0)	(76.0, 131090.0)	(77.0, 118988.5)	(78.0, 103557.5)	(79.0, 87966.5)	(80.0, 76425.5)	(81.0, 68405.5)	(82.0, 60321.0)	(83.0, 49772.5)	(84.0, 37505.0)	(85.0, 26806.5)	(86.0, 17926.0)	(87.0, 10466.5)	(88.0, 5285.5)	(89.0, 2329.5)	(90.0, 1006.5)	(91.0, 472.5)	(92.0, 301.5)	(93.0, 262.5)	(94.0, 259.0)	(95.0, 254.5)	(96.0, 241.0)	(97.0, 242.0)	(98.0, 249.5)	(99.0, 247.5)	(100.0, 642.0)
fastp | SRR35329986_1	(0.0, 4.0)	(1.0, 5.0)	(2.0, 4.5)	(3.0, 2.5)	(4.0, 3.0)	(5.0, 4.0)	(6.0, 4.5)	(7.0, 6.0)	(8.0, 5.5)	(9.0, 6.5)	(10.0, 14.0)	(11.0, 32.5)	(12.0, 51.0)	(13.0, 121.5)	(14.0, 188.0)	(15.0, 264.5)	(16.0, 457.5)	(17.0, 846.5)	(18.0, 1514.0)	(19.0, 2524.5)	(20.0, 4486.0)	(21.0, 8276.0)	(22.0, 13708.5)	(23.0, 21333.5)	(24.0, 33511.5)	(25.0, 51742.0)	(26.0, 76509.0)	(27.0, 109595.0)	(28.0, 152494.0)	(29.0, 203561.5)	(30.0, 267034.0)	(31.0, 339584.5)	(32.0, 415760.5)	(33.0, 498459.5)	(34.0, 594527.0)	(35.0, 689200.5)	(36.0, 787174.5)	(37.0, 906352.0)	(38.0, 1018851.0)	(39.0, 1113660.0)	(40.0, 1208614.0)	(41.0, 1297228.0)	(42.0, 1387558.5)	(43.0, 1494564.0)	(44.0, 1610880.0)	(45.0, 1726954.0)	(46.0, 1838977.5)	(47.0, 1949629.0)	(48.0, 2056583.0)	(49.0, 2160124.5)	(50.0, 2238413.5)	(51.0, 2304151.5)	(52.0, 2376964.5)	(53.0, 2424469.0)	(54.0, 2424368.5)	(55.0, 2390556.5)	(56.0, 2324382.5)	(57.0, 2215389.5)	(58.0, 2070486.5)	(59.0, 1890074.0)	(60.0, 1684164.0)	(61.0, 1470908.0)	(62.0, 1254322.0)	(63.0, 1049229.0)	(64.0, 859455.5)	(65.0, 681908.0)	(66.0, 532901.5)	(67.0, 425807.5)	(68.0, 348443.0)	(69.0, 286852.0)	(70.0, 240031.5)	(71.0, 199994.0)	(72.0, 174879.0)	(73.0, 158009.5)	(74.0, 134401.0)	(75.0, 114387.0)	(76.0, 102748.0)	(77.0, 92229.5)	(78.0, 79947.0)	(79.0, 67648.5)	(80.0, 58837.0)	(81.0, 52913.5)	(82.0, 45255.0)	(83.0, 38595.0)	(84.0, 29794.0)	(85.0, 19018.0)	(86.0, 12070.0)	(87.0, 6616.5)	(88.0, 3018.0)	(89.0, 1450.0)	(90.0, 708.5)	(91.0, 322.0)	(92.0, 128.0)	(93.0, 34.5)	(94.0, 12.0)	(95.0, 6.5)	(96.0, 9.5)	(97.0, 13.5)	(98.0, 20.0)	(99.0, 108.5)	(100.0, 107.5)
fastp | SRR35329986_2	(0.0, 14.0)	(1.0, 16.0)	(2.0, 13.5)	(3.0, 9.0)	(4.0, 8.0)	(5.0, 8.0)	(6.0, 10.0)	(7.0, 14.5)	(8.0, 22.5)	(9.0, 25.5)	(10.0, 33.5)	(11.0, 49.0)	(12.0, 79.5)	(13.0, 147.5)	(14.0, 241.0)	(15.0, 372.5)	(16.0, 610.5)	(17.0, 1072.0)	(18.0, 1794.5)	(19.0, 3033.5)	(20.0, 5599.0)	(21.0, 9688.5)	(22.0, 16056.5)	(23.0, 25283.0)	(24.0, 38414.0)	(25.0, 57389.0)	(26.0, 85343.0)	(27.0, 123615.0)	(28.0, 170247.0)	(29.0, 227965.5)	(30.0, 293240.5)	(31.0, 365772.0)	(32.0, 447944.5)	(33.0, 531923.0)	(34.0, 614920.0)	(35.0, 705699.5)	(36.0, 810879.0)	(37.0, 916116.5)	(38.0, 1016903.0)	(39.0, 1117001.0)	(40.0, 1203724.0)	(41.0, 1287841.0)	(42.0, 1387089.5)	(43.0, 1491501.0)	(44.0, 1618966.5)	(45.0, 1758313.5)	(46.0, 1860169.5)	(47.0, 1948715.0)	(48.0, 2044152.0)	(49.0, 2132709.0)	(50.0, 2214527.5)	(51.0, 2287456.0)	(52.0, 2349692.0)	(53.0, 2384434.5)	(54.0, 2385176.5)	(55.0, 2350765.5)	(56.0, 2272005.0)	(57.0, 2156032.0)	(58.0, 2003252.0)	(59.0, 1815700.5)	(60.0, 1611070.5)	(61.0, 1409074.5)	(62.0, 1211420.0)	(63.0, 1010539.5)	(64.0, 822585.5)	(65.0, 667599.5)	(66.0, 546282.0)	(67.0, 449414.0)	(68.0, 371280.0)	(69.0, 310992.0)	(70.0, 264699.5)	(71.0, 231341.0)	(72.0, 206094.5)	(73.0, 183632.5)	(74.0, 163185.5)	(75.0, 144798.5)	(76.0, 131933.5)	(77.0, 120592.0)	(78.0, 105617.0)	(79.0, 90017.0)	(80.0, 78255.5)	(81.0, 69609.0)	(82.0, 60307.5)	(83.0, 48508.5)	(84.0, 35982.0)	(85.0, 25930.0)	(86.0, 17399.5)	(87.0, 9927.5)	(88.0, 4829.0)	(89.0, 2019.5)	(90.0, 870.5)	(91.0, 434.0)	(92.0, 301.0)	(93.0, 237.0)	(94.0, 213.0)	(95.0, 217.5)	(96.0, 203.5)	(97.0, 203.0)	(98.0, 224.5)	(99.0, 248.5)	(100.0, 932.5)
fastp | SRR35329987_1	(0.0, 13.0)	(1.0, 16.5)	(2.0, 15.0)	(3.0, 11.0)	(4.0, 8.5)	(5.0, 6.0)	(6.0, 5.5)	(7.0, 8.5)	(8.0, 17.5)	(9.0, 24.0)	(10.0, 32.0)	(11.0, 41.5)	(12.0, 79.0)	(13.0, 230.0)	(14.0, 340.5)	(15.0, 434.0)	(16.0, 730.0)	(17.0, 1371.0)	(18.0, 2355.5)	(19.0, 3864.5)	(20.0, 6715.0)	(21.0, 12225.0)	(22.0, 19982.5)	(23.0, 30841.5)	(24.0, 48110.5)	(25.0, 73927.0)	(26.0, 109398.5)	(27.0, 156927.5)	(28.0, 217629.0)	(29.0, 293071.5)	(30.0, 389884.5)	(31.0, 502206.5)	(32.0, 621220.5)	(33.0, 750593.5)	(34.0, 896036.5)	(35.0, 1038981.5)	(36.0, 1189931.5)	(37.0, 1367484.5)	(38.0, 1532568.0)	(39.0, 1675530.5)	(40.0, 1818702.0)	(41.0, 1949523.5)	(42.0, 2085436.0)	(43.0, 2249024.0)	(44.0, 2421931.0)	(45.0, 2591122.5)	(46.0, 2759457.5)	(47.0, 2925756.0)	(48.0, 3089542.0)	(49.0, 3249877.0)	(50.0, 3371480.5)	(51.0, 3472725.5)	(52.0, 3584098.0)	(53.0, 3651119.5)	(54.0, 3641521.5)	(55.0, 3586990.0)	(56.0, 3485316.5)	(57.0, 3319247.0)	(58.0, 3095201.5)	(59.0, 2816844.0)	(60.0, 2507452.5)	(61.0, 2190243.5)	(62.0, 1864079.0)	(63.0, 1554149.0)	(64.0, 1272045.0)	(65.0, 1011013.0)	(66.0, 791332.0)	(67.0, 633000.0)	(68.0, 518919.0)	(69.0, 427551.0)	(70.0, 356010.0)	(71.0, 295905.0)	(72.0, 258828.5)	(73.0, 232977.5)	(74.0, 198595.0)	(75.0, 170425.5)	(76.0, 153812.0)	(77.0, 138247.0)	(78.0, 119633.0)	(79.0, 101674.5)	(80.0, 88910.0)	(81.0, 80060.5)	(82.0, 69155.0)	(83.0, 59274.5)	(84.0, 45755.0)	(85.0, 29556.0)	(86.0, 19179.5)	(87.0, 10741.5)	(88.0, 5103.0)	(89.0, 2610.5)	(90.0, 1268.0)	(91.0, 543.5)	(92.0, 203.0)	(93.0, 48.5)	(94.0, 24.5)	(95.0, 17.5)	(96.0, 14.5)	(97.0, 18.0)	(98.0, 31.5)	(99.0, 134.0)	(100.0, 118.0)
fastp | SRR35329987_2	(0.0, 35.0)	(1.0, 34.5)	(2.0, 25.0)	(3.0, 20.5)	(4.0, 22.0)	(5.0, 19.5)	(6.0, 19.5)	(7.0, 24.5)	(8.0, 32.0)	(9.0, 41.5)	(10.0, 56.0)	(11.0, 88.0)	(12.0, 135.0)	(13.0, 209.5)	(14.0, 390.0)	(15.0, 636.5)	(16.0, 934.5)	(17.0, 1515.0)	(18.0, 2598.0)	(19.0, 4424.5)	(20.0, 7814.0)	(21.0, 13756.0)	(22.0, 22803.5)	(23.0, 35557.0)	(24.0, 53378.5)	(25.0, 78879.0)	(26.0, 116978.0)	(27.0, 169664.5)	(28.0, 236398.5)	(29.0, 320719.5)	(30.0, 419505.5)	(31.0, 530348.0)	(32.0, 658243.5)	(33.0, 789128.0)	(34.0, 916469.5)	(35.0, 1052105.0)	(36.0, 1206189.5)	(37.0, 1368299.5)	(38.0, 1521428.5)	(39.0, 1667978.0)	(40.0, 1801922.0)	(41.0, 1928317.0)	(42.0, 2073235.5)	(43.0, 2228447.0)	(44.0, 2438960.5)	(45.0, 2672798.5)	(46.0, 2803526.5)	(47.0, 2907182.0)	(48.0, 3047107.0)	(49.0, 3182362.5)	(50.0, 3307545.5)	(51.0, 3416397.0)	(52.0, 3507706.0)	(53.0, 3566973.5)	(54.0, 3572246.5)	(55.0, 3519721.5)	(56.0, 3406283.0)	(57.0, 3238201.5)	(58.0, 3014601.0)	(59.0, 2736033.0)	(60.0, 2432313.5)	(61.0, 2130265.5)	(62.0, 1832801.5)	(63.0, 1533162.0)	(64.0, 1251064.0)	(65.0, 1016652.5)	(66.0, 831523.5)	(67.0, 683746.5)	(68.0, 566113.0)	(69.0, 470945.5)	(70.0, 398871.5)	(71.0, 348385.5)	(72.0, 310096.0)	(73.0, 276514.5)	(74.0, 245585.0)	(75.0, 218926.5)	(76.0, 199659.5)	(77.0, 182430.5)	(78.0, 160136.0)	(79.0, 136715.0)	(80.0, 119374.0)	(81.0, 107344.5)	(82.0, 94508.5)	(83.0, 77868.5)	(84.0, 58900.0)	(85.0, 42335.0)	(86.0, 28799.5)	(87.0, 17074.0)	(88.0, 8651.5)	(89.0, 3898.0)	(90.0, 1661.0)	(91.0, 757.0)	(92.0, 471.5)	(93.0, 392.5)	(94.0, 372.5)	(95.0, 342.0)	(96.0, 340.0)	(97.0, 330.5)	(98.0, 298.5)	(99.0, 322.5)	(100.0, 1015.5)
fastp | SRR35329988_1	(0.0, 6.0)	(1.0, 10.5)	(2.0, 9.5)	(3.0, 4.0)	(4.0, 3.5)	(5.0, 4.5)	(6.0, 7.5)	(7.0, 9.5)	(8.0, 11.0)	(9.0, 12.5)	(10.0, 21.0)	(11.0, 38.0)	(12.0, 58.5)	(13.0, 134.0)	(14.0, 212.0)	(15.0, 286.5)	(16.0, 503.5)	(17.0, 963.5)	(18.0, 1712.0)	(19.0, 2961.5)	(20.0, 5148.5)	(21.0, 9322.5)	(22.0, 15454.5)	(23.0, 23957.0)	(24.0, 37143.5)	(25.0, 57152.0)	(26.0, 84756.0)	(27.0, 121584.0)	(28.0, 169146.5)	(29.0, 226179.5)	(30.0, 297798.5)	(31.0, 379637.5)	(32.0, 464657.5)	(33.0, 557324.5)	(34.0, 663492.0)	(35.0, 768908.5)	(36.0, 877978.0)	(37.0, 1009000.5)	(38.0, 1132400.5)	(39.0, 1236727.0)	(40.0, 1340910.5)	(41.0, 1433676.5)	(42.0, 1526742.0)	(43.0, 1641036.0)	(44.0, 1767479.0)	(45.0, 1892381.5)	(46.0, 2015944.0)	(47.0, 2137716.5)	(48.0, 2256838.5)	(49.0, 2375303.5)	(50.0, 2458442.5)	(51.0, 2525749.5)	(52.0, 2609200.0)	(53.0, 2663256.0)	(54.0, 2659666.0)	(55.0, 2619815.5)	(56.0, 2549452.5)	(57.0, 2435049.0)	(58.0, 2276328.0)	(59.0, 2077584.5)	(60.0, 1853147.5)	(61.0, 1621567.5)	(62.0, 1384253.0)	(63.0, 1157699.5)	(64.0, 949715.0)	(65.0, 757181.5)	(66.0, 591944.5)	(67.0, 471400.0)	(68.0, 384777.5)	(69.0, 314154.0)	(70.0, 260695.0)	(71.0, 216687.5)	(72.0, 188847.0)	(73.0, 168959.0)	(74.0, 144164.0)	(75.0, 123793.0)	(76.0, 110250.5)	(77.0, 98035.0)	(78.0, 84766.0)	(79.0, 71769.0)	(80.0, 62356.5)	(81.0, 55554.5)	(82.0, 46848.5)	(83.0, 39033.5)	(84.0, 30110.5)	(85.0, 19414.5)	(86.0, 12388.5)	(87.0, 6988.5)	(88.0, 3318.5)	(89.0, 1631.5)	(90.0, 761.5)	(91.0, 290.5)	(92.0, 102.5)	(93.0, 33.0)	(94.0, 20.5)	(95.0, 14.5)	(96.0, 11.0)	(97.0, 13.5)	(98.0, 15.0)	(99.0, 94.5)	(100.0, 91.0)
fastp | SRR35329988_2	(0.0, 27.0)	(1.0, 25.5)	(2.0, 18.0)	(3.0, 13.5)	(4.0, 16.5)	(5.0, 16.5)	(6.0, 20.5)	(7.0, 22.5)	(8.0, 22.0)	(9.0, 32.5)	(10.0, 37.0)	(11.0, 51.0)	(12.0, 99.0)	(13.0, 187.5)	(14.0, 305.5)	(15.0, 452.5)	(16.0, 678.5)	(17.0, 1156.0)	(18.0, 1940.5)	(19.0, 3266.5)	(20.0, 6086.5)	(21.0, 10801.5)	(22.0, 17751.0)	(23.0, 28119.5)	(24.0, 42657.0)	(25.0, 63627.0)	(26.0, 95076.5)	(27.0, 138132.0)	(28.0, 190810.0)	(29.0, 254549.0)	(30.0, 327358.0)	(31.0, 409494.5)	(32.0, 501297.0)	(33.0, 594717.0)	(34.0, 689037.0)	(35.0, 789082.5)	(36.0, 902422.5)	(37.0, 1019042.5)	(38.0, 1129129.5)	(39.0, 1237501.0)	(40.0, 1333810.0)	(41.0, 1424980.5)	(42.0, 1530799.5)	(43.0, 1641691.0)	(44.0, 1760866.5)	(45.0, 1898976.0)	(46.0, 2046788.0)	(47.0, 2155309.0)	(48.0, 2238687.5)	(49.0, 2335795.0)	(50.0, 2425807.0)	(51.0, 2504355.5)	(52.0, 2569285.0)	(53.0, 2607285.0)	(54.0, 2607899.0)	(55.0, 2574073.0)	(56.0, 2495459.5)	(57.0, 2371307.0)	(58.0, 2205606.5)	(59.0, 2001531.0)	(60.0, 1779486.5)	(61.0, 1559256.5)	(62.0, 1340018.0)	(63.0, 1118474.0)	(64.0, 911589.5)	(65.0, 740302.0)	(66.0, 604095.0)	(67.0, 495624.5)	(68.0, 409314.5)	(69.0, 339157.5)	(70.0, 285983.5)	(71.0, 249251.5)	(72.0, 222327.0)	(73.0, 197672.5)	(74.0, 174679.5)	(75.0, 155932.5)	(76.0, 142140.0)	(77.0, 128850.0)	(78.0, 112526.0)	(79.0, 95628.0)	(80.0, 82162.5)	(81.0, 72004.0)	(82.0, 62008.5)	(83.0, 49946.5)	(84.0, 36918.5)	(85.0, 26374.0)	(86.0, 17692.0)	(87.0, 10271.5)	(88.0, 5143.0)	(89.0, 2189.0)	(90.0, 957.0)	(91.0, 489.0)	(92.0, 340.5)	(93.0, 283.5)	(94.0, 275.5)	(95.0, 272.5)	(96.0, 265.0)	(97.0, 278.5)	(98.0, 277.5)	(99.0, 308.5)	(100.0, 944.5)
fastp | SRR35329989_1	(0.0, 12.0)	(1.0, 9.0)	(2.0, 6.5)	(3.0, 4.0)	(4.0, 1.5)	(5.0, 2.0)	(6.0, 4.0)	(7.0, 5.5)	(8.0, 5.0)	(9.0, 11.5)	(10.0, 20.5)	(11.0, 34.0)	(12.0, 129.5)	(13.0, 227.0)	(14.0, 257.5)	(15.0, 407.5)	(16.0, 775.5)	(17.0, 1357.0)	(18.0, 2290.5)	(19.0, 3924.5)	(20.0, 7449.5)	(21.0, 12913.0)	(22.0, 20224.0)	(23.0, 31786.0)	(24.0, 49724.0)	(25.0, 74400.5)	(26.0, 107641.5)	(27.0, 150748.5)	(28.0, 203104.0)	(29.0, 269209.0)	(30.0, 345235.0)	(31.0, 424465.5)	(32.0, 511413.5)	(33.0, 610337.0)	(34.0, 706492.0)	(35.0, 805325.0)	(36.0, 928889.0)	(37.0, 1050328.0)	(38.0, 1151236.5)	(39.0, 1252038.0)	(40.0, 1344014.0)	(41.0, 1433435.0)	(42.0, 1539675.5)	(43.0, 1656902.0)	(44.0, 1773877.5)	(45.0, 1890335.5)	(46.0, 2005766.0)	(47.0, 2117567.5)	(48.0, 2233960.5)	(49.0, 2327413.5)	(50.0, 2399188.0)	(51.0, 2482604.5)	(52.0, 2556909.0)	(53.0, 2580783.0)	(54.0, 2551131.5)	(55.0, 2488805.5)	(56.0, 2386671.0)	(57.0, 2244573.5)	(58.0, 2065206.5)	(59.0, 1851785.5)	(60.0, 1625253.0)	(61.0, 1392327.5)	(62.0, 1173002.0)	(63.0, 968843.5)	(64.0, 773906.5)	(65.0, 604293.0)	(66.0, 476830.5)	(67.0, 385984.5)	(68.0, 315393.0)	(69.0, 262194.5)	(70.0, 217763.5)	(71.0, 187011.0)	(72.0, 167336.0)	(73.0, 143817.5)	(74.0, 122792.0)	(75.0, 108598.0)	(76.0, 96626.5)	(77.0, 84335.5)	(78.0, 71533.0)	(79.0, 61243.0)	(80.0, 54500.0)	(81.0, 46473.5)	(82.0, 39185.0)	(83.0, 31436.0)	(84.0, 21133.5)	(85.0, 13499.5)	(86.0, 7912.5)	(87.0, 4056.5)	(88.0, 2067.0)	(89.0, 988.0)	(90.0, 421.0)	(91.0, 152.5)	(92.0, 45.5)	(93.0, 21.0)	(94.0, 12.0)	(95.0, 9.0)	(96.0, 11.0)	(97.0, 16.0)	(98.0, 101.0)	(99.0, 136.0)	(100.0, 49.0)
fastp | SRR35329989_2	(0.0, 8.0)	(1.0, 11.0)	(2.0, 13.5)	(3.0, 9.5)	(4.0, 7.0)	(5.0, 8.0)	(6.0, 13.0)	(7.0, 19.5)	(8.0, 21.0)	(9.0, 25.0)	(10.0, 39.5)	(11.0, 58.0)	(12.0, 93.0)	(13.0, 159.5)	(14.0, 253.5)	(15.0, 406.0)	(16.0, 687.0)	(17.0, 1189.5)	(18.0, 1951.0)	(19.0, 3322.0)	(20.0, 5981.0)	(21.0, 10503.0)	(22.0, 17527.0)	(23.0, 27548.5)	(24.0, 42338.5)	(25.0, 63221.5)	(26.0, 93870.5)	(27.0, 136229.0)	(28.0, 187784.5)	(29.0, 250103.0)	(30.0, 319723.0)	(31.0, 396696.0)	(32.0, 484568.0)	(33.0, 573743.0)	(34.0, 661239.5)	(35.0, 757870.5)	(36.0, 867567.5)	(37.0, 977509.5)	(38.0, 1081273.0)	(39.0, 1184149.5)	(40.0, 1275266.0)	(41.0, 1361688.0)	(42.0, 1463628.0)	(43.0, 1571150.0)	(44.0, 1686613.5)	(45.0, 1814405.0)	(46.0, 1933858.5)	(47.0, 2045698.5)	(48.0, 2169909.5)	(49.0, 2266940.0)	(50.0, 2337204.0)	(51.0, 2412229.5)	(52.0, 2476001.5)	(53.0, 2511795.5)	(54.0, 2513900.0)	(55.0, 2479192.5)	(56.0, 2398819.0)	(57.0, 2278114.5)	(58.0, 2118473.5)	(59.0, 1921786.0)	(60.0, 1706898.0)	(61.0, 1492364.0)	(62.0, 1280202.0)	(63.0, 1069012.0)	(64.0, 870784.5)	(65.0, 705767.0)	(66.0, 573716.5)	(67.0, 468904.5)	(68.0, 387477.0)	(69.0, 322989.5)	(70.0, 273329.5)	(71.0, 238055.0)	(72.0, 211010.0)	(73.0, 187687.5)	(74.0, 166642.5)	(75.0, 148058.0)	(76.0, 134472.5)	(77.0, 121347.0)	(78.0, 105843.0)	(79.0, 90895.5)	(80.0, 78382.5)	(81.0, 68131.0)	(82.0, 57884.0)	(83.0, 46417.5)	(84.0, 34478.0)	(85.0, 24465.0)	(86.0, 16435.0)	(87.0, 9798.5)	(88.0, 5071.0)	(89.0, 2287.0)	(90.0, 983.0)	(91.0, 433.5)	(92.0, 293.5)	(93.0, 256.5)	(94.0, 221.5)	(95.0, 210.0)	(96.0, 222.5)	(97.0, 229.0)	(98.0, 217.0)	(99.0, 245.0)	(100.0, 933.0)
fastp | SRR35329990_1	(0.0, 15.0)	(1.0, 10.0)	(2.0, 4.0)	(3.0, 2.5)	(4.0, 1.5)	(5.0, 2.0)	(6.0, 5.0)	(7.0, 8.5)	(8.0, 10.5)	(9.0, 12.5)	(10.0, 23.5)	(11.0, 38.0)	(12.0, 120.5)	(13.0, 208.0)	(14.0, 261.0)	(15.0, 400.0)	(16.0, 774.5)	(17.0, 1419.0)	(18.0, 2368.0)	(19.0, 4010.5)	(20.0, 7618.5)	(21.0, 13059.5)	(22.0, 20203.5)	(23.0, 31594.5)	(24.0, 49311.0)	(25.0, 74237.5)	(26.0, 108094.0)	(27.0, 151267.5)	(28.0, 204290.5)	(29.0, 274156.5)	(30.0, 355173.5)	(31.0, 437840.5)	(32.0, 528596.5)	(33.0, 634102.5)	(34.0, 737213.0)	(35.0, 840508.0)	(36.0, 970869.5)	(37.0, 1096776.0)	(38.0, 1191567.5)	(39.0, 1284549.5)	(40.0, 1366278.0)	(41.0, 1440519.5)	(42.0, 1533440.5)	(43.0, 1642445.5)	(44.0, 1752877.5)	(45.0, 1859815.5)	(46.0, 1967278.0)	(47.0, 2071589.5)	(48.0, 2191442.5)	(49.0, 2294568.5)	(50.0, 2353861.5)	(51.0, 2420839.0)	(52.0, 2483202.0)	(53.0, 2494518.0)	(54.0, 2473615.0)	(55.0, 2420982.5)	(56.0, 2324022.5)	(57.0, 2189673.5)	(58.0, 2011785.0)	(59.0, 1800106.5)	(60.0, 1586296.0)	(61.0, 1364825.0)	(62.0, 1151168.0)	(63.0, 951492.0)	(64.0, 757361.5)	(65.0, 592375.5)	(66.0, 466676.5)	(67.0, 376946.5)	(68.0, 307905.5)	(69.0, 254265.5)	(70.0, 210421.0)	(71.0, 181681.5)	(72.0, 163562.0)	(73.0, 140552.5)	(74.0, 119577.0)	(75.0, 105981.0)	(76.0, 94783.5)	(77.0, 82924.0)	(78.0, 70314.0)	(79.0, 60534.5)	(80.0, 54390.5)	(81.0, 46946.5)	(82.0, 40515.0)	(83.0, 32694.5)	(84.0, 22182.0)	(85.0, 14775.0)	(86.0, 8726.5)	(87.0, 4447.0)	(88.0, 2294.0)	(89.0, 1165.5)	(90.0, 531.5)	(91.0, 185.5)	(92.0, 43.5)	(93.0, 17.5)	(94.0, 12.0)	(95.0, 9.0)	(96.0, 9.0)	(97.0, 12.0)	(98.0, 114.0)	(99.0, 167.5)	(100.0, 68.0)
fastp | SRR35329990_2	(0.0, 18.0)	(1.0, 21.5)	(2.0, 18.5)	(3.0, 10.5)	(4.0, 8.0)	(5.0, 11.0)	(6.0, 15.5)	(7.0, 16.5)	(8.0, 18.0)	(9.0, 28.0)	(10.0, 51.0)	(11.0, 73.0)	(12.0, 100.5)	(13.0, 163.0)	(14.0, 266.0)	(15.0, 412.0)	(16.0, 700.0)	(17.0, 1208.5)	(18.0, 1977.5)	(19.0, 3438.5)	(20.0, 6273.0)	(21.0, 10775.0)	(22.0, 18046.0)	(23.0, 28543.0)	(24.0, 43198.5)	(25.0, 64551.5)	(26.0, 96621.5)	(27.0, 140887.5)	(28.0, 194031.0)	(29.0, 259561.0)	(30.0, 333752.5)	(31.0, 416669.0)	(32.0, 512202.0)	(33.0, 607433.0)	(34.0, 699419.5)	(35.0, 800008.0)	(36.0, 916457.5)	(37.0, 1027287.0)	(38.0, 1125974.0)	(39.0, 1222942.0)	(40.0, 1303883.5)	(41.0, 1378052.0)	(42.0, 1470632.0)	(43.0, 1571472.0)	(44.0, 1701799.5)	(45.0, 1838916.0)	(46.0, 1928984.0)	(47.0, 2008667.5)	(48.0, 2099215.5)	(49.0, 2186770.0)	(50.0, 2268033.0)	(51.0, 2343073.5)	(52.0, 2411404.5)	(53.0, 2453496.0)	(54.0, 2458955.0)	(55.0, 2417096.5)	(56.0, 2328999.0)	(57.0, 2208692.0)	(58.0, 2052790.0)	(59.0, 1864302.5)	(60.0, 1658122.0)	(61.0, 1451348.0)	(62.0, 1242778.0)	(63.0, 1030673.5)	(64.0, 834585.0)	(65.0, 676606.0)	(66.0, 551064.5)	(67.0, 451115.0)	(68.0, 372440.0)	(69.0, 309265.5)	(70.0, 261739.5)	(71.0, 228668.0)	(72.0, 203630.0)	(73.0, 181242.5)	(74.0, 160433.5)	(75.0, 142847.0)	(76.0, 130306.5)	(77.0, 118078.5)	(78.0, 102742.5)	(79.0, 87782.5)	(80.0, 76617.5)	(81.0, 67807.5)	(82.0, 58654.0)	(83.0, 47541.5)	(84.0, 35611.0)	(85.0, 25921.0)	(86.0, 17543.5)	(87.0, 10384.0)	(88.0, 5449.0)	(89.0, 2454.5)	(90.0, 1086.5)	(91.0, 487.5)	(92.0, 293.0)	(93.0, 243.5)	(94.0, 218.0)	(95.0, 221.0)	(96.0, 225.0)	(97.0, 224.0)	(98.0, 218.5)	(99.0, 242.5)	(100.0, 912.0)
fastp | SRR35329991_1	(0.0, 31.0)	(1.0, 21.0)	(2.0, 8.0)	(3.0, 3.5)	(4.0, 4.0)	(5.0, 6.0)	(6.0, 7.0)	(7.0, 9.5)	(8.0, 13.0)	(9.0, 19.0)	(10.0, 27.0)	(11.0, 40.0)	(12.0, 141.5)	(13.0, 220.5)	(14.0, 264.0)	(15.0, 443.0)	(16.0, 807.5)	(17.0, 1396.5)	(18.0, 2368.0)	(19.0, 3984.5)	(20.0, 7288.5)	(21.0, 12397.5)	(22.0, 19353.0)	(23.0, 30083.0)	(24.0, 46509.5)	(25.0, 69524.0)	(26.0, 100507.5)	(27.0, 140699.0)	(28.0, 191778.5)	(29.0, 262374.0)	(30.0, 350737.5)	(31.0, 447428.5)	(32.0, 554088.0)	(33.0, 674558.0)	(34.0, 790370.5)	(35.0, 906584.0)	(36.0, 1054733.0)	(37.0, 1200360.0)	(38.0, 1308987.5)	(39.0, 1412932.0)	(40.0, 1509223.0)	(41.0, 1602024.5)	(42.0, 1717270.5)	(43.0, 1848235.0)	(44.0, 1979223.0)	(45.0, 2106664.0)	(46.0, 2237476.5)	(47.0, 2363817.5)	(48.0, 2485381.5)	(49.0, 2580563.5)	(50.0, 2653725.5)	(51.0, 2737742.0)	(52.0, 2797055.0)	(53.0, 2799995.5)	(54.0, 2765713.5)	(55.0, 2695230.5)	(56.0, 2578544.5)	(57.0, 2420710.5)	(58.0, 2221860.5)	(59.0, 1988888.0)	(60.0, 1751880.0)	(61.0, 1506623.5)	(62.0, 1266596.5)	(63.0, 1045160.5)	(64.0, 835216.5)	(65.0, 654973.5)	(66.0, 518313.5)	(67.0, 422319.0)	(68.0, 350656.0)	(69.0, 293762.5)	(70.0, 243066.0)	(71.0, 210473.0)	(72.0, 192363.5)	(73.0, 165743.0)	(74.0, 139873.5)	(75.0, 126587.0)	(76.0, 116098.5)	(77.0, 101936.0)	(78.0, 86303.0)	(79.0, 75191.5)	(80.0, 69303.5)	(81.0, 60943.0)	(82.0, 55177.0)	(83.0, 46116.5)	(84.0, 30827.0)	(85.0, 20918.0)	(86.0, 12859.0)	(87.0, 6391.5)	(88.0, 3243.5)	(89.0, 1781.5)	(90.0, 786.0)	(91.0, 224.0)	(92.0, 73.5)	(93.0, 33.0)	(94.0, 19.0)	(95.0, 9.5)	(96.0, 7.5)	(97.0, 8.5)	(98.0, 109.0)	(99.0, 143.5)	(100.0, 43.0)
fastp | SRR35329991_2	(0.0, 30.0)	(1.0, 46.0)	(2.0, 39.5)	(3.0, 14.0)	(4.0, 14.0)	(5.0, 19.5)	(6.0, 26.5)	(7.0, 35.5)	(8.0, 39.0)	(9.0, 45.5)	(10.0, 43.0)	(11.0, 57.0)	(12.0, 114.5)	(13.0, 179.5)	(14.0, 294.5)	(15.0, 485.0)	(16.0, 730.5)	(17.0, 1182.5)	(18.0, 1999.0)	(19.0, 3434.0)	(20.0, 6141.0)	(21.0, 10637.0)	(22.0, 17664.0)	(23.0, 27200.0)	(24.0, 40389.5)	(25.0, 59947.5)	(26.0, 88788.5)	(27.0, 129207.0)	(28.0, 180231.0)	(29.0, 247576.5)	(30.0, 329460.0)	(31.0, 423342.5)	(32.0, 532338.0)	(33.0, 642085.5)	(34.0, 748576.5)	(35.0, 864170.5)	(36.0, 994807.5)	(37.0, 1121446.5)	(38.0, 1237025.5)	(39.0, 1347024.5)	(40.0, 1440078.5)	(41.0, 1531238.0)	(42.0, 1640191.0)	(43.0, 1756216.0)	(44.0, 1943316.5)	(45.0, 2147271.5)	(46.0, 2222018.0)	(47.0, 2273074.5)	(48.0, 2373224.5)	(49.0, 2468625.5)	(50.0, 2554114.5)	(51.0, 2631504.0)	(52.0, 2703708.5)	(53.0, 2746839.0)	(54.0, 2743459.5)	(55.0, 2691886.5)	(56.0, 2592275.0)	(57.0, 2453605.5)	(58.0, 2273190.0)	(59.0, 2056085.0)	(60.0, 1823766.0)	(61.0, 1593648.0)	(62.0, 1364979.0)	(63.0, 1135542.5)	(64.0, 922819.0)	(65.0, 749956.0)	(66.0, 613302.5)	(67.0, 504133.0)	(68.0, 420340.5)	(69.0, 353151.0)	(70.0, 300558.0)	(71.0, 264797.0)	(72.0, 237844.5)	(73.0, 212244.0)	(74.0, 187812.0)	(75.0, 166716.0)	(76.0, 153483.5)	(77.0, 140742.0)	(78.0, 122440.5)	(79.0, 104142.5)	(80.0, 92170.5)	(81.0, 85897.0)	(82.0, 78065.5)	(83.0, 64177.0)	(84.0, 48715.5)	(85.0, 37346.5)	(86.0, 26249.0)	(87.0, 15384.5)	(88.0, 7703.0)	(89.0, 3274.0)	(90.0, 1541.5)	(91.0, 730.0)	(92.0, 411.5)	(93.0, 307.5)	(94.0, 283.5)	(95.0, 255.5)	(96.0, 246.0)	(97.0, 245.5)	(98.0, 251.0)	(99.0, 266.0)	(100.0, 1175.0)
fastp | SRR35329992_1	(0.0, 5.0)	(1.0, 16.5)	(2.0, 18.0)	(3.0, 8.5)	(4.0, 8.5)	(5.0, 7.0)	(6.0, 6.0)	(7.0, 6.0)	(8.0, 10.5)	(9.0, 18.0)	(10.0, 30.5)	(11.0, 39.0)	(12.0, 57.5)	(13.0, 160.0)	(14.0, 251.0)	(15.0, 341.0)	(16.0, 646.5)	(17.0, 1182.5)	(18.0, 2048.5)	(19.0, 3530.0)	(20.0, 6053.5)	(21.0, 11045.0)	(22.0, 18320.0)	(23.0, 28156.5)	(24.0, 44104.0)	(25.0, 68263.5)	(26.0, 101329.0)	(27.0, 145695.5)	(28.0, 202525.5)	(29.0, 271228.5)	(30.0, 359128.0)	(31.0, 459183.0)	(32.0, 563785.5)	(33.0, 677776.5)	(34.0, 807808.5)	(35.0, 937099.0)	(36.0, 1069431.5)	(37.0, 1230428.5)	(38.0, 1382037.0)	(39.0, 1511134.0)	(40.0, 1639560.5)	(41.0, 1753971.0)	(42.0, 1870795.5)	(43.0, 2010159.5)	(44.0, 2167282.5)	(45.0, 2333837.0)	(46.0, 2495687.0)	(47.0, 2645401.0)	(48.0, 2804190.5)	(49.0, 2959894.0)	(50.0, 3052793.0)	(51.0, 3130934.5)	(52.0, 3227887.5)	(53.0, 3285429.0)	(54.0, 3286018.0)	(55.0, 3246480.5)	(56.0, 3157054.0)	(57.0, 3008237.5)	(58.0, 2813608.5)	(59.0, 2572533.5)	(60.0, 2295725.0)	(61.0, 2004993.5)	(62.0, 1709579.5)	(63.0, 1432563.0)	(64.0, 1173548.5)	(65.0, 930359.0)	(66.0, 726746.0)	(67.0, 578086.0)	(68.0, 471549.0)	(69.0, 387175.5)	(70.0, 322455.0)	(71.0, 268175.5)	(72.0, 233599.0)	(73.0, 210202.5)	(74.0, 179959.0)	(75.0, 154627.5)	(76.0, 138960.5)	(77.0, 124651.5)	(78.0, 107903.5)	(79.0, 92031.0)	(80.0, 80578.0)	(81.0, 72157.0)	(82.0, 61852.0)	(83.0, 52806.5)	(84.0, 41328.0)	(85.0, 27230.5)	(86.0, 18100.5)	(87.0, 10680.0)	(88.0, 5485.0)	(89.0, 2957.0)	(90.0, 1548.5)	(91.0, 629.0)	(92.0, 154.5)	(93.0, 40.5)	(94.0, 21.0)	(95.0, 16.5)	(96.0, 15.5)	(97.0, 14.0)	(98.0, 18.0)	(99.0, 129.5)	(100.0, 123.0)
fastp | SRR35329992_2	(0.0, 30.0)	(1.0, 33.5)	(2.0, 27.0)	(3.0, 12.0)	(4.0, 8.5)	(5.0, 17.0)	(6.0, 25.0)	(7.0, 27.5)	(8.0, 34.5)	(9.0, 43.0)	(10.0, 51.0)	(11.0, 71.0)	(12.0, 109.0)	(13.0, 190.0)	(14.0, 344.5)	(15.0, 527.5)	(16.0, 811.5)	(17.0, 1419.0)	(18.0, 2381.5)	(19.0, 3990.0)	(20.0, 7153.5)	(21.0, 12486.5)	(22.0, 20830.0)	(23.0, 33205.5)	(24.0, 50251.0)	(25.0, 74596.5)	(26.0, 111242.5)	(27.0, 162278.5)	(28.0, 225269.5)	(29.0, 302155.5)	(30.0, 391080.5)	(31.0, 491998.5)	(32.0, 605296.5)	(33.0, 720129.5)	(34.0, 832332.0)	(35.0, 952539.5)	(36.0, 1092701.5)	(37.0, 1239091.5)	(38.0, 1375256.0)	(39.0, 1506830.0)	(40.0, 1627252.0)	(41.0, 1740379.0)	(42.0, 1869622.5)	(43.0, 2009164.0)	(44.0, 2158610.5)	(45.0, 2324603.5)	(46.0, 2489606.0)	(47.0, 2659016.0)	(48.0, 2789808.5)	(49.0, 2886153.0)	(50.0, 2993420.0)	(51.0, 3092454.0)	(52.0, 3177063.0)	(53.0, 3230792.5)	(54.0, 3237005.0)	(55.0, 3190706.5)	(56.0, 3088195.0)	(57.0, 2935054.5)	(58.0, 2734289.0)	(59.0, 2484325.5)	(60.0, 2210594.0)	(61.0, 1937932.5)	(62.0, 1667888.5)	(63.0, 1394240.0)	(64.0, 1134790.0)	(65.0, 919461.5)	(66.0, 750068.5)	(67.0, 614591.5)	(68.0, 507143.5)	(69.0, 423007.0)	(70.0, 357666.5)	(71.0, 310846.0)	(72.0, 277266.5)	(73.0, 247789.5)	(74.0, 219783.5)	(75.0, 195880.5)	(76.0, 177897.5)	(77.0, 161821.0)	(78.0, 142460.5)	(79.0, 122345.0)	(80.0, 106932.5)	(81.0, 94793.5)	(82.0, 82694.5)	(83.0, 68488.0)	(84.0, 52262.5)	(85.0, 37851.5)	(86.0, 25923.0)	(87.0, 15715.0)	(88.0, 8296.5)	(89.0, 3951.0)	(90.0, 1732.0)	(91.0, 758.5)	(92.0, 468.5)	(93.0, 369.5)	(94.0, 333.0)	(95.0, 333.5)	(96.0, 333.0)	(97.0, 328.0)	(98.0, 311.0)	(99.0, 330.5)	(100.0, 1020.5)
fastp | SRR35329993_1	(0.0, 7.0)	(1.0, 15.0)	(2.0, 14.0)	(3.0, 6.0)	(4.0, 6.5)	(5.0, 7.5)	(6.0, 8.5)	(7.0, 10.0)	(8.0, 12.5)	(9.0, 16.0)	(10.0, 26.5)	(11.0, 35.5)	(12.0, 59.0)	(13.0, 206.5)	(14.0, 313.5)	(15.0, 377.0)	(16.0, 653.0)	(17.0, 1190.0)	(18.0, 2023.0)	(19.0, 3360.5)	(20.0, 5836.5)	(21.0, 10494.0)	(22.0, 17327.0)	(23.0, 26720.0)	(24.0, 41776.0)	(25.0, 64633.0)	(26.0, 95356.0)	(27.0, 137114.0)	(28.0, 192165.5)	(29.0, 260297.5)	(30.0, 352516.0)	(31.0, 463455.5)	(32.0, 583719.5)	(33.0, 716423.0)	(34.0, 865360.0)	(35.0, 1010549.5)	(36.0, 1160695.0)	(37.0, 1340525.0)	(38.0, 1507625.5)	(39.0, 1646832.5)	(40.0, 1786353.0)	(41.0, 1914007.5)	(42.0, 2044139.0)	(43.0, 2203155.5)	(44.0, 2373577.0)	(45.0, 2538143.0)	(46.0, 2701405.0)	(47.0, 2867015.5)	(48.0, 3030814.5)	(49.0, 3192875.5)	(50.0, 3316767.5)	(51.0, 3415132.5)	(52.0, 3532438.5)	(53.0, 3608936.0)	(54.0, 3602771.5)	(55.0, 3552401.5)	(56.0, 3457836.5)	(57.0, 3298288.5)	(58.0, 3077236.5)	(59.0, 2800112.0)	(60.0, 2490080.0)	(61.0, 2173133.0)	(62.0, 1852459.5)	(63.0, 1550148.5)	(64.0, 1268992.0)	(65.0, 1008609.0)	(66.0, 789532.0)	(67.0, 629949.5)	(68.0, 515314.0)	(69.0, 423291.0)	(70.0, 351885.5)	(71.0, 290884.5)	(72.0, 252794.5)	(73.0, 228083.0)	(74.0, 194460.0)	(75.0, 166734.5)	(76.0, 150239.5)	(77.0, 134756.0)	(78.0, 117236.0)	(79.0, 99272.0)	(80.0, 86673.5)	(81.0, 77779.0)	(82.0, 66735.5)	(83.0, 57642.5)	(84.0, 44776.0)	(85.0, 28974.5)	(86.0, 18965.0)	(87.0, 11066.5)	(88.0, 5478.0)	(89.0, 2793.0)	(90.0, 1369.5)	(91.0, 535.5)	(92.0, 192.5)	(93.0, 48.5)	(94.0, 29.5)	(95.0, 21.5)	(96.0, 21.0)	(97.0, 24.5)	(98.0, 30.0)	(99.0, 164.0)	(100.0, 158.5)
fastp | SRR35329993_2	(0.0, 34.0)	(1.0, 39.5)	(2.0, 30.5)	(3.0, 15.0)	(4.0, 14.5)	(5.0, 18.0)	(6.0, 28.5)	(7.0, 37.5)	(8.0, 40.5)	(9.0, 52.5)	(10.0, 65.5)	(11.0, 81.0)	(12.0, 122.5)	(13.0, 212.0)	(14.0, 358.0)	(15.0, 559.5)	(16.0, 850.0)	(17.0, 1422.5)	(18.0, 2385.0)	(19.0, 3992.0)	(20.0, 7243.5)	(21.0, 12617.5)	(22.0, 20721.5)	(23.0, 32427.0)	(24.0, 48520.5)	(25.0, 71220.0)	(26.0, 105139.0)	(27.0, 153764.5)	(28.0, 217116.0)	(29.0, 298647.0)	(30.0, 396101.0)	(31.0, 509478.5)	(32.0, 639653.5)	(33.0, 772864.5)	(34.0, 903857.0)	(35.0, 1043249.5)	(36.0, 1201411.0)	(37.0, 1360659.0)	(38.0, 1510081.0)	(39.0, 1654371.5)	(40.0, 1781748.0)	(41.0, 1907238.0)	(42.0, 2051476.5)	(43.0, 2202388.0)	(44.0, 2362978.5)	(45.0, 2543510.5)	(46.0, 2716249.0)	(47.0, 2885995.5)	(48.0, 3117366.0)	(49.0, 3244330.5)	(50.0, 3280953.0)	(51.0, 3375159.0)	(52.0, 3459956.0)	(53.0, 3512051.5)	(54.0, 3515059.5)	(55.0, 3466524.0)	(56.0, 3353384.5)	(57.0, 3180408.5)	(58.0, 2954301.0)	(59.0, 2676754.5)	(60.0, 2373820.0)	(61.0, 2077555.5)	(62.0, 1786617.0)	(63.0, 1489679.5)	(64.0, 1211526.0)	(65.0, 985263.0)	(66.0, 806569.0)	(67.0, 661941.5)	(68.0, 545943.5)	(69.0, 454503.5)	(70.0, 383572.5)	(71.0, 333775.5)	(72.0, 297720.5)	(73.0, 264927.0)	(74.0, 235293.0)	(75.0, 209950.0)	(76.0, 191526.5)	(77.0, 174414.0)	(78.0, 152225.0)	(79.0, 130477.0)	(80.0, 114327.0)	(81.0, 101382.0)	(82.0, 88097.0)	(83.0, 71658.5)	(84.0, 53820.5)	(85.0, 39167.5)	(86.0, 26926.5)	(87.0, 16229.0)	(88.0, 8335.0)	(89.0, 3638.0)	(90.0, 1596.5)	(91.0, 745.5)	(92.0, 445.0)	(93.0, 369.5)	(94.0, 334.0)	(95.0, 317.5)	(96.0, 319.0)	(97.0, 312.0)	(98.0, 319.5)	(99.0, 366.5)	(100.0, 1305.0)
fastp | SRR35329994_1	(0.0, 29.0)	(1.0, 19.0)	(2.0, 5.5)	(3.0, 2.5)	(4.0, 3.5)	(5.0, 4.5)	(6.0, 4.5)	(7.0, 6.0)	(8.0, 9.0)	(9.0, 21.5)	(10.0, 29.0)	(11.0, 40.0)	(12.0, 138.0)	(13.0, 212.5)	(14.0, 238.0)	(15.0, 384.0)	(16.0, 719.5)	(17.0, 1295.5)	(18.0, 2148.0)	(19.0, 3642.0)	(20.0, 6775.0)	(21.0, 11481.5)	(22.0, 17705.5)	(23.0, 27711.5)	(24.0, 43006.0)	(25.0, 63545.0)	(26.0, 92131.0)	(27.0, 130626.0)	(28.0, 178197.5)	(29.0, 242533.0)	(30.0, 325574.0)	(31.0, 417802.5)	(32.0, 519928.0)	(33.0, 634853.5)	(34.0, 746318.5)	(35.0, 859440.0)	(36.0, 995881.0)	(37.0, 1132258.5)	(38.0, 1243474.5)	(39.0, 1351294.0)	(40.0, 1451867.5)	(41.0, 1549492.5)	(42.0, 1665891.0)	(43.0, 1797882.0)	(44.0, 1931516.5)	(45.0, 2059509.5)	(46.0, 2185586.5)	(47.0, 2309513.0)	(48.0, 2434841.0)	(49.0, 2536654.5)	(50.0, 2612792.0)	(51.0, 2696363.5)	(52.0, 2765973.5)	(53.0, 2779154.5)	(54.0, 2745402.5)	(55.0, 2673376.0)	(56.0, 2561413.5)	(57.0, 2409180.5)	(58.0, 2210325.0)	(59.0, 1979979.0)	(60.0, 1744836.5)	(61.0, 1499323.0)	(62.0, 1260816.0)	(63.0, 1040146.5)	(64.0, 830309.5)	(65.0, 651864.0)	(66.0, 516462.5)	(67.0, 418886.5)	(68.0, 344159.0)	(69.0, 285953.5)	(70.0, 235424.5)	(71.0, 202448.0)	(72.0, 183334.0)	(73.0, 157910.0)	(74.0, 135021.5)	(75.0, 120662.0)	(76.0, 108212.0)	(77.0, 94617.5)	(78.0, 80347.5)	(79.0, 69260.0)	(80.0, 62376.5)	(81.0, 54397.0)	(82.0, 47699.0)	(83.0, 38993.0)	(84.0, 26289.0)	(85.0, 17288.0)	(86.0, 10234.5)	(87.0, 5014.0)	(88.0, 2461.5)	(89.0, 1227.5)	(90.0, 519.5)	(91.0, 174.0)	(92.0, 43.5)	(93.0, 19.5)	(94.0, 12.5)	(95.0, 12.0)	(96.0, 9.5)	(97.0, 7.0)	(98.0, 90.5)	(99.0, 118.0)	(100.0, 33.5)
fastp | SRR35329994_2	(0.0, 21.0)	(1.0, 25.5)	(2.0, 21.0)	(3.0, 11.5)	(4.0, 12.5)	(5.0, 20.5)	(6.0, 27.0)	(7.0, 30.5)	(8.0, 36.0)	(9.0, 34.5)	(10.0, 40.5)	(11.0, 64.5)	(12.0, 101.0)	(13.0, 166.5)	(14.0, 289.0)	(15.0, 433.5)	(16.0, 640.5)	(17.0, 1079.5)	(18.0, 1783.0)	(19.0, 3068.0)	(20.0, 5539.0)	(21.0, 9541.0)	(22.0, 15774.5)	(23.0, 24553.5)	(24.0, 36593.0)	(25.0, 53862.0)	(26.0, 79456.5)	(27.0, 116093.0)	(28.0, 162483.5)	(29.0, 223692.5)	(30.0, 299656.0)	(31.0, 388540.0)	(32.0, 491745.5)	(33.0, 595443.0)	(34.0, 696500.5)	(35.0, 806190.5)	(36.0, 928715.0)	(37.0, 1051533.5)	(38.0, 1166744.0)	(39.0, 1279334.5)	(40.0, 1380234.5)	(41.0, 1475900.0)	(42.0, 1588890.5)	(43.0, 1706894.5)	(44.0, 1830140.0)	(45.0, 1970057.5)	(46.0, 2100747.5)	(47.0, 2215692.0)	(48.0, 2327321.0)	(49.0, 2477087.0)	(50.0, 2613365.5)	(51.0, 2650446.5)	(52.0, 2674906.0)	(53.0, 2716331.0)	(54.0, 2721223.5)	(55.0, 2677537.5)	(56.0, 2583772.5)	(57.0, 2448464.5)	(58.0, 2271784.5)	(59.0, 2058368.5)	(60.0, 1826208.5)	(61.0, 1597506.5)	(62.0, 1372941.5)	(63.0, 1143746.5)	(64.0, 929542.5)	(65.0, 755377.5)	(66.0, 617832.0)	(67.0, 507437.0)	(68.0, 419804.0)	(69.0, 349275.5)	(70.0, 295328.5)	(71.0, 258206.0)	(72.0, 230198.0)	(73.0, 205016.5)	(74.0, 181774.0)	(75.0, 161729.0)	(76.0, 147541.0)	(77.0, 133662.0)	(78.0, 116385.0)	(79.0, 99295.5)	(80.0, 86824.0)	(81.0, 78225.5)	(82.0, 68655.5)	(83.0, 55804.0)	(84.0, 41853.5)	(85.0, 30752.5)	(86.0, 21041.5)	(87.0, 12349.5)	(88.0, 6218.5)	(89.0, 2627.5)	(90.0, 1154.5)	(91.0, 548.5)	(92.0, 358.5)	(93.0, 309.0)	(94.0, 287.5)	(95.0, 279.0)	(96.0, 274.0)	(97.0, 252.5)	(98.0, 258.0)	(99.0, 288.0)	(100.0, 1055.5)
fastp | SRR35329995_1	(0.0, 9.0)	(1.0, 6.0)	(2.0, 5.0)	(3.0, 6.0)	(4.0, 4.0)	(5.0, 2.5)	(6.0, 7.0)	(7.0, 8.5)	(8.0, 10.5)	(9.0, 17.0)	(10.0, 28.0)	(11.0, 43.0)	(12.0, 115.0)	(13.0, 202.5)	(14.0, 286.0)	(15.0, 483.0)	(16.0, 872.5)	(17.0, 1543.5)	(18.0, 2607.0)	(19.0, 4479.0)	(20.0, 8505.5)	(21.0, 14494.0)	(22.0, 22419.5)	(23.0, 34832.0)	(24.0, 54123.0)	(25.0, 81326.5)	(26.0, 118539.5)	(27.0, 166611.5)	(28.0, 225844.0)	(29.0, 302732.5)	(30.0, 391035.0)	(31.0, 482825.5)	(32.0, 584850.0)	(33.0, 702350.5)	(34.0, 815698.0)	(35.0, 929697.0)	(36.0, 1074439.0)	(37.0, 1216126.5)	(38.0, 1324880.5)	(39.0, 1427885.5)	(40.0, 1520419.5)	(41.0, 1606110.5)	(42.0, 1709511.5)	(43.0, 1833286.0)	(44.0, 1961974.5)	(45.0, 2083011.5)	(46.0, 2203205.5)	(47.0, 2325416.5)	(48.0, 2449440.5)	(49.0, 2556294.5)	(50.0, 2656143.5)	(51.0, 2754300.5)	(52.0, 2810819.0)	(53.0, 2813461.5)	(54.0, 2788351.0)	(55.0, 2734595.5)	(56.0, 2632995.0)	(57.0, 2479765.5)	(58.0, 2280274.5)	(59.0, 2044648.0)	(60.0, 1799159.0)	(61.0, 1547173.0)	(62.0, 1305810.5)	(63.0, 1081230.0)	(64.0, 865148.0)	(65.0, 681277.5)	(66.0, 539921.0)	(67.0, 437531.0)	(68.0, 359715.5)	(69.0, 298963.5)	(70.0, 246672.5)	(71.0, 212862.5)	(72.0, 192176.0)	(73.0, 165420.0)	(74.0, 141029.5)	(75.0, 126080.5)	(76.0, 113425.5)	(77.0, 98690.5)	(78.0, 83343.0)	(79.0, 71844.0)	(80.0, 65198.0)	(81.0, 56796.5)	(82.0, 49376.5)	(83.0, 40242.5)	(84.0, 27012.0)	(85.0, 17648.0)	(86.0, 10254.0)	(87.0, 4742.5)	(88.0, 2164.5)	(89.0, 1062.0)	(90.0, 428.5)	(91.0, 140.0)	(92.0, 36.0)	(93.0, 19.0)	(94.0, 12.5)	(95.0, 10.5)	(96.0, 8.5)	(97.0, 7.0)	(98.0, 107.0)	(99.0, 125.5)	(100.0, 27.5)
fastp | SRR35329995_2	(0.0, 17.0)	(1.0, 20.0)	(2.0, 15.0)	(3.0, 10.0)	(4.0, 8.5)	(5.0, 9.5)	(6.0, 20.0)	(7.0, 21.0)	(8.0, 21.0)	(9.0, 31.5)	(10.0, 47.0)	(11.0, 65.5)	(12.0, 109.5)	(13.0, 188.5)	(14.0, 312.5)	(15.0, 476.0)	(16.0, 763.5)	(17.0, 1252.0)	(18.0, 2050.5)	(19.0, 3570.5)	(20.0, 6603.5)	(21.0, 11459.0)	(22.0, 18832.5)	(23.0, 29821.5)	(24.0, 45399.5)	(25.0, 67928.5)	(26.0, 101560.0)	(27.0, 148690.5)	(28.0, 206355.5)	(29.0, 277104.5)	(30.0, 358059.0)	(31.0, 449202.0)	(32.0, 553856.5)	(33.0, 659054.0)	(34.0, 762095.0)	(35.0, 873869.5)	(36.0, 1002174.0)	(37.0, 1128309.0)	(38.0, 1241770.0)	(39.0, 1350618.5)	(40.0, 1443254.0)	(41.0, 1528597.0)	(42.0, 1630149.5)	(43.0, 1737511.0)	(44.0, 1857234.0)	(45.0, 2003605.5)	(46.0, 2177248.0)	(47.0, 2285660.5)	(48.0, 2348499.0)	(49.0, 2449715.0)	(50.0, 2544352.5)	(51.0, 2627446.0)	(52.0, 2705709.0)	(53.0, 2759528.0)	(54.0, 2769429.0)	(55.0, 2731832.0)	(56.0, 2640726.5)	(57.0, 2508626.5)	(58.0, 2340016.0)	(59.0, 2128924.5)	(60.0, 1897227.5)	(61.0, 1667039.5)	(62.0, 1433853.0)	(63.0, 1196308.0)	(64.0, 974933.5)	(65.0, 792108.5)	(66.0, 647901.0)	(67.0, 532816.0)	(68.0, 440242.5)	(69.0, 366476.0)	(70.0, 310173.5)	(71.0, 270909.5)	(72.0, 241790.5)	(73.0, 214981.0)	(74.0, 190063.0)	(75.0, 168595.0)	(76.0, 153329.5)	(77.0, 139436.0)	(78.0, 121454.0)	(79.0, 102972.0)	(80.0, 89907.5)	(81.0, 81329.5)	(82.0, 71714.5)	(83.0, 58503.0)	(84.0, 43743.5)	(85.0, 31735.5)	(86.0, 21343.0)	(87.0, 12154.5)	(88.0, 5745.0)	(89.0, 2280.0)	(90.0, 970.5)	(91.0, 468.5)	(92.0, 329.0)	(93.0, 291.0)	(94.0, 290.5)	(95.0, 262.0)	(96.0, 243.0)	(97.0, 252.0)	(98.0, 264.5)	(99.0, 280.0)	(100.0, 897.0)
fastp | SRR35329996_1	(0.0, 12.0)	(1.0, 14.5)	(2.0, 11.0)	(3.0, 4.5)	(4.0, 3.5)	(5.0, 3.0)	(6.0, 3.0)	(7.0, 4.5)	(8.0, 5.5)	(9.0, 9.5)	(10.0, 18.0)	(11.0, 27.0)	(12.0, 46.5)	(13.0, 133.0)	(14.0, 210.0)	(15.0, 294.5)	(16.0, 512.5)	(17.0, 988.0)	(18.0, 1748.5)	(19.0, 2898.0)	(20.0, 5084.5)	(21.0, 9409.0)	(22.0, 15669.5)	(23.0, 24346.0)	(24.0, 37521.0)	(25.0, 57116.0)	(26.0, 84728.5)	(27.0, 121934.5)	(28.0, 170326.0)	(29.0, 231029.0)	(30.0, 307155.5)	(31.0, 394792.5)	(32.0, 487904.5)	(33.0, 588251.0)	(34.0, 700883.0)	(35.0, 813394.0)	(36.0, 931302.0)	(37.0, 1066559.5)	(38.0, 1193582.5)	(39.0, 1301300.0)	(40.0, 1408498.0)	(41.0, 1506693.0)	(42.0, 1605263.0)	(43.0, 1724630.5)	(44.0, 1849890.5)	(45.0, 1972932.5)	(46.0, 2094069.5)	(47.0, 2214412.0)	(48.0, 2331607.5)	(49.0, 2446582.0)	(50.0, 2535383.0)	(51.0, 2606405.5)	(52.0, 2684296.0)	(53.0, 2729976.5)	(54.0, 2719678.5)	(55.0, 2674854.5)	(56.0, 2593537.0)	(57.0, 2469103.0)	(58.0, 2303280.0)	(59.0, 2093266.0)	(60.0, 1860083.5)	(61.0, 1620794.5)	(62.0, 1380301.0)	(63.0, 1154847.5)	(64.0, 944991.5)	(65.0, 750272.0)	(66.0, 587365.0)	(67.0, 467882.0)	(68.0, 379321.5)	(69.0, 309250.0)	(70.0, 256878.0)	(71.0, 213697.0)	(72.0, 184557.0)	(73.0, 163311.5)	(74.0, 139385.5)	(75.0, 120104.0)	(76.0, 106043.5)	(77.0, 93059.5)	(78.0, 79984.0)	(79.0, 67414.0)	(80.0, 58221.5)	(81.0, 50875.5)	(82.0, 42120.5)	(83.0, 34092.0)	(84.0, 25383.0)	(85.0, 16131.0)	(86.0, 9955.5)	(87.0, 5559.0)	(88.0, 2735.5)	(89.0, 1329.0)	(90.0, 599.5)	(91.0, 271.0)	(92.0, 120.5)	(93.0, 30.0)	(94.0, 18.0)	(95.0, 9.5)	(96.0, 6.5)	(97.0, 8.5)	(98.0, 28.5)	(99.0, 124.0)	(100.0, 108.0)
fastp | SRR35329996_2	(0.0, 23.0)	(1.0, 30.0)	(2.0, 24.0)	(3.0, 10.0)	(4.0, 9.0)	(5.0, 14.0)	(6.0, 23.0)	(7.0, 26.0)	(8.0, 27.0)	(9.0, 25.0)	(10.0, 41.0)	(11.0, 68.0)	(12.0, 104.5)	(13.0, 172.0)	(14.0, 277.0)	(15.0, 432.5)	(16.0, 721.5)	(17.0, 1202.0)	(18.0, 2042.0)	(19.0, 3521.5)	(20.0, 6377.0)	(21.0, 11116.5)	(22.0, 18337.5)	(23.0, 28826.0)	(24.0, 43801.0)	(25.0, 65126.5)	(26.0, 96876.5)	(27.0, 141328.0)	(28.0, 196928.5)	(29.0, 266151.5)	(30.0, 344862.5)	(31.0, 434562.0)	(32.0, 537010.5)	(33.0, 638383.0)	(34.0, 736741.0)	(35.0, 843230.0)	(36.0, 965441.5)	(37.0, 1087056.0)	(38.0, 1201560.5)	(39.0, 1312906.5)	(40.0, 1408645.5)	(41.0, 1501873.5)	(42.0, 1612527.0)	(43.0, 1725425.0)	(44.0, 1881793.5)	(45.0, 2055163.5)	(46.0, 2142279.0)	(47.0, 2210507.5)	(48.0, 2310037.5)	(49.0, 2406970.5)	(50.0, 2497195.5)	(51.0, 2574614.5)	(52.0, 2634692.5)	(53.0, 2667443.0)	(54.0, 2664911.0)	(55.0, 2617312.0)	(56.0, 2523013.0)	(57.0, 2387995.5)	(58.0, 2212871.5)	(59.0, 2001678.5)	(60.0, 1774473.0)	(61.0, 1550741.5)	(62.0, 1328299.5)	(63.0, 1104993.5)	(64.0, 899452.5)	(65.0, 730841.0)	(66.0, 596229.5)	(67.0, 487841.0)	(68.0, 401754.0)	(69.0, 333781.0)	(70.0, 281780.0)	(71.0, 244694.0)	(72.0, 216594.0)	(73.0, 192531.0)	(74.0, 171330.0)	(75.0, 152802.5)	(76.0, 137908.0)	(77.0, 123323.5)	(78.0, 106983.0)	(79.0, 90860.5)	(80.0, 77365.0)	(81.0, 66560.0)	(82.0, 55891.0)	(83.0, 43569.0)	(84.0, 31399.5)	(85.0, 22012.0)	(86.0, 14362.0)	(87.0, 8186.0)	(88.0, 4214.5)	(89.0, 1850.5)	(90.0, 797.0)	(91.0, 424.5)	(92.0, 301.0)	(93.0, 259.5)	(94.0, 254.0)	(95.0, 259.5)	(96.0, 248.0)	(97.0, 241.0)	(98.0, 237.5)	(99.0, 246.5)	(100.0, 737.0)
