Sample	0	1	2	3	4	5	6	7	8	9	10	11	12	13	14	15	16	17	18	19	20	21	22	23	24	25	26	27	28	29	30	31	32	33	34	35	36	37	38	39	40	41	42	43	44	45	46	47	48	49	50	51	52	53	54	55	56	57	58	59	60	61	62	63	64	65	66	67	68	69	70	71	72	73	74	75	76	77	78	79	80	81	82	83	84	85	86	87	88	89	90	91	92	93	94	95	96	97	98	99	100	101	102	103	104	105	106	107	108	109	110	111	112	113	114	115	116	117	118	119	120	121	122	123	124	125	126	127	128	129	130	131	132	133	134	135	136	137	138	139	140	141	142	143	144	145	146	147	148	149	150
reports | SRR35329977	(1, 38.901599999999995)	(2, 66.97)	(3, 47.7478)	(4, 50.054500000000004)	(5, 50.151999999999994)	(6, 49.125)	(7, 46.6163)	(8, 47.7659)	(9, 53.906699999999994)	(10, 51.3724)	(11, 46.4815)	(12, 57.6901)	(13, 55.4285)	(14, 52.0693)	(15, 49.8204)	(16, 50.469500000000004)	(17, 51.5479)	(18, 51.0682)	(19, 50.4127)	(20, 51.305)	(21, 51.307)	(22, 50.2923)	(23, 50.8507)	(24, 50.6643)	(25, 50.001)	(26, 50.9813)	(27, 50.990199999999994)	(28, 50.11750000000001)	(29, 50.945499999999996)	(30, 50.8625)	(31, 50.1959)	(32, 50.821400000000004)	(33, 50.6312)	(34, 49.8421)	(35, 50.8132)	(36, 50.7767)	(37, 50.1185)	(38, 50.8194)	(39, 50.7679)	(40, 50.0725)	(41, 50.750499999999995)	(42, 50.7613)	(43, 50.036899999999996)	(44, 50.8676)	(45, 50.814400000000006)	(46, 50.116099999999996)	(47, 50.9506)	(48, 50.694700000000005)	(49, 49.9804)	(50, 50.8818)	(51, 50.7842)	(52, 50.025200000000005)	(53, 50.9286)	(54, 50.688599999999994)	(55, 50.0135)	(56, 50.7638)	(57, 50.6412)	(58, 49.9867)	(59, 50.717800000000004)	(60, 50.8381)	(61, 49.9406)	(62, 50.734500000000004)	(63, 50.707800000000006)	(64, 49.9588)	(65, 50.706799999999994)	(66, 50.7004)	(67, 49.811)	(68, 50.49979999999999)	(69, 50.521499999999996)	(70, 49.845299999999995)	(71, 50.5499)	(72, 50.4718)	(73, 49.801899999999996)	(74, 50.5131)	(75, 50.463800000000006)	(76, 49.773)	(77, 50.3092)	(78, 50.4096)	(79, 49.7059)	(80, 50.378299999999996)	(81, 50.33109999999999)	(82, 49.680600000000005)	(83, 50.31529999999999)	(84, 50.273199999999996)	(85, 49.6519)	(86, 50.261900000000004)	(87, 50.1977)	(88, 49.5193)	(89, 50.2329)	(90, 50.166900000000005)	(91, 49.494899999999994)	(92, 50.1123)	(93, 50.095299999999995)	(94, 49.4758)	(95, 50.0093)	(96, 49.960300000000004)	(97, 49.4059)	(98, 49.9022)	(99, 49.8211)	(100, 49.1963)	(101, 49.7742)	(102, 49.8263)	(103, 49.283)	(104, 49.7914)	(105, 49.727199999999996)	(106, 49.0968)	(107, 49.6868)	(108, 49.6565)	(109, 49.1549)	(110, 49.7098)	(111, 49.6685)	(112, 49.1973)	(113, 49.6751)	(114, 49.7509)	(115, 49.2133)	(116, 49.7828)	(117, 49.804500000000004)	(118, 49.410399999999996)	(119, 49.869400000000006)	(120, 49.9668)	(121, 49.5431)	(122, 50.173)	(123, 50.2532)	(124, 49.9163)	(125, 50.44499999999999)	(126, 50.4698)	(127, 50.239599999999996)	(128, 50.7315)	(129, 50.800900000000006)	(130, 50.5028)	(131, 51.0811)	(132, 51.23950000000001)	(133, 50.9747)	(134, 51.5458)	(135, 51.656400000000005)	(136, 51.37310000000001)	(137, 51.8614)	(138, 51.9276)	(139, 51.690000000000005)	(140, 52.11710000000001)	(141, 52.185199999999995)	(142, 52.137299999999996)	(143, 52.5894)	(144, 52.75450000000001)	(145, 52.48350000000001)	(146, 52.9724)	(147, 52.976299999999995)	(148, 52.727900000000005)	(149, 53.1126)	(150, 53.1942)	(151, 52.947900000000004)
reports | SRR35329978	(1, 34.5591)	(2, 66.863)	(3, 47.5085)	(4, 50.0455)	(5, 50.6752)	(6, 49.324)	(7, 46.6703)	(8, 47.9054)	(9, 54.1154)	(10, 51.5108)	(11, 46.6271)	(12, 58.021)	(13, 55.710499999999996)	(14, 52.2713)	(15, 49.870799999999996)	(16, 50.6402)	(17, 51.6382)	(18, 51.1663)	(19, 50.6159)	(20, 51.419599999999996)	(21, 51.519999999999996)	(22, 50.3895)	(23, 51.1027)	(24, 50.950700000000005)	(25, 50.2374)	(26, 51.112)	(27, 51.246700000000004)	(28, 50.3568)	(29, 51.197)	(30, 51.1532)	(31, 50.3344)	(32, 51.05420000000001)	(33, 50.9165)	(34, 49.9578)	(35, 50.869)	(36, 50.8366)	(37, 50.2038)	(38, 51.057399999999994)	(39, 51.0641)	(40, 50.138099999999994)	(41, 51.107899999999994)	(42, 50.905100000000004)	(43, 50.1795)	(44, 50.924)	(45, 51.0953)	(46, 50.2599)	(47, 51.1984)	(48, 50.8266)	(49, 50.1039)	(50, 51.1111)	(51, 50.9362)	(52, 50.184200000000004)	(53, 51.1642)	(54, 50.8464)	(55, 50.2628)	(56, 51.001799999999996)	(57, 50.9049)	(58, 50.1116)	(59, 50.9771)	(60, 51.089)	(61, 50.0956)	(62, 50.982499999999995)	(63, 50.9568)	(64, 50.1776)	(65, 50.9309)	(66, 50.935900000000004)	(67, 49.9006)	(68, 50.6043)	(69, 50.653499999999994)	(70, 50.031000000000006)	(71, 50.645799999999994)	(72, 50.5717)	(73, 49.8886)	(74, 50.5865)	(75, 50.582800000000006)	(76, 49.8615)	(77, 50.4005)	(78, 50.515600000000006)	(79, 49.8851)	(80, 50.5203)	(81, 50.5019)	(82, 49.8733)	(83, 50.4764)	(84, 50.4458)	(85, 49.8025)	(86, 50.379200000000004)	(87, 50.3116)	(88, 49.6241)	(89, 50.3253)	(90, 50.2708)	(91, 49.5659)	(92, 50.175599999999996)	(93, 50.161699999999996)	(94, 49.4945)	(95, 50.0217)	(96, 49.9902)	(97, 49.389)	(98, 49.8291)	(99, 49.7672)	(100, 49.1029)	(101, 49.6595)	(102, 49.7283)	(103, 49.1786)	(104, 49.635)	(105, 49.548199999999994)	(106, 48.8822)	(107, 49.410900000000005)	(108, 49.3624)	(109, 48.7931)	(110, 49.3468)	(111, 49.2933)	(112, 48.767300000000006)	(113, 49.1946)	(114, 49.297999999999995)	(115, 48.6805)	(116, 49.1958)	(117, 49.1797)	(118, 48.688700000000004)	(119, 49.0595)	(120, 49.1203)	(121, 48.615)	(122, 49.1517)	(123, 49.1569)	(124, 48.778)	(125, 49.2174)	(126, 49.1645)	(127, 48.8489)	(128, 49.2264)	(129, 49.1448)	(130, 48.7686)	(131, 49.1952)	(132, 49.242799999999995)	(133, 48.884699999999995)	(134, 49.374)	(135, 49.3846)	(136, 49.0137)	(137, 49.4079)	(138, 49.3784)	(139, 49.030699999999996)	(140, 49.3014)	(141, 49.2581)	(142, 49.107)	(143, 49.447)	(144, 49.5587)	(145, 49.221599999999995)	(146, 49.6666)	(147, 49.6323)	(148, 49.3421)	(149, 49.6714)	(150, 49.6997)	(151, 49.5353)
reports | SRR35329979	(1, 53.82710000000001)	(2, 70.1199)	(3, 48.387299999999996)	(4, 50.7599)	(5, 49.8825)	(6, 49.1644)	(7, 47.089999999999996)	(8, 48.2266)	(9, 54.09310000000001)	(10, 51.5856)	(11, 46.6252)	(12, 57.7356)	(13, 55.31399999999999)	(14, 52.052200000000006)	(15, 50.0254)	(16, 50.646899999999995)	(17, 51.8292)	(18, 51.2173)	(19, 50.6014)	(20, 51.5442)	(21, 51.383100000000006)	(22, 50.485)	(23, 51.008399999999995)	(24, 50.782000000000004)	(25, 50.1907)	(26, 51.2347)	(27, 51.090500000000006)	(28, 50.2463)	(29, 51.1047)	(30, 50.934599999999996)	(31, 50.340399999999995)	(32, 51.0096)	(33, 50.719300000000004)	(34, 50.0255)	(35, 51.0196)	(36, 50.7946)	(37, 50.1965)	(38, 50.9988)	(39, 50.8004)	(40, 50.1825)	(41, 50.982400000000005)	(42, 50.807599999999994)	(43, 50.2398)	(44, 51.072700000000005)	(45, 50.8752)	(46, 50.2367)	(47, 51.1255)	(48, 50.7528)	(49, 50.1332)	(50, 51.041000000000004)	(51, 50.85659999999999)	(52, 50.171600000000005)	(53, 51.083999999999996)	(54, 50.7391)	(55, 50.15389999999999)	(56, 50.950799999999994)	(57, 50.7038)	(58, 50.1431)	(59, 50.901300000000006)	(60, 50.8598)	(61, 50.108799999999995)	(62, 50.90369999999999)	(63, 50.759299999999996)	(64, 50.1019)	(65, 50.87779999999999)	(66, 50.760400000000004)	(67, 49.9716)	(68, 50.7171)	(69, 50.616499999999995)	(70, 49.961299999999994)	(71, 50.718799999999995)	(72, 50.5382)	(73, 49.932700000000004)	(74, 50.70440000000001)	(75, 50.55030000000001)	(76, 49.932300000000005)	(77, 50.5186)	(78, 50.495400000000004)	(79, 49.857099999999996)	(80, 50.556900000000006)	(81, 50.385000000000005)	(82, 49.8001)	(83, 50.475300000000004)	(84, 50.339)	(85, 49.7842)	(86, 50.42100000000001)	(87, 50.2575)	(88, 49.6466)	(89, 50.3988)	(90, 50.232299999999995)	(91, 49.627700000000004)	(92, 50.304700000000004)	(93, 50.1308)	(94, 49.5776)	(95, 50.1936)	(96, 50.0208)	(97, 49.518)	(98, 50.078100000000006)	(99, 49.9024)	(100, 49.2962)	(101, 49.9187)	(102, 49.8805)	(103, 49.3859)	(104, 49.900299999999994)	(105, 49.7481)	(106, 49.189899999999994)	(107, 49.806200000000004)	(108, 49.650800000000004)	(109, 49.2108)	(110, 49.7946)	(111, 49.6334)	(112, 49.1837)	(113, 49.6862)	(114, 49.686099999999996)	(115, 49.1929)	(116, 49.7859)	(117, 49.7071)	(118, 49.349399999999996)	(119, 49.8292)	(120, 49.823699999999995)	(121, 49.3928)	(122, 50.0286)	(123, 49.9876)	(124, 49.688900000000004)	(125, 50.2432)	(126, 50.171699999999994)	(127, 50.0042)	(128, 50.542)	(129, 50.4927)	(130, 50.2448)	(131, 50.8371)	(132, 50.871500000000005)	(133, 50.6143)	(134, 51.220299999999995)	(135, 51.249500000000005)	(136, 51.009499999999996)	(137, 51.5609)	(138, 51.58859999999999)	(139, 51.44109999999999)	(140, 51.8881)	(141, 51.881)	(142, 51.8691)	(143, 52.309000000000005)	(144, 52.39509999999999)	(145, 52.188100000000006)	(146, 52.7274)	(147, 52.719899999999996)	(148, 52.5691)	(149, 53.0127)	(150, 53.0578)	(151, 53.0029)
reports | SRR35329980	(1, 64.6609)	(2, 68.0139)	(3, 47.7374)	(4, 50.3354)	(5, 49.834)	(6, 48.872)	(7, 46.7123)	(8, 47.7095)	(9, 53.988800000000005)	(10, 51.1522)	(11, 46.376)	(12, 57.741699999999994)	(13, 55.2318)	(14, 51.795)	(15, 49.7268)	(16, 50.3625)	(17, 51.476200000000006)	(18, 50.9846)	(19, 50.3472)	(20, 51.221799999999995)	(21, 51.17660000000001)	(22, 50.185500000000005)	(23, 50.70909999999999)	(24, 50.542)	(25, 49.9133)	(26, 50.8563)	(27, 50.852)	(28, 49.9978)	(29, 50.8219)	(30, 50.7526)	(31, 50.0784)	(32, 50.6792)	(33, 50.507000000000005)	(34, 49.7392)	(35, 50.6028)	(36, 50.63720000000001)	(37, 50.005)	(38, 50.688900000000004)	(39, 50.6363)	(40, 49.9454)	(41, 50.6293)	(42, 50.692400000000006)	(43, 49.9132)	(44, 50.7368)	(45, 50.6595)	(46, 50.006099999999996)	(47, 50.815)	(48, 50.5734)	(49, 49.8911)	(50, 50.7588)	(51, 50.657300000000006)	(52, 49.9377)	(53, 50.775800000000004)	(54, 50.5501)	(55, 49.8893)	(56, 50.6359)	(57, 50.504599999999996)	(58, 49.8776)	(59, 50.5969)	(60, 50.696600000000004)	(61, 49.8299)	(62, 50.6057)	(63, 50.56850000000001)	(64, 49.835499999999996)	(65, 50.572799999999994)	(66, 50.5777)	(67, 49.6915)	(68, 50.3866)	(69, 50.392)	(70, 49.721399999999996)	(71, 50.446400000000004)	(72, 50.3505)	(73, 49.7031)	(74, 50.414899999999996)	(75, 50.34889999999999)	(76, 49.6533)	(77, 50.1911)	(78, 50.30050000000001)	(79, 49.5918)	(80, 50.2444)	(81, 50.2254)	(82, 49.5769)	(83, 50.193)	(84, 50.16310000000001)	(85, 49.5412)	(86, 50.124199999999995)	(87, 50.0681)	(88, 49.3949)	(89, 50.1086)	(90, 50.049200000000006)	(91, 49.3911)	(92, 49.9965)	(93, 49.9605)	(94, 49.339)	(95, 49.8816)	(96, 49.812)	(97, 49.248)	(98, 49.7431)	(99, 49.6879)	(100, 49.038900000000005)	(101, 49.635600000000004)	(102, 49.688)	(103, 49.160900000000005)	(104, 49.6254)	(105, 49.5727)	(106, 48.9415)	(107, 49.500499999999995)	(108, 49.4476)	(109, 48.9486)	(110, 49.512699999999995)	(111, 49.453599999999994)	(112, 48.9892)	(113, 49.4446)	(114, 49.5511)	(115, 48.9889)	(116, 49.5552)	(117, 49.5613)	(118, 49.1415)	(119, 49.5757)	(120, 49.694300000000005)	(121, 49.2487)	(122, 49.8733)	(123, 49.9558)	(124, 49.632)	(125, 50.15389999999999)	(126, 50.156800000000004)	(127, 49.9236)	(128, 50.402499999999996)	(129, 50.4534)	(130, 50.183)	(131, 50.7512)	(132, 50.9007)	(133, 50.651599999999995)	(134, 51.230399999999996)	(135, 51.35380000000001)	(136, 51.0754)	(137, 51.579699999999995)	(138, 51.643899999999995)	(139, 51.4097)	(140, 51.836000000000006)	(141, 51.9038)	(142, 51.87349999999999)	(143, 52.329)	(144, 52.50169999999999)	(145, 52.2543)	(146, 52.7582)	(147, 52.778099999999995)	(148, 52.5485)	(149, 52.9463)	(150, 53.0478)	(151, 52.9918)
reports | SRR35329981	(1, 46.0286)	(2, 66.1516)	(3, 47.6703)	(4, 49.815799999999996)	(5, 50.39940000000001)	(6, 49.1925)	(7, 46.592800000000004)	(8, 47.769600000000004)	(9, 53.9021)	(10, 51.2455)	(11, 46.51)	(12, 57.7877)	(13, 55.3893)	(14, 52.1413)	(15, 49.8155)	(16, 50.5524)	(17, 51.4814)	(18, 51.0599)	(19, 50.5008)	(20, 51.249900000000004)	(21, 51.43600000000001)	(22, 50.219100000000005)	(23, 50.9474)	(24, 50.821799999999996)	(25, 50.10829999999999)	(26, 50.9192)	(27, 51.156)	(28, 50.2205)	(29, 51.0645)	(30, 51.0402)	(31, 50.154900000000005)	(32, 50.9333)	(33, 50.8132)	(34, 49.788900000000005)	(35, 50.6773)	(36, 50.69630000000001)	(37, 50.2642)	(38, 50.9209)	(39, 50.949299999999994)	(40, 50.1961)	(41, 50.9563)	(42, 50.990500000000004)	(43, 50.010299999999994)	(44, 50.9872)	(45, 50.9783)	(46, 50.0741)	(47, 51.0633)	(48, 50.6897)	(49, 49.9519)	(50, 50.996300000000005)	(51, 50.7938)	(52, 50.004599999999996)	(53, 51.0414)	(54, 50.7108)	(55, 50.1348)	(56, 50.8687)	(57, 50.793200000000006)	(58, 49.9423)	(59, 50.8275)	(60, 51.004799999999996)	(61, 49.9178)	(62, 50.839800000000004)	(63, 50.8574)	(64, 50.0596)	(65, 50.7799)	(66, 50.830600000000004)	(67, 49.7476)	(68, 50.416799999999995)	(69, 50.5126)	(70, 49.9148)	(71, 50.461299999999994)	(72, 50.437)	(73, 49.7502)	(74, 50.427699999999994)	(75, 50.4135)	(76, 49.6774)	(77, 50.210100000000004)	(78, 50.3789)	(79, 49.759)	(80, 50.4209)	(81, 50.4298)	(82, 49.7539)	(83, 50.3372)	(84, 50.3788)	(85, 49.7002)	(86, 50.259600000000006)	(87, 50.2638)	(88, 49.5518)	(89, 50.23030000000001)	(90, 50.2451)	(91, 49.534800000000004)	(92, 50.134100000000004)	(93, 50.172399999999996)	(94, 49.503)	(95, 50.009499999999996)	(96, 49.9956)	(97, 49.3894)	(98, 49.8656)	(99, 49.8581)	(100, 49.1901)	(101, 49.7582)	(102, 49.8673)	(103, 49.344100000000005)	(104, 49.8217)	(105, 49.7965)	(106, 49.121700000000004)	(107, 49.656099999999995)	(108, 49.6614)	(109, 49.1057)	(110, 49.671)	(111, 49.6841)	(112, 49.2115)	(113, 49.6888)	(114, 49.8455)	(115, 49.2682)	(116, 49.8131)	(117, 49.876799999999996)	(118, 49.4243)	(119, 49.8378)	(120, 49.9861)	(121, 49.5255)	(122, 50.124599999999994)	(123, 50.273900000000005)	(124, 49.9364)	(125, 50.460499999999996)	(126, 50.5206)	(127, 50.271)	(128, 50.72370000000001)	(129, 50.7963)	(130, 50.4622)	(131, 50.99)	(132, 51.174)	(133, 50.8997)	(134, 51.4691)	(135, 51.6405)	(136, 51.378800000000005)	(137, 51.875099999999996)	(138, 51.969100000000005)	(139, 51.7166)	(140, 52.0942)	(141, 52.149699999999996)	(142, 52.0832)	(143, 52.525299999999994)	(144, 52.733200000000004)	(145, 52.4808)	(146, 53.0235)	(147, 53.103500000000004)	(148, 52.8965)	(149, 53.259299999999996)	(150, 53.374500000000005)	(151, 53.2308)
reports | SRR35329982	(1, 40.449600000000004)	(2, 65.8491)	(3, 48.036)	(4, 49.9293)	(5, 50.800599999999996)	(6, 49.4362)	(7, 46.8393)	(8, 48.1495)	(9, 54.103699999999996)	(10, 51.540200000000006)	(11, 46.7691)	(12, 58.127399999999994)	(13, 55.69460000000001)	(14, 52.4451)	(15, 50.128099999999996)	(16, 50.8367)	(17, 51.8146)	(18, 51.3738)	(19, 50.802)	(20, 51.56420000000001)	(21, 51.7541)	(22, 50.5265)	(23, 51.2235)	(24, 51.1173)	(25, 50.354600000000005)	(26, 51.219300000000004)	(27, 51.431400000000004)	(28, 50.5236)	(29, 51.341)	(30, 51.3436)	(31, 50.4213)	(32, 51.214800000000004)	(33, 51.0938)	(34, 50.0587)	(35, 50.9678)	(36, 51.2133)	(37, 50.5088)	(38, 50.9731)	(39, 51.2315)	(40, 50.2359)	(41, 51.2252)	(42, 51.073800000000006)	(43, 50.2749)	(44, 51.2471)	(45, 51.2842)	(46, 50.32640000000001)	(47, 51.3458)	(48, 50.987700000000004)	(49, 50.2158)	(50, 51.2704)	(51, 51.133799999999994)	(52, 50.257)	(53, 51.3011)	(54, 51.007400000000004)	(55, 50.3887)	(56, 51.1474)	(57, 51.0768)	(58, 50.2076)	(59, 51.1226)	(60, 51.2819)	(61, 50.1784)	(62, 51.11)	(63, 51.154500000000006)	(64, 50.279799999999994)	(65, 51.0509)	(66, 51.127)	(67, 49.992799999999995)	(68, 50.6903)	(69, 50.807500000000005)	(70, 50.161500000000004)	(71, 50.757)	(72, 50.746199999999995)	(73, 49.9706)	(74, 50.68820000000001)	(75, 50.6949)	(76, 49.925599999999996)	(77, 50.5008)	(78, 50.6648)	(79, 49.9883)	(80, 50.6664)	(81, 50.6872)	(82, 49.967)	(83, 50.5903)	(84, 50.6225)	(85, 49.9078)	(86, 50.5289)	(87, 50.4838)	(88, 49.7501)	(89, 50.4615)	(90, 50.4606)	(91, 49.7326)	(92, 50.3463)	(93, 50.3684)	(94, 49.676700000000004)	(95, 50.2256)	(96, 50.2004)	(97, 49.5666)	(98, 50.0404)	(99, 50.031099999999995)	(100, 49.3134)	(101, 49.899300000000004)	(102, 50.0063)	(103, 49.4147)	(104, 49.9045)	(105, 49.8858)	(106, 49.1541)	(107, 49.7008)	(108, 49.731700000000004)	(109, 49.1236)	(110, 49.6732)	(111, 49.6993)	(112, 49.161100000000005)	(113, 49.6307)	(114, 49.7818)	(115, 49.1264)	(116, 49.6712)	(117, 49.7192)	(118, 49.213499999999996)	(119, 49.6104)	(120, 49.7684)	(121, 49.2586)	(122, 49.8807)	(123, 49.9845)	(124, 49.5649)	(125, 50.0359)	(126, 50.047)	(127, 49.7125)	(128, 50.12649999999999)	(129, 50.1561)	(130, 49.7836)	(131, 50.3151)	(132, 50.492599999999996)	(133, 50.15110000000001)	(134, 50.6625)	(135, 50.7598)	(136, 50.381)	(137, 50.7891)	(138, 50.81250000000001)	(139, 50.5011)	(140, 50.855)	(141, 50.9385)	(142, 50.8289)	(143, 51.275000000000006)	(144, 51.418299999999995)	(145, 51.0698)	(146, 51.5053)	(147, 51.5264)	(148, 51.209199999999996)	(149, 51.5706)	(150, 51.6536)	(151, 51.4986)
reports | SRR35329983	(1, 38.7338)	(2, 68.3005)	(3, 48.3797)	(4, 50.5116)	(5, 50.535799999999995)	(6, 49.5395)	(7, 46.9726)	(8, 48.1711)	(9, 54.22280000000001)	(10, 51.6323)	(11, 46.7705)	(12, 57.8784)	(13, 55.5539)	(14, 52.312000000000005)	(15, 50.11409999999999)	(16, 50.8012)	(17, 51.8469)	(18, 51.306700000000006)	(19, 50.7445)	(20, 51.5851)	(21, 51.6345)	(22, 50.550799999999995)	(23, 51.2254)	(24, 51.0302)	(25, 50.3647)	(26, 51.2931)	(27, 51.3329)	(28, 50.4505)	(29, 51.32600000000001)	(30, 51.1916)	(31, 50.433099999999996)	(32, 51.1926)	(33, 50.9984)	(34, 50.0935)	(35, 51.200900000000004)	(36, 51.1212)	(37, 50.499)	(38, 51.0259)	(39, 50.93339999999999)	(40, 50.242200000000004)	(41, 51.036)	(42, 51.003299999999996)	(43, 50.2958)	(44, 51.2545)	(45, 51.1582)	(46, 50.3602)	(47, 51.3257)	(48, 50.9366)	(49, 50.241400000000006)	(50, 51.231700000000004)	(51, 50.992599999999996)	(52, 50.2737)	(53, 51.2848)	(54, 50.9259)	(55, 50.3474)	(56, 51.1421)	(57, 50.9554)	(58, 50.2247)	(59, 51.0903)	(60, 51.153800000000004)	(61, 50.188)	(62, 51.080099999999995)	(63, 51.00940000000001)	(64, 50.285599999999995)	(65, 51.0552)	(66, 51.00789999999999)	(67, 50.0581)	(68, 50.77589999999999)	(69, 50.754)	(70, 50.1566)	(71, 50.7916)	(72, 50.6926)	(73, 50.0128)	(74, 50.741800000000005)	(75, 50.680499999999995)	(76, 49.9972)	(77, 50.571600000000004)	(78, 50.639900000000004)	(79, 50.000699999999995)	(80, 50.7012)	(81, 50.6101)	(82, 49.9714)	(83, 50.627900000000004)	(84, 50.559)	(85, 49.9334)	(86, 50.5706)	(87, 50.458999999999996)	(88, 49.7927)	(89, 50.50829999999999)	(90, 50.4162)	(91, 49.7321)	(92, 50.3717)	(93, 50.302800000000005)	(94, 49.6879)	(95, 50.259699999999995)	(96, 50.179899999999996)	(97, 49.6056)	(98, 50.1289)	(99, 50.0077)	(100, 49.345800000000004)	(101, 49.9125)	(102, 49.932)	(103, 49.3968)	(104, 49.8977)	(105, 49.7973)	(106, 49.1592)	(107, 49.7669)	(108, 49.6942)	(109, 49.1557)	(110, 49.7142)	(111, 49.6089)	(112, 49.092200000000005)	(113, 49.5839)	(114, 49.5997)	(115, 49.060900000000004)	(116, 49.601)	(117, 49.5611)	(118, 49.146499999999996)	(119, 49.588)	(120, 49.6344)	(121, 49.1561)	(122, 49.7275)	(123, 49.7086)	(124, 49.3326)	(125, 49.7986)	(126, 49.7301)	(127, 49.4691)	(128, 49.8957)	(129, 49.884699999999995)	(130, 49.5272)	(131, 50.064)	(132, 50.093900000000005)	(133, 49.7666)	(134, 50.2391)	(135, 50.2285)	(136, 49.8627)	(137, 50.2694)	(138, 50.242799999999995)	(139, 49.9632)	(140, 50.3255)	(141, 50.3241)	(142, 50.2273)	(143, 50.5989)	(144, 50.6561)	(145, 50.2968)	(146, 50.7143)	(147, 50.6168)	(148, 50.348800000000004)	(149, 50.7072)	(150, 50.7364)	(151, 50.622699999999995)
reports | SRR35329984	(1, 40.2279)	(2, 66.0838)	(3, 47.6875)	(4, 49.6637)	(5, 50.524899999999995)	(6, 49.1713)	(7, 46.597100000000005)	(8, 47.6854)	(9, 54.0693)	(10, 51.4035)	(11, 46.547)	(12, 57.9438)	(13, 55.507600000000004)	(14, 52.0357)	(15, 49.8502)	(16, 50.491200000000006)	(17, 51.53450000000001)	(18, 51.103500000000004)	(19, 50.4535)	(20, 51.2968)	(21, 51.385000000000005)	(22, 50.278999999999996)	(23, 50.9104)	(24, 50.7887)	(25, 50.0533)	(26, 50.9845)	(27, 51.0941)	(28, 50.1826)	(29, 50.99209999999999)	(30, 50.976699999999994)	(31, 50.2153)	(32, 50.857200000000006)	(33, 50.7305)	(34, 49.846000000000004)	(35, 50.865700000000004)	(36, 50.7506)	(37, 50.097899999999996)	(38, 50.8732)	(39, 50.8938)	(40, 50.134100000000004)	(41, 50.788)	(42, 50.9439)	(43, 50.185)	(44, 50.911300000000004)	(45, 50.9332)	(46, 50.1277)	(47, 51.0185)	(48, 50.756)	(49, 49.9968)	(50, 50.9147)	(51, 50.8633)	(52, 50.0634)	(53, 50.965700000000005)	(54, 50.7648)	(55, 50.071299999999994)	(56, 50.8108)	(57, 50.732299999999995)	(58, 50.00449999999999)	(59, 50.7727)	(60, 50.9363)	(61, 49.961299999999994)	(62, 50.765800000000006)	(63, 50.78549999999999)	(64, 49.9898)	(65, 50.7343)	(66, 50.77120000000001)	(67, 49.8118)	(68, 50.4851)	(69, 50.5745)	(70, 49.864599999999996)	(71, 50.535)	(72, 50.514199999999995)	(73, 49.7888)	(74, 50.480000000000004)	(75, 50.4907)	(76, 49.751400000000004)	(77, 50.2844)	(78, 50.423899999999996)	(79, 49.7004)	(80, 50.3514)	(81, 50.376200000000004)	(82, 49.687599999999996)	(83, 50.294700000000006)	(84, 50.3217)	(85, 49.643)	(86, 50.2229)	(87, 50.1936)	(88, 49.4854)	(89, 50.185900000000004)	(90, 50.169799999999995)	(91, 49.458600000000004)	(92, 50.0621)	(93, 50.0765)	(94, 49.421)	(95, 49.9411)	(96, 49.928)	(97, 49.3251)	(98, 49.7898)	(99, 49.7697)	(100, 49.0889)	(101, 49.661699999999996)	(102, 49.7635)	(103, 49.2187)	(104, 49.7139)	(105, 49.6848)	(106, 49.0144)	(107, 49.541000000000004)	(108, 49.5427)	(109, 48.992599999999996)	(110, 49.568)	(111, 49.5615)	(112, 49.0836)	(113, 49.5421)	(114, 49.6972)	(115, 49.1282)	(116, 49.6708)	(117, 49.7347)	(118, 49.2946)	(119, 49.7268)	(120, 49.8596)	(121, 49.4276)	(122, 50.0236)	(123, 50.15690000000001)	(124, 49.7921)	(125, 50.320600000000006)	(126, 50.3807)	(127, 50.141400000000004)	(128, 50.609)	(129, 50.7072)	(130, 50.3953)	(131, 50.9524)	(132, 51.1297)	(133, 50.8347)	(134, 51.4038)	(135, 51.5342)	(136, 51.2552)	(137, 51.761100000000006)	(138, 51.8841)	(139, 51.6486)	(140, 52.068599999999996)	(141, 52.1597)	(142, 52.111)	(143, 52.536)	(144, 52.7148)	(145, 52.434400000000004)	(146, 52.920500000000004)	(147, 52.9987)	(148, 52.791399999999996)	(149, 53.2296)	(150, 53.3524)	(151, 53.2497)
reports | SRR35329985	(1, 55.4507)	(2, 67.5111)	(3, 47.7825)	(4, 50.4776)	(5, 50.1942)	(6, 49.140299999999996)	(7, 46.7684)	(8, 47.8465)	(9, 54.0741)	(10, 51.1821)	(11, 46.566)	(12, 57.8658)	(13, 55.3813)	(14, 52.1221)	(15, 49.8827)	(16, 50.6131)	(17, 51.542699999999996)	(18, 51.114000000000004)	(19, 50.5609)	(20, 51.31679999999999)	(21, 51.4679)	(22, 50.3258)	(23, 50.9747)	(24, 50.8598)	(25, 50.1471)	(26, 50.9737)	(27, 51.1659)	(28, 50.285500000000006)	(29, 51.1162)	(30, 51.058499999999995)	(31, 50.1958)	(32, 50.9514)	(33, 50.7902)	(34, 49.8664)	(35, 50.7517)	(36, 50.7527)	(37, 50.102599999999995)	(38, 50.9231)	(39, 50.757799999999996)	(40, 50.0134)	(41, 50.9789)	(42, 50.8161)	(43, 50.2564)	(44, 50.79749999999999)	(45, 50.999)	(46, 50.1267)	(47, 51.080000000000005)	(48, 50.727900000000005)	(49, 50.016799999999996)	(50, 51.0247)	(51, 50.862300000000005)	(52, 50.0437)	(53, 51.0732)	(54, 50.746100000000006)	(55, 50.14619999999999)	(56, 50.9198)	(57, 50.8177)	(58, 50.014)	(59, 50.861999999999995)	(60, 51.0298)	(61, 49.967800000000004)	(62, 50.868500000000004)	(63, 50.893299999999996)	(64, 50.0749)	(65, 50.80630000000001)	(66, 50.8708)	(67, 49.8209)	(68, 50.4795)	(69, 50.566100000000006)	(70, 49.9651)	(71, 50.5558)	(72, 50.5078)	(73, 49.839800000000004)	(74, 50.49249999999999)	(75, 50.48740000000001)	(76, 49.7481)	(77, 50.301899999999996)	(78, 50.436899999999994)	(79, 49.7759)	(80, 50.4779)	(81, 50.486799999999995)	(82, 49.7916)	(83, 50.390100000000004)	(84, 50.388299999999994)	(85, 49.7365)	(86, 50.3018)	(87, 50.27740000000001)	(88, 49.5625)	(89, 50.2551)	(90, 50.2155)	(91, 49.5378)	(92, 50.1349)	(93, 50.1043)	(94, 49.479800000000004)	(95, 49.9748)	(96, 49.9129)	(97, 49.3271)	(98, 49.7904)	(99, 49.7689)	(100, 49.074200000000005)	(101, 49.618)	(102, 49.7215)	(103, 49.1262)	(104, 49.588100000000004)	(105, 49.559)	(106, 48.8431)	(107, 49.3615)	(108, 49.3417)	(109, 48.7522)	(110, 49.2814)	(111, 49.2194)	(112, 48.7268)	(113, 49.1121)	(114, 49.2234)	(115, 48.5863)	(116, 49.088300000000004)	(117, 49.1106)	(118, 48.5909)	(119, 48.9717)	(120, 49.0447)	(121, 48.512499999999996)	(122, 49.048700000000004)	(123, 49.0818)	(124, 48.6239)	(125, 49.073699999999995)	(126, 49.036699999999996)	(127, 48.714600000000004)	(128, 49.0502)	(129, 49.077799999999996)	(130, 48.6612)	(131, 49.0948)	(132, 49.1535)	(133, 48.7527)	(134, 49.1847)	(135, 49.211)	(136, 48.832300000000004)	(137, 49.208400000000005)	(138, 49.214)	(139, 48.883500000000005)	(140, 49.1667)	(141, 49.1884)	(142, 48.987)	(143, 49.309799999999996)	(144, 49.4098)	(145, 49.0288)	(146, 49.460100000000004)	(147, 49.4414)	(148, 49.168299999999995)	(149, 49.5281)	(150, 49.593900000000005)	(151, 49.4508)
reports | SRR35329986	(1, 44.3787)	(2, 68.5236)	(3, 48.0549)	(4, 50.28979999999999)	(5, 50.334)	(6, 49.1771)	(7, 46.876400000000004)	(8, 48.0528)	(9, 54.1328)	(10, 51.529199999999996)	(11, 46.6143)	(12, 57.8959)	(13, 55.4932)	(14, 52.085300000000004)	(15, 49.983)	(16, 50.5972)	(17, 51.760099999999994)	(18, 51.241099999999996)	(19, 50.571)	(20, 51.518299999999996)	(21, 51.447900000000004)	(22, 50.4389)	(23, 51.024899999999995)	(24, 50.8313)	(25, 50.179899999999996)	(26, 51.1819)	(27, 51.1443)	(28, 50.2897)	(29, 51.1339)	(30, 51.038399999999996)	(31, 50.354200000000006)	(32, 51.0254)	(33, 50.820699999999995)	(34, 50.0158)	(35, 50.9495)	(36, 50.8746)	(37, 50.282700000000006)	(38, 50.9428)	(39, 50.937)	(40, 50.224500000000006)	(41, 50.9512)	(42, 50.91290000000001)	(43, 50.194399999999995)	(44, 50.9986)	(45, 50.971900000000005)	(46, 50.255799999999994)	(47, 51.1331)	(48, 50.845600000000005)	(49, 50.1536)	(50, 51.07000000000001)	(51, 50.953)	(52, 50.1861)	(53, 51.0946)	(54, 50.8452)	(55, 50.1375)	(56, 50.9544)	(57, 50.78510000000001)	(58, 50.1324)	(59, 50.8866)	(60, 50.98629999999999)	(61, 50.1)	(62, 50.89979999999999)	(63, 50.837900000000005)	(64, 50.09590000000001)	(65, 50.87629999999999)	(66, 50.823499999999996)	(67, 49.9555)	(68, 50.714499999999994)	(69, 50.6742)	(70, 49.9758)	(71, 50.720699999999994)	(72, 50.6143)	(73, 49.9433)	(74, 50.6995)	(75, 50.625299999999996)	(76, 49.9247)	(77, 50.476)	(78, 50.5549)	(79, 49.8285)	(80, 50.525600000000004)	(81, 50.4804)	(82, 49.7994)	(83, 50.4632)	(84, 50.413)	(85, 49.76)	(86, 50.368900000000004)	(87, 50.295)	(88, 49.6121)	(89, 50.332600000000006)	(90, 50.2401)	(91, 49.5721)	(92, 50.2019)	(93, 50.1475)	(94, 49.4941)	(95, 50.0797)	(96, 49.9647)	(97, 49.397000000000006)	(98, 49.905300000000004)	(99, 49.8188)	(100, 49.1521)	(101, 49.7529)	(102, 49.7604)	(103, 49.2008)	(104, 49.7011)	(105, 49.5921)	(106, 48.936099999999996)	(107, 49.5158)	(108, 49.4166)	(109, 48.8778)	(110, 49.4324)	(111, 49.3418)	(112, 48.8044)	(113, 49.2816)	(114, 49.305)	(115, 48.7001)	(116, 49.233900000000006)	(117, 49.1932)	(118, 48.706700000000005)	(119, 49.1174)	(120, 49.1515)	(121, 48.6113)	(122, 49.2046)	(123, 49.1913)	(124, 48.779)	(125, 49.2313)	(126, 49.165)	(127, 48.816500000000005)	(128, 49.2474)	(129, 49.1865)	(130, 48.7678)	(131, 49.2573)	(132, 49.2709)	(133, 48.8963)	(134, 49.387100000000004)	(135, 49.3934)	(136, 49.0058)	(137, 49.425599999999996)	(138, 49.3608)	(139, 49.006)	(140, 49.3267)	(141, 49.289100000000005)	(142, 49.1137)	(143, 49.4757)	(144, 49.534299999999995)	(145, 49.1913)	(146, 49.6355)	(147, 49.5734)	(148, 49.2645)	(149, 49.5997)	(150, 49.6036)	(151, 49.425599999999996)
reports | SRR35329987	(1, 51.605000000000004)	(2, 68.2118)	(3, 47.7873)	(4, 50.4038)	(5, 50.3213)	(6, 49.221900000000005)	(7, 46.7727)	(8, 48.0107)	(9, 54.026300000000006)	(10, 51.446400000000004)	(11, 46.590399999999995)	(12, 57.813700000000004)	(13, 55.5094)	(14, 52.2128)	(15, 49.903999999999996)	(16, 50.6226)	(17, 51.6768)	(18, 51.1633)	(19, 50.5683)	(20, 51.43729999999999)	(21, 51.4564)	(22, 50.4019)	(23, 51.038399999999996)	(24, 50.841499999999996)	(25, 50.1783)	(26, 51.134)	(27, 51.1433)	(28, 50.2973)	(29, 51.1494)	(30, 51.0448)	(31, 50.2993)	(32, 51.0239)	(33, 50.8066)	(34, 49.9579)	(35, 51.0355)	(36, 50.8061)	(37, 50.1782)	(38, 50.8737)	(39, 50.8084)	(40, 50.10829999999999)	(41, 50.910599999999995)	(42, 50.857)	(43, 50.2921)	(44, 51.072399999999995)	(45, 50.9853)	(46, 50.220699999999994)	(47, 51.164500000000004)	(48, 50.789300000000004)	(49, 50.089600000000004)	(50, 51.080999999999996)	(51, 50.887899999999995)	(52, 50.145300000000006)	(53, 51.1369)	(54, 50.7934)	(55, 50.185199999999995)	(56, 50.9703)	(57, 50.8004)	(58, 50.1159)	(59, 50.938)	(60, 51.01369999999999)	(61, 50.0798)	(62, 50.9424)	(63, 50.8707)	(64, 50.1313)	(65, 50.8988)	(66, 50.8613)	(67, 49.9313)	(68, 50.6494)	(69, 50.6369)	(70, 50.002500000000005)	(71, 50.70210000000001)	(72, 50.5687)	(73, 49.9204)	(74, 50.6423)	(75, 50.5835)	(76, 49.8971)	(77, 50.45269999999999)	(78, 50.523700000000005)	(79, 49.8673)	(80, 50.56420000000001)	(81, 50.492000000000004)	(82, 49.845299999999995)	(83, 50.491699999999994)	(84, 50.4395)	(85, 49.797200000000004)	(86, 50.41909999999999)	(87, 50.3146)	(88, 49.6399)	(89, 50.3708)	(90, 50.270700000000005)	(91, 49.5933)	(92, 50.22990000000001)	(93, 50.1634)	(94, 49.554500000000004)	(95, 50.1112)	(96, 50.011)	(97, 49.4417)	(98, 49.9407)	(99, 49.8206)	(100, 49.1676)	(101, 49.7467)	(102, 49.7584)	(103, 49.2182)	(104, 49.7095)	(105, 49.615500000000004)	(106, 48.952)	(107, 49.5379)	(108, 49.432500000000005)	(109, 48.8864)	(110, 49.4309)	(111, 49.327)	(112, 48.8046)	(113, 49.2544)	(114, 49.277300000000004)	(115, 48.6869)	(116, 49.2331)	(117, 49.178399999999996)	(118, 48.7073)	(119, 49.1227)	(120, 49.1369)	(121, 48.6128)	(122, 49.1547)	(123, 49.1271)	(124, 48.69)	(125, 49.1429)	(126, 49.05)	(127, 48.7359)	(128, 49.1577)	(129, 49.1084)	(130, 48.7061)	(131, 49.1977)	(132, 49.2052)	(133, 48.7997)	(134, 49.2536)	(135, 49.2138)	(136, 48.8026)	(137, 49.2155)	(138, 49.1838)	(139, 48.8749)	(140, 49.2343)	(141, 49.2115)	(142, 49.0506)	(143, 49.3985)	(144, 49.4259)	(145, 49.016)	(146, 49.434400000000004)	(147, 49.353)	(148, 49.0846)	(149, 49.4632)	(150, 49.5229)	(151, 49.3855)
reports | SRR35329988	(1, 48.442099999999996)	(2, 68.4922)	(3, 48.1421)	(4, 50.5861)	(5, 50.0116)	(6, 49.176500000000004)	(7, 46.9233)	(8, 47.8346)	(9, 54.2056)	(10, 51.2559)	(11, 46.6218)	(12, 57.814699999999995)	(13, 55.30389999999999)	(14, 51.9832)	(15, 49.930400000000006)	(16, 50.545899999999996)	(17, 51.62480000000001)	(18, 51.1284)	(19, 50.495900000000006)	(20, 51.375499999999995)	(21, 51.34570000000001)	(22, 50.33879999999999)	(23, 50.9242)	(24, 50.7311)	(25, 50.095800000000004)	(26, 51.0663)	(27, 51.0562)	(28, 50.1642)	(29, 51.015600000000006)	(30, 50.915600000000005)	(31, 50.21640000000001)	(32, 50.8857)	(33, 50.6959)	(34, 49.8923)	(35, 50.815)	(36, 50.8583)	(37, 50.196600000000004)	(38, 50.812999999999995)	(39, 50.7354)	(40, 50.11879999999999)	(41, 50.806)	(42, 50.882099999999994)	(43, 50.0787)	(44, 50.8695)	(45, 50.86619999999999)	(46, 50.1637)	(47, 51.027699999999996)	(48, 50.7387)	(49, 50.0304)	(50, 50.9552)	(51, 50.828799999999994)	(52, 50.0801)	(53, 50.9947)	(54, 50.73839999999999)	(55, 50.076600000000006)	(56, 50.8513)	(57, 50.6913)	(58, 50.045700000000004)	(59, 50.7965)	(60, 50.894099999999995)	(61, 49.991400000000006)	(62, 50.810599999999994)	(63, 50.778999999999996)	(64, 50.0155)	(65, 50.775499999999994)	(66, 50.7362)	(67, 49.8465)	(68, 50.5549)	(69, 50.563100000000006)	(70, 49.8934)	(71, 50.5898)	(72, 50.5047)	(73, 49.8268)	(74, 50.57319999999999)	(75, 50.503)	(76, 49.795899999999996)	(77, 50.368900000000004)	(78, 50.4406)	(79, 49.749900000000004)	(80, 50.4142)	(81, 50.3809)	(82, 49.7194)	(83, 50.3473)	(84, 50.302899999999994)	(85, 49.6848)	(86, 50.2727)	(87, 50.2032)	(88, 49.5307)	(89, 50.2479)	(90, 50.1822)	(91, 49.5017)	(92, 50.112199999999994)	(93, 50.056999999999995)	(94, 49.4362)	(95, 49.991400000000006)	(96, 49.9097)	(97, 49.324)	(98, 49.8311)	(99, 49.7579)	(100, 49.0949)	(101, 49.6793)	(102, 49.7112)	(103, 49.1695)	(104, 49.660900000000005)	(105, 49.566700000000004)	(106, 48.899)	(107, 49.472300000000004)	(108, 49.4144)	(109, 48.8795)	(110, 49.4261)	(111, 49.3689)	(112, 48.856100000000005)	(113, 49.341)	(114, 49.3694)	(115, 48.8077)	(116, 49.337399999999995)	(117, 49.2981)	(118, 48.8574)	(119, 49.271)	(120, 49.332300000000004)	(121, 48.8695)	(122, 49.4341)	(123, 49.4371)	(124, 49.0634)	(125, 49.5276)	(126, 49.467299999999994)	(127, 49.1588)	(128, 49.6253)	(129, 49.5664)	(130, 49.2371)	(131, 49.7247)	(132, 49.7878)	(133, 49.4414)	(134, 49.9428)	(135, 49.955)	(136, 49.5906)	(137, 50.011799999999994)	(138, 49.9922)	(139, 49.7079)	(140, 50.045399999999994)	(141, 50.044999999999995)	(142, 49.9155)	(143, 50.2881)	(144, 50.3752)	(145, 50.032)	(146, 50.4616)	(147, 50.434400000000004)	(148, 50.1308)	(149, 50.5186)	(150, 50.5599)	(151, 50.407599999999995)
reports | SRR35329989	(1, 43.410199999999996)	(2, 67.9787)	(3, 47.9828)	(4, 50.6422)	(5, 50.208200000000005)	(6, 49.1618)	(7, 46.9349)	(8, 47.8743)	(9, 54.148799999999994)	(10, 51.272099999999995)	(11, 46.6399)	(12, 57.9493)	(13, 55.4383)	(14, 52.1023)	(15, 49.9608)	(16, 50.600100000000005)	(17, 51.6798)	(18, 51.22370000000001)	(19, 50.5456)	(20, 51.432)	(21, 51.4455)	(22, 50.385400000000004)	(23, 50.9741)	(24, 50.814899999999994)	(25, 50.135200000000005)	(26, 51.0892)	(27, 51.1229)	(28, 50.2259)	(29, 51.066599999999994)	(30, 51.018699999999995)	(31, 50.2786)	(32, 50.9452)	(33, 50.7814)	(34, 49.9305)	(35, 50.9357)	(36, 50.8305)	(37, 50.2463)	(38, 50.8356)	(39, 50.815200000000004)	(40, 50.1723)	(41, 50.9486)	(42, 50.8618)	(43, 50.207800000000006)	(44, 50.9868)	(45, 50.934900000000006)	(46, 50.1935)	(47, 51.05460000000001)	(48, 50.7979)	(49, 50.076699999999995)	(50, 50.994499999999995)	(51, 50.907500000000006)	(52, 50.1406)	(53, 51.0316)	(54, 50.7957)	(55, 50.1053)	(56, 50.8822)	(57, 50.747699999999995)	(58, 50.05650000000001)	(59, 50.8286)	(60, 50.956100000000006)	(61, 50.022299999999994)	(62, 50.8237)	(63, 50.814499999999995)	(64, 50.0543)	(65, 50.7869)	(66, 50.8018)	(67, 49.8815)	(68, 50.5791)	(69, 50.6071)	(70, 49.939699999999995)	(71, 50.6239)	(72, 50.5596)	(73, 49.8819)	(74, 50.600199999999994)	(75, 50.5532)	(76, 49.837399999999995)	(77, 50.378299999999996)	(78, 50.494499999999995)	(79, 49.7795)	(80, 50.452)	(81, 50.4487)	(82, 49.7612)	(83, 50.38)	(84, 50.3861)	(85, 49.7061)	(86, 50.3059)	(87, 50.265)	(88, 49.5613)	(89, 50.2767)	(90, 50.219899999999996)	(91, 49.5558)	(92, 50.1528)	(93, 50.1335)	(94, 49.5041)	(95, 50.03339999999999)	(96, 49.9691)	(97, 49.396)	(98, 49.8878)	(99, 49.830200000000005)	(100, 49.1589)	(101, 49.7534)	(102, 49.8044)	(103, 49.254)	(104, 49.7498)	(105, 49.7035)	(106, 49.0212)	(107, 49.5866)	(108, 49.5486)	(109, 49.0022)	(110, 49.560500000000005)	(111, 49.525400000000005)	(112, 49.0267)	(113, 49.5043)	(114, 49.5731)	(115, 49.0068)	(116, 49.5531)	(117, 49.5743)	(118, 49.1322)	(119, 49.574400000000004)	(120, 49.6672)	(121, 49.2123)	(122, 49.803599999999996)	(123, 49.8587)	(124, 49.489)	(125, 49.9943)	(126, 50.0034)	(127, 49.7243)	(128, 50.2047)	(129, 50.2425)	(130, 49.9483)	(131, 50.4958)	(132, 50.5971)	(133, 50.2989)	(134, 50.8196)	(135, 50.8919)	(136, 50.5817)	(137, 51.0544)	(138, 51.1417)	(139, 50.9223)	(140, 51.310199999999995)	(141, 51.390899999999995)	(142, 51.326499999999996)	(143, 51.7128)	(144, 51.822900000000004)	(145, 51.53640000000001)	(146, 51.991600000000005)	(147, 52.0261)	(148, 51.81210000000001)	(149, 52.2154)	(150, 52.3401)	(151, 52.21130000000001)
reports | SRR35329990	(1, 36.755700000000004)	(2, 67.316)	(3, 48.0861)	(4, 50.00940000000001)	(5, 50.1051)	(6, 49.0731)	(7, 46.7196)	(8, 47.727000000000004)	(9, 53.9446)	(10, 51.1321)	(11, 46.4947)	(12, 57.6694)	(13, 55.1408)	(14, 51.8891)	(15, 49.8514)	(16, 50.4505)	(17, 51.470499999999994)	(18, 51.0203)	(19, 50.4103)	(20, 51.2684)	(21, 51.31909999999999)	(22, 50.2251)	(23, 50.8155)	(24, 50.6815)	(25, 49.971900000000005)	(26, 50.9089)	(27, 51.001799999999996)	(28, 50.0961)	(29, 50.952)	(30, 50.8694)	(31, 50.1096)	(32, 50.7896)	(33, 50.630399999999995)	(34, 49.7653)	(35, 50.8227)	(36, 50.64769999999999)	(37, 50.099199999999996)	(38, 50.6383)	(39, 50.642399999999995)	(40, 49.9006)	(41, 50.6557)	(42, 50.8544)	(43, 49.9499)	(44, 50.729800000000004)	(45, 50.811099999999996)	(46, 50.0351)	(47, 50.944599999999994)	(48, 50.6153)	(49, 49.9073)	(50, 50.8402)	(51, 50.747299999999996)	(52, 49.940200000000004)	(53, 50.910999999999994)	(54, 50.6224)	(55, 49.979600000000005)	(56, 50.751400000000004)	(57, 50.648700000000005)	(58, 49.9243)	(59, 50.6877)	(60, 50.8428)	(61, 49.8604)	(62, 50.6915)	(63, 50.7095)	(64, 49.8928)	(65, 50.6547)	(66, 50.690400000000004)	(67, 49.71)	(68, 50.3781)	(69, 50.465199999999996)	(70, 49.7851)	(71, 50.4675)	(72, 50.397800000000004)	(73, 49.7177)	(74, 50.4161)	(75, 50.38589999999999)	(76, 49.66)	(77, 50.1977)	(78, 50.332699999999996)	(79, 49.5973)	(80, 50.2981)	(81, 50.2926)	(82, 49.5979)	(83, 50.2218)	(84, 50.2089)	(85, 49.5822)	(86, 50.1546)	(87, 50.1131)	(88, 49.418099999999995)	(89, 50.1143)	(90, 50.082300000000004)	(91, 49.3604)	(92, 49.974000000000004)	(93, 49.987700000000004)	(94, 49.338)	(95, 49.8438)	(96, 49.8063)	(97, 49.2033)	(98, 49.6786)	(99, 49.6375)	(100, 48.946)	(101, 49.4904)	(102, 49.5752)	(103, 49.011900000000004)	(104, 49.46)	(105, 49.444)	(106, 48.7611)	(107, 49.273)	(108, 49.266)	(109, 48.7168)	(110, 49.2402)	(111, 49.1946)	(112, 48.668499999999995)	(113, 49.0871)	(114, 49.1894)	(115, 48.5713)	(116, 49.082300000000004)	(117, 49.1002)	(118, 48.6087)	(119, 49.0012)	(120, 49.0886)	(121, 48.5801)	(122, 49.1583)	(123, 49.1811)	(124, 48.7355)	(125, 49.1687)	(126, 49.1104)	(127, 48.7763)	(128, 49.1848)	(129, 49.1757)	(130, 48.7954)	(131, 49.2846)	(132, 49.3424)	(133, 48.951699999999995)	(134, 49.405300000000004)	(135, 49.41)	(136, 48.9833)	(137, 49.36)	(138, 49.3419)	(139, 49.015)	(140, 49.3417)	(141, 49.3358)	(142, 49.218)	(143, 49.5437)	(144, 49.6293)	(145, 49.2148)	(146, 49.5991)	(147, 49.5618)	(148, 49.2542)	(149, 49.6276)	(150, 49.661)	(151, 49.5721)
reports | SRR35329991	(1, 38.758199999999995)	(2, 65.6424)	(3, 47.6166)	(4, 49.7525)	(5, 50.4571)	(6, 49.1884)	(7, 46.626)	(8, 47.751)	(9, 54.0179)	(10, 51.2849)	(11, 46.6319)	(12, 57.9296)	(13, 55.53)	(14, 52.21130000000001)	(15, 49.8651)	(16, 50.612100000000005)	(17, 51.5042)	(18, 51.0831)	(19, 50.5568)	(20, 51.2665)	(21, 51.4948)	(22, 50.277300000000004)	(23, 51.0207)	(24, 50.9162)	(25, 50.1806)	(26, 50.9884)	(27, 51.2239)	(28, 50.321099999999994)	(29, 51.14149999999999)	(30, 51.1285)	(31, 50.226499999999994)	(32, 50.989700000000006)	(33, 50.8919)	(34, 49.8774)	(35, 51.0024)	(36, 51.004799999999996)	(37, 50.1173)	(38, 51.010200000000005)	(39, 50.803799999999995)	(40, 50.04880000000001)	(41, 50.8099)	(42, 50.8621)	(43, 50.108799999999995)	(44, 50.8107)	(45, 51.0989)	(46, 50.1668)	(47, 51.15110000000001)	(48, 50.7657)	(49, 50.029)	(50, 51.0656)	(51, 50.9027)	(52, 50.1091)	(53, 51.1178)	(54, 50.7969)	(55, 50.2378)	(56, 50.964600000000004)	(57, 50.910900000000005)	(58, 50.0606)	(59, 50.9178)	(60, 51.11710000000001)	(61, 50.017)	(62, 50.924800000000005)	(63, 50.9828)	(64, 50.140499999999996)	(65, 50.8843)	(66, 50.9451)	(67, 49.8464)	(68, 50.5167)	(69, 50.632)	(70, 50.0086)	(71, 50.5717)	(72, 50.543000000000006)	(73, 49.844500000000004)	(74, 50.5009)	(75, 50.5383)	(76, 49.7964)	(77, 50.3227)	(78, 50.4914)	(79, 49.8656)	(80, 50.5128)	(81, 50.5386)	(82, 49.8526)	(83, 50.4448)	(84, 50.4751)	(85, 49.7939)	(86, 50.362300000000005)	(87, 50.3573)	(88, 49.6438)	(89, 50.314899999999994)	(90, 50.31529999999999)	(91, 49.5903)	(92, 50.1795)	(93, 50.2171)	(94, 49.546099999999996)	(95, 50.0634)	(96, 50.043400000000005)	(97, 49.4309)	(98, 49.872)	(99, 49.8697)	(100, 49.1651)	(101, 49.705799999999996)	(102, 49.8169)	(103, 49.2515)	(104, 49.6713)	(105, 49.680099999999996)	(106, 48.9574)	(107, 49.4973)	(108, 49.4767)	(109, 48.912499999999994)	(110, 49.4605)	(111, 49.451)	(112, 48.9452)	(113, 49.3482)	(114, 49.486999999999995)	(115, 48.8319)	(116, 49.3195)	(117, 49.3542)	(118, 48.828700000000005)	(119, 49.2387)	(120, 49.3486)	(121, 48.864000000000004)	(122, 49.4305)	(123, 49.5084)	(124, 49.0559)	(125, 49.4717)	(126, 49.4153)	(127, 49.052099999999996)	(128, 49.397600000000004)	(129, 49.390299999999996)	(130, 49.0144)	(131, 49.5237)	(132, 49.6522)	(133, 49.2875)	(134, 49.723800000000004)	(135, 49.7278)	(136, 49.2677)	(137, 49.591499999999996)	(138, 49.5396)	(139, 49.1833)	(140, 49.4825)	(141, 49.5467)	(142, 49.444300000000005)	(143, 49.825900000000004)	(144, 49.9302)	(145, 49.5128)	(146, 49.857099999999996)	(147, 49.7671)	(148, 49.3913)	(149, 49.683699999999995)	(150, 49.769600000000004)	(151, 49.6368)
reports | SRR35329992	(1, 51.853899999999996)	(2, 69.3771)	(3, 48.3541)	(4, 50.6119)	(5, 50.03880000000001)	(6, 49.3187)	(7, 46.9667)	(8, 48.0302)	(9, 54.176500000000004)	(10, 51.4899)	(11, 46.6571)	(12, 57.7449)	(13, 55.3557)	(14, 52.0942)	(15, 49.9681)	(16, 50.6225)	(17, 51.725)	(18, 51.16309999999999)	(19, 50.5702)	(20, 51.4631)	(21, 51.4088)	(22, 50.4142)	(23, 51.022999999999996)	(24, 50.82790000000001)	(25, 50.196200000000005)	(26, 51.1702)	(27, 51.113600000000005)	(28, 50.2626)	(29, 51.1188)	(30, 50.987300000000005)	(31, 50.3035)	(32, 51.0029)	(33, 50.7641)	(34, 49.981700000000004)	(35, 50.921499999999995)	(36, 50.911899999999996)	(37, 50.1878)	(38, 50.9944)	(39, 50.7695)	(40, 50.2046)	(41, 50.9027)	(42, 50.926300000000005)	(43, 50.2521)	(44, 50.9516)	(45, 50.9159)	(46, 50.2248)	(47, 51.139)	(48, 50.774699999999996)	(49, 50.108200000000004)	(50, 51.0341)	(51, 50.8611)	(52, 50.129900000000006)	(53, 51.0711)	(54, 50.7475)	(55, 50.136)	(56, 50.94)	(57, 50.733200000000004)	(58, 50.1043)	(59, 50.87819999999999)	(60, 50.91250000000001)	(61, 50.0405)	(62, 50.8788)	(63, 50.79280000000001)	(64, 50.094300000000004)	(65, 50.8387)	(66, 50.7898)	(67, 49.911100000000005)	(68, 50.636700000000005)	(69, 50.5854)	(70, 49.9746)	(71, 50.6601)	(72, 50.5163)	(73, 49.900099999999995)	(74, 50.64340000000001)	(75, 50.53189999999999)	(76, 49.8639)	(77, 50.4435)	(78, 50.4645)	(79, 49.8129)	(80, 50.5259)	(81, 50.407599999999995)	(82, 49.7916)	(83, 50.449200000000005)	(84, 50.348400000000005)	(85, 49.7476)	(86, 50.3673)	(87, 50.252300000000005)	(88, 49.605900000000005)	(89, 50.341)	(90, 50.2011)	(91, 49.5838)	(92, 50.2076)	(93, 50.12950000000001)	(94, 49.5212)	(95, 50.0806)	(96, 49.9545)	(97, 49.4293)	(98, 49.9595)	(99, 49.8057)	(100, 49.189)	(101, 49.7929)	(102, 49.7756)	(103, 49.2614)	(104, 49.7654)	(105, 49.6411)	(106, 49.04)	(107, 49.6108)	(108, 49.507600000000004)	(109, 49.0084)	(110, 49.5715)	(111, 49.4585)	(112, 48.987)	(113, 49.4423)	(114, 49.452600000000004)	(115, 48.928700000000006)	(116, 49.485)	(117, 49.443)	(118, 49.016999999999996)	(119, 49.47)	(120, 49.475)	(121, 49.0146)	(122, 49.6199)	(123, 49.5784)	(124, 49.2365)	(125, 49.7434)	(126, 49.654399999999995)	(127, 49.4444)	(128, 49.8934)	(129, 49.8738)	(130, 49.5405)	(131, 50.0796)	(132, 50.1162)	(133, 49.7917)	(134, 50.3175)	(135, 50.326899999999995)	(136, 50.045300000000005)	(137, 50.5185)	(138, 50.5264)	(139, 50.2825)	(140, 50.655899999999995)	(141, 50.6345)	(142, 50.5533)	(143, 50.9317)	(144, 51.01480000000001)	(145, 50.7166)	(146, 51.2091)	(147, 51.17230000000001)	(148, 50.973400000000005)	(149, 51.36429999999999)	(150, 51.3944)	(151, 51.336800000000004)
reports | SRR35329993	(1, 46.68)	(2, 67.239)	(3, 48.1656)	(4, 50.5091)	(5, 50.3497)	(6, 49.4483)	(7, 46.876200000000004)	(8, 47.9188)	(9, 54.221399999999996)	(10, 51.266999999999996)	(11, 46.739599999999996)	(12, 57.8828)	(13, 55.4152)	(14, 52.2277)	(15, 49.9552)	(16, 50.711099999999995)	(17, 51.6138)	(18, 51.17040000000001)	(19, 50.671299999999995)	(20, 51.374900000000004)	(21, 51.585300000000004)	(22, 50.364799999999995)	(23, 51.1397)	(24, 50.998900000000006)	(25, 50.287400000000005)	(26, 51.0831)	(27, 51.3075)	(28, 50.3924)	(29, 51.234500000000004)	(30, 51.200599999999994)	(31, 50.2849)	(32, 51.0955)	(33, 50.9671)	(34, 49.934200000000004)	(35, 51.1073)	(36, 50.834999999999994)	(37, 50.433099999999996)	(38, 50.843700000000005)	(39, 51.1185)	(40, 50.37239999999999)	(41, 51.135200000000005)	(42, 51.1687)	(43, 50.1463)	(44, 50.9045)	(45, 51.1452)	(46, 50.22489999999999)	(47, 51.2527)	(48, 50.8242)	(49, 50.0914)	(50, 51.161100000000005)	(51, 50.932)	(52, 50.1404)	(53, 51.2023)	(54, 50.841300000000004)	(55, 50.28789999999999)	(56, 51.065099999999994)	(57, 50.9554)	(58, 50.100100000000005)	(59, 51.0093)	(60, 51.1745)	(61, 50.0541)	(62, 51.0382)	(63, 51.0126)	(64, 50.232299999999995)	(65, 50.979600000000005)	(66, 50.990899999999996)	(67, 49.8966)	(68, 50.5969)	(69, 50.6471)	(70, 50.1085)	(71, 50.6283)	(72, 50.596399999999996)	(73, 49.877700000000004)	(74, 50.5981)	(75, 50.577000000000005)	(76, 49.8412)	(77, 50.3966)	(78, 50.52720000000001)	(79, 49.9234)	(80, 50.6154)	(81, 50.624100000000006)	(82, 49.932700000000004)	(83, 50.550399999999996)	(84, 50.558099999999996)	(85, 49.878499999999995)	(86, 50.476200000000006)	(87, 50.449299999999994)	(88, 49.728)	(89, 50.438300000000005)	(90, 50.4064)	(91, 49.7245)	(92, 50.319100000000006)	(93, 50.322199999999995)	(94, 49.6676)	(95, 50.1955)	(96, 50.168)	(97, 49.556)	(98, 50.05159999999999)	(99, 50.00940000000001)	(100, 49.3399)	(101, 49.9185)	(102, 50.013200000000005)	(103, 49.459900000000005)	(104, 49.9425)	(105, 49.8958)	(106, 49.2251)	(107, 49.768299999999996)	(108, 49.749700000000004)	(109, 49.201299999999996)	(110, 49.7573)	(111, 49.7584)	(112, 49.2774)	(113, 49.7401)	(114, 49.858799999999995)	(115, 49.275600000000004)	(116, 49.8248)	(117, 49.849900000000005)	(118, 49.3901)	(119, 49.8153)	(120, 49.953900000000004)	(121, 49.4567)	(122, 50.0854)	(123, 50.1737)	(124, 49.806200000000004)	(125, 50.32299999999999)	(126, 50.353300000000004)	(127, 50.082300000000004)	(128, 50.5371)	(129, 50.5715)	(130, 50.2374)	(131, 50.7768)	(132, 50.9179)	(133, 50.5945)	(134, 51.160399999999996)	(135, 51.273500000000006)	(136, 50.96000000000001)	(137, 51.451800000000006)	(138, 51.505)	(139, 51.2297)	(140, 51.608200000000004)	(141, 51.6442)	(142, 51.5524)	(143, 51.9621)	(144, 52.11789999999999)	(145, 51.8115)	(146, 52.3194)	(147, 52.3607)	(148, 52.1231)	(149, 52.4987)	(150, 52.567099999999996)	(151, 52.4237)
reports | SRR35329994	(1, 43.0138)	(2, 67.12270000000001)	(3, 47.536699999999996)	(4, 50.2426)	(5, 50.66589999999999)	(6, 49.3546)	(7, 46.7408)	(8, 47.9626)	(9, 54.184200000000004)	(10, 51.515699999999995)	(11, 46.6617)	(12, 58.07020000000001)	(13, 55.7331)	(14, 52.33330000000001)	(15, 49.906800000000004)	(16, 50.694399999999995)	(17, 51.6783)	(18, 51.211600000000004)	(19, 50.6498)	(20, 51.443000000000005)	(21, 51.548899999999996)	(22, 50.436099999999996)	(23, 51.1355)	(24, 50.9678)	(25, 50.2629)	(26, 51.1466)	(27, 51.2607)	(28, 50.3884)	(29, 51.2509)	(30, 51.1729)	(31, 50.3487)	(32, 51.100500000000004)	(33, 50.941199999999995)	(34, 50.01649999999999)	(35, 50.916)	(36, 51.06)	(37, 50.427200000000006)	(38, 51.1011)	(39, 51.1003)	(40, 50.1686)	(41, 51.1305)	(42, 50.9567)	(43, 50.4106)	(44, 51.170899999999996)	(45, 51.131400000000006)	(46, 50.294200000000004)	(47, 51.2475)	(48, 50.8837)	(49, 50.1599)	(50, 51.1658)	(51, 50.993599999999994)	(52, 50.19709999999999)	(53, 51.2349)	(54, 50.8863)	(55, 50.3092)	(56, 51.0796)	(57, 50.944599999999994)	(58, 50.17359999999999)	(59, 51.02680000000001)	(60, 51.1493)	(61, 50.124599999999994)	(62, 51.0458)	(63, 51.0076)	(64, 50.224199999999996)	(65, 50.98629999999999)	(66, 50.978100000000005)	(67, 49.9702)	(68, 50.662)	(69, 50.7007)	(70, 50.091699999999996)	(71, 50.7131)	(72, 50.6452)	(73, 49.9523)	(74, 50.6586)	(75, 50.629000000000005)	(76, 49.9124)	(77, 50.484899999999996)	(78, 50.58709999999999)	(79, 49.9449)	(80, 50.6024)	(81, 50.5933)	(82, 49.9039)	(83, 50.5428)	(84, 50.529900000000005)	(85, 49.872699999999995)	(86, 50.486)	(87, 50.4147)	(88, 49.714999999999996)	(89, 50.4339)	(90, 50.3871)	(91, 49.6908)	(92, 50.31139999999999)	(93, 50.2922)	(94, 49.6522)	(95, 50.188)	(96, 50.1575)	(97, 49.5753)	(98, 50.0587)	(99, 49.9911)	(100, 49.3525)	(101, 49.9219)	(102, 49.991600000000005)	(103, 49.453399999999995)	(104, 49.93)	(105, 49.9054)	(106, 49.2373)	(107, 49.806)	(108, 49.782399999999996)	(109, 49.248)	(110, 49.816)	(111, 49.783699999999996)	(112, 49.3066)	(113, 49.7942)	(114, 49.904199999999996)	(115, 49.361)	(116, 49.895)	(117, 49.9521)	(118, 49.5075)	(119, 49.957)	(120, 50.0876)	(121, 49.661899999999996)	(122, 50.261599999999994)	(123, 50.3708)	(124, 50.020399999999995)	(125, 50.5617)	(126, 50.590999999999994)	(127, 50.3487)	(128, 50.8324)	(129, 50.88009999999999)	(130, 50.6008)	(131, 51.142900000000004)	(132, 51.32600000000001)	(133, 51.0537)	(134, 51.648700000000005)	(135, 51.76070000000001)	(136, 51.485400000000006)	(137, 51.9666)	(138, 52.041000000000004)	(139, 51.8074)	(140, 52.2067)	(141, 52.3018)	(142, 52.2442)	(143, 52.732800000000005)	(144, 52.911699999999996)	(145, 52.639)	(146, 53.1259)	(147, 53.156800000000004)	(148, 52.9146)	(149, 53.312099999999994)	(150, 53.4257)	(151, 53.3108)
reports | SRR35329995	(1, 45.675)	(2, 68.1955)	(3, 47.8562)	(4, 50.5956)	(5, 50.077099999999994)	(6, 49.145)	(7, 46.8427)	(8, 47.821200000000005)	(9, 54.18619999999999)	(10, 51.229499999999994)	(11, 46.5631)	(12, 57.826)	(13, 55.3454)	(14, 52.0007)	(15, 49.7945)	(16, 50.550700000000006)	(17, 51.4976)	(18, 51.0031)	(19, 50.4962)	(20, 51.282700000000006)	(21, 51.3609)	(22, 50.2806)	(23, 50.925399999999996)	(24, 50.7617)	(25, 50.1116)	(26, 50.9848)	(27, 51.06079999999999)	(28, 50.24960000000001)	(29, 51.0535)	(30, 50.9712)	(31, 50.196200000000005)	(32, 50.918699999999994)	(33, 50.712500000000006)	(34, 49.866)	(35, 50.7661)	(36, 50.8776)	(37, 50.260000000000005)	(38, 50.7162)	(39, 50.6754)	(40, 49.9878)	(41, 50.9266)	(42, 50.760099999999994)	(43, 50.2291)	(44, 50.7946)	(45, 50.923399999999994)	(46, 50.14340000000001)	(47, 51.073299999999996)	(48, 50.6467)	(49, 50.001799999999996)	(50, 50.9791)	(51, 50.777499999999996)	(52, 50.033300000000004)	(53, 51.043000000000006)	(54, 50.6754)	(55, 50.11370000000001)	(56, 50.871599999999994)	(57, 50.751400000000004)	(58, 50.01)	(59, 50.8019)	(60, 50.9447)	(61, 49.9572)	(62, 50.826899999999995)	(63, 50.79559999999999)	(64, 50.054500000000004)	(65, 50.78660000000001)	(66, 50.7912)	(67, 49.8336)	(68, 50.4611)	(69, 50.49439999999999)	(70, 49.9232)	(71, 50.537)	(72, 50.4279)	(73, 49.8327)	(74, 50.489399999999996)	(75, 50.4509)	(76, 49.762299999999996)	(77, 50.283199999999994)	(78, 50.3947)	(79, 49.7539)	(80, 50.426300000000005)	(81, 50.3996)	(82, 49.756499999999996)	(83, 50.3579)	(84, 50.31529999999999)	(85, 49.7105)	(86, 50.283500000000004)	(87, 50.226400000000005)	(88, 49.5637)	(89, 50.2416)	(90, 50.1721)	(91, 49.500699999999995)	(92, 50.0941)	(93, 50.0639)	(94, 49.4668)	(95, 49.9558)	(96, 49.8857)	(97, 49.3382)	(98, 49.8001)	(99, 49.7254)	(100, 49.0972)	(101, 49.629)	(102, 49.6831)	(103, 49.1517)	(104, 49.600100000000005)	(105, 49.538)	(106, 48.896)	(107, 49.3962)	(108, 49.3684)	(109, 48.8643)	(110, 49.3869)	(111, 49.2962)	(112, 48.83)	(113, 49.2455)	(114, 49.3241)	(115, 48.757400000000004)	(116, 49.2602)	(117, 49.2621)	(118, 48.8064)	(119, 49.209)	(120, 49.283500000000004)	(121, 48.832300000000004)	(122, 49.388)	(123, 49.419200000000004)	(124, 49.0238)	(125, 49.4667)	(126, 49.420500000000004)	(127, 49.1309)	(128, 49.543)	(129, 49.5527)	(130, 49.2064)	(131, 49.7018)	(132, 49.7637)	(133, 49.434400000000004)	(134, 49.8627)	(135, 49.897200000000005)	(136, 49.5359)	(137, 49.9449)	(138, 49.9619)	(139, 49.6782)	(140, 49.9718)	(141, 50.016000000000005)	(142, 49.9115)	(143, 50.254200000000004)	(144, 50.336400000000005)	(145, 49.986599999999996)	(146, 50.414)	(147, 50.3873)	(148, 50.105500000000006)	(149, 50.4577)	(150, 50.5528)	(151, 50.3794)
reports | SRR35329996	(1, 40.868300000000005)	(2, 66.9599)	(3, 47.5828)	(4, 49.96)	(5, 49.966899999999995)	(6, 48.9424)	(7, 46.508500000000005)	(8, 47.6545)	(9, 53.7427)	(10, 51.015100000000004)	(11, 46.3382)	(12, 57.5675)	(13, 55.1423)	(14, 51.9165)	(15, 49.7053)	(16, 50.389399999999995)	(17, 51.3938)	(18, 50.945499999999996)	(19, 50.3238)	(20, 51.1541)	(21, 51.2459)	(22, 50.1169)	(23, 50.751000000000005)	(24, 50.588100000000004)	(25, 49.890699999999995)	(26, 50.788599999999995)	(27, 50.918)	(28, 50.0129)	(29, 50.8521)	(30, 50.787099999999995)	(31, 50.0035)	(32, 50.7243)	(33, 50.5614)	(34, 49.666399999999996)	(35, 50.7214)	(36, 50.705999999999996)	(37, 49.8915)	(38, 50.5417)	(39, 50.5529)	(40, 49.819)	(41, 50.72259999999999)	(42, 50.6157)	(43, 49.8544)	(44, 50.625)	(45, 50.735600000000005)	(46, 49.938700000000004)	(47, 50.841300000000004)	(48, 50.5332)	(49, 49.830600000000004)	(50, 50.783199999999994)	(51, 50.66159999999999)	(52, 49.8581)	(53, 50.8286)	(54, 50.5629)	(55, 49.9211)	(56, 50.6898)	(57, 50.5688)	(58, 49.8164)	(59, 50.6249)	(60, 50.773599999999995)	(61, 49.7663)	(62, 50.6355)	(63, 50.6305)	(64, 49.850699999999996)	(65, 50.6)	(66, 50.6228)	(67, 49.6513)	(68, 50.313900000000004)	(69, 50.3729)	(70, 49.743500000000004)	(71, 50.3745)	(72, 50.334900000000005)	(73, 49.632)	(74, 50.33800000000001)	(75, 50.302899999999994)	(76, 49.582)	(77, 50.1074)	(78, 50.263999999999996)	(79, 49.5615)	(80, 50.2633)	(81, 50.246199999999995)	(82, 49.554700000000004)	(83, 50.1836)	(84, 50.1768)	(85, 49.5177)	(86, 50.1089)	(87, 50.075199999999995)	(88, 49.3603)	(89, 50.05969999999999)	(90, 50.022200000000005)	(91, 49.337399999999995)	(92, 49.9336)	(93, 49.9259)	(94, 49.2898)	(95, 49.8057)	(96, 49.7444)	(97, 49.1344)	(98, 49.6413)	(99, 49.5929)	(100, 48.9159)	(101, 49.4841)	(102, 49.5368)	(103, 48.9751)	(104, 49.4655)	(105, 49.4208)	(106, 48.7315)	(107, 49.2642)	(108, 49.234899999999996)	(109, 48.6828)	(110, 49.2196)	(111, 49.1823)	(112, 48.6638)	(113, 49.1042)	(114, 49.1744)	(115, 48.5559)	(116, 49.0829)	(117, 49.094100000000005)	(118, 48.626599999999996)	(119, 49.0201)	(120, 49.106100000000005)	(121, 48.5998)	(122, 49.1661)	(123, 49.1773)	(124, 48.761500000000005)	(125, 49.1768)	(126, 49.1301)	(127, 48.7929)	(128, 49.187999999999995)	(129, 49.182500000000005)	(130, 48.8178)	(131, 49.3008)	(132, 49.3586)	(133, 48.9767)	(134, 49.3951)	(135, 49.3946)	(136, 48.9864)	(137, 49.3674)	(138, 49.3286)	(139, 49.0216)	(140, 49.3343)	(141, 49.349)	(142, 49.200500000000005)	(143, 49.543)	(144, 49.5912)	(145, 49.1956)	(146, 49.5759)	(147, 49.5128)	(148, 49.2146)	(149, 49.5633)	(150, 49.6083)	(151, 49.4155)
