Sample	0	1	2	3	4	5	6	7	8	9	10	11	12	13	14	15	16	17	18	19	20	21	22	23	24	25	26	27	28	29	30	31	32	33	34	35	36	37	38	39	40	41	42	43	44	45	46	47	48	49	50	51	52	53	54	55	56	57	58	59	60	61	62	63	64	65	66	67	68	69	70	71	72	73	74	75	76	77	78	79	80	81	82	83	84	85	86	87	88	89	90	91	92	93	94	95	96	97	98	99	100	101	102	103	104	105	106	107	108	109	110	111	112	113	114	115	116	117	118	119	120	121	122	123	124	125	126	127	128	129	130	131	132	133	134	135	136	137	138	139	140	141	142	143	144	145	146	147	148	149	150
reports | SRR35329977	(1, 29.8969)	(2, 36.0403)	(3, 38.2246)	(4, 38.6207)	(5, 38.611)	(6, 38.748)	(7, 38.7636)	(8, 38.6441)	(9, 38.6646)	(10, 38.8425)	(11, 38.8349)	(12, 38.9647)	(13, 38.9401)	(14, 38.8991)	(15, 38.8576)	(16, 39.1761)	(17, 39.2065)	(18, 39.1958)	(19, 39.2047)	(20, 39.2136)	(21, 39.1915)	(22, 39.1736)	(23, 39.2395)	(24, 39.2476)	(25, 39.2231)	(26, 39.174)	(27, 39.1762)	(28, 39.1714)	(29, 39.1496)	(30, 39.1841)	(31, 39.1701)	(32, 39.1643)	(33, 39.1656)	(34, 39.1618)	(35, 39.1583)	(36, 39.134)	(37, 39.1744)	(38, 39.1844)	(39, 39.1705)	(40, 39.1503)	(41, 39.1534)	(42, 39.1293)	(43, 39.1557)	(44, 39.1671)	(45, 39.1198)	(46, 39.1567)	(47, 39.1505)	(48, 39.0801)	(49, 39.1122)	(50, 39.1198)	(51, 39.1441)	(52, 39.1325)	(53, 39.1232)	(54, 39.1198)	(55, 39.1123)	(56, 39.0678)	(57, 39.0984)	(58, 39.1153)	(59, 39.1062)	(60, 39.0801)	(61, 39.058)	(62, 39.0594)	(63, 39.0469)	(64, 39.0043)	(65, 39.0665)	(66, 39.0591)	(67, 39.0457)	(68, 39.0522)	(69, 39.0403)	(70, 39.0371)	(71, 38.9778)	(72, 38.9934)	(73, 39.0388)	(74, 39.0287)	(75, 39.0169)	(76, 39.0193)	(77, 39.013)	(78, 38.9957)	(79, 39.0017)	(80, 38.9993)	(81, 38.982)	(82, 38.9728)	(83, 38.9631)	(84, 38.952)	(85, 38.912)	(86, 38.9529)	(87, 38.9492)	(88, 38.911)	(89, 38.8979)	(90, 38.81)	(91, 38.8664)	(92, 38.8633)	(93, 38.8733)	(94, 38.829)	(95, 38.8395)	(96, 38.79)	(97, 38.8018)	(98, 38.8094)	(99, 38.8015)	(100, 38.808)	(101, 38.7821)	(102, 38.7826)	(103, 38.7575)	(104, 38.7821)	(105, 38.7835)	(106, 38.7811)	(107, 38.8018)	(108, 38.7899)	(109, 38.7663)	(110, 38.7483)	(111, 38.7384)	(112, 38.7363)	(113, 38.7228)	(114, 38.706)	(115, 38.7034)	(116, 38.664)	(117, 38.6408)	(118, 38.6643)	(119, 38.6443)	(120, 38.6179)	(121, 38.592)	(122, 38.5806)	(123, 38.5245)	(124, 38.5479)	(125, 38.5507)	(126, 38.5871)	(127, 38.5117)	(128, 38.5244)	(129, 38.4818)	(130, 38.4628)	(131, 38.4832)	(132, 38.4502)	(133, 38.4573)	(134, 38.5065)	(135, 38.4516)	(136, 38.4077)	(137, 38.3992)	(138, 38.375)	(139, 38.3498)	(140, 38.3192)	(141, 38.3761)	(142, 38.4166)	(143, 38.3887)	(144, 38.378)	(145, 38.3856)	(146, 38.4166)	(147, 38.4586)	(148, 38.5408)	(149, 38.5038)	(150, 38.5541)	(151, 37.3466)
reports | SRR35329978	(1, 29.6104)	(2, 35.9341)	(3, 38.3802)	(4, 38.7487)	(5, 38.7542)	(6, 38.6919)	(7, 38.6952)	(8, 38.7809)	(9, 38.7599)	(10, 38.8924)	(11, 38.8331)	(12, 38.9745)	(13, 38.9729)	(14, 38.9364)	(15, 38.872)	(16, 39.1949)	(17, 39.2279)	(18, 39.2081)	(19, 39.2143)	(20, 39.2281)	(21, 39.2014)	(22, 39.1849)	(23, 39.251)	(24, 39.2558)	(25, 39.2344)	(26, 39.1885)	(27, 39.1894)	(28, 39.1851)	(29, 39.1629)	(30, 39.1994)	(31, 39.186)	(32, 39.1764)	(33, 39.1759)	(34, 39.1704)	(35, 39.1668)	(36, 39.1466)	(37, 39.1847)	(38, 39.1896)	(39, 39.1758)	(40, 39.1528)	(41, 39.1529)	(42, 39.1279)	(43, 39.1526)	(44, 39.1667)	(45, 39.1147)	(46, 39.1566)	(47, 39.1475)	(48, 39.0555)	(49, 39.0888)	(50, 39.0892)	(51, 39.1325)	(52, 39.1032)	(53, 39.0925)	(54, 39.0845)	(55, 39.0976)	(56, 39.0368)	(57, 39.0679)	(58, 39.0956)	(59, 39.0738)	(60, 39.048)	(61, 39.0259)	(62, 39.0277)	(63, 39.0151)	(64, 38.9743)	(65, 39.0529)	(66, 39.045)	(67, 39.0324)	(68, 39.0377)	(69, 39.0289)	(70, 39.0199)	(71, 38.956)	(72, 38.9708)	(73, 39.015)	(74, 39.0035)	(75, 38.9909)	(76, 38.9938)	(77, 38.9899)	(78, 38.9745)	(79, 38.9799)	(80, 38.9763)	(81, 38.9576)	(82, 38.9454)	(83, 38.9351)	(84, 38.9213)	(85, 38.8824)	(86, 38.9213)	(87, 38.92)	(88, 38.8839)	(89, 38.8711)	(90, 38.7841)	(91, 38.8372)	(92, 38.835)	(93, 38.8429)	(94, 38.7974)	(95, 38.8063)	(96, 38.7577)	(97, 38.7685)	(98, 38.7767)	(99, 38.7699)	(100, 38.7798)	(101, 38.754)	(102, 38.753)	(103, 38.7258)	(104, 38.7476)	(105, 38.7466)	(106, 38.7433)	(107, 38.762)	(108, 38.7532)	(109, 38.7335)	(110, 38.7154)	(111, 38.7059)	(112, 38.7029)	(113, 38.6875)	(114, 38.6692)	(115, 38.6659)	(116, 38.6281)	(117, 38.6042)	(118, 38.6273)	(119, 38.6086)	(120, 38.5865)	(121, 38.5623)	(122, 38.5504)	(123, 38.4968)	(124, 38.5189)	(125, 38.5194)	(126, 38.554)	(127, 38.4794)	(128, 38.4914)	(129, 38.4527)	(130, 38.4354)	(131, 38.4557)	(132, 38.4266)	(133, 38.438)	(134, 38.4818)	(135, 38.4285)	(136, 38.3856)	(137, 38.3764)	(138, 38.3501)	(139, 38.3288)	(140, 38.3011)	(141, 38.3625)	(142, 38.4034)	(143, 38.3774)	(144, 38.3719)	(145, 38.3799)	(146, 38.4137)	(147, 38.4587)	(148, 38.5469)	(149, 38.506)	(150, 38.5564)	(151, 37.3655)
reports | SRR35329979	(1, 29.0597)	(2, 35.9359)	(3, 38.3864)	(4, 38.6238)	(5, 38.6526)	(6, 38.8149)	(7, 38.8233)	(8, 38.6226)	(9, 38.6891)	(10, 38.8793)	(11, 38.8228)	(12, 38.9907)	(13, 38.9717)	(14, 38.935)	(15, 38.8912)	(16, 39.2053)	(17, 39.2346)	(18, 39.2231)	(19, 39.2309)	(20, 39.2379)	(21, 39.2171)	(22, 39.1936)	(23, 39.2584)	(24, 39.2661)	(25, 39.2431)	(26, 39.1937)	(27, 39.1978)	(28, 39.1933)	(29, 39.1721)	(30, 39.2078)	(31, 39.1947)	(32, 39.1859)	(33, 39.1874)	(34, 39.1834)	(35, 39.18)	(36, 39.1601)	(37, 39.1981)	(38, 39.2065)	(39, 39.1934)	(40, 39.1708)	(41, 39.1734)	(42, 39.1516)	(43, 39.1734)	(44, 39.1867)	(45, 39.1407)	(46, 39.1773)	(47, 39.1707)	(48, 39.1102)	(49, 39.1389)	(50, 39.1484)	(51, 39.1614)	(52, 39.1523)	(53, 39.1441)	(54, 39.1457)	(55, 39.1345)	(56, 39.0985)	(57, 39.1358)	(58, 39.1477)	(59, 39.1389)	(60, 39.1146)	(61, 39.091)	(62, 39.091)	(63, 39.0779)	(64, 39.0359)	(65, 39.0921)	(66, 39.0829)	(67, 39.0699)	(68, 39.0751)	(69, 39.0641)	(70, 39.0535)	(71, 38.9897)	(72, 39.006)	(73, 39.0499)	(74, 39.0389)	(75, 39.0261)	(76, 39.0303)	(77, 39.0245)	(78, 39.0091)	(79, 39.0151)	(80, 39.0117)	(81, 38.9948)	(82, 38.981)	(83, 38.9696)	(84, 38.9601)	(85, 38.9203)	(86, 38.962)	(87, 38.959)	(88, 38.9232)	(89, 38.9093)	(90, 38.8226)	(91, 38.8772)	(92, 38.8723)	(93, 38.8816)	(94, 38.8382)	(95, 38.8469)	(96, 38.7985)	(97, 38.8108)	(98, 38.8184)	(99, 38.8115)	(100, 38.8194)	(101, 38.7936)	(102, 38.7949)	(103, 38.7669)	(104, 38.7902)	(105, 38.7915)	(106, 38.7891)	(107, 38.8076)	(108, 38.7986)	(109, 38.7776)	(110, 38.7581)	(111, 38.7492)	(112, 38.7491)	(113, 38.7313)	(114, 38.713)	(115, 38.7104)	(116, 38.6739)	(117, 38.6478)	(118, 38.6728)	(119, 38.6535)	(120, 38.6322)	(121, 38.607)	(122, 38.5928)	(123, 38.5387)	(124, 38.5617)	(125, 38.5624)	(126, 38.5989)	(127, 38.5248)	(128, 38.5361)	(129, 38.4962)	(130, 38.4801)	(131, 38.5008)	(132, 38.4678)	(133, 38.4787)	(134, 38.5238)	(135, 38.471)	(136, 38.4276)	(137, 38.419)	(138, 38.3951)	(139, 38.3704)	(140, 38.3414)	(141, 38.4024)	(142, 38.4411)	(143, 38.414)	(144, 38.4081)	(145, 38.4131)	(146, 38.4438)	(147, 38.487)	(148, 38.5698)	(149, 38.5313)	(150, 38.5824)	(151, 37.39)
reports | SRR35329980	(1, 27.9842)	(2, 36.412)	(3, 38.4835)	(4, 38.6484)	(5, 38.6273)	(6, 38.5994)	(7, 38.8052)	(8, 38.7993)	(9, 38.7129)	(10, 38.7743)	(11, 38.8415)	(12, 38.985)	(13, 38.9688)	(14, 38.9377)	(15, 38.9012)	(16, 39.208)	(17, 39.2362)	(18, 39.2269)	(19, 39.2342)	(20, 39.2409)	(21, 39.2189)	(22, 39.1991)	(23, 39.2605)	(24, 39.2686)	(25, 39.2465)	(26, 39.1968)	(27, 39.1996)	(28, 39.1936)	(29, 39.1704)	(30, 39.1988)	(31, 39.1876)	(32, 39.1791)	(33, 39.1806)	(34, 39.1745)	(35, 39.1686)	(36, 39.1527)	(37, 39.1889)	(38, 39.1925)	(39, 39.1845)	(40, 39.1607)	(41, 39.1617)	(42, 39.1382)	(43, 39.1603)	(44, 39.1727)	(45, 39.1272)	(46, 39.1653)	(47, 39.1575)	(48, 39.0907)	(49, 39.1209)	(50, 39.1169)	(51, 39.1451)	(52, 39.1167)	(53, 39.1083)	(54, 39.1089)	(55, 39.1041)	(56, 39.059)	(57, 39.0961)	(58, 39.1096)	(59, 39.0988)	(60, 39.0748)	(61, 39.0553)	(62, 39.0555)	(63, 39.0372)	(64, 38.9962)	(65, 39.0512)	(66, 39.0426)	(67, 39.0324)	(68, 39.0405)	(69, 39.0273)	(70, 39.0253)	(71, 38.9603)	(72, 38.9754)	(73, 39.0204)	(74, 39.0081)	(75, 38.9952)	(76, 38.9985)	(77, 38.992)	(78, 38.9758)	(79, 38.9818)	(80, 38.9772)	(81, 38.9599)	(82, 38.9463)	(83, 38.9367)	(84, 38.923)	(85, 38.8823)	(86, 38.9211)	(87, 38.9189)	(88, 38.8812)	(89, 38.8669)	(90, 38.7793)	(91, 38.8321)	(92, 38.828)	(93, 38.8365)	(94, 38.7912)	(95, 38.7987)	(96, 38.7492)	(97, 38.7586)	(98, 38.7656)	(99, 38.7595)	(100, 38.7663)	(101, 38.7391)	(102, 38.7396)	(103, 38.712)	(104, 38.7334)	(105, 38.7318)	(106, 38.7281)	(107, 38.748)	(108, 38.7365)	(109, 38.7134)	(110, 38.6945)	(111, 38.6839)	(112, 38.6807)	(113, 38.6656)	(114, 38.6468)	(115, 38.6418)	(116, 38.603)	(117, 38.5756)	(118, 38.5991)	(119, 38.5787)	(120, 38.5569)	(121, 38.5296)	(122, 38.5175)	(123, 38.462)	(124, 38.4853)	(125, 38.4844)	(126, 38.5196)	(127, 38.4436)	(128, 38.4548)	(129, 38.4143)	(130, 38.3942)	(131, 38.4165)	(132, 38.3841)	(133, 38.395)	(134, 38.4399)	(135, 38.3847)	(136, 38.3397)	(137, 38.3324)	(138, 38.307)	(139, 38.2858)	(140, 38.2548)	(141, 38.3147)	(142, 38.3582)	(143, 38.3315)	(144, 38.3253)	(145, 38.3341)	(146, 38.3702)	(147, 38.4148)	(148, 38.5092)	(149, 38.4663)	(150, 38.5168)	(151, 37.28)
reports | SRR35329981	(1, 27.8702)	(2, 35.9674)	(3, 38.4586)	(4, 38.7176)	(5, 38.6602)	(6, 38.7985)	(7, 38.6503)	(8, 38.6368)	(9, 38.7475)	(10, 38.9019)	(11, 38.8694)	(12, 39.0026)	(13, 38.991)	(14, 38.9545)	(15, 38.8946)	(16, 39.2119)	(17, 39.246)	(18, 39.2301)	(19, 39.239)	(20, 39.2509)	(21, 39.2263)	(22, 39.2091)	(23, 39.2725)	(24, 39.2783)	(25, 39.2557)	(26, 39.2111)	(27, 39.2143)	(28, 39.2087)	(29, 39.1888)	(30, 39.2222)	(31, 39.2088)	(32, 39.1998)	(33, 39.199)	(34, 39.1936)	(35, 39.1858)	(36, 39.17)	(37, 39.2076)	(38, 39.2151)	(39, 39.2035)	(40, 39.1791)	(41, 39.1803)	(42, 39.1569)	(43, 39.1794)	(44, 39.1848)	(45, 39.1459)	(46, 39.1837)	(47, 39.1762)	(48, 39.0845)	(49, 39.1196)	(50, 39.1058)	(51, 39.1595)	(52, 39.108)	(53, 39.1138)	(54, 39.0989)	(55, 39.1111)	(56, 39.0455)	(57, 39.0712)	(58, 39.0942)	(59, 39.077)	(60, 39.0496)	(61, 39.0292)	(62, 39.0327)	(63, 39.0141)	(64, 38.9772)	(65, 39.0497)	(66, 39.048)	(67, 39.0381)	(68, 39.0496)	(69, 39.0367)	(70, 39.0442)	(71, 38.9816)	(72, 38.9964)	(73, 39.0402)	(74, 39.029)	(75, 39.0171)	(76, 39.0191)	(77, 39.0131)	(78, 38.9993)	(79, 39.0043)	(80, 39.0004)	(81, 38.9828)	(82, 38.9698)	(83, 38.9588)	(84, 38.9456)	(85, 38.9066)	(86, 38.9456)	(87, 38.9428)	(88, 38.9072)	(89, 38.8966)	(90, 38.8082)	(91, 38.8634)	(92, 38.8584)	(93, 38.8654)	(94, 38.8212)	(95, 38.8299)	(96, 38.7788)	(97, 38.7905)	(98, 38.7986)	(99, 38.7933)	(100, 38.8019)	(101, 38.7762)	(102, 38.7756)	(103, 38.7475)	(104, 38.7678)	(105, 38.7671)	(106, 38.7626)	(107, 38.7813)	(108, 38.7706)	(109, 38.7498)	(110, 38.7324)	(111, 38.723)	(112, 38.7182)	(113, 38.7061)	(114, 38.6861)	(115, 38.682)	(116, 38.6417)	(117, 38.617)	(118, 38.6395)	(119, 38.6198)	(120, 38.5973)	(121, 38.5745)	(122, 38.5627)	(123, 38.5065)	(124, 38.5299)	(125, 38.5302)	(126, 38.5639)	(127, 38.4874)	(128, 38.5001)	(129, 38.4613)	(130, 38.4428)	(131, 38.4617)	(132, 38.4357)	(133, 38.4427)	(134, 38.4868)	(135, 38.4347)	(136, 38.3911)	(137, 38.3824)	(138, 38.3569)	(139, 38.3347)	(140, 38.304)	(141, 38.3643)	(142, 38.4065)	(143, 38.3829)	(144, 38.3776)	(145, 38.3857)	(146, 38.417)	(147, 38.4629)	(148, 38.5543)	(149, 38.5115)	(150, 38.5599)	(151, 37.3364)
reports | SRR35329982	(1, 29.4625)	(2, 35.794)	(3, 38.4107)	(4, 38.6315)	(5, 38.6456)	(6, 38.5986)	(7, 38.6603)	(8, 38.7984)	(9, 38.8115)	(10, 38.8044)	(11, 38.8473)	(12, 38.9581)	(13, 38.9609)	(14, 38.9325)	(15, 38.8862)	(16, 39.2048)	(17, 39.2331)	(18, 39.2244)	(19, 39.2325)	(20, 39.2406)	(21, 39.2177)	(22, 39.1958)	(23, 39.2619)	(24, 39.269)	(25, 39.2472)	(26, 39.1975)	(27, 39.2023)	(28, 39.1952)	(29, 39.1714)	(30, 39.2083)	(31, 39.1945)	(32, 39.1848)	(33, 39.1864)	(34, 39.1836)	(35, 39.1807)	(36, 39.1606)	(37, 39.1981)	(38, 39.2051)	(39, 39.191)	(40, 39.1691)	(41, 39.1696)	(42, 39.1489)	(43, 39.1713)	(44, 39.1848)	(45, 39.136)	(46, 39.175)	(47, 39.1683)	(48, 39.0728)	(49, 39.1072)	(50, 39.0932)	(51, 39.1538)	(52, 39.1018)	(53, 39.1174)	(54, 39.1076)	(55, 39.1123)	(56, 39.0509)	(57, 39.0762)	(58, 39.0988)	(59, 39.0825)	(60, 39.0541)	(61, 39.0323)	(62, 39.0325)	(63, 39.0192)	(64, 38.9815)	(65, 39.0518)	(66, 39.0509)	(67, 39.0403)	(68, 39.0522)	(69, 39.0381)	(70, 39.0413)	(71, 38.9803)	(72, 38.9972)	(73, 39.0403)	(74, 39.0285)	(75, 39.017)	(76, 39.0213)	(77, 39.0168)	(78, 39.0013)	(79, 39.0081)	(80, 39.0038)	(81, 38.9846)	(82, 38.9721)	(83, 38.9602)	(84, 38.9481)	(85, 38.9071)	(86, 38.9489)	(87, 38.9458)	(88, 38.9101)	(89, 38.8966)	(90, 38.8085)	(91, 38.8638)	(92, 38.8587)	(93, 38.8657)	(94, 38.8228)	(95, 38.8296)	(96, 38.7792)	(97, 38.793)	(98, 38.8004)	(99, 38.7949)	(100, 38.8041)	(101, 38.7775)	(102, 38.7769)	(103, 38.7484)	(104, 38.7721)	(105, 38.7698)	(106, 38.767)	(107, 38.7852)	(108, 38.7781)	(109, 38.7573)	(110, 38.7387)	(111, 38.7296)	(112, 38.7283)	(113, 38.7117)	(114, 38.6922)	(115, 38.6884)	(116, 38.6486)	(117, 38.6233)	(118, 38.6481)	(119, 38.6289)	(120, 38.6076)	(121, 38.5821)	(122, 38.5713)	(123, 38.5144)	(124, 38.54)	(125, 38.539)	(126, 38.5753)	(127, 38.498)	(128, 38.5106)	(129, 38.4696)	(130, 38.4533)	(131, 38.4755)	(132, 38.4464)	(133, 38.4553)	(134, 38.5009)	(135, 38.4482)	(136, 38.4019)	(137, 38.392)	(138, 38.3662)	(139, 38.3435)	(140, 38.3161)	(141, 38.3798)	(142, 38.4193)	(143, 38.3939)	(144, 38.3841)	(145, 38.3898)	(146, 38.4197)	(147, 38.4623)	(148, 38.5432)	(149, 38.5062)	(150, 38.5573)	(151, 37.3635)
reports | SRR35329983	(1, 30.2629)	(2, 36.08)	(3, 38.4016)	(4, 38.6586)	(5, 38.6742)	(6, 38.6927)	(7, 38.6752)	(8, 38.7993)	(9, 38.8113)	(10, 38.7969)	(11, 38.7894)	(12, 38.9219)	(13, 38.9533)	(14, 38.9247)	(15, 38.8823)	(16, 39.1924)	(17, 39.218)	(18, 39.2079)	(19, 39.2167)	(20, 39.2238)	(21, 39.1972)	(22, 39.1794)	(23, 39.2436)	(24, 39.2513)	(25, 39.2279)	(26, 39.18)	(27, 39.1809)	(28, 39.1762)	(29, 39.1527)	(30, 39.1873)	(31, 39.1718)	(32, 39.1629)	(33, 39.1647)	(34, 39.1595)	(35, 39.1572)	(36, 39.1361)	(37, 39.1739)	(38, 39.1808)	(39, 39.1678)	(40, 39.1434)	(41, 39.1395)	(42, 39.1202)	(43, 39.1449)	(44, 39.1578)	(45, 39.1116)	(46, 39.1475)	(47, 39.1421)	(48, 39.0584)	(49, 39.0913)	(50, 39.0942)	(51, 39.1267)	(52, 39.1122)	(53, 39.1051)	(54, 39.1021)	(55, 39.0933)	(56, 39.0507)	(57, 39.0767)	(58, 39.0939)	(59, 39.0819)	(60, 39.0522)	(61, 39.0271)	(62, 39.0242)	(63, 39.0127)	(64, 38.971)	(65, 39.0325)	(66, 39.0291)	(67, 39.018)	(68, 39.0253)	(69, 39.0131)	(70, 39.0093)	(71, 38.9505)	(72, 38.9658)	(73, 39.0102)	(74, 39.0009)	(75, 38.9887)	(76, 38.9904)	(77, 38.9866)	(78, 38.9719)	(79, 38.9779)	(80, 38.9735)	(81, 38.9562)	(82, 38.9431)	(83, 38.9324)	(84, 38.9206)	(85, 38.8803)	(86, 38.9213)	(87, 38.9198)	(88, 38.8849)	(89, 38.8712)	(90, 38.7829)	(91, 38.8398)	(92, 38.8352)	(93, 38.8426)	(94, 38.7978)	(95, 38.8074)	(96, 38.7576)	(97, 38.7699)	(98, 38.7785)	(99, 38.7736)	(100, 38.7812)	(101, 38.7546)	(102, 38.7555)	(103, 38.7283)	(104, 38.7499)	(105, 38.7506)	(106, 38.7469)	(107, 38.7667)	(108, 38.7573)	(109, 38.7362)	(110, 38.7185)	(111, 38.7089)	(112, 38.7085)	(113, 38.6919)	(114, 38.6741)	(115, 38.6697)	(116, 38.6304)	(117, 38.6054)	(118, 38.6303)	(119, 38.613)	(120, 38.5881)	(121, 38.5637)	(122, 38.5519)	(123, 38.4965)	(124, 38.5187)	(125, 38.5184)	(126, 38.5538)	(127, 38.4793)	(128, 38.4902)	(129, 38.4508)	(130, 38.4316)	(131, 38.4517)	(132, 38.4199)	(133, 38.429)	(134, 38.4747)	(135, 38.4215)	(136, 38.3765)	(137, 38.3671)	(138, 38.341)	(139, 38.3191)	(140, 38.2873)	(141, 38.347)	(142, 38.3879)	(143, 38.363)	(144, 38.3557)	(145, 38.3605)	(146, 38.3939)	(147, 38.4369)	(148, 38.5266)	(149, 38.4866)	(150, 38.5386)	(151, 37.3162)
reports | SRR35329984	(1, 28.9615)	(2, 35.8495)	(3, 38.3205)	(4, 38.6383)	(5, 38.7814)	(6, 38.6257)	(7, 38.671)	(8, 38.7014)	(9, 38.8137)	(10, 38.9407)	(11, 38.8624)	(12, 38.9812)	(13, 39.0105)	(14, 38.9787)	(15, 38.9363)	(16, 39.2347)	(17, 39.2625)	(18, 39.2518)	(19, 39.2607)	(20, 39.2662)	(21, 39.2452)	(22, 39.2236)	(23, 39.2849)	(24, 39.2925)	(25, 39.2689)	(26, 39.2233)	(27, 39.2258)	(28, 39.2208)	(29, 39.199)	(30, 39.2332)	(31, 39.2208)	(32, 39.2117)	(33, 39.212)	(34, 39.2077)	(35, 39.2034)	(36, 39.1838)	(37, 39.2201)	(38, 39.228)	(39, 39.2144)	(40, 39.19)	(41, 39.1957)	(42, 39.1736)	(43, 39.195)	(44, 39.206)	(45, 39.1596)	(46, 39.1969)	(47, 39.1887)	(48, 39.1107)	(49, 39.1402)	(50, 39.139)	(51, 39.179)	(52, 39.1444)	(53, 39.1425)	(54, 39.137)	(55, 39.1389)	(56, 39.0854)	(57, 39.1185)	(58, 39.135)	(59, 39.1226)	(60, 39.0993)	(61, 39.0804)	(62, 39.0834)	(63, 39.0662)	(64, 39.0274)	(65, 39.0915)	(66, 39.084)	(67, 39.0725)	(68, 39.0785)	(69, 39.0655)	(70, 39.0643)	(71, 39.0022)	(72, 39.0184)	(73, 39.0631)	(74, 39.0523)	(75, 39.0397)	(76, 39.0427)	(77, 39.0363)	(78, 39.021)	(79, 39.0255)	(80, 39.0204)	(81, 39.0047)	(82, 38.9932)	(83, 38.9821)	(84, 38.972)	(85, 38.9322)	(86, 38.9713)	(87, 38.9693)	(88, 38.9324)	(89, 38.9183)	(90, 38.8299)	(91, 38.8848)	(92, 38.8816)	(93, 38.8897)	(94, 38.8476)	(95, 38.8578)	(96, 38.8058)	(97, 38.8192)	(98, 38.825)	(99, 38.819)	(100, 38.8264)	(101, 38.7999)	(102, 38.7987)	(103, 38.7728)	(104, 38.7957)	(105, 38.796)	(106, 38.7923)	(107, 38.8107)	(108, 38.801)	(109, 38.779)	(110, 38.7598)	(111, 38.7494)	(112, 38.7482)	(113, 38.7326)	(114, 38.7156)	(115, 38.7106)	(116, 38.6746)	(117, 38.6506)	(118, 38.6716)	(119, 38.6542)	(120, 38.6315)	(121, 38.6053)	(122, 38.5948)	(123, 38.5385)	(124, 38.5625)	(125, 38.5636)	(126, 38.5987)	(127, 38.5245)	(128, 38.5361)	(129, 38.4993)	(130, 38.4804)	(131, 38.4992)	(132, 38.4709)	(133, 38.479)	(134, 38.523)	(135, 38.472)	(136, 38.4288)	(137, 38.4216)	(138, 38.3953)	(139, 38.3745)	(140, 38.3428)	(141, 38.4044)	(142, 38.4447)	(143, 38.4186)	(144, 38.4113)	(145, 38.4184)	(146, 38.4502)	(147, 38.4943)	(148, 38.5785)	(149, 38.5393)	(150, 38.5879)	(151, 37.399)
reports | SRR35329985	(1, 29.218)	(2, 35.9284)	(3, 38.4671)	(4, 38.6848)	(5, 38.7438)	(6, 38.7323)	(7, 38.7299)	(8, 38.7338)	(9, 38.7731)	(10, 38.9228)	(11, 38.8621)	(12, 38.9979)	(13, 39.0059)	(14, 38.9708)	(15, 38.9066)	(16, 39.2204)	(17, 39.2527)	(18, 39.2369)	(19, 39.2431)	(20, 39.2521)	(21, 39.2291)	(22, 39.2106)	(23, 39.2751)	(24, 39.2798)	(25, 39.2575)	(26, 39.2127)	(27, 39.2149)	(28, 39.2091)	(29, 39.1868)	(30, 39.2224)	(31, 39.2072)	(32, 39.1999)	(33, 39.1989)	(34, 39.1938)	(35, 39.1896)	(36, 39.1688)	(37, 39.2054)	(38, 39.2106)	(39, 39.1994)	(40, 39.1754)	(41, 39.1748)	(42, 39.1507)	(43, 39.1759)	(44, 39.1852)	(45, 39.1421)	(46, 39.1781)	(47, 39.1704)	(48, 39.0783)	(49, 39.1134)	(50, 39.1196)	(51, 39.1542)	(52, 39.1343)	(53, 39.1281)	(54, 39.1218)	(55, 39.1182)	(56, 39.0703)	(57, 39.0951)	(58, 39.1166)	(59, 39.103)	(60, 39.0745)	(61, 39.0497)	(62, 39.048)	(63, 39.037)	(64, 38.9958)	(65, 39.0619)	(66, 39.0586)	(67, 39.0462)	(68, 39.0517)	(69, 39.0412)	(70, 39.0348)	(71, 38.9708)	(72, 38.9839)	(73, 39.0282)	(74, 39.0172)	(75, 39.0051)	(76, 39.0061)	(77, 39.001)	(78, 38.984)	(79, 38.9911)	(80, 38.9854)	(81, 38.9673)	(82, 38.9515)	(83, 38.9422)	(84, 38.9289)	(85, 38.8894)	(86, 38.9286)	(87, 38.9268)	(88, 38.8912)	(89, 38.8784)	(90, 38.7906)	(91, 38.8432)	(92, 38.8384)	(93, 38.8451)	(94, 38.8)	(95, 38.8088)	(96, 38.7583)	(97, 38.77)	(98, 38.7784)	(99, 38.7714)	(100, 38.7795)	(101, 38.7526)	(102, 38.7528)	(103, 38.725)	(104, 38.7441)	(105, 38.7428)	(106, 38.7381)	(107, 38.7577)	(108, 38.7479)	(109, 38.7265)	(110, 38.7085)	(111, 38.6983)	(112, 38.6961)	(113, 38.6796)	(114, 38.6604)	(115, 38.6557)	(116, 38.6193)	(117, 38.5945)	(118, 38.6174)	(119, 38.599)	(120, 38.5762)	(121, 38.5528)	(122, 38.5425)	(123, 38.4859)	(124, 38.5103)	(125, 38.5087)	(126, 38.5431)	(127, 38.4682)	(128, 38.4816)	(129, 38.4445)	(130, 38.4266)	(131, 38.4466)	(132, 38.4198)	(133, 38.4274)	(134, 38.4719)	(135, 38.4202)	(136, 38.3773)	(137, 38.3698)	(138, 38.3458)	(139, 38.3237)	(140, 38.2959)	(141, 38.3562)	(142, 38.3987)	(143, 38.3753)	(144, 38.3696)	(145, 38.3781)	(146, 38.4123)	(147, 38.4588)	(148, 38.5519)	(149, 38.5098)	(150, 38.5593)	(151, 37.3445)
reports | SRR35329986	(1, 28.2852)	(2, 36.0813)	(3, 38.4333)	(4, 38.6191)	(5, 38.6433)	(6, 38.7874)	(7, 38.7365)	(8, 38.6667)	(9, 38.753)	(10, 38.9034)	(11, 38.8546)	(12, 39.0013)	(13, 38.9998)	(14, 38.9568)	(15, 38.8959)	(16, 39.2193)	(17, 39.2541)	(18, 39.2368)	(19, 39.2419)	(20, 39.2544)	(21, 39.2296)	(22, 39.2152)	(23, 39.2787)	(24, 39.286)	(25, 39.2647)	(26, 39.2206)	(27, 39.2227)	(28, 39.2183)	(29, 39.1976)	(30, 39.2282)	(31, 39.2145)	(32, 39.2073)	(33, 39.2069)	(34, 39.2038)	(35, 39.1996)	(36, 39.1809)	(37, 39.2172)	(38, 39.2234)	(39, 39.2108)	(40, 39.1874)	(41, 39.1849)	(42, 39.1553)	(43, 39.1862)	(44, 39.1977)	(45, 39.1551)	(46, 39.192)	(47, 39.1847)	(48, 39.1199)	(49, 39.1493)	(50, 39.1434)	(51, 39.1694)	(52, 39.1422)	(53, 39.133)	(54, 39.1354)	(55, 39.131)	(56, 39.089)	(57, 39.1266)	(58, 39.139)	(59, 39.1291)	(60, 39.1039)	(61, 39.0852)	(62, 39.0849)	(63, 39.0655)	(64, 39.0269)	(65, 39.0805)	(66, 39.0741)	(67, 39.0665)	(68, 39.0735)	(69, 39.0604)	(70, 39.0597)	(71, 38.9938)	(72, 39.0076)	(73, 39.0511)	(74, 39.0405)	(75, 39.0283)	(76, 39.0318)	(77, 39.0277)	(78, 39.015)	(79, 39.0211)	(80, 39.0162)	(81, 38.9981)	(82, 38.9853)	(83, 38.9734)	(84, 38.9613)	(85, 38.9223)	(86, 38.96)	(87, 38.9599)	(88, 38.9259)	(89, 38.9156)	(90, 38.8285)	(91, 38.8832)	(92, 38.8789)	(93, 38.8864)	(94, 38.8397)	(95, 38.8486)	(96, 38.7998)	(97, 38.8126)	(98, 38.8206)	(99, 38.8154)	(100, 38.8239)	(101, 38.7978)	(102, 38.799)	(103, 38.7709)	(104, 38.7902)	(105, 38.7892)	(106, 38.7851)	(107, 38.8037)	(108, 38.7945)	(109, 38.7757)	(110, 38.7571)	(111, 38.7493)	(112, 38.7449)	(113, 38.7296)	(114, 38.7127)	(115, 38.7074)	(116, 38.6694)	(117, 38.6455)	(118, 38.666)	(119, 38.6505)	(120, 38.6299)	(121, 38.6042)	(122, 38.5938)	(123, 38.5376)	(124, 38.5609)	(125, 38.5604)	(126, 38.5935)	(127, 38.5202)	(128, 38.5311)	(129, 38.4937)	(130, 38.4776)	(131, 38.4968)	(132, 38.4689)	(133, 38.4767)	(134, 38.5198)	(135, 38.4693)	(136, 38.4243)	(137, 38.4155)	(138, 38.392)	(139, 38.3685)	(140, 38.3384)	(141, 38.3983)	(142, 38.4398)	(143, 38.4144)	(144, 38.4092)	(145, 38.4152)	(146, 38.448)	(147, 38.4921)	(148, 38.5777)	(149, 38.5393)	(150, 38.5877)	(151, 37.3856)
reports | SRR35329987	(1, 27.418)	(2, 36.2766)	(3, 38.4374)	(4, 38.6282)	(5, 38.6773)	(6, 38.5626)	(7, 38.5761)	(8, 38.5906)	(9, 38.6482)	(10, 38.7404)	(11, 38.7625)	(12, 38.9161)	(13, 38.9339)	(14, 38.8969)	(15, 38.8383)	(16, 39.175)	(17, 39.2088)	(18, 39.191)	(19, 39.2009)	(20, 39.2129)	(21, 39.1866)	(22, 39.1702)	(23, 39.2348)	(24, 39.2378)	(25, 39.2157)	(26, 39.1656)	(27, 39.1675)	(28, 39.164)	(29, 39.1439)	(30, 39.178)	(31, 39.1665)	(32, 39.1571)	(33, 39.1555)	(34, 39.1506)	(35, 39.1449)	(36, 39.1217)	(37, 39.1646)	(38, 39.1707)	(39, 39.1598)	(40, 39.1334)	(41, 39.1317)	(42, 39.1038)	(43, 39.1351)	(44, 39.1494)	(45, 39.1025)	(46, 39.1394)	(47, 39.1318)	(48, 39.048)	(49, 39.0812)	(50, 39.073)	(51, 39.1164)	(52, 39.0805)	(53, 39.0755)	(54, 39.0667)	(55, 39.0744)	(56, 39.0173)	(57, 39.0518)	(58, 39.071)	(59, 39.0551)	(60, 39.029)	(61, 39.0076)	(62, 39.0083)	(63, 38.9905)	(64, 38.9509)	(65, 39.0191)	(66, 39.0126)	(67, 39.001)	(68, 39.01)	(69, 38.9969)	(70, 38.9965)	(71, 38.9319)	(72, 38.9471)	(73, 38.9904)	(74, 38.9786)	(75, 38.967)	(76, 38.9685)	(77, 38.9627)	(78, 38.9471)	(79, 38.9532)	(80, 38.948)	(81, 38.9301)	(82, 38.9157)	(83, 38.9045)	(84, 38.8909)	(85, 38.8492)	(86, 38.8894)	(87, 38.8879)	(88, 38.8494)	(89, 38.8351)	(90, 38.7447)	(91, 38.7992)	(92, 38.7934)	(93, 38.8018)	(94, 38.7562)	(95, 38.7634)	(96, 38.7126)	(97, 38.7235)	(98, 38.7302)	(99, 38.723)	(100, 38.7305)	(101, 38.7015)	(102, 38.7031)	(103, 38.6731)	(104, 38.6959)	(105, 38.6951)	(106, 38.6916)	(107, 38.711)	(108, 38.7)	(109, 38.6766)	(110, 38.6571)	(111, 38.6463)	(112, 38.6453)	(113, 38.6267)	(114, 38.6052)	(115, 38.6008)	(116, 38.5581)	(117, 38.5323)	(118, 38.5573)	(119, 38.5345)	(120, 38.51)	(121, 38.4852)	(122, 38.4714)	(123, 38.4129)	(124, 38.4349)	(125, 38.4345)	(126, 38.4723)	(127, 38.3913)	(128, 38.4031)	(129, 38.3596)	(130, 38.3408)	(131, 38.3626)	(132, 38.3304)	(133, 38.34)	(134, 38.3883)	(135, 38.3314)	(136, 38.2829)	(137, 38.2738)	(138, 38.2474)	(139, 38.2215)	(140, 38.194)	(141, 38.2545)	(142, 38.299)	(143, 38.27)	(144, 38.2621)	(145, 38.2709)	(146, 38.3072)	(147, 38.3559)	(148, 38.4501)	(149, 38.409)	(150, 38.4565)	(151, 37.1854)
reports | SRR35329988	(1, 28.5859)	(2, 36.3534)	(3, 38.4369)	(4, 38.6176)	(5, 38.6115)	(6, 38.6474)	(7, 38.6685)	(8, 38.7493)	(9, 38.7882)	(10, 38.7802)	(11, 38.7898)	(12, 38.9135)	(13, 38.9444)	(14, 38.9156)	(15, 38.8708)	(16, 39.1807)	(17, 39.2118)	(18, 39.2005)	(19, 39.2084)	(20, 39.2162)	(21, 39.1941)	(22, 39.1747)	(23, 39.2385)	(24, 39.2473)	(25, 39.225)	(26, 39.1749)	(27, 39.1792)	(28, 39.1741)	(29, 39.1527)	(30, 39.1866)	(31, 39.1739)	(32, 39.1657)	(33, 39.1667)	(34, 39.1636)	(35, 39.1577)	(36, 39.1399)	(37, 39.1758)	(38, 39.1849)	(39, 39.1702)	(40, 39.1475)	(41, 39.1489)	(42, 39.1271)	(43, 39.1494)	(44, 39.1633)	(45, 39.1166)	(46, 39.1557)	(47, 39.1484)	(48, 39.0765)	(49, 39.1059)	(50, 39.1068)	(51, 39.134)	(52, 39.1177)	(53, 39.1082)	(54, 39.1055)	(55, 39.1026)	(56, 39.0564)	(57, 39.0896)	(58, 39.107)	(59, 39.0954)	(60, 39.0687)	(61, 39.0449)	(62, 39.0448)	(63, 39.031)	(64, 38.9894)	(65, 39.0556)	(66, 39.0483)	(67, 39.0375)	(68, 39.0435)	(69, 39.0315)	(70, 39.0232)	(71, 38.959)	(72, 38.972)	(73, 39.0178)	(74, 39.0066)	(75, 38.9953)	(76, 38.9988)	(77, 38.993)	(78, 38.9779)	(79, 38.9845)	(80, 38.9808)	(81, 38.9624)	(82, 38.9491)	(83, 38.9388)	(84, 38.9242)	(85, 38.8869)	(86, 38.927)	(87, 38.9245)	(88, 38.8901)	(89, 38.8771)	(90, 38.7891)	(91, 38.8438)	(92, 38.8388)	(93, 38.8464)	(94, 38.8024)	(95, 38.8114)	(96, 38.7618)	(97, 38.7745)	(98, 38.7838)	(99, 38.7771)	(100, 38.785)	(101, 38.7586)	(102, 38.7594)	(103, 38.7308)	(104, 38.7532)	(105, 38.7519)	(106, 38.7486)	(107, 38.7688)	(108, 38.7609)	(109, 38.7388)	(110, 38.721)	(111, 38.7109)	(112, 38.7109)	(113, 38.6926)	(114, 38.6746)	(115, 38.6714)	(116, 38.6322)	(117, 38.6071)	(118, 38.6306)	(119, 38.6136)	(120, 38.5896)	(121, 38.5659)	(122, 38.5525)	(123, 38.4962)	(124, 38.5192)	(125, 38.5199)	(126, 38.5554)	(127, 38.4778)	(128, 38.4924)	(129, 38.452)	(130, 38.4341)	(131, 38.4546)	(132, 38.4242)	(133, 38.4318)	(134, 38.4793)	(135, 38.4251)	(136, 38.3796)	(137, 38.372)	(138, 38.3463)	(139, 38.323)	(140, 38.2942)	(141, 38.3553)	(142, 38.395)	(143, 38.3703)	(144, 38.3624)	(145, 38.3718)	(146, 38.4043)	(147, 38.4496)	(148, 38.5382)	(149, 38.496)	(150, 38.5477)	(151, 37.3567)
reports | SRR35329989	(1, 29.5328)	(2, 35.8821)	(3, 38.1166)	(4, 38.5412)	(5, 38.5513)	(6, 38.6136)	(7, 38.6284)	(8, 38.5735)	(9, 38.65)	(10, 38.8416)	(11, 38.7755)	(12, 38.9218)	(13, 38.9382)	(14, 38.9017)	(15, 38.8581)	(16, 39.1835)	(17, 39.2147)	(18, 39.2011)	(19, 39.2088)	(20, 39.2169)	(21, 39.1931)	(22, 39.1726)	(23, 39.24)	(24, 39.2482)	(25, 39.2239)	(26, 39.1745)	(27, 39.1771)	(28, 39.1736)	(29, 39.1512)	(30, 39.1872)	(31, 39.1721)	(32, 39.1635)	(33, 39.164)	(34, 39.1628)	(35, 39.1587)	(36, 39.1367)	(37, 39.1752)	(38, 39.1843)	(39, 39.1708)	(40, 39.1457)	(41, 39.147)	(42, 39.1223)	(43, 39.1425)	(44, 39.1607)	(45, 39.1159)	(46, 39.1553)	(47, 39.1474)	(48, 39.0751)	(49, 39.1049)	(50, 39.1205)	(51, 39.134)	(52, 39.1242)	(53, 39.1128)	(54, 39.1142)	(55, 39.1042)	(56, 39.0658)	(57, 39.1005)	(58, 39.1152)	(59, 39.1046)	(60, 39.0776)	(61, 39.0531)	(62, 39.0506)	(63, 39.0377)	(64, 38.9953)	(65, 39.0562)	(66, 39.0499)	(67, 39.038)	(68, 39.0446)	(69, 39.0315)	(70, 39.0232)	(71, 38.9595)	(72, 38.9755)	(73, 39.0187)	(74, 39.0072)	(75, 38.9951)	(76, 38.9984)	(77, 38.9933)	(78, 38.9785)	(79, 38.9859)	(80, 38.9799)	(81, 38.9621)	(82, 38.9502)	(83, 38.9378)	(84, 38.9251)	(85, 38.8857)	(86, 38.9263)	(87, 38.9239)	(88, 38.8873)	(89, 38.8734)	(90, 38.7863)	(91, 38.8404)	(92, 38.8342)	(93, 38.8428)	(94, 38.797)	(95, 38.8052)	(96, 38.7563)	(97, 38.7679)	(98, 38.7744)	(99, 38.7704)	(100, 38.7774)	(101, 38.7486)	(102, 38.7504)	(103, 38.722)	(104, 38.7458)	(105, 38.745)	(106, 38.7416)	(107, 38.7616)	(108, 38.7518)	(109, 38.7303)	(110, 38.7123)	(111, 38.7029)	(112, 38.6997)	(113, 38.6831)	(114, 38.6646)	(115, 38.6605)	(116, 38.6208)	(117, 38.5944)	(118, 38.6188)	(119, 38.6004)	(120, 38.5767)	(121, 38.5514)	(122, 38.5399)	(123, 38.4811)	(124, 38.5051)	(125, 38.506)	(126, 38.5431)	(127, 38.464)	(128, 38.4764)	(129, 38.4356)	(130, 38.4158)	(131, 38.4407)	(132, 38.4085)	(133, 38.4181)	(134, 38.4645)	(135, 38.4087)	(136, 38.363)	(137, 38.3549)	(138, 38.3291)	(139, 38.306)	(140, 38.2763)	(141, 38.3362)	(142, 38.3774)	(143, 38.3486)	(144, 38.3421)	(145, 38.3488)	(146, 38.3807)	(147, 38.4257)	(148, 38.5092)	(149, 38.4708)	(150, 38.5205)	(151, 37.3212)
reports | SRR35329990	(1, 29.9816)	(2, 35.9921)	(3, 38.3853)	(4, 38.7061)	(5, 38.7189)	(6, 38.728)	(7, 38.7432)	(8, 38.776)	(9, 38.7752)	(10, 38.8819)	(11, 38.8316)	(12, 38.9461)	(13, 38.9473)	(14, 38.9169)	(15, 38.8772)	(16, 39.184)	(17, 39.212)	(18, 39.2016)	(19, 39.2097)	(20, 39.2163)	(21, 39.1934)	(22, 39.1708)	(23, 39.2354)	(24, 39.2432)	(25, 39.2197)	(26, 39.1684)	(27, 39.1711)	(28, 39.1662)	(29, 39.1423)	(30, 39.1791)	(31, 39.1648)	(32, 39.1555)	(33, 39.1556)	(34, 39.1495)	(35, 39.1453)	(36, 39.125)	(37, 39.1623)	(38, 39.171)	(39, 39.1592)	(40, 39.1367)	(41, 39.1399)	(42, 39.1162)	(43, 39.1405)	(44, 39.1502)	(45, 39.1013)	(46, 39.1384)	(47, 39.1306)	(48, 39.0515)	(49, 39.0836)	(50, 39.1019)	(51, 39.1228)	(52, 39.1106)	(53, 39.102)	(54, 39.0995)	(55, 39.0885)	(56, 39.0448)	(57, 39.0715)	(58, 39.0866)	(59, 39.0777)	(60, 39.0513)	(61, 39.0295)	(62, 39.0299)	(63, 39.0191)	(64, 38.9753)	(65, 39.0349)	(66, 39.0279)	(67, 39.014)	(68, 39.0173)	(69, 39.0054)	(70, 38.9995)	(71, 38.9403)	(72, 38.9571)	(73, 39.0032)	(74, 38.9933)	(75, 38.9794)	(76, 38.9804)	(77, 38.9723)	(78, 38.953)	(79, 38.9579)	(80, 38.9527)	(81, 38.9369)	(82, 38.9265)	(83, 38.917)	(84, 38.9058)	(85, 38.866)	(86, 38.9065)	(87, 38.9006)	(88, 38.8619)	(89, 38.8463)	(90, 38.7565)	(91, 38.8115)	(92, 38.8073)	(93, 38.8178)	(94, 38.7754)	(95, 38.7854)	(96, 38.7362)	(97, 38.7456)	(98, 38.7512)	(99, 38.7426)	(100, 38.7484)	(101, 38.7206)	(102, 38.7222)	(103, 38.6961)	(104, 38.7206)	(105, 38.7235)	(106, 38.7193)	(107, 38.7387)	(108, 38.7283)	(109, 38.7044)	(110, 38.6834)	(111, 38.6726)	(112, 38.6702)	(113, 38.6548)	(114, 38.6388)	(115, 38.6361)	(116, 38.5995)	(117, 38.5748)	(118, 38.5969)	(119, 38.5771)	(120, 38.5525)	(121, 38.5241)	(122, 38.5146)	(123, 38.4564)	(124, 38.4826)	(125, 38.484)	(126, 38.5226)	(127, 38.446)	(128, 38.4609)	(129, 38.4194)	(130, 38.3996)	(131, 38.4215)	(132, 38.3889)	(133, 38.4009)	(134, 38.4472)	(135, 38.3952)	(136, 38.3492)	(137, 38.3428)	(138, 38.3205)	(139, 38.2971)	(140, 38.2696)	(141, 38.3309)	(142, 38.3708)	(143, 38.3455)	(144, 38.3412)	(145, 38.3486)	(146, 38.3846)	(147, 38.4309)	(148, 38.5226)	(149, 38.4821)	(150, 38.5321)	(151, 37.3305)
reports | SRR35329991	(1, 29.9742)	(2, 36.0747)	(3, 38.3187)	(4, 38.6561)	(5, 38.6986)	(6, 38.71)	(7, 38.7801)	(8, 38.6728)	(9, 38.6925)	(10, 38.7806)	(11, 38.7852)	(12, 38.9476)	(13, 38.9279)	(14, 38.8984)	(15, 38.8452)	(16, 39.1639)	(17, 39.1974)	(18, 39.1889)	(19, 39.1982)	(20, 39.2072)	(21, 39.1844)	(22, 39.164)	(23, 39.229)	(24, 39.2354)	(25, 39.2114)	(26, 39.161)	(27, 39.1631)	(28, 39.1578)	(29, 39.1336)	(30, 39.1566)	(31, 39.1539)	(32, 39.1453)	(33, 39.1452)	(34, 39.1417)	(35, 39.1378)	(36, 39.1156)	(37, 39.1534)	(38, 39.1616)	(39, 39.147)	(40, 39.1227)	(41, 39.1235)	(42, 39.0979)	(43, 39.1243)	(44, 39.136)	(45, 39.0813)	(46, 39.1271)	(47, 39.1188)	(48, 39.0209)	(49, 39.0548)	(50, 39.0337)	(51, 39.1023)	(52, 39.0475)	(53, 39.0358)	(54, 39.0257)	(55, 39.0527)	(56, 38.9749)	(57, 39.0079)	(58, 39.0353)	(59, 39.0134)	(60, 38.9849)	(61, 38.9658)	(62, 38.9721)	(63, 38.9496)	(64, 38.9146)	(65, 38.9945)	(66, 38.9874)	(67, 38.9768)	(68, 38.9887)	(69, 38.9788)	(70, 38.9815)	(71, 38.9168)	(72, 38.9312)	(73, 38.9748)	(74, 38.9644)	(75, 38.9515)	(76, 38.9537)	(77, 38.9498)	(78, 38.9331)	(79, 38.9399)	(80, 38.9346)	(81, 38.9156)	(82, 38.9028)	(83, 38.8913)	(84, 38.8784)	(85, 38.8364)	(86, 38.8779)	(87, 38.8767)	(88, 38.8388)	(89, 38.8268)	(90, 38.7364)	(91, 38.7902)	(92, 38.7887)	(93, 38.7949)	(94, 38.7495)	(95, 38.7584)	(96, 38.7084)	(97, 38.7192)	(98, 38.7265)	(99, 38.7194)	(100, 38.7283)	(101, 38.702)	(102, 38.7024)	(103, 38.6714)	(104, 38.6961)	(105, 38.6971)	(106, 38.6924)	(107, 38.7113)	(108, 38.7016)	(109, 38.6789)	(110, 38.6594)	(111, 38.6513)	(112, 38.6498)	(113, 38.6324)	(114, 38.613)	(115, 38.6092)	(116, 38.5694)	(117, 38.5446)	(118, 38.5687)	(119, 38.5491)	(120, 38.5248)	(121, 38.5001)	(122, 38.4892)	(123, 38.433)	(124, 38.4547)	(125, 38.4564)	(126, 38.4929)	(127, 38.4141)	(128, 38.4268)	(129, 38.386)	(130, 38.3662)	(131, 38.3887)	(132, 38.3567)	(133, 38.3689)	(134, 38.414)	(135, 38.3606)	(136, 38.3135)	(137, 38.3049)	(138, 38.2808)	(139, 38.2561)	(140, 38.2295)	(141, 38.2913)	(142, 38.3344)	(143, 38.3084)	(144, 38.302)	(145, 38.3081)	(146, 38.3469)	(147, 38.3942)	(148, 38.4872)	(149, 38.4471)	(150, 38.496)	(151, 37.2588)
reports | SRR35329992	(1, 28.6936)	(2, 36.5797)	(3, 38.4614)	(4, 38.6614)	(5, 38.7645)	(6, 38.7014)	(7, 38.6368)	(8, 38.7407)	(9, 38.7971)	(10, 38.7917)	(11, 38.801)	(12, 38.9401)	(13, 38.9604)	(14, 38.9074)	(15, 38.8534)	(16, 39.1914)	(17, 39.227)	(18, 39.2064)	(19, 39.2144)	(20, 39.2263)	(21, 39.2025)	(22, 39.1887)	(23, 39.2551)	(24, 39.2629)	(25, 39.2413)	(26, 39.1945)	(27, 39.1984)	(28, 39.1943)	(29, 39.174)	(30, 39.2092)	(31, 39.1967)	(32, 39.1879)	(33, 39.1878)	(34, 39.1843)	(35, 39.1803)	(36, 39.1597)	(37, 39.1987)	(38, 39.2062)	(39, 39.1944)	(40, 39.1688)	(41, 39.1696)	(42, 39.1465)	(43, 39.1723)	(44, 39.1854)	(45, 39.1398)	(46, 39.1782)	(47, 39.1713)	(48, 39.108)	(49, 39.1363)	(50, 39.1468)	(51, 39.1591)	(52, 39.1497)	(53, 39.1406)	(54, 39.1436)	(55, 39.1334)	(56, 39.0976)	(57, 39.1351)	(58, 39.147)	(59, 39.138)	(60, 39.1134)	(61, 39.09)	(62, 39.0882)	(63, 39.0752)	(64, 39.0331)	(65, 39.0891)	(66, 39.0796)	(67, 39.0699)	(68, 39.0748)	(69, 39.0638)	(70, 39.0533)	(71, 38.9891)	(72, 39.0037)	(73, 39.0478)	(74, 39.0371)	(75, 39.0252)	(76, 39.0287)	(77, 39.024)	(78, 39.0089)	(79, 39.0158)	(80, 39.0118)	(81, 38.9943)	(82, 38.9811)	(83, 38.9703)	(84, 38.9589)	(85, 38.9189)	(86, 38.9598)	(87, 38.9574)	(88, 38.9216)	(89, 38.9106)	(90, 38.8228)	(91, 38.8786)	(92, 38.8731)	(93, 38.8812)	(94, 38.8366)	(95, 38.8457)	(96, 38.7977)	(97, 38.8098)	(98, 38.8186)	(99, 38.814)	(100, 38.8199)	(101, 38.7942)	(102, 38.7958)	(103, 38.7672)	(104, 38.7894)	(105, 38.7887)	(106, 38.7868)	(107, 38.808)	(108, 38.7966)	(109, 38.7767)	(110, 38.7581)	(111, 38.7489)	(112, 38.7478)	(113, 38.7313)	(114, 38.7122)	(115, 38.7101)	(116, 38.6719)	(117, 38.647)	(118, 38.6715)	(119, 38.6528)	(120, 38.6296)	(121, 38.6061)	(122, 38.5935)	(123, 38.5365)	(124, 38.5602)	(125, 38.5607)	(126, 38.5962)	(127, 38.5213)	(128, 38.5352)	(129, 38.4935)	(130, 38.4766)	(131, 38.4976)	(132, 38.4666)	(133, 38.4767)	(134, 38.5234)	(135, 38.4689)	(136, 38.4245)	(137, 38.4166)	(138, 38.3915)	(139, 38.3668)	(140, 38.3369)	(141, 38.3985)	(142, 38.4376)	(143, 38.4112)	(144, 38.4038)	(145, 38.4086)	(146, 38.4409)	(147, 38.4837)	(148, 38.5647)	(149, 38.526)	(150, 38.5796)	(151, 37.3842)
reports | SRR35329993	(1, 28.66)	(2, 36.2803)	(3, 38.3108)	(4, 38.6713)	(5, 38.6044)	(6, 38.5717)	(7, 38.6833)	(8, 38.7564)	(9, 38.7158)	(10, 38.8741)	(11, 38.8142)	(12, 38.9544)	(13, 38.9604)	(14, 38.933)	(15, 38.8931)	(16, 39.201)	(17, 39.23)	(18, 39.22)	(19, 39.2273)	(20, 39.2337)	(21, 39.2094)	(22, 39.1915)	(23, 39.2542)	(24, 39.2607)	(25, 39.2383)	(26, 39.1892)	(27, 39.1922)	(28, 39.1873)	(29, 39.1647)	(30, 39.1978)	(31, 39.1828)	(32, 39.1757)	(33, 39.1774)	(34, 39.1714)	(35, 39.1634)	(36, 39.1475)	(37, 39.185)	(38, 39.1927)	(39, 39.1787)	(40, 39.1555)	(41, 39.1575)	(42, 39.1335)	(43, 39.1568)	(44, 39.1593)	(45, 39.1242)	(46, 39.1628)	(47, 39.1551)	(48, 39.054)	(49, 39.0877)	(50, 39.0642)	(51, 39.1389)	(52, 39.0653)	(53, 39.0793)	(54, 39.0619)	(55, 39.082)	(56, 39.0092)	(57, 39.0395)	(58, 39.0594)	(59, 39.0431)	(60, 39.0167)	(61, 38.9986)	(62, 39.0071)	(63, 38.9829)	(64, 38.9483)	(65, 39.0206)	(66, 39.0179)	(67, 39.0096)	(68, 39.0244)	(69, 39.0064)	(70, 39.0208)	(71, 38.9593)	(72, 38.9752)	(73, 39.0201)	(74, 39.0087)	(75, 38.9974)	(76, 39.0006)	(77, 38.9946)	(78, 38.9788)	(79, 38.9841)	(80, 38.9803)	(81, 38.9616)	(82, 38.9491)	(83, 38.9383)	(84, 38.9257)	(85, 38.8853)	(86, 38.9258)	(87, 38.9238)	(88, 38.8864)	(89, 38.8715)	(90, 38.7833)	(91, 38.8387)	(92, 38.8336)	(93, 38.8415)	(94, 38.7964)	(95, 38.8052)	(96, 38.7558)	(97, 38.7672)	(98, 38.773)	(99, 38.7671)	(100, 38.7736)	(101, 38.7467)	(102, 38.7452)	(103, 38.7172)	(104, 38.7415)	(105, 38.7406)	(106, 38.7371)	(107, 38.7565)	(108, 38.7461)	(109, 38.7237)	(110, 38.7041)	(111, 38.6939)	(112, 38.6911)	(113, 38.6736)	(114, 38.6543)	(115, 38.6507)	(116, 38.6108)	(117, 38.5847)	(118, 38.609)	(119, 38.5873)	(120, 38.5638)	(121, 38.5387)	(122, 38.5262)	(123, 38.4678)	(124, 38.4909)	(125, 38.4907)	(126, 38.5252)	(127, 38.4477)	(128, 38.4594)	(129, 38.4179)	(130, 38.3984)	(131, 38.4186)	(132, 38.387)	(133, 38.3963)	(134, 38.4422)	(135, 38.3861)	(136, 38.3405)	(137, 38.3301)	(138, 38.306)	(139, 38.2802)	(140, 38.2517)	(141, 38.3135)	(142, 38.3529)	(143, 38.3243)	(144, 38.32)	(145, 38.3271)	(146, 38.3605)	(147, 38.4068)	(148, 38.4983)	(149, 38.4596)	(150, 38.507)	(151, 37.2738)
reports | SRR35329994	(1, 30.0093)	(2, 35.9692)	(3, 38.2498)	(4, 38.6977)	(5, 38.6244)	(6, 38.5607)	(7, 38.7704)	(8, 38.6542)	(9, 38.7937)	(10, 38.8098)	(11, 38.8333)	(12, 38.9642)	(13, 38.9492)	(14, 38.9207)	(15, 38.8752)	(16, 39.1885)	(17, 39.2174)	(18, 39.208)	(19, 39.2143)	(20, 39.2226)	(21, 39.2004)	(22, 39.1813)	(23, 39.248)	(24, 39.2543)	(25, 39.2321)	(26, 39.1843)	(27, 39.1866)	(28, 39.1838)	(29, 39.1628)	(30, 39.199)	(31, 39.1849)	(32, 39.1781)	(33, 39.1783)	(34, 39.1737)	(35, 39.1676)	(36, 39.1483)	(37, 39.1884)	(38, 39.196)	(39, 39.1833)	(40, 39.1621)	(41, 39.163)	(42, 39.1396)	(43, 39.1638)	(44, 39.1761)	(45, 39.1304)	(46, 39.1637)	(47, 39.1581)	(48, 39.0683)	(49, 39.1037)	(50, 39.1259)	(51, 39.1502)	(52, 39.1131)	(53, 39.0978)	(54, 39.0879)	(55, 39.1047)	(56, 39.0354)	(57, 39.0669)	(58, 39.0909)	(59, 39.0733)	(60, 39.0483)	(61, 39.032)	(62, 39.0393)	(63, 39.0174)	(64, 38.9814)	(65, 39.049)	(66, 39.0407)	(67, 39.0319)	(68, 39.0424)	(69, 39.0277)	(70, 39.0375)	(71, 38.9779)	(72, 38.9941)	(73, 39.0392)	(74, 39.0281)	(75, 39.0165)	(76, 39.018)	(77, 39.0113)	(78, 38.996)	(79, 39.0017)	(80, 38.9982)	(81, 38.981)	(82, 38.9715)	(83, 38.9622)	(84, 38.9495)	(85, 38.9116)	(86, 38.9495)	(87, 38.9475)	(88, 38.91)	(89, 38.8971)	(90, 38.8099)	(91, 38.8651)	(92, 38.8621)	(93, 38.8718)	(94, 38.8287)	(95, 38.8388)	(96, 38.7895)	(97, 38.8005)	(98, 38.8079)	(99, 38.8005)	(100, 38.8081)	(101, 38.7828)	(102, 38.7836)	(103, 38.7574)	(104, 38.78)	(105, 38.7825)	(106, 38.7792)	(107, 38.7996)	(108, 38.7887)	(109, 38.7665)	(110, 38.7477)	(111, 38.7374)	(112, 38.7375)	(113, 38.7223)	(114, 38.7045)	(115, 38.7024)	(116, 38.6647)	(117, 38.6406)	(118, 38.6638)	(119, 38.6458)	(120, 38.6213)	(121, 38.5964)	(122, 38.5845)	(123, 38.5294)	(124, 38.5536)	(125, 38.556)	(126, 38.5903)	(127, 38.5161)	(128, 38.5285)	(129, 38.4899)	(130, 38.47)	(131, 38.4904)	(132, 38.4605)	(133, 38.4695)	(134, 38.5145)	(135, 38.4628)	(136, 38.4174)	(137, 38.4115)	(138, 38.3875)	(139, 38.363)	(140, 38.3342)	(141, 38.3925)	(142, 38.4327)	(143, 38.4063)	(144, 38.3991)	(145, 38.4062)	(146, 38.438)	(147, 38.4822)	(148, 38.5662)	(149, 38.527)	(150, 38.5771)	(151, 37.3772)
reports | SRR35329995	(1, 29.9679)	(2, 36.1084)	(3, 38.3527)	(4, 38.6774)	(5, 38.7136)	(6, 38.6672)	(7, 38.656)	(8, 38.6838)	(9, 38.7866)	(10, 38.8586)	(11, 38.809)	(12, 38.9412)	(13, 38.9363)	(14, 38.9005)	(15, 38.8401)	(16, 39.1695)	(17, 39.2053)	(18, 39.1946)	(19, 39.2032)	(20, 39.2115)	(21, 39.189)	(22, 39.1689)	(23, 39.2354)	(24, 39.2425)	(25, 39.2191)	(26, 39.1671)	(27, 39.172)	(28, 39.1685)	(29, 39.1459)	(30, 39.1771)	(31, 39.1677)	(32, 39.1581)	(33, 39.1579)	(34, 39.1533)	(35, 39.1447)	(36, 39.1258)	(37, 39.1652)	(38, 39.1753)	(39, 39.162)	(40, 39.1388)	(41, 39.1408)	(42, 39.1144)	(43, 39.138)	(44, 39.153)	(45, 39.1031)	(46, 39.1417)	(47, 39.1342)	(48, 39.0501)	(49, 39.0821)	(50, 39.0798)	(51, 39.1218)	(52, 39.1019)	(53, 39.0996)	(54, 39.0944)	(55, 39.0878)	(56, 39.0391)	(57, 39.0661)	(58, 39.084)	(59, 39.0719)	(60, 39.0439)	(61, 39.0218)	(62, 39.0213)	(63, 39.0103)	(64, 38.9676)	(65, 39.034)	(66, 39.0278)	(67, 39.0156)	(68, 39.0205)	(69, 39.0088)	(70, 39.0044)	(71, 38.9428)	(72, 38.959)	(73, 39.004)	(74, 38.9945)	(75, 38.9798)	(76, 38.9821)	(77, 38.9746)	(78, 38.9569)	(79, 38.9633)	(80, 38.9592)	(81, 38.9418)	(82, 38.9294)	(83, 38.9203)	(84, 38.908)	(85, 38.8673)	(86, 38.907)	(87, 38.9038)	(88, 38.8651)	(89, 38.8517)	(90, 38.7617)	(91, 38.8162)	(92, 38.8131)	(93, 38.8212)	(94, 38.7781)	(95, 38.7858)	(96, 38.7381)	(97, 38.7469)	(98, 38.7546)	(99, 38.7466)	(100, 38.7534)	(101, 38.7275)	(102, 38.7266)	(103, 38.6979)	(104, 38.7237)	(105, 38.7236)	(106, 38.7209)	(107, 38.741)	(108, 38.7292)	(109, 38.7068)	(110, 38.687)	(111, 38.6758)	(112, 38.6742)	(113, 38.6581)	(114, 38.6389)	(115, 38.6375)	(116, 38.597)	(117, 38.5717)	(118, 38.5961)	(119, 38.575)	(120, 38.552)	(121, 38.5257)	(122, 38.5121)	(123, 38.457)	(124, 38.4806)	(125, 38.4825)	(126, 38.5198)	(127, 38.442)	(128, 38.4554)	(129, 38.4131)	(130, 38.3931)	(131, 38.416)	(132, 38.3817)	(133, 38.3932)	(134, 38.4417)	(135, 38.3867)	(136, 38.3418)	(137, 38.3334)	(138, 38.3095)	(139, 38.2853)	(140, 38.2566)	(141, 38.3188)	(142, 38.3595)	(143, 38.3318)	(144, 38.3251)	(145, 38.3338)	(146, 38.3692)	(147, 38.4142)	(148, 38.5066)	(149, 38.466)	(150, 38.5171)	(151, 37.3095)
reports | SRR35329996	(1, 26.0759)	(2, 35.7704)	(3, 38.125)	(4, 38.4724)	(5, 38.4457)	(6, 38.4773)	(7, 38.387)	(8, 38.5547)	(9, 38.6188)	(10, 38.6364)	(11, 38.6429)	(12, 38.8023)	(13, 38.8152)	(14, 38.7738)	(15, 38.7043)	(16, 39.0884)	(17, 39.1309)	(18, 39.1108)	(19, 39.1223)	(20, 39.1431)	(21, 39.1092)	(22, 39.0981)	(23, 39.1683)	(24, 39.1696)	(25, 39.1468)	(26, 39.0937)	(27, 39.0966)	(28, 39.094)	(29, 39.076)	(30, 39.1121)	(31, 39.1025)	(32, 39.0913)	(33, 39.0895)	(34, 39.0882)	(35, 39.0792)	(36, 39.0553)	(37, 39.1006)	(38, 39.1098)	(39, 39.1003)	(40, 39.0716)	(41, 39.071)	(42, 39.0468)	(43, 39.0777)	(44, 39.0937)	(45, 39.0379)	(46, 39.0807)	(47, 39.0735)	(48, 38.9879)	(49, 39.0203)	(50, 39.0243)	(51, 39.0622)	(52, 39.0188)	(53, 39.0171)	(54, 39.0102)	(55, 39.0166)	(56, 38.9586)	(57, 38.9937)	(58, 39.0105)	(59, 38.9971)	(60, 38.9707)	(61, 38.9494)	(62, 38.9565)	(63, 38.9322)	(64, 38.8944)	(65, 38.957)	(66, 38.9498)	(67, 38.9403)	(68, 38.9542)	(69, 38.9363)	(70, 38.9436)	(71, 38.8826)	(72, 38.9002)	(73, 38.944)	(74, 38.9314)	(75, 38.9184)	(76, 38.9231)	(77, 38.9157)	(78, 38.8989)	(79, 38.9038)	(80, 38.9014)	(81, 38.8802)	(82, 38.8688)	(83, 38.8587)	(84, 38.843)	(85, 38.8018)	(86, 38.843)	(87, 38.8401)	(88, 38.7988)	(89, 38.784)	(90, 38.6921)	(91, 38.7462)	(92, 38.7419)	(93, 38.7507)	(94, 38.7048)	(95, 38.7115)	(96, 38.6626)	(97, 38.6702)	(98, 38.6767)	(99, 38.6694)	(100, 38.676)	(101, 38.6461)	(102, 38.6475)	(103, 38.6174)	(104, 38.6457)	(105, 38.6434)	(106, 38.6419)	(107, 38.6622)	(108, 38.6501)	(109, 38.6243)	(110, 38.6048)	(111, 38.5937)	(112, 38.5905)	(113, 38.5724)	(114, 38.5501)	(115, 38.5475)	(116, 38.501)	(117, 38.4736)	(118, 38.4997)	(119, 38.4755)	(120, 38.45)	(121, 38.4213)	(122, 38.4058)	(123, 38.3466)	(124, 38.3683)	(125, 38.3691)	(126, 38.4096)	(127, 38.3243)	(128, 38.3343)	(129, 38.2868)	(130, 38.2683)	(131, 38.2922)	(132, 38.254)	(133, 38.2659)	(134, 38.3173)	(135, 38.2542)	(136, 38.2033)	(137, 38.1965)	(138, 38.1658)	(139, 38.138)	(140, 38.1113)	(141, 38.1735)	(142, 38.2138)	(143, 38.1815)	(144, 38.1752)	(145, 38.1841)	(146, 38.221)	(147, 38.268)	(148, 38.3601)	(149, 38.3236)	(150, 38.3706)	(151, 37.0481)
