Sample	0	1	2	3	4	5	6	7	8	9	10	11	12	13	14	15	16	17	18	19	20	21	22	23	24	25	26	27	28	29	30	31	32	33	34	35	36	37	38	39	40	41	42	43	44	45	46	47	48	49	50	51	52	53	54	55	56	57	58	59	60	61	62	63	64	65	66	67	68	69	70	71	72	73	74	75	76	77	78	79	80	81	82	83	84	85	86	87	88	89	90	91	92	93	94	95	96	97	98	99	100	101	102	103	104	105	106	107	108	109	110	111	112	113	114	115	116	117	118	119	120	121	122	123	124	125	126	127	128	129	130	131	132	133	134	135	136	137	138	139	140	141	142	143	144	145	146	147	148	149	150
reports | SRR35329977	(1, 0.0)	(2, 0.09634469999999999)	(3, 0.0)	(4, 0.0)	(5, 0.0)	(6, 0.0)	(7, 0.0)	(8, 0.00077926)	(9, 0.0)	(10, 0.00023566800000000002)	(11, 0.125855)	(12, 0.0)	(13, 0.0)	(14, 4.0019e-05)	(15, 0.0)	(16, 0.0)	(17, 0.000484675)	(18, 0.0)	(19, 0.0)	(20, 0.0)	(21, 0.0)	(22, 0.0)	(23, 7.89264e-05)	(24, 0.0)	(25, 0.0)	(26, 0.0)	(27, 0.0)	(28, 0.0)	(29, 0.0)	(30, 0.00472225)	(31, 6.781010000000001e-05)	(32, 4.0019100000000004e-05)	(33, 0.0)	(34, 0.0)	(35, 0.0)	(36, 0.0008059499999999999)	(37, 0.0)	(38, 0.0)	(39, 1.11167e-06)	(40, 0.00012784300000000002)	(41, 3.33508e-06)	(42, 0.061604400000000004)	(43, 0.0)	(44, 0.0)	(45, 0.0829744)	(46, 0.0)	(47, 0.000520355)	(48, 0.0822459)	(49, 0.0)	(50, 0.0)	(51, 0.00204099)	(52, 0.00451509)	(53, 0.000190237)	(54, 0.0)	(55, 0.0)	(56, 0.0829343)	(57, 0.0)	(58, 0.0)	(59, 5.5679e-06)	(60, 0.0)	(61, 0.0)	(62, 0.0)	(63, 0.0)	(64, 0.0800522)	(65, 0.000463232)	(66, 2.2337900000000002e-05)	(67, 0.0)	(68, 0.0)	(69, 5.59421e-06)	(70, 0.000401999)	(71, 0.16441)	(72, 0.158988)	(73, 0.0031164400000000003)	(74, 0.0013339299999999999)	(75, 0.0)	(76, 1.01377e-05)	(77, 0.0)	(78, 2.25903e-06)	(79, 0.0)	(80, 0.0)	(81, 0.0)	(82, 0.0)	(83, 0.0)	(84, 0.0028167500000000002)	(85, 0.00240003)	(86, 0.0)	(87, 9.673160000000001e-05)	(88, 6.23848e-05)	(89, 0.000261996)	(90, 0.163582)	(91, 1.16815e-05)	(92, 0.00133959)	(93, 0.0)	(94, 0.08070770000000001)	(95, 0.00021414099999999997)	(96, 0.0845887)	(97, 0.0)	(98, 0.000105317)	(99, 2.43712e-06)	(100, 0.0)	(101, 0.0)	(102, 0.0)	(103, 0.0)	(104, 0.00102755)	(105, 0.0)	(106, 0.0)	(107, 3.76919e-05)	(108, 0.0)	(109, 0.000308979)	(110, 0.0)	(111, 0.0009715829999999999)	(112, 0.0019514500000000002)	(113, 0.00714004)	(114, 0.0)	(115, 0.0)	(116, 0.0)	(117, 0.0)	(118, 0.00742148)	(119, 0.0)	(120, 4.53942e-06)	(121, 6.75103e-05)	(122, 0.0)	(123, 0.10461699999999999)	(124, 0.0036186100000000004)	(125, 0.0)	(126, 0.006397689999999999)	(127, 0.08408829999999999)	(128, 0.00279113)	(129, 0.0)	(130, 0.0)	(131, 3.5506900000000003e-06)	(132, 0.0)	(133, 0.0)	(134, 0.0)	(135, 0.0)	(136, 4.99114e-05)	(137, 0.000575301)	(138, 5.9438199999999994e-06)	(139, 0.00917427)	(140, 0.16604)	(141, 0.0)	(142, 7.62174e-05)	(143, 0.000514714)	(144, 0.00231359)	(145, 0.0)	(146, 0.0)	(147, 0.0)	(148, 0.0)	(149, 0.0)	(150, 0.0038949300000000004)	(151, 0.0)
reports | SRR35329978	(1, 0.0)	(2, 0.09689740000000001)	(3, 0.0)	(4, 0.0)	(5, 0.0)	(6, 0.0)	(7, 0.0)	(8, 0.0007824959999999999)	(9, 0.0)	(10, 0.000306477)	(11, 0.121173)	(12, 0.0)	(13, 0.0)	(14, 5.7057e-05)	(15, 0.0)	(16, 0.0)	(17, 0.000498841)	(18, 0.0)	(19, 0.0)	(20, 0.0)	(21, 0.0)	(22, 0.0)	(23, 8.151e-05)	(24, 0.0)	(25, 0.0)	(26, 0.0)	(27, 0.0)	(28, 0.0)	(29, 0.0)	(30, 0.00459227)	(31, 8.80308e-05)	(32, 5.21665e-05)	(33, 0.0)	(34, 0.0)	(35, 0.0)	(36, 0.0008738039999999999)	(37, 0.0)	(38, 0.0)	(39, 3.26054e-06)	(40, 0.00011412)	(41, 0.0)	(42, 0.0608923)	(43, 0.0)	(44, 1.63047e-06)	(45, 0.0823257)	(46, 0.0)	(47, 0.00045496100000000004)	(48, 0.080469)	(49, 0.0)	(50, 0.0)	(51, 0.00204171)	(52, 0.00464711)	(53, 0.000151827)	(54, 0.0)	(55, 0.0)	(56, 0.084066)	(57, 0.0)	(58, 0.0)	(59, 1.14437e-05)	(60, 0.0)	(61, 0.0)	(62, 0.0)	(63, 0.0)	(64, 0.0788226)	(65, 0.000513608)	(66, 1.80627e-05)	(67, 0.0)	(68, 0.0)	(69, 1.3166300000000001e-05)	(70, 0.00046947899999999997)	(71, 0.16497199999999998)	(72, 0.158221)	(73, 0.00292955)	(74, 0.0014657399999999999)	(75, 1.65655e-06)	(76, 1.65898e-06)	(77, 0.0)	(78, 0.0)	(79, 0.0)	(80, 0.0)	(81, 0.0)	(82, 0.0)	(83, 0.0)	(84, 0.00260617)	(85, 0.00260008)	(86, 6.78803e-06)	(87, 0.000102172)	(88, 0.00013503700000000002)	(89, 0.000259157)	(90, 0.162872)	(91, 1.73153e-05)	(92, 0.0016006)	(93, 0.0)	(94, 0.0793203)	(95, 0.000235092)	(96, 0.0839536)	(97, 0.0)	(98, 0.00010455)	(99, 1.81611e-06)	(100, 0.0)	(101, 0.0)	(102, 0.0)	(103, 0.0)	(104, 0.00103976)	(105, 0.0)	(106, 0.0)	(107, 3.5097e-05)	(108, 0.0)	(109, 0.000300993)	(110, 0.0)	(111, 0.000949203)	(112, 0.0021594400000000003)	(113, 0.007121239999999999)	(114, 0.0)	(115, 0.0)	(116, 0.0)	(117, 0.0)	(118, 0.00744479)	(119, 0.0)	(120, 0.0)	(121, 0.00011192199999999999)	(122, 0.0)	(123, 0.10534299999999999)	(124, 0.0038624899999999997)	(125, 0.0)	(126, 0.00658891)	(127, 0.0841783)	(128, 0.00277116)	(129, 0.0)	(130, 0.0)	(131, 0.0)	(132, 0.0)	(133, 0.0)	(134, 0.0)	(135, 0.0)	(136, 5.3107e-05)	(137, 0.000578742)	(138, 3.04812e-06)	(139, 0.00900214)	(140, 0.167249)	(141, 0.0)	(142, 8.82244e-05)	(143, 0.000502324)	(144, 0.0026316)	(145, 0.0)	(146, 0.0)	(147, 0.0)	(148, 0.0)	(149, 0.0)	(150, 0.0037284299999999996)	(151, 0.0)
reports | SRR35329979	(1, 0.0)	(2, 0.0937163)	(3, 0.0)	(4, 0.0)	(5, 0.0)	(6, 0.0)	(7, 0.0)	(8, 0.000758882)	(9, 0.0)	(10, 0.00022878)	(11, 0.11307400000000001)	(12, 0.0)	(13, 0.0)	(14, 5.02201e-05)	(15, 0.0)	(16, 0.0)	(17, 0.00046872099999999996)	(18, 0.0)	(19, 0.0)	(20, 0.0)	(21, 0.0)	(22, 0.0)	(23, 6.69601e-05)	(24, 0.0)	(25, 0.0)	(26, 0.0)	(27, 0.0)	(28, 0.0)	(29, 0.0)	(30, 0.0045343200000000005)	(31, 8.25842e-05)	(32, 3.01322e-05)	(33, 0.0)	(34, 0.0)	(35, 0.0)	(36, 0.000739923)	(37, 0.0)	(38, 0.0)	(39, 1.1160499999999999e-06)	(40, 0.000126115)	(41, 3.34823e-06)	(42, 0.0561052)	(43, 0.0)	(44, 0.0)	(45, 0.0828302)	(46, 0.0)	(47, 0.000455636)	(48, 0.0805169)	(49, 0.0)	(50, 0.0)	(51, 0.0019349)	(52, 0.004471289999999999)	(53, 0.000187723)	(54, 0.0)	(55, 0.0)	(56, 0.0842669)	(57, 0.0)	(58, 0.0)	(59, 1.23031e-05)	(60, 0.0)	(61, 0.0)	(62, 1.11937e-06)	(63, 0.0)	(64, 0.0762976)	(65, 0.000416936)	(66, 1.0092000000000001e-05)	(67, 0.0)	(68, 0.0)	(69, 1.1231e-05)	(70, 0.00043490399999999995)	(71, 0.164573)	(72, 0.156982)	(73, 0.00286553)	(74, 0.00139918)	(75, 1.12865e-06)	(76, 3.38978e-06)	(77, 0.0)	(78, 4.53109e-06)	(79, 0.0)	(80, 0.0)	(81, 0.0)	(82, 0.0)	(83, 0.0)	(84, 0.00262681)	(85, 0.00246885)	(86, 3.4504e-06)	(87, 0.000130321)	(88, 8.097060000000001e-05)	(89, 0.000240205)	(90, 0.164883)	(91, 9.34898e-06)	(92, 0.00146532)	(93, 0.0)	(94, 0.0786751)	(95, 0.00021045700000000002)	(96, 0.0849287)	(97, 0.0)	(98, 9.670260000000001e-05)	(99, 1.21629e-06)	(100, 0.0)	(101, 0.0)	(102, 0.0)	(103, 0.0)	(104, 0.00106433)	(105, 0.0)	(106, 0.0)	(107, 3.36547e-05)	(108, 0.0)	(109, 0.000289047)	(110, 0.0)	(111, 0.000954172)	(112, 0.00211332)	(113, 0.00701077)	(114, 0.0)	(115, 0.0)	(116, 0.0)	(117, 0.0)	(118, 0.0073127900000000004)	(119, 0.0)	(120, 0.0)	(121, 9.299179999999999e-05)	(122, 0.0)	(123, 0.10485799999999999)	(124, 0.00365197)	(125, 0.0)	(126, 0.00631563)	(127, 0.0841209)	(128, 0.0026908599999999998)	(129, 0.0)	(130, 0.0)	(131, 1.7655e-06)	(132, 0.0)	(133, 0.0)	(134, 0.0)	(135, 0.0)	(136, 5.1593e-05)	(137, 0.000567074)	(138, 3.94752e-06)	(139, 0.00892734)	(140, 0.167328)	(141, 0.0)	(142, 6.12033e-05)	(143, 0.00050239)	(144, 0.00259735)	(145, 0.0)	(146, 0.0)	(147, 0.0)	(148, 0.0)	(149, 0.0)	(150, 0.0037052599999999997)	(151, 0.0)
reports | SRR35329980	(1, 0.0)	(2, 0.09434340000000001)	(3, 0.0)	(4, 0.0)	(5, 0.0)	(6, 0.0)	(7, 0.0)	(8, 0.0006310770000000001)	(9, 0.0)	(10, 0.000180308)	(11, 0.11802699999999999)	(12, 0.0)	(13, 0.0)	(14, 3.74223e-05)	(15, 0.0)	(16, 0.0)	(17, 0.000403141)	(18, 1.70101e-06)	(19, 0.0)	(20, 0.0)	(21, 0.0)	(22, 0.0)	(23, 8.16487e-05)	(24, 0.0)	(25, 0.0)	(26, 0.0)	(27, 0.0)	(28, 0.0)	(29, 0.0)	(30, 0.00462166)	(31, 9.525689999999999e-05)	(32, 2.72163e-05)	(33, 0.0)	(34, 0.0)	(35, 0.0)	(36, 0.000789283)	(37, 0.0)	(38, 0.0)	(39, 0.0)	(40, 7.99509e-05)	(41, 6.80441e-06)	(42, 0.05935409999999999)	(43, 0.0)	(44, 0.0)	(45, 0.0827045)	(46, 0.0)	(47, 0.000483183)	(48, 0.08093249999999999)	(49, 0.0)	(50, 0.0)	(51, 0.00203183)	(52, 0.0043754300000000005)	(53, 0.000173606)	(54, 0.0)	(55, 0.0)	(56, 0.0836994)	(57, 0.0)	(58, 0.0)	(59, 5.11047e-06)	(60, 0.0)	(61, 0.0)	(62, 0.0)	(63, 0.0)	(64, 0.07940710000000001)	(65, 0.000467707)	(66, 1.87854e-05)	(67, 0.0)	(68, 0.0)	(69, 1.02638e-05)	(70, 0.000438304)	(71, 0.163539)	(72, 0.15902100000000002)	(73, 0.0029687199999999998)	(74, 0.00138956)	(75, 5.15826e-06)	(76, 3.4428500000000004e-06)	(77, 0.0)	(78, 3.45177e-06)	(79, 0.0)	(80, 0.0)	(81, 0.0)	(82, 0.0)	(83, 0.0)	(84, 0.0026738)	(85, 0.00235311)	(86, 1.75274e-06)	(87, 0.000123043)	(88, 6.5241e-05)	(89, 0.000240612)	(90, 0.164331)	(91, 1.0694299999999999e-05)	(92, 0.00143703)	(93, 0.0)	(94, 0.0801385)	(95, 0.000230401)	(96, 0.0836361)	(97, 0.0)	(98, 0.00011442)	(99, 0.0)	(100, 0.0)	(101, 0.0)	(102, 0.0)	(103, 0.0)	(104, 0.00104535)	(105, 0.0)	(106, 0.0)	(107, 2.17887e-05)	(108, 0.0)	(109, 0.000297157)	(110, 0.0)	(111, 0.0009111910000000001)	(112, 0.00192678)	(113, 0.006942019999999999)	(114, 0.0)	(115, 0.0)	(116, 0.0)	(117, 0.0)	(118, 0.007585530000000001)	(119, 0.0)	(120, 2.30996e-06)	(121, 0.00011246)	(122, 0.0)	(123, 0.105211)	(124, 0.0035407100000000003)	(125, 0.0)	(126, 0.006235920000000001)	(127, 0.0835856)	(128, 0.0025354)	(129, 0.0)	(130, 0.0)	(131, 2.7170999999999998e-06)	(132, 0.0)	(133, 0.0)	(134, 0.0)	(135, 0.0)	(136, 6.76451e-05)	(137, 0.0005259780000000001)	(138, 3.03716e-06)	(139, 0.00889942)	(140, 0.166722)	(141, 0.0)	(142, 4.5510300000000004e-05)	(143, 0.000539198)	(144, 0.00246744)	(145, 0.0)	(146, 0.0)	(147, 0.0)	(148, 0.0)	(149, 0.0)	(150, 0.00384412)	(151, 0.0)
reports | SRR35329981	(1, 0.0)	(2, 0.0945337)	(3, 0.0)	(4, 1.31727e-06)	(5, 0.0)	(6, 0.0)	(7, 0.0)	(8, 0.000742939)	(9, 0.0)	(10, 0.000264771)	(11, 0.109111)	(12, 0.0)	(13, 0.0)	(14, 5.4008e-05)	(15, 0.0)	(16, 0.0)	(17, 0.00039781500000000004)	(18, 0.0)	(19, 0.0)	(20, 0.0)	(21, 0.0)	(22, 0.0)	(23, 5.4008e-05)	(24, 0.0)	(25, 0.0)	(26, 0.0)	(27, 0.0)	(28, 0.0)	(29, 0.0)	(30, 0.00457355)	(31, 7.64015e-05)	(32, 3.2931799999999995e-05)	(33, 0.0)	(34, 0.0)	(35, 0.0)	(36, 0.000783791)	(37, 0.0)	(38, 0.0)	(39, 6.58664e-06)	(40, 0.000114609)	(41, 3.95211e-06)	(42, 0.0566469)	(43, 0.0)	(44, 0.0)	(45, 0.0834763)	(46, 0.0)	(47, 0.00048490999999999996)	(48, 0.08110339999999999)	(49, 0.0)	(50, 0.0)	(51, 0.00196706)	(52, 0.00454125)	(53, 0.000172767)	(54, 0.0)	(55, 0.0)	(56, 0.08383760000000001)	(57, 0.0)	(58, 0.0)	(59, 1.32081e-05)	(60, 0.0)	(61, 0.0)	(62, 1.32243e-06)	(63, 0.0)	(64, 0.0761119)	(65, 0.000434931)	(66, 1.9909e-05)	(67, 0.0)	(68, 0.0)	(69, 1.19762e-05)	(70, 0.000433123)	(71, 0.165665)	(72, 0.1577)	(73, 0.0028575700000000002)	(74, 0.00139252)	(75, 1.3409e-06)	(76, 8.05817e-06)	(77, 0.0)	(78, 2.6957000000000003e-06)	(79, 0.0)	(80, 0.0)	(81, 0.0)	(82, 0.0)	(83, 0.0)	(84, 0.00257203)	(85, 0.00231505)	(86, 1.3751e-06)	(87, 0.00010764100000000001)	(88, 8.72804e-05)	(89, 0.000274072)	(90, 0.165132)	(91, 4.2116099999999995e-06)	(92, 0.00139513)	(93, 0.0)	(94, 0.0788095)	(95, 0.000214994)	(96, 0.0852004)	(97, 0.0)	(98, 0.00010086899999999999)	(99, 0.0)	(100, 0.0)	(101, 0.0)	(102, 0.0)	(103, 0.0)	(104, 0.00104441)	(105, 0.0)	(106, 0.0)	(107, 3.47766e-05)	(108, 0.0)	(109, 0.000295704)	(110, 0.0)	(111, 0.000959616)	(112, 0.00211342)	(113, 0.00707175)	(114, 0.0)	(115, 0.0)	(116, 0.0)	(117, 0.0)	(118, 0.007382079999999999)	(119, 0.0)	(120, 0.0)	(121, 0.000115065)	(122, 0.0)	(123, 0.105656)	(124, 0.00361108)	(125, 0.0)	(126, 0.006256380000000001)	(127, 0.08520570000000001)	(128, 0.00259289)	(129, 0.0)	(130, 0.0)	(131, 2.19372e-06)	(132, 0.0)	(133, 0.0)	(134, 0.0)	(135, 0.0)	(136, 3.0896500000000005e-05)	(137, 0.00061334)	(138, 4.90757e-06)	(139, 0.008883859999999999)	(140, 0.168908)	(141, 0.0)	(142, 5.51826e-05)	(143, 0.00046533400000000003)	(144, 0.00256385)	(145, 0.0)	(146, 0.0)	(147, 0.0)	(148, 0.0)	(149, 0.0)	(150, 0.00391428)	(151, 0.0)
reports | SRR35329982	(1, 0.0)	(2, 0.094169)	(3, 0.0)	(4, 0.0)	(5, 0.0)	(6, 0.0)	(7, 0.0)	(8, 0.000788037)	(9, 0.0)	(10, 0.000259792)	(11, 0.103731)	(12, 0.0)	(13, 0.0)	(14, 3.89689e-05)	(15, 0.0)	(16, 0.0)	(17, 0.000414225)	(18, 0.0)	(19, 0.0)	(20, 0.0)	(21, 0.0)	(22, 0.0)	(23, 6.35048e-05)	(24, 0.0)	(25, 0.0)	(26, 0.0)	(27, 0.0)	(28, 0.0)	(29, 0.0)	(30, 0.00458967)	(31, 7.07213e-05)	(32, 4.61854e-05)	(33, 0.0)	(34, 0.0)	(35, 0.0)	(36, 0.000749081)	(37, 0.0)	(38, 0.0)	(39, 4.33005e-06)	(40, 0.000135677)	(41, 1.44339e-06)	(42, 0.0538009)	(43, 0.0)	(44, 0.0)	(45, 0.0819799)	(46, 0.0)	(47, 0.000503861)	(48, 0.0792796)	(49, 0.0)	(50, 0.0)	(51, 0.00200222)	(52, 0.00468405)	(53, 0.000174852)	(54, 0.0)	(55, 0.0)	(56, 0.0847765)	(57, 0.0)	(58, 0.0)	(59, 1.0129799999999999e-05)	(60, 0.0)	(61, 0.0)	(62, 0.0)	(63, 0.0)	(64, 0.0731584)	(65, 0.000509802)	(66, 1.45379e-05)	(67, 0.0)	(68, 0.0)	(69, 1.16591e-05)	(70, 0.000430516)	(71, 0.165806)	(72, 0.155588)	(73, 0.0029122)	(74, 0.0013516700000000001)	(75, 0.0)	(76, 2.94064e-06)	(77, 0.0)	(78, 4.42651e-06)	(79, 0.0)	(80, 0.0)	(81, 0.0)	(82, 0.0)	(83, 0.0)	(84, 0.0027039800000000004)	(85, 0.0022813)	(86, 4.51395e-06)	(87, 0.00011777800000000001)	(88, 9.549689999999999e-05)	(89, 0.000269419)	(90, 0.165627)	(91, 1.2287e-05)	(92, 0.00142285)	(93, 0.0)	(94, 0.07768449999999999)	(95, 0.00025865999999999997)	(96, 0.0860941)	(97, 0.0)	(98, 0.000111913)	(99, 1.61095e-06)	(100, 0.0)	(101, 0.0)	(102, 0.0)	(103, 0.0)	(104, 0.00104314)	(105, 0.0)	(106, 0.0)	(107, 4.14875e-05)	(108, 0.0)	(109, 0.000284544)	(110, 0.0)	(111, 0.000865249)	(112, 0.00202661)	(113, 0.00715046)	(114, 0.0)	(115, 0.0)	(116, 0.0)	(117, 0.0)	(118, 0.00711902)	(119, 0.0)	(120, 2.03512e-06)	(121, 8.05727e-05)	(122, 0.0)	(123, 0.10644300000000001)	(124, 0.003743)	(125, 2.19162e-06)	(126, 0.006113489999999999)	(127, 0.0851809)	(128, 0.00256021)	(129, 0.0)	(130, 0.0)	(131, 2.4065e-06)	(132, 0.0)	(133, 0.0)	(134, 0.0)	(135, 0.0)	(136, 4.17434e-05)	(137, 0.000535503)	(138, 2.69421e-06)	(139, 0.00863266)	(140, 0.167764)	(141, 0.0)	(142, 4.90871e-05)	(143, 0.000517313)	(144, 0.00238432)	(145, 0.0)	(146, 0.0)	(147, 0.0)	(148, 0.0)	(149, 0.0)	(150, 0.00369898)	(151, 0.0)
reports | SRR35329983	(1, 0.0)	(2, 0.0981323)	(3, 0.0)	(4, 0.0)	(5, 0.0)	(6, 0.0)	(7, 0.0)	(8, 0.0008042059999999999)	(9, 0.0)	(10, 0.000259707)	(11, 0.1253)	(12, 0.0)	(13, 0.0)	(14, 6.78779e-05)	(15, 0.0)	(16, 0.0)	(17, 0.000454487)	(18, 1.47561e-06)	(19, 0.0)	(20, 0.0)	(21, 0.0)	(22, 0.0)	(23, 6.93535e-05)	(24, 0.0)	(25, 0.0)	(26, 0.0)	(27, 0.0)	(28, 0.0)	(29, 0.0)	(30, 0.00479867)	(31, 9.88657e-05)	(32, 3.09879e-05)	(33, 0.0)	(34, 0.0)	(35, 0.0)	(36, 0.0007717580000000001)	(37, 0.0)	(38, 1.4756599999999999e-06)	(39, 0.0)	(40, 0.000101823)	(41, 5.90289e-06)	(42, 0.0616764)	(43, 0.0)	(44, 1.47586e-06)	(45, 0.0827652)	(46, 0.0)	(47, 0.000515143)	(48, 0.0813055)	(49, 0.0)	(50, 0.0)	(51, 0.0020978000000000004)	(52, 0.00454189)	(53, 0.000168464)	(54, 0.0)	(55, 0.0)	(56, 0.0833748)	(57, 1.47892e-06)	(58, 0.0)	(59, 1.92349e-05)	(60, 0.0)	(61, 0.0)	(62, 0.0)	(63, 0.0)	(64, 0.0787015)	(65, 0.00048526)	(66, 2.0792e-05)	(67, 0.0)	(68, 0.0)	(69, 1.33944e-05)	(70, 0.000452877)	(71, 0.165734)	(72, 0.16010200000000002)	(73, 0.00303655)	(74, 0.00143479)	(75, 2.99609e-06)	(76, 9.00086e-06)	(77, 0.0)	(78, 4.51449e-06)	(79, 0.0)	(80, 0.0)	(81, 0.0)	(82, 0.0)	(83, 0.0)	(84, 0.00279768)	(85, 0.00235917)	(86, 3.06505e-06)	(87, 0.000118388)	(88, 0.000108009)	(89, 0.00024472000000000003)	(90, 0.16493)	(91, 1.4056799999999999e-05)	(92, 0.00139166)	(93, 0.0)	(94, 0.08019910000000001)	(95, 0.000199159)	(96, 0.0846278)	(97, 0.0)	(98, 0.00010878299999999999)	(99, 1.63527e-06)	(100, 0.0)	(101, 0.0)	(102, 0.0)	(103, 0.0)	(104, 0.00101177)	(105, 0.0)	(106, 0.0)	(107, 4.0317999999999996e-05)	(108, 0.0)	(109, 0.000318811)	(110, 0.0)	(111, 0.00105582)	(112, 0.00212604)	(113, 0.0072787799999999995)	(114, 0.0)	(115, 0.0)	(116, 0.0)	(117, 0.0)	(118, 0.007428260000000001)	(119, 0.0)	(120, 0.0)	(121, 7.32345e-05)	(122, 0.0)	(123, 0.104324)	(124, 0.00371552)	(125, 0.0)	(126, 0.006599010000000001)	(127, 0.08427219999999999)	(128, 0.0029540499999999997)	(129, 0.0)	(130, 0.0)	(131, 4.8833599999999994e-06)	(132, 0.0)	(133, 0.0)	(134, 0.0)	(135, 0.0)	(136, 6.09874e-05)	(137, 0.00056078)	(138, 5.482830000000001e-06)	(139, 0.00944485)	(140, 0.167956)	(141, 0.0)	(142, 8.52421e-05)	(143, 0.000493795)	(144, 0.00251694)	(145, 0.0)	(146, 0.0)	(147, 0.0)	(148, 0.0)	(149, 0.0)	(150, 0.00386535)	(151, 0.0)
reports | SRR35329984	(1, 0.0)	(2, 0.0943211)	(3, 0.0)	(4, 0.0)	(5, 0.0)	(6, 0.0)	(7, 0.0)	(8, 0.000764861)	(9, 0.0)	(10, 0.000266695)	(11, 0.11207400000000001)	(12, 0.0)	(13, 0.0)	(14, 4.02558e-05)	(15, 0.0)	(16, 0.0)	(17, 0.000494811)	(18, 0.0)	(19, 0.0)	(20, 0.0)	(21, 0.0)	(22, 0.0)	(23, 7.38024e-05)	(24, 0.0)	(25, 0.0)	(26, 0.0)	(27, 0.0)	(28, 0.0)	(29, 0.0)	(30, 0.0044147200000000004)	(31, 9.728499999999999e-05)	(32, 2.8514599999999996e-05)	(33, 0.0)	(34, 0.0)	(35, 0.0)	(36, 0.0008839649999999999)	(37, 0.0)	(38, 0.0)	(39, 6.70954e-06)	(40, 9.225720000000001e-05)	(41, 1.6774300000000002e-06)	(42, 0.055294)	(43, 0.0)	(44, 1.67755e-06)	(45, 0.0840484)	(46, 0.0)	(47, 0.000459701)	(48, 0.08082220000000001)	(49, 0.0)	(50, 0.0)	(51, 0.0020407900000000002)	(52, 0.00467792)	(53, 0.000167872)	(54, 0.0)	(55, 0.0)	(56, 0.0840959)	(57, 0.0)	(58, 0.0)	(59, 1.00844e-05)	(60, 0.0)	(61, 0.0)	(62, 0.0)	(63, 0.0)	(64, 0.0761623)	(65, 0.00044507899999999997)	(66, 1.3496499999999999e-05)	(67, 0.0)	(68, 0.0)	(69, 1.35261e-05)	(70, 0.00045361200000000005)	(71, 0.165824)	(72, 0.158807)	(73, 0.0028434099999999998)	(74, 0.00139878)	(75, 0.0)	(76, 6.817240000000001e-06)	(77, 0.0)	(78, 1.70995e-06)	(79, 0.0)	(80, 0.0)	(81, 0.0)	(82, 0.0)	(83, 0.0)	(84, 0.0026177699999999997)	(85, 0.00254705)	(86, 1.7428400000000001e-06)	(87, 0.00010493199999999999)	(88, 0.00011235)	(89, 0.000259104)	(90, 0.16597)	(91, 1.4226100000000001e-05)	(92, 0.0015079899999999999)	(93, 0.0)	(94, 0.07946)	(95, 0.000248667)	(96, 0.0856601)	(97, 0.0)	(98, 0.000103657)	(99, 0.0)	(100, 0.0)	(101, 0.0)	(102, 0.0)	(103, 0.0)	(104, 0.00110092)	(105, 0.0)	(106, 0.0)	(107, 3.40434e-05)	(108, 0.0)	(109, 0.00029075499999999996)	(110, 0.0)	(111, 0.000893413)	(112, 0.00206798)	(113, 0.0071194100000000005)	(114, 0.0)	(115, 0.0)	(116, 0.0)	(117, 0.0)	(118, 0.0076126399999999995)	(119, 0.0)	(120, 0.0)	(121, 9.829769999999999e-05)	(122, 0.0)	(123, 0.10737)	(124, 0.00368184)	(125, 7.6373e-06)	(126, 0.006248129999999999)	(127, 0.084058)	(128, 0.00254995)	(129, 0.0)	(130, 0.0)	(131, 0.0)	(132, 0.0)	(133, 0.0)	(134, 0.0)	(135, 0.0)	(136, 4.25483e-05)	(137, 0.000673468)	(138, 0.0)	(139, 0.00892274)	(140, 0.16846999999999998)	(141, 0.0)	(142, 4.3807800000000004e-05)	(143, 0.000528451)	(144, 0.0025122499999999997)	(145, 0.0)	(146, 0.0)	(147, 0.0)	(148, 0.0)	(149, 0.0)	(150, 0.00361125)	(151, 0.0)
reports | SRR35329985	(1, 0.0)	(2, 0.096287)	(3, 0.0)	(4, 0.0)	(5, 0.0)	(6, 0.0)	(7, 0.0)	(8, 0.000734468)	(9, 0.0)	(10, 0.000247211)	(11, 0.12262600000000001)	(12, 0.0)	(13, 0.0)	(14, 5.374160000000001e-05)	(15, 0.0)	(16, 0.0)	(17, 0.00047113400000000006)	(18, 3.58277e-06)	(19, 0.0)	(20, 0.0)	(21, 0.0)	(22, 0.0)	(23, 7.70296e-05)	(24, 0.0)	(25, 0.0)	(26, 0.0)	(27, 0.0)	(28, 0.0)	(29, 0.0)	(30, 0.00465939)	(31, 8.061240000000001e-05)	(32, 3.2245e-05)	(33, 0.0)	(34, 0.0)	(35, 0.0)	(36, 0.000865254)	(37, 0.0)	(38, 1.79144e-06)	(39, 3.5829000000000005e-06)	(40, 0.000107488)	(41, 5.37449e-06)	(42, 0.0617935)	(43, 0.0)	(44, 0.0)	(45, 0.0828907)	(46, 0.0)	(47, 0.000542923)	(48, 0.0817145)	(49, 0.0)	(50, 0.0)	(51, 0.0020145000000000002)	(52, 0.00446897)	(53, 0.00018660499999999998)	(54, 0.0)	(55, 0.0)	(56, 0.0834609)	(57, 0.0)	(58, 0.0)	(59, 1.0777199999999999e-05)	(60, 0.0)	(61, 0.0)	(62, 0.0)	(63, 0.0)	(64, 0.0786066)	(65, 0.000497154)	(66, 1.08154e-05)	(67, 0.0)	(68, 0.0)	(69, 1.08362e-05)	(70, 0.000422984)	(71, 0.16447499999999998)	(72, 0.159252)	(73, 0.00296152)	(74, 0.0013771)	(75, 0.0)	(76, 9.09431e-06)	(77, 0.0)	(78, 1.82428e-06)	(79, 0.0)	(80, 0.0)	(81, 0.0)	(82, 0.0)	(83, 0.0)	(84, 0.0026658000000000003)	(85, 0.00234513)	(86, 1.11376e-05)	(87, 0.000134076)	(88, 0.00018126499999999998)	(89, 0.00022321300000000002)	(90, 0.16436)	(91, 2.08039e-05)	(92, 0.00140573)	(93, 0.0)	(94, 0.0798673)	(95, 0.000266071)	(96, 0.0847097)	(97, 0.0)	(98, 9.03568e-05)	(99, 0.0)	(100, 0.0)	(101, 0.0)	(102, 0.0)	(103, 0.0)	(104, 0.00109986)	(105, 0.0)	(106, 0.0)	(107, 4.02518e-05)	(108, 0.0)	(109, 0.00024893800000000003)	(110, 0.0)	(111, 0.000917236)	(112, 0.00209637)	(113, 0.0071527100000000005)	(114, 0.0)	(115, 0.0)	(116, 0.0)	(117, 0.0)	(118, 0.007361599999999999)	(119, 0.0)	(120, 4.97675e-06)	(121, 7.07109e-05)	(122, 0.0)	(123, 0.10599800000000001)	(124, 0.00362681)	(125, 0.0)	(126, 0.0063775)	(127, 0.0837334)	(128, 0.0027520599999999997)	(129, 0.0)	(130, 0.0)	(131, 0.0)	(132, 0.0)	(133, 0.0)	(134, 0.0)	(135, 0.0)	(136, 6.69997e-05)	(137, 0.000538294)	(138, 6.5921899999999995e-06)	(139, 0.00908035)	(140, 0.168405)	(141, 0.0)	(142, 0.000141303)	(143, 0.00056099)	(144, 0.00274184)	(145, 3.72736e-06)	(146, 0.0)	(147, 0.0)	(148, 0.0)	(149, 0.0)	(150, 0.0037766699999999998)	(151, 0.0)
reports | SRR35329986	(1, 0.0)	(2, 0.0954254)	(3, 0.0)	(4, 0.0)	(5, 0.0)	(6, 0.0)	(7, 0.0)	(8, 0.000645622)	(9, 0.0)	(10, 0.00024255400000000002)	(11, 0.117088)	(12, 0.0)	(13, 0.0)	(14, 3.21027e-05)	(15, 0.0)	(16, 0.0)	(17, 0.000376316)	(18, 1.7834899999999999e-06)	(19, 0.0)	(20, 0.0)	(21, 0.0)	(22, 0.0)	(23, 6.5989e-05)	(24, 0.0)	(25, 0.0)	(26, 0.0)	(27, 1.7834899999999999e-06)	(28, 0.0)	(29, 0.0)	(30, 0.00452827)	(31, 0.000108793)	(32, 2.31854e-05)	(33, 0.0)	(34, 0.0)	(35, 0.0)	(36, 0.0008774890000000001)	(37, 0.0)	(38, 0.0)	(39, 3.56709e-06)	(40, 8.91782e-05)	(41, 1.7835899999999999e-06)	(42, 0.0595069)	(43, 0.0)	(44, 1.7837100000000002e-06)	(45, 0.08219069999999999)	(46, 0.0)	(47, 0.000501274)	(48, 0.080728)	(49, 0.0)	(50, 0.0)	(51, 0.00203591)	(52, 0.0044559)	(53, 0.000148131)	(54, 0.0)	(55, 0.0)	(56, 0.0829044)	(57, 0.0)	(58, 0.0)	(59, 3.5729e-06)	(60, 0.0)	(61, 0.0)	(62, 0.0)	(63, 0.0)	(64, 0.0780011)	(65, 0.00046552199999999995)	(66, 1.25398e-05)	(67, 1.79234e-06)	(68, 0.0)	(69, 5.38388e-06)	(70, 0.000423937)	(71, 0.16442600000000002)	(72, 0.15826600000000002)	(73, 0.0028848199999999997)	(74, 0.00141142)	(75, 1.80459e-06)	(76, 7.22713e-06)	(77, 0.0)	(78, 0.0)	(79, 0.0)	(80, 0.0)	(81, 0.0)	(82, 0.0)	(83, 0.0)	(84, 0.00265796)	(85, 0.00237427)	(86, 1.84114e-06)	(87, 0.000129258)	(88, 9.632529999999999e-05)	(89, 0.000250932)	(90, 0.164547)	(91, 7.4912599999999995e-06)	(92, 0.00147997)	(93, 0.0)	(94, 0.0800336)	(95, 0.00020021599999999997)	(96, 0.083749)	(97, 0.0)	(98, 0.000102817)	(99, 1.9527e-06)	(100, 0.0)	(101, 0.0)	(102, 0.0)	(103, 0.0)	(104, 0.0010766)	(105, 0.0)	(106, 0.0)	(107, 4.16459e-05)	(108, 0.0)	(109, 0.000301733)	(110, 0.0)	(111, 0.000979464)	(112, 0.00219434)	(113, 0.00705656)	(114, 0.0)	(115, 0.0)	(116, 0.0)	(117, 0.0)	(118, 0.00760673)	(119, 0.0)	(120, 0.0)	(121, 6.15585e-05)	(122, 0.0)	(123, 0.106323)	(124, 0.00349527)	(125, 0.0)	(126, 0.006284649999999999)	(127, 0.0839307)	(128, 0.00273011)	(129, 0.0)	(130, 0.0)	(131, 5.71094e-06)	(132, 0.0)	(133, 0.0)	(134, 0.0)	(135, 0.0)	(136, 5.5640299999999996e-05)	(137, 0.000568496)	(138, 0.0)	(139, 0.008968199999999999)	(140, 0.167051)	(141, 0.0)	(142, 6.48769e-05)	(143, 0.000521148)	(144, 0.00258436)	(145, 3.59885e-06)	(146, 0.0)	(147, 0.0)	(148, 0.0)	(149, 0.0)	(150, 0.00401844)	(151, 0.0)
reports | SRR35329987	(1, 0.0)	(2, 0.09239689999999999)	(3, 0.0)	(4, 0.0)	(5, 0.0)	(6, 0.0)	(7, 0.0)	(8, 0.000606034)	(9, 0.0)	(10, 0.00023098299999999998)	(11, 0.11270200000000001)	(12, 0.0)	(13, 0.0)	(14, 3.09565e-05)	(15, 0.0)	(16, 0.0)	(17, 0.000382194)	(18, 0.0)	(19, 0.0)	(20, 0.0)	(21, 0.0)	(22, 0.0)	(23, 5.0006700000000004e-05)	(24, 0.0)	(25, 0.0)	(26, 0.0)	(27, 0.0)	(28, 0.0)	(29, 0.0)	(30, 0.00448631)	(31, 8.33445e-05)	(32, 2.26221e-05)	(33, 0.0)	(34, 0.0)	(35, 0.0)	(36, 0.000773926)	(37, 0.0)	(38, 0.0)	(39, 2.38136e-06)	(40, 9.52553e-05)	(41, 7.14425e-06)	(42, 0.060225999999999995)	(43, 0.0)	(44, 0.0)	(45, 0.0830526)	(46, 0.0)	(47, 0.000428733)	(48, 0.081483)	(49, 0.0)	(50, 0.0)	(51, 0.00203829)	(52, 0.0042688100000000005)	(53, 0.00016086)	(54, 0.0)	(55, 0.0)	(56, 0.084583)	(57, 0.0)	(58, 0.0)	(59, 1.31206e-05)	(60, 0.0)	(61, 0.0)	(62, 0.0)	(63, 0.0)	(64, 0.0787472)	(65, 0.00043416799999999997)	(66, 8.37727e-06)	(67, 1.19741e-06)	(68, 0.0)	(69, 9.59197e-06)	(70, 0.000440473)	(71, 0.16511399999999998)	(72, 0.158717)	(73, 0.00282263)	(74, 0.00138503)	(75, 1.20571e-06)	(76, 3.6215100000000002e-06)	(77, 0.0)	(78, 3.63138e-06)	(79, 0.0)	(80, 0.0)	(81, 0.0)	(82, 0.0)	(83, 0.0)	(84, 0.00259333)	(85, 0.00232603)	(86, 1.23008e-06)	(87, 9.12915e-05)	(88, 6.93057e-05)	(89, 0.00021608199999999998)	(90, 0.165332)	(91, 7.507600000000001e-06)	(92, 0.0014008900000000001)	(93, 0.0)	(94, 0.0793735)	(95, 0.00018982099999999998)	(96, 0.0853545)	(97, 0.0)	(98, 0.00010498000000000001)	(99, 1.30457e-06)	(100, 0.0)	(101, 0.0)	(102, 0.0)	(103, 0.0)	(104, 0.0010159000000000001)	(105, 0.0)	(106, 0.0)	(107, 4.4511e-05)	(108, 0.0)	(109, 0.000339187)	(110, 0.0)	(111, 0.00100365)	(112, 0.0019332599999999998)	(113, 0.00674934)	(114, 0.0)	(115, 0.0)	(116, 0.0)	(117, 0.0)	(118, 0.007593379999999999)	(119, 0.0)	(120, 3.23973e-06)	(121, 0.000101852)	(122, 0.0)	(123, 0.106437)	(124, 0.0032805799999999995)	(125, 0.0)	(126, 0.00645449)	(127, 0.0853598)	(128, 0.0027058)	(129, 0.0)	(130, 0.0)	(131, 1.90193e-06)	(132, 0.0)	(133, 0.0)	(134, 0.0)	(135, 0.0)	(136, 3.49765e-05)	(137, 0.000541348)	(138, 2.12356e-06)	(139, 0.00905893)	(140, 0.168409)	(141, 0.0)	(142, 4.76805e-05)	(143, 0.00051052)	(144, 0.0022800299999999997)	(145, 0.0)	(146, 0.0)	(147, 0.0)	(148, 0.0)	(149, 0.0)	(150, 0.00378789)	(151, 0.0)
reports | SRR35329988	(1, 0.0)	(2, 0.09600589999999999)	(3, 0.0)	(4, 0.0)	(5, 0.0)	(6, 0.0)	(7, 0.0)	(8, 0.000695283)	(9, 0.0)	(10, 0.000243674)	(11, 0.116499)	(12, 0.0)	(13, 0.0)	(14, 5.8481700000000006e-05)	(15, 0.0)	(16, 0.0)	(17, 0.00041424600000000006)	(18, 0.0)	(19, 0.0)	(20, 0.0)	(21, 0.0)	(22, 0.0)	(23, 6.01062e-05)	(24, 0.0)	(25, 0.0)	(26, 0.0)	(27, 0.0)	(28, 0.0)	(29, 0.0)	(30, 0.00457295)	(31, 0.00010721700000000001)	(32, 2.2743e-05)	(33, 0.0)	(34, 0.0)	(35, 0.0)	(36, 0.000761902)	(37, 0.0)	(38, 0.0)	(39, 1.62456e-06)	(40, 9.09768e-05)	(41, 3.24923e-06)	(42, 0.0594558)	(43, 0.0)	(44, 0.0)	(45, 0.0831545)	(46, 0.0)	(47, 0.000480994)	(48, 0.0812366)	(49, 0.0)	(50, 0.0)	(51, 0.0021298)	(52, 0.004385330000000001)	(53, 0.000157746)	(54, 0.0)	(55, 0.0)	(56, 0.0837143)	(57, 0.0)	(58, 0.0)	(59, 1.4653800000000002e-05)	(60, 0.0)	(61, 0.0)	(62, 0.0)	(63, 0.0)	(64, 0.0785334)	(65, 0.000548682)	(66, 8.17025e-06)	(67, 0.0)	(68, 0.0)	(69, 1.4735899999999999e-05)	(70, 0.0004916139999999999)	(71, 0.164861)	(72, 0.15947)	(73, 0.00283145)	(74, 0.00141488)	(75, 1.6472700000000001e-06)	(76, 9.897199999999999e-06)	(77, 0.0)	(78, 3.3092600000000004e-06)	(79, 0.0)	(80, 0.0)	(81, 0.0)	(82, 0.0)	(83, 0.0)	(84, 0.00264174)	(85, 0.0023465)	(86, 1.68466e-06)	(87, 9.971670000000001e-05)	(88, 4.7491e-05)	(89, 0.000221328)	(90, 0.164852)	(91, 8.58354e-06)	(92, 0.0013847)	(93, 0.0)	(94, 0.0813194)	(95, 0.000215329)	(96, 0.08466850000000001)	(97, 0.0)	(98, 0.00013377299999999998)	(99, 3.5926500000000002e-06)	(100, 0.0)	(101, 0.0)	(102, 0.0)	(103, 0.0)	(104, 0.000998507)	(105, 0.0)	(106, 0.0)	(107, 4.0391999999999995e-05)	(108, 0.0)	(109, 0.000292783)	(110, 0.0)	(111, 0.00096303)	(112, 0.00199784)	(113, 0.006783969999999999)	(114, 0.0)	(115, 0.0)	(116, 0.0)	(117, 0.0)	(118, 0.00737206)	(119, 0.0)	(120, 2.25697e-06)	(121, 8.70247e-05)	(122, 0.0)	(123, 0.10566900000000001)	(124, 0.0035175700000000002)	(125, 0.0)	(126, 0.00646427)	(127, 0.0845243)	(128, 0.00272093)	(129, 0.0)	(130, 0.0)	(131, 0.0)	(132, 0.0)	(133, 0.0)	(134, 0.0)	(135, 0.0)	(136, 5.2000900000000006e-05)	(137, 0.000557905)	(138, 0.0)	(139, 0.00901528)	(140, 0.166937)	(141, 0.0)	(142, 5.43616e-05)	(143, 0.00051749)	(144, 0.0025241200000000004)	(145, 0.0)	(146, 0.0)	(147, 0.0)	(148, 0.0)	(149, 0.0)	(150, 0.00398562)	(151, 0.0)
reports | SRR35329989	(1, 0.0)	(2, 0.09514289999999999)	(3, 0.0)	(4, 0.0)	(5, 0.0)	(6, 0.0)	(7, 0.0)	(8, 0.000759668)	(9, 0.0)	(10, 0.00020810500000000001)	(11, 0.120295)	(12, 0.0)	(13, 0.0)	(14, 4.56816e-05)	(15, 0.0)	(16, 0.0)	(17, 0.000438205)	(18, 0.0)	(19, 0.0)	(20, 0.0)	(21, 0.0)	(22, 0.0)	(23, 7.275209999999999e-05)	(24, 0.0)	(25, 0.0)	(26, 0.0)	(27, 0.0)	(28, 0.0)	(29, 0.0)	(30, 0.00473227)	(31, 9.64389e-05)	(32, 3.7222100000000004e-05)	(33, 0.0)	(34, 0.0)	(35, 0.0)	(36, 0.000795211)	(37, 0.0)	(38, 0.0)	(39, 0.0)	(40, 0.00011336400000000001)	(41, 3.38404e-06)	(42, 0.0588599)	(43, 0.0)	(44, 1.6921599999999998e-06)	(45, 0.0824906)	(46, 0.0)	(47, 0.000509462)	(48, 0.0807729)	(49, 0.0)	(50, 0.0)	(51, 0.00210177)	(52, 0.0046156)	(53, 0.000189731)	(54, 0.0)	(55, 0.0)	(56, 0.0837448)	(57, 0.0)	(58, 0.0)	(59, 2.03505e-05)	(60, 0.0)	(61, 0.0)	(62, 0.0)	(63, 0.0)	(64, 0.0779619)	(65, 0.000438639)	(66, 2.21156e-05)	(67, 0.0)	(68, 0.0)	(69, 1.3635e-05)	(70, 0.00044518600000000003)	(71, 0.164406)	(72, 0.158015)	(73, 0.00301863)	(74, 0.00132176)	(75, 3.4283399999999997e-06)	(76, 5.14922e-06)	(77, 0.0)	(78, 1.72151e-06)	(79, 0.0)	(80, 0.0)	(81, 0.0)	(82, 0.0)	(83, 0.0)	(84, 0.00267242)	(85, 0.00239465)	(86, 0.0)	(87, 0.000100162)	(88, 4.58466e-05)	(89, 0.000283187)	(90, 0.163991)	(91, 1.78442e-06)	(92, 0.0013908500000000001)	(93, 0.0)	(94, 0.0802023)	(95, 0.000196462)	(96, 0.0837368)	(97, 0.0)	(98, 0.00010933200000000002)	(99, 3.73259e-06)	(100, 0.0)	(101, 0.0)	(102, 0.0)	(103, 0.0)	(104, 0.00108418)	(105, 0.0)	(106, 0.0)	(107, 5.59631e-05)	(108, 0.0)	(109, 0.000306333)	(110, 0.0)	(111, 0.000913413)	(112, 0.0020180800000000002)	(113, 0.00709988)	(114, 0.0)	(115, 0.0)	(116, 0.0)	(117, 0.0)	(118, 0.00776077)	(119, 0.0)	(120, 2.34988e-06)	(121, 0.000116871)	(122, 0.0)	(123, 0.10472999999999999)	(124, 0.00375849)	(125, 0.0)	(126, 0.00636219)	(127, 0.0850499)	(128, 0.00254937)	(129, 0.0)	(130, 0.0)	(131, 0.0)	(132, 0.0)	(133, 0.0)	(134, 0.0)	(135, 0.0)	(136, 7.85499e-05)	(137, 0.000611175)	(138, 0.0)	(139, 0.00888769)	(140, 0.166631)	(141, 0.0)	(142, 3.6841099999999995e-05)	(143, 0.000501222)	(144, 0.00241598)	(145, 0.0)	(146, 0.0)	(147, 0.0)	(148, 0.0)	(149, 0.0)	(150, 0.00382793)	(151, 0.0)
reports | SRR35329990	(1, 0.0)	(2, 0.09807380000000002)	(3, 0.0)	(4, 0.0)	(5, 0.0)	(6, 0.0)	(7, 0.0)	(8, 0.0008315260000000001)	(9, 0.0)	(10, 0.000272604)	(11, 0.121531)	(12, 0.0)	(13, 0.0)	(14, 5.657809999999999e-05)	(15, 0.0)	(16, 0.0)	(17, 0.000409763)	(18, 1.71449e-06)	(19, 0.0)	(20, 0.0)	(21, 0.0)	(22, 0.0)	(23, 9.77258e-05)	(24, 0.0)	(25, 0.0)	(26, 0.0)	(27, 0.0)	(28, 0.0)	(29, 0.0)	(30, 0.00472513)	(31, 8.91534e-05)	(32, 2.74319e-05)	(33, 0.0)	(34, 0.0)	(35, 0.0)	(36, 0.0008744060000000001)	(37, 0.0)	(38, 1.71454e-06)	(39, 6.858239999999999e-06)	(40, 0.00011659200000000001)	(41, 5.14384e-06)	(42, 0.0596562)	(43, 0.0)	(44, 0.0)	(45, 0.0825448)	(46, 0.0)	(47, 0.000523065)	(48, 0.0810053)	(49, 0.0)	(50, 0.0)	(51, 0.00206305)	(52, 0.00478403)	(53, 0.00017683)	(54, 0.0)	(55, 0.0)	(56, 0.0837209)	(57, 1.7180700000000001e-06)	(58, 0.0)	(59, 1.5469499999999998e-05)	(60, 0.0)	(61, 0.0)	(62, 0.0)	(63, 0.0)	(64, 0.07825399999999999)	(65, 0.000489518)	(66, 1.8974e-05)	(67, 0.0)	(68, 0.0)	(69, 1.38274e-05)	(70, 0.000442871)	(71, 0.165044)	(72, 0.158222)	(73, 0.00308136)	(74, 0.00142087)	(75, 3.47842e-06)	(76, 8.708199999999999e-06)	(77, 0.0)	(78, 1.74714e-06)	(79, 0.0)	(80, 0.0)	(81, 0.0)	(82, 0.0)	(83, 0.0)	(84, 0.00272629)	(85, 0.00251554)	(86, 3.5587300000000003e-06)	(87, 0.0001089)	(88, 0.000125418)	(89, 0.00028599)	(90, 0.1645)	(91, 1.99539e-05)	(92, 0.0015416700000000002)	(93, 0.0)	(94, 0.0790628)	(95, 0.000251679)	(96, 0.0845996)	(97, 0.0)	(98, 0.000113175)	(99, 5.70017e-06)	(100, 0.0)	(101, 0.0)	(102, 0.0)	(103, 0.0)	(104, 0.00106102)	(105, 0.0)	(106, 0.0)	(107, 5.29635e-05)	(108, 0.0)	(109, 0.00029147900000000003)	(110, 0.0)	(111, 0.000978259)	(112, 0.00206868)	(113, 0.00735839)	(114, 0.0)	(115, 0.0)	(116, 0.0)	(117, 0.0)	(118, 0.00759177)	(119, 0.0)	(120, 2.39665e-06)	(121, 7.78432e-05)	(122, 0.0)	(123, 0.10495199999999999)	(124, 0.0038174)	(125, 0.0)	(126, 0.00641864)	(127, 0.0846159)	(128, 0.0027041400000000003)	(129, 0.0)	(130, 0.0)	(131, 0.0)	(132, 0.0)	(133, 0.0)	(134, 0.0)	(135, 0.0)	(136, 2.4623099999999998e-05)	(137, 0.000610115)	(138, 3.1810200000000003e-06)	(139, 0.00909161)	(140, 0.166848)	(141, 0.0)	(142, 7.16284e-05)	(143, 0.0005694900000000001)	(144, 0.00268672)	(145, 0.0)	(146, 0.0)	(147, 0.0)	(148, 0.0)	(149, 0.0)	(150, 0.0039983)	(151, 0.0)
reports | SRR35329991	(1, 0.0)	(2, 0.0975377)	(3, 0.0)	(4, 0.0)	(5, 0.0)	(6, 0.0)	(7, 0.0)	(8, 0.0007669439999999999)	(9, 0.0)	(10, 0.000279309)	(11, 0.12110800000000001)	(12, 0.0)	(13, 0.0)	(14, 4.3208100000000004e-05)	(15, 0.0)	(16, 0.0)	(17, 0.000513868)	(18, 3.0862899999999997e-06)	(19, 0.0)	(20, 0.0)	(21, 0.0)	(22, 0.0)	(23, 7.09847e-05)	(24, 0.0)	(25, 0.0)	(26, 0.0)	(27, 0.0)	(28, 0.0)	(29, 0.0)	(30, 0.00476369)	(31, 9.721819999999999e-05)	(32, 4.62945e-05)	(33, 0.0)	(34, 0.0)	(35, 0.0)	(36, 0.000836403)	(37, 1.54319e-06)	(38, 0.0)	(39, 1.54322e-06)	(40, 0.00013580500000000002)	(41, 3.0865400000000003e-06)	(42, 0.0602585)	(43, 0.0)	(44, 1.5434199999999998e-06)	(45, 0.081873)	(46, 0.0)	(47, 0.00046927)	(48, 0.08104199999999999)	(49, 0.0)	(50, 0.0)	(51, 0.00208337)	(52, 0.0047867000000000005)	(53, 0.000190018)	(54, 0.0)	(55, 0.0)	(56, 0.0833807)	(57, 0.0)	(58, 0.0)	(59, 1.08298e-05)	(60, 0.0)	(61, 0.0)	(62, 0.0)	(63, 0.0)	(64, 0.0780503)	(65, 0.000466018)	(66, 1.39914e-05)	(67, 0.0)	(68, 0.0)	(69, 1.4028899999999999e-05)	(70, 0.00043857999999999994)	(71, 0.164835)	(72, 0.158125)	(73, 0.00302959)	(74, 0.001425)	(75, 0.0)	(76, 4.71666e-06)	(77, 0.0)	(78, 6.310719999999999e-06)	(79, 0.0)	(80, 0.0)	(81, 0.0)	(82, 0.0)	(83, 0.0)	(84, 0.00272269)	(85, 0.00247063)	(86, 1.60829e-06)	(87, 0.000100061)	(88, 0.00011340300000000001)	(89, 0.000248885)	(90, 0.165296)	(91, 2.29756e-05)	(92, 0.00145754)	(93, 0.0)	(94, 0.079903)	(95, 0.00025785099999999997)	(96, 0.0848193)	(97, 0.0)	(98, 9.38842e-05)	(99, 0.0)	(100, 0.0)	(101, 0.0)	(102, 0.0)	(103, 0.0)	(104, 0.0010876800000000002)	(105, 0.0)	(106, 0.0)	(107, 4.7918200000000005e-05)	(108, 0.0)	(109, 0.000342811)	(110, 0.0)	(111, 0.000929485)	(112, 0.00220339)	(113, 0.00717152)	(114, 0.0)	(115, 0.0)	(116, 0.0)	(117, 0.0)	(118, 0.007473499999999999)	(119, 0.0)	(120, 0.0)	(121, 9.439640000000001e-05)	(122, 0.0)	(123, 0.10519500000000001)	(124, 0.00363713)	(125, 2.3264e-06)	(126, 0.0063507400000000006)	(127, 0.08427509999999999)	(128, 0.0026231600000000002)	(129, 0.0)	(130, 0.0)	(131, 2.5506e-06)	(132, 0.0)	(133, 0.0)	(134, 0.0)	(135, 0.0)	(136, 6.62905e-05)	(137, 0.000538755)	(138, 0.0)	(139, 0.00909367)	(140, 0.16626)	(141, 0.0)	(142, 6.4133e-05)	(143, 0.000584419)	(144, 0.0024647600000000003)	(145, 0.0)	(146, 0.0)	(147, 0.0)	(148, 0.0)	(149, 0.0)	(150, 0.0039774599999999995)	(151, 0.0)
reports | SRR35329992	(1, 0.0)	(2, 0.0955257)	(3, 0.0)	(4, 0.0)	(5, 0.0)	(6, 0.0)	(7, 0.0)	(8, 0.000766657)	(9, 0.0)	(10, 0.000230129)	(11, 0.113956)	(12, 0.0)	(13, 0.0)	(14, 4.99708e-05)	(15, 0.0)	(16, 0.0)	(17, 0.00039582100000000003)	(18, 0.0)	(19, 0.0)	(20, 0.0)	(21, 0.0)	(22, 0.0)	(23, 4.7340700000000006e-05)	(24, 0.0)	(25, 0.0)	(26, 0.0)	(27, 0.0)	(28, 0.0)	(29, 0.0)	(30, 0.00454997)	(31, 8.547640000000001e-05)	(32, 2.10404e-05)	(33, 0.0)	(34, 0.0)	(35, 0.0)	(36, 0.000731164)	(37, 0.0)	(38, 0.0)	(39, 3.9452e-06)	(40, 8.02199e-05)	(41, 2.63021e-06)	(42, 0.0575986)	(43, 0.0)	(44, 0.0)	(45, 0.0836383)	(46, 0.0)	(47, 0.00043702400000000005)	(48, 0.08108180000000001)	(49, 0.0)	(50, 0.0)	(51, 0.0019924300000000003)	(52, 0.004321080000000001)	(53, 0.00017386500000000002)	(54, 0.0)	(55, 0.0)	(56, 0.08386160000000001)	(57, 0.0)	(58, 0.0)	(59, 1.97765e-05)	(60, 0.0)	(61, 0.0)	(62, 0.0)	(63, 0.0)	(64, 0.0776398)	(65, 0.00046771599999999997)	(66, 1.45408e-05)	(67, 0.0)	(68, 0.0)	(69, 6.6203800000000005e-06)	(70, 0.000453125)	(71, 0.16484500000000002)	(72, 0.159272)	(73, 0.0028302699999999997)	(74, 0.00146109)	(75, 2.66185e-06)	(76, 1.06603e-05)	(77, 0.0)	(78, 5.344590000000001e-06)	(79, 0.0)	(80, 0.0)	(81, 0.0)	(82, 0.0)	(83, 0.0)	(84, 0.0025914700000000002)	(85, 0.00241775)	(86, 2.71635e-06)	(87, 9.80785e-05)	(88, 5.0563300000000004e-05)	(89, 0.00022215400000000001)	(90, 0.165369)	(91, 2.76368e-06)	(92, 0.00149308)	(93, 0.0)	(94, 0.0800622)	(95, 0.000175949)	(96, 0.0846006)	(97, 0.0)	(98, 0.00010314599999999999)	(99, 0.0)	(100, 0.0)	(101, 0.0)	(102, 0.0)	(103, 0.0)	(104, 0.00101457)	(105, 0.0)	(106, 0.0)	(107, 4.15863e-05)	(108, 0.0)	(109, 0.00029556900000000003)	(110, 0.0)	(111, 0.00101102)	(112, 0.00204872)	(113, 0.00688482)	(114, 0.0)	(115, 0.0)	(116, 0.0)	(117, 0.0)	(118, 0.00753103)	(119, 0.0)	(120, 0.0)	(121, 9.133620000000001e-05)	(122, 0.0)	(123, 0.10591699999999998)	(124, 0.0035278199999999997)	(125, 0.0)	(126, 0.00651259)	(127, 0.0849607)	(128, 0.0028096600000000003)	(129, 0.0)	(130, 0.0)	(131, 0.0)	(132, 0.0)	(133, 0.0)	(134, 0.0)	(135, 0.0)	(136, 4.60552e-05)	(137, 0.0005594500000000001)	(138, 4.75892e-06)	(139, 0.009281629999999999)	(140, 0.16896999999999998)	(141, 0.0)	(142, 6.11388e-05)	(143, 0.000489982)	(144, 0.0026202300000000003)	(145, 0.0)	(146, 0.0)	(147, 0.0)	(148, 0.0)	(149, 0.0)	(150, 0.0038340799999999997)	(151, 0.0)
reports | SRR35329993	(1, 0.0)	(2, 0.09544449999999999)	(3, 0.0)	(4, 0.0)	(5, 0.0)	(6, 0.0)	(7, 0.0)	(8, 0.000704083)	(9, 0.0)	(10, 0.00022700599999999997)	(11, 0.1193)	(12, 0.0)	(13, 0.0)	(14, 5.7055e-05)	(15, 0.0)	(16, 1.21394e-06)	(17, 0.000418808)	(18, 1.21394e-06)	(19, 0.0)	(20, 0.0)	(21, 0.0)	(22, 0.0)	(23, 4.24878e-05)	(24, 0.0)	(25, 0.0)	(26, 0.0)	(27, 0.0)	(28, 0.0)	(29, 0.0)	(30, 0.0045692499999999995)	(31, 7.16222e-05)	(32, 3.27764e-05)	(33, 0.0)	(34, 0.0)	(35, 0.0)	(36, 0.000759938)	(37, 0.0)	(38, 1.21397e-06)	(39, 4.85593e-06)	(40, 9.22637e-05)	(41, 4.8560699999999996e-06)	(42, 0.0601437)	(43, 0.0)	(44, 0.0)	(45, 0.0828955)	(46, 0.0)	(47, 0.00048692)	(48, 0.082092)	(49, 0.0)	(50, 0.0)	(51, 0.00210267)	(52, 0.0044731300000000005)	(53, 0.000161602)	(54, 0.0)	(55, 0.0)	(56, 0.083437)	(57, 0.0)	(58, 0.0)	(59, 9.73252e-06)	(60, 0.0)	(61, 0.0)	(62, 0.0)	(63, 0.0)	(64, 0.0794464)	(65, 0.000463911)	(66, 1.09962e-05)	(67, 0.0)	(68, 0.0)	(69, 1.95947e-05)	(70, 0.00047227700000000006)	(71, 0.165746)	(72, 0.159802)	(73, 0.0028408)	(74, 0.00146825)	(75, 3.7e-06)	(76, 4.94031e-06)	(77, 0.0)	(78, 4.95627e-06)	(79, 0.0)	(80, 0.0)	(81, 0.0)	(82, 0.0)	(83, 0.0)	(84, 0.00258709)	(85, 0.00246954)	(86, 0.0)	(87, 9.11476e-05)	(88, 5.3361899999999995e-05)	(89, 0.000249993)	(90, 0.16549)	(91, 1.28627e-05)	(92, 0.00147167)	(93, 0.0)	(94, 0.0812818)	(95, 0.000198045)	(96, 0.0844557)	(97, 0.0)	(98, 0.000106912)	(99, 1.3461000000000001e-06)	(100, 0.0)	(101, 0.0)	(102, 0.0)	(103, 0.0)	(104, 0.0010048099999999999)	(105, 0.0)	(106, 0.0)	(107, 4.17888e-05)	(108, 0.0)	(109, 0.00027531400000000003)	(110, 0.0)	(111, 0.000986901)	(112, 0.0020995000000000002)	(113, 0.00683362)	(114, 0.0)	(115, 0.0)	(116, 0.0)	(117, 0.0)	(118, 0.00746957)	(119, 0.0)	(120, 0.0)	(121, 9.08905e-05)	(122, 0.0)	(123, 0.105302)	(124, 0.0034825800000000003)	(125, 0.0)	(126, 0.00650601)	(127, 0.0838794)	(128, 0.00275328)	(129, 0.0)	(130, 0.0)	(131, 1.99355e-06)	(132, 0.0)	(133, 0.0)	(134, 0.0)	(135, 0.0)	(136, 4.10428e-05)	(137, 0.0005465450000000001)	(138, 2.2308099999999997e-06)	(139, 0.00915732)	(140, 0.167076)	(141, 0.0)	(142, 5.97506e-05)	(143, 0.000535206)	(144, 0.00257284)	(145, 0.0)	(146, 0.0)	(147, 0.0)	(148, 0.0)	(149, 0.0)	(150, 0.00374624)	(151, 0.0)
reports | SRR35329994	(1, 0.0)	(2, 0.097549)	(3, 0.0)	(4, 0.0)	(5, 0.0)	(6, 0.0)	(7, 0.0)	(8, 0.000800577)	(9, 0.0)	(10, 0.000277365)	(11, 0.12198400000000001)	(12, 0.0)	(13, 0.0)	(14, 3.62466e-05)	(15, 0.0)	(16, 1.57594e-06)	(17, 0.0005263630000000001)	(18, 0.0)	(19, 0.0)	(20, 0.0)	(21, 0.0)	(22, 0.0)	(23, 7.87969e-05)	(24, 0.0)	(25, 0.0)	(26, 0.0)	(27, 0.0)	(28, 0.0)	(29, 0.0)	(30, 0.00468211)	(31, 9.61323e-05)	(32, 4.88542e-05)	(33, 0.0)	(34, 0.0)	(35, 0.0)	(36, 0.000876239)	(37, 1.57598e-06)	(38, 0.0)	(39, 9.45602e-06)	(40, 0.00013553800000000002)	(41, 3.1521000000000003e-06)	(42, 0.0602443)	(43, 0.0)	(44, 0.0)	(45, 0.08247600000000001)	(46, 0.0)	(47, 0.00048395400000000004)	(48, 0.0810011)	(49, 0.0)	(50, 0.0)	(51, 0.00196489)	(52, 0.00469206)	(53, 0.000167206)	(54, 0.0)	(55, 0.0)	(56, 0.08313129999999999)	(57, 0.0)	(58, 0.0)	(59, 1.4215099999999999e-05)	(60, 0.0)	(61, 0.0)	(62, 0.0)	(63, 0.0)	(64, 0.0787359)	(65, 0.00048971)	(66, 2.8546999999999996e-05)	(67, 0.0)	(68, 0.0)	(69, 1.7487e-05)	(70, 0.000477579)	(71, 0.163867)	(72, 0.158239)	(73, 0.00301318)	(74, 0.0014053000000000002)	(75, 0.0)	(76, 3.20641e-06)	(77, 0.0)	(78, 3.21703e-06)	(79, 0.0)	(80, 0.0)	(81, 0.0)	(82, 0.0)	(83, 0.0)	(84, 0.0026710600000000003)	(85, 0.00259034)	(86, 3.2787199999999998e-06)	(87, 0.000110212)	(88, 8.585589999999999e-05)	(89, 0.000258599)	(90, 0.162614)	(91, 5.0165300000000006e-06)	(92, 0.00153217)	(93, 0.0)	(94, 0.0803796)	(95, 0.000220144)	(96, 0.0844346)	(97, 0.0)	(98, 0.00010960800000000001)	(99, 1.75266e-06)	(100, 0.0)	(101, 0.0)	(102, 0.0)	(103, 0.0)	(104, 0.00108329)	(105, 0.0)	(106, 0.0)	(107, 4.32409e-05)	(108, 0.0)	(109, 0.000272861)	(110, 0.0)	(111, 0.000906857)	(112, 0.00203483)	(113, 0.0071830900000000005)	(114, 0.0)	(115, 0.0)	(116, 0.0)	(117, 0.0)	(118, 0.00741703)	(119, 0.0)	(120, 4.42161e-06)	(121, 9.872409999999999e-05)	(122, 0.0)	(123, 0.10428099999999998)	(124, 0.0038420700000000004)	(125, 2.38032e-06)	(126, 0.00622262)	(127, 0.0834612)	(128, 0.0026216399999999997)	(129, 0.0)	(130, 0.0)	(131, 0.0)	(132, 0.0)	(133, 0.0)	(134, 0.0)	(135, 0.0)	(136, 6.23036e-05)	(137, 0.000707935)	(138, 1.1699100000000001e-05)	(139, 0.00875189)	(140, 0.166263)	(141, 0.0)	(142, 8.144060000000001e-05)	(143, 0.000529212)	(144, 0.00244972)	(145, 0.0)	(146, 0.0)	(147, 0.0)	(148, 0.0)	(149, 0.0)	(150, 0.0038624400000000004)	(151, 0.0)
reports | SRR35329995	(1, 0.0)	(2, 0.09771949999999999)	(3, 0.0)	(4, 0.0)	(5, 0.0)	(6, 0.0)	(7, 0.0)	(8, 0.000815775)	(9, 0.0)	(10, 0.000272432)	(11, 0.123814)	(12, 0.0)	(13, 0.0)	(14, 5.47908e-05)	(15, 0.0)	(16, 0.0)	(17, 0.000476376)	(18, 0.0)	(19, 0.0)	(20, 0.0)	(21, 0.0)	(22, 0.0)	(23, 5.78348e-05)	(24, 0.0)	(25, 0.0)	(26, 0.0)	(27, 0.0)	(28, 0.0)	(29, 0.0)	(30, 0.00466635)	(31, 0.00010501600000000001)	(32, 4.87031e-05)	(33, 0.0)	(34, 0.0)	(35, 0.0)	(36, 0.0007868710000000001)	(37, 0.0)	(38, 0.0)	(39, 1.52203e-06)	(40, 0.000135462)	(41, 3.0441400000000005e-06)	(42, 0.060241600000000006)	(43, 0.0)	(44, 0.0)	(45, 0.083094)	(46, 0.0)	(47, 0.000505419)	(48, 0.0808631)	(49, 0.0)	(50, 0.0)	(51, 0.00196571)	(52, 0.00478833)	(53, 0.00018137699999999998)	(54, 0.0)	(55, 0.0)	(56, 0.08383)	(57, 0.0)	(58, 0.0)	(59, 1.83097e-05)	(60, 0.0)	(61, 0.0)	(62, 1.52726e-06)	(63, 0.0)	(64, 0.0803371)	(65, 0.000472794)	(66, 1.2249200000000001e-05)	(67, 0.0)	(68, 0.0)	(69, 6.13652e-06)	(70, 0.00047293699999999993)	(71, 0.164858)	(72, 0.15959399999999999)	(73, 0.00297782)	(74, 0.00142273)	(75, 0.0)	(76, 6.18143e-06)	(77, 0.0)	(78, 4.65009e-06)	(79, 0.0)	(80, 0.0)	(81, 0.0)	(82, 0.0)	(83, 0.0)	(84, 0.00272251)	(85, 0.00254419)	(86, 3.1562100000000002e-06)	(87, 0.000107664)	(88, 7.62713e-05)	(89, 0.000290313)	(90, 0.164496)	(91, 4.826e-06)	(92, 0.0014754)	(93, 0.0)	(94, 0.07966670000000001)	(95, 0.00020842700000000002)	(96, 0.0850754)	(97, 0.0)	(98, 0.000120454)	(99, 0.0)	(100, 0.0)	(101, 0.0)	(102, 0.0)	(103, 0.0)	(104, 0.00101695)	(105, 0.0)	(106, 0.0)	(107, 4.1586200000000005e-05)	(108, 0.0)	(109, 0.000303135)	(110, 0.0)	(111, 0.000938688)	(112, 0.00202685)	(113, 0.00733491)	(114, 0.0)	(115, 0.0)	(116, 0.0)	(117, 0.0)	(118, 0.00735922)	(119, 0.0)	(120, 0.0)	(121, 8.86933e-05)	(122, 0.0)	(123, 0.104576)	(124, 0.00372226)	(125, 0.0)	(126, 0.006427349999999999)	(127, 0.0841951)	(128, 0.00272803)	(129, 0.0)	(130, 0.0)	(131, 0.0)	(132, 0.0)	(133, 0.0)	(134, 0.0)	(135, 0.0)	(136, 3.56715e-05)	(137, 0.00066117)	(138, 2.83662e-06)	(139, 0.00923688)	(140, 0.1668)	(141, 0.0)	(142, 6.99935e-05)	(143, 0.000526763)	(144, 0.00252088)	(145, 0.0)	(146, 0.0)	(147, 0.0)	(148, 0.0)	(149, 0.0)	(150, 0.0037271299999999995)	(151, 0.0)
reports | SRR35329996	(1, 0.0)	(2, 0.0889204)	(3, 0.0)	(4, 1.5850599999999998e-06)	(5, 0.0)	(6, 0.0)	(7, 0.0)	(8, 0.000627684)	(9, 0.0)	(10, 0.000271045)	(11, 0.102322)	(12, 0.0)	(13, 0.0)	(14, 2.85311e-05)	(15, 0.0)	(16, 0.0)	(17, 0.000315427)	(18, 1.5850599999999998e-06)	(19, 0.0)	(20, 0.0)	(21, 0.0)	(22, 0.0)	(23, 4.4381699999999996e-05)	(24, 0.0)	(25, 0.0)	(26, 0.0)	(27, 0.0)	(28, 0.0)	(29, 0.0)	(30, 0.00452376)	(31, 9.827379999999999e-05)	(32, 4.12117e-05)	(33, 0.0)	(34, 0.0)	(35, 0.0)	(36, 0.0006752479999999999)	(37, 0.0)	(38, 1.58511e-06)	(39, 0.0)	(40, 0.000136322)	(41, 0.0)	(42, 0.0588472)	(43, 0.0)	(44, 0.0)	(45, 0.0833226)	(46, 0.0)	(47, 0.000513695)	(48, 0.0816719)	(49, 0.0)	(50, 0.0)	(51, 0.00198243)	(52, 0.0041747)	(53, 0.000199882)	(54, 0.0)	(55, 0.0)	(56, 0.0842098)	(57, 0.0)	(58, 0.0)	(59, 1.11181e-05)	(60, 0.0)	(61, 0.0)	(62, 0.0)	(63, 0.0)	(64, 0.0784334)	(65, 0.00043329800000000004)	(66, 6.3765e-06)	(67, 0.0)	(68, 0.0)	(69, 1.75752e-05)	(70, 0.00045920600000000003)	(71, 0.16558499999999998)	(72, 0.15815600000000002)	(73, 0.00293524)	(74, 0.00132077)	(75, 0.0)	(76, 3.2224800000000004e-06)	(77, 0.0)	(78, 4.84964e-06)	(79, 0.0)	(80, 0.0)	(81, 0.0)	(82, 0.0)	(83, 0.0)	(84, 0.0025528400000000002)	(85, 0.00208867)	(86, 0.0)	(87, 4.957910000000001e-05)	(88, 1.49287e-05)	(89, 0.00023813599999999998)	(90, 0.164973)	(91, 1.6796699999999998e-06)	(92, 0.0012909)	(93, 0.0)	(94, 0.0794521)	(95, 0.000178223)	(96, 0.0852263)	(97, 0.0)	(98, 9.25753e-05)	(99, 0.0)	(100, 0.0)	(101, 0.0)	(102, 0.0)	(103, 0.0)	(104, 0.000868816)	(105, 0.0)	(106, 0.0)	(107, 3.20595e-05)	(108, 0.0)	(109, 0.000279434)	(110, 0.0)	(111, 0.0009270319999999999)	(112, 0.00183236)	(113, 0.00648461)	(114, 0.0)	(115, 0.0)	(116, 0.0)	(117, 0.0)	(118, 0.007539059999999999)	(119, 0.0)	(120, 0.0)	(121, 8.09056e-05)	(122, 0.0)	(123, 0.107215)	(124, 0.0032991199999999996)	(125, 0.0)	(126, 0.00649662)	(127, 0.08495609999999999)	(128, 0.002781)	(129, 0.0)	(130, 0.0)	(131, 2.6141499999999998e-06)	(132, 0.0)	(133, 0.0)	(134, 0.0)	(135, 0.0)	(136, 3.68208e-05)	(137, 0.000500813)	(138, 2.92527e-06)	(139, 0.00933984)	(140, 0.168443)	(141, 0.0)	(142, 2.81956e-05)	(143, 0.00048462500000000003)	(144, 0.0022001399999999997)	(145, 0.0)	(146, 0.0)	(147, 0.0)	(148, 0.0)	(149, 0.0)	(150, 0.00386088)	(151, 0.0)
