Sample	0	1	2	3	4	5	6	7	8	9	10	11	12	13	14	15	16	17	18	19	20	21	22	23	24	25	26	27	28	29	30	31	32	33	34	35
fastp | SRR35329977_1 - nextera_transposase_sequence	(1, 6.336347604292557e-05)	(2, 0.0810874630960555)	(3, 0.08117083609084882)	(4, 0.08118862232973806)	(5, 0.08124309268633637)	(6, 0.08127310696446197)	(7, 0.081330912240852)	(8, 0.08136314979883875)	(9, 0.08142095507522878)	(10, 0.08152922880446706)	(15, 0.08167396432342826)	(20, 0.08178290503662486)	(25, 0.08192764055558607)	(30, 0.08212573479121502)	(35, 0.08215952864510456)	(40, 0.08217820419593827)	(45, 0.08220977476996669)	(50, 0.0823029301961491)	(55, 0.08249035268844448)	(60, 0.08279338573351994)	(65, 0.08341234684686558)	(70, 0.08441882564001058)	(75, 0.0861874447695596)	(80, 0.08902012564065755)	(85, 0.09353449539873335)	(90, 0.10054160653713647)	(95, 0.11047544328476437)	(100, 0.12452679433525189)	(105, 0.1416106991163552)	(110, 0.16196282529335676)	(115, 0.18501290158187028)	(120, 0.21081917791425803)	(125, 0.23808303652361915)	(130, 0.26602544014660484)	(135, 0.2944367334923082)	(140, 0.3111369001693761)
fastp | SRR35329977_2 - nextera_transposase_sequence	(1, 3.0014278125596326e-05)	(2, 0.08172220949641533)	(3, 0.08179335445197229)	(4, 0.08181002905093096)	(5, 0.0818578295679458)	(6, 0.08187672744676562)	(7, 0.08192675124364161)	(8, 0.08195787716169779)	(9, 0.08200567767871263)	(10, 0.08210194569670067)	(15, 0.08224067836003673)	(20, 0.08234672880941385)	(25, 0.08247101015365244)	(30, 0.08267510724490648)	(35, 0.08270801178685158)	(40, 0.08272490871379637)	(45, 0.08276048119157485)	(50, 0.08284029693859032)	(55, 0.0829830315056765)	(60, 0.083199578964153)	(65, 0.08362867197735598)	(70, 0.08427542408896607)	(75, 0.08547933013378164)	(80, 0.08730108565201229)	(85, 0.08999614549970472)	(90, 0.09397981835492275)	(95, 0.09920763862044328)	(100, 0.106223642878291)	(105, 0.11420099334810227)	(110, 0.12284955200799634)	(115, 0.13207460713588798)	(120, 0.1418325824464985)	(125, 0.1512766306407139)	(130, 0.1603216000998519)	(135, 0.16817044499368844)	(140, 0.17221414640515767)
fastp | SRR35329978_1 - nextera_transposase_sequence	(1, 0.00012552535826608203)	(2, 0.1907806123704067)	(3, 0.1909550437124128)	(4, 0.19100721009506882)	(5, 0.19113110525387692)	(6, 0.19118327163653295)	(7, 0.191271302407265)	(8, 0.19134792178179105)	(9, 0.19144736394872913)	(10, 0.19165179096076246)	(15, 0.1919706579747475)	(20, 0.19221583997323083)	(25, 0.19247080316846218)	(30, 0.1928278168497644)	(35, 0.19288911234938527)	(40, 0.19291291326147209)	(45, 0.19295986300586251)	(50, 0.19307397696792258)	(55, 0.19333024432272033)	(60, 0.19378506997150263)	(65, 0.19458549790538116)	(70, 0.1958593357618632)	(75, 0.1979975053709774)	(80, 0.20128235727884952)	(85, 0.20658604819551024)	(90, 0.21448403852963377)	(95, 0.22539105102333568)	(100, 0.24024966700323222)	(105, 0.25833999038867006)	(110, 0.2797657018651781)	(115, 0.30319003787719534)	(120, 0.329330612226134)	(125, 0.3559905681223918)	(130, 0.3833475973068909)	(135, 0.4103701095626082)	(140, 0.4260803417393645)
fastp | SRR35329978_2 - nextera_transposase_sequence	(1, 0.00010270256585406711)	(2, 0.19240429103057574)	(3, 0.19253307678775783)	(4, 0.19257546197366585)	(5, 0.19268957593572594)	(6, 0.19273522152054995)	(7, 0.192818361692908)	(8, 0.19288356967122805)	(9, 0.1929683400430441)	(10, 0.19315516090093104)	(15, 0.19344859680337123)	(20, 0.19367356432857535)	(25, 0.19390929117020234)	(30, 0.19427478188868616)	(35, 0.19431488479535303)	(40, 0.19433053471014977)	(45, 0.19437031157692503)	(50, 0.1944707318635379)	(55, 0.19466765995806443)	(60, 0.19498685301194102)	(65, 0.1955254709128646)	(70, 0.19636078511514435)	(75, 0.19768026855645035)	(80, 0.1997284511554829)	(85, 0.20273453895603688)	(90, 0.20705913207822216)	(95, 0.2128750316645867)	(100, 0.2202076688266755)	(105, 0.22851255694551614)	(110, 0.23758266068994244)	(115, 0.24690414119079254)	(120, 0.2567430469996122)	(125, 0.26603159747141064)	(130, 0.2748614098157276)	(135, 0.28240173438876576)	(140, 0.2862516134287811)
fastp | SRR35329979_1 - nextera_transposase_sequence	(1, 0.00011160024132882586)	(2, 0.057148251579665146)	(3, 0.05731676794407167)	(4, 0.0573904241033487)	(5, 0.05752211238811671)	(6, 0.05756786848706153)	(7, 0.05767946872839036)	(8, 0.0577419648635345)	(9, 0.05783012905418427)	(10, 0.05803234869147211)	(15, 0.05837518463283427)	(20, 0.05864101640767951)	(25, 0.058886090537637624)	(30, 0.059193437602257204)	(35, 0.05923852409975405)	(40, 0.059273120174565985)	(45, 0.059315751466753594)	(50, 0.059412620476227015)	(55, 0.05960100168359008)	(60, 0.05990455434000449)	(65, 0.060482866790570466)	(70, 0.06144887847951278)	(75, 0.06318761023941588)	(80, 0.06591779854328428)	(85, 0.0702295854672648)	(90, 0.07678096603423219)	(95, 0.08639287161940132)	(100, 0.09972910045819598)	(105, 0.11660662815483698)	(110, 0.13680783423873305)	(115, 0.16026575856508693)	(120, 0.1866632332480421)	(125, 0.2146041392685749)	(130, 0.24381416323349914)	(135, 0.2731121281885905)	(140, 0.29053672026822536)
fastp | SRR35329979_2 - nextera_transposase_sequence	(1, 8.37001809966194e-05)	(2, 0.05766496069701761)	(3, 0.05779106896971918)	(4, 0.0578557971096899)	(5, 0.05796404934377886)	(6, 0.058005341433070526)	(7, 0.05809796963337346)	(8, 0.05815153774921129)	(9, 0.058225193908488314)	(10, 0.05839616547820407)	(15, 0.058707976552476816)	(20, 0.0589568450906401)	(25, 0.059177143967023206)	(30, 0.059483821430194816)	(35, 0.059516855101628144)	(40, 0.05953136313300089)	(45, 0.05958091364015089)	(50, 0.059662158615838276)	(55, 0.059798310910259445)	(60, 0.06003289461753264)	(65, 0.06046411795002722)	(70, 0.06106586645127225)	(75, 0.06217472644911547)	(80, 0.06381926760533704)	(85, 0.06630973859083113)	(90, 0.06987893750900963)	(95, 0.07493844604989328)	(100, 0.08159785565046698)	(105, 0.08930786992291023)	(110, 0.09787653645213748)	(115, 0.10721993185666942)	(120, 0.11692826005034669)	(125, 0.1265859217344606)	(130, 0.13572486549687812)	(135, 0.1435219279575579)	(140, 0.14750650297396228)
fastp | SRR35329980_1 - nextera_transposase_sequence	(1, 6.293754885633543e-05)	(2, 0.06666447235753087)	(3, 0.06679715151457935)	(4, 0.06684307891509614)	(5, 0.06692302661229203)	(6, 0.06695874792380509)	(7, 0.06702848953199723)	(8, 0.06706421084351029)	(9, 0.06712374636269872)	(10, 0.06728840459862558)	(15, 0.06751191794780725)	(20, 0.0676993697825091)	(25, 0.06787899694897474)	(30, 0.06809094339728554)	(35, 0.06812496369396463)	(40, 0.06815217993130793)	(45, 0.06817667454491687)	(50, 0.06825832325694672)	(55, 0.06844849671538289)	(60, 0.0687509371528601)	(65, 0.06933098321123873)	(70, 0.07034342724040876)	(75, 0.07224209999806934)	(80, 0.07527841147667905)	(85, 0.08018447846077208)	(90, 0.08769207753191592)	(95, 0.09852516060344182)	(100, 0.11356791518603956)	(105, 0.13230561419095438)	(110, 0.15501586323908775)	(115, 0.18038683969049352)	(120, 0.2087624887445975)	(125, 0.23770219431764086)	(130, 0.26766148818215696)	(135, 0.2969413967219913)	(140, 0.3139954312442575)
fastp | SRR35329980_2 - nextera_transposase_sequence	(1, 7.824668236193055e-05)	(2, 0.06760173153104007)	(3, 0.06769868937657551)	(4, 0.06773951373259043)	(5, 0.06780245128144677)	(6, 0.06783306954845796)	(7, 0.06789600709731429)	(8, 0.06792832637915944)	(9, 0.06797595479451018)	(10, 0.06811475760496091)	(15, 0.06831309593460007)	(20, 0.06846754808152318)	(25, 0.06861859819877839)	(30, 0.06882884363225522)	(35, 0.06885265783993058)	(40, 0.0688669463645358)	(45, 0.06888667813660969)	(50, 0.06897240928424102)	(55, 0.06911053168875816)	(60, 0.06937963223548986)	(65, 0.06982835994868719)	(70, 0.07052475542170837)	(75, 0.07183623785868767)	(80, 0.073865548555596)	(85, 0.07698384894920234)	(90, 0.08143472436372903)	(95, 0.08756518182530289)	(100, 0.09569365131084032)	(105, 0.1051240775502869)	(110, 0.11576426553964228)	(115, 0.12698177796364202)	(120, 0.1389487575234823)	(125, 0.1503458971139477)	(130, 0.1615630693349806)	(135, 0.1710227530295712)	(140, 0.17577776989640906)
fastp | SRR35329981_1 - nextera_transposase_sequence	(1, 0.00013831305286361763)	(2, 0.23561694418675772)	(3, 0.2357802853158538)	(4, 0.23581980333095767)	(5, 0.2359133293000369)	(6, 0.23596470271967196)	(7, 0.2360292488110083)	(8, 0.23607271862762258)	(9, 0.2361609755280213)	(10, 0.2363164130540966)	(15, 0.23652849306848744)	(20, 0.23669736671969804)	(25, 0.2369178772439778)	(30, 0.23727801808829124)	(35, 0.23731938027743332)	(40, 0.23734098345902344)	(45, 0.2373999970282453)	(50, 0.23755938635583096)	(55, 0.23789528948421404)	(60, 0.238423513619436)	(65, 0.23937668814374186)	(70, 0.24085861371013778)	(75, 0.24347813120465772)	(80, 0.24752056069635167)	(85, 0.2536935381090134)	(90, 0.2627850526638146)	(95, 0.27531964014790067)	(100, 0.2927188952912757)	(105, 0.3131020240284285)	(110, 0.33744564823929324)	(115, 0.3633088718576196)	(120, 0.39222051516106016)	(125, 0.4216008421236328)	(130, 0.45158500435699284)	(135, 0.48074192280751155)	(140, 0.49745540866211707)
fastp | SRR35329981_2 - nextera_transposase_sequence	(1, 0.0001778310679675084)	(2, 0.23815004895491712)	(3, 0.23826860300022878)	(4, 0.23829890014514177)	(5, 0.23837398437383917)	(6, 0.2384161369232833)	(7, 0.23847541394593916)	(8, 0.23850966289236253)	(9, 0.23857816078520927)	(10, 0.23872253326705545)	(15, 0.23892170406317909)	(20, 0.23908162029763283)	(25, 0.2392784200128502)	(30, 0.2396267054526325)	(35, 0.23965700259754552)	(40, 0.23967544433792728)	(45, 0.23972918883846858)	(50, 0.23988041110959948)	(55, 0.24013964928868098)	(60, 0.24055959406251834)	(65, 0.24129910785182912)	(70, 0.24234923323985655)	(75, 0.2441575776110106)	(80, 0.24681661312063435)	(85, 0.2507017609122149)	(90, 0.25618211924682244)	(95, 0.2633406759561753)	(100, 0.27293143476845555)	(105, 0.28327883184325825)	(110, 0.2947277277257235)	(115, 0.3062843760627053)	(120, 0.3186042489980602)	(125, 0.33031844248858955)	(130, 0.3414490866227514)	(135, 0.3509961121649834)	(140, 0.35572668202635316)
fastp | SRR35329982_1 - nextera_transposase_sequence	(1, 7.938101284110562e-05)	(2, 0.21710418353813876)	(3, 0.21724706936125274)	(4, 0.21729758455124254)	(5, 0.21738129543751133)	(6, 0.21741737771607547)	(7, 0.21749387214663146)	(8, 0.21753139771633814)	(9, 0.21759201594432592)	(10, 0.21774471614720933)	(15, 0.21797564273001982)	(20, 0.2181445077937)	(25, 0.2183673519461121)	(30, 0.2186900718455898)	(35, 0.21873972106089404)	(40, 0.21876916420020237)	(45, 0.21881332890916488)	(50, 0.21891897782080072)	(55, 0.21920907934045636)	(60, 0.21961579878443133)	(65, 0.2204032584318151)	(70, 0.22170366375126666)	(75, 0.2239938781362897)	(80, 0.2274534470050193)	(85, 0.23263601683974375)	(90, 0.24052879878197775)	(95, 0.2513225959207685)	(100, 0.2663134837021399)	(105, 0.2838904605527603)	(110, 0.305438219994807)	(115, 0.32875227913712546)	(120, 0.35539976350231345)	(125, 0.38222765926032193)	(130, 0.41042783623668183)	(135, 0.4383006747819079)	(140, 0.45475361649069823)
fastp | SRR35329982_2 - nextera_transposase_sequence	(1, 4.907189884722893e-05)	(2, 0.21941633594852877)	(3, 0.21951880961965092)	(4, 0.21955633518935763)	(5, 0.21963427291105617)	(6, 0.21966313873390747)	(7, 0.21972664354418037)	(8, 0.21975695265817424)	(9, 0.21981179772159173)	(10, 0.21995266293710616)	(15, 0.22015818759580746)	(20, 0.22031031048223387)	(25, 0.2204976496725389)	(30, 0.22081170982516113)	(35, 0.22084865807841086)	(40, 0.2208679981797212)	(45, 0.2209136061798263)	(50, 0.2210244509395753)	(55, 0.2212357487628469)	(60, 0.221557025371182)	(65, 0.22213463048643675)	(70, 0.22303062562774145)	(75, 0.22457581312497213)	(80, 0.22676470847178706)	(85, 0.22988019673212903)	(90, 0.23429984286889333)	(95, 0.24001412116053888)	(100, 0.2477423679125204)	(105, 0.2561319306660254)	(110, 0.26525814921869595)	(115, 0.2746770672150788)	(120, 0.28479886799789106)	(125, 0.2941958479689069)	(130, 0.30314887158446957)	(135, 0.31038322410746516)	(140, 0.3141886055339535)
fastp | SRR35329983_1 - nextera_transposase_sequence	(1, 0.00013132903776217445)	(2, 0.1657401968701959)	(3, 0.16584644058613832)	(4, 0.16588185515811912)	(5, 0.16593792823042208)	(6, 0.16596448915940767)	(7, 0.16602056223171063)	(8, 0.16605302558935972)	(9, 0.16609729380433572)	(10, 0.1662318691778628)	(15, 0.16640362985196974)	(20, 0.16652167842523913)	(25, 0.16668989764214798)	(30, 0.1669761654323262)	(35, 0.1670092190328416)	(40, 0.16703577996182722)	(45, 0.1670750311124393)	(50, 0.1671927845642755)	(55, 0.1674371451109431)	(60, 0.16781578590970456)	(65, 0.16852466759218715)	(70, 0.16972404109660397)	(75, 0.17178133260725592)	(80, 0.17503829274375785)	(85, 0.18027964939691787)	(90, 0.18804576991087657)	(95, 0.19904169938948527)	(100, 0.21430360918461577)	(105, 0.2329116057890666)	(110, 0.2552177690726137)	(115, 0.2803491298359299)	(120, 0.308080510425504)	(125, 0.3369218427252434)	(130, 0.3664310348282542)	(135, 0.3956687152127455)	(140, 0.41275536082918735)
fastp | SRR35329983_2 - nextera_transposase_sequence	(1, 8.853642995202771e-05)	(2, 0.16741796221778682)	(3, 0.16749174257608015)	(4, 0.16751977911223165)	(5, 0.1675669985415394)	(6, 0.16759208386335914)	(7, 0.16764077889983275)	(8, 0.1676702910431501)	(9, 0.16770423000796503)	(10, 0.16781873712403633)	(15, 0.16797101978355383)	(20, 0.16808257568529336)	(25, 0.16824253150207336)	(30, 0.1685429651210439)	(35, 0.1685810357859233)	(40, 0.16860671135060937)	(45, 0.16864478201548874)	(50, 0.16875191109573068)	(55, 0.16892131079837225)	(60, 0.16920521761708507)	(65, 0.16971194111784382)	(70, 0.17054359331652655)	(75, 0.17193213965960752)	(80, 0.17403281402093598)	(85, 0.17711919396906367)	(90, 0.18142914737912838)	(95, 0.18716896413291834)	(100, 0.1947187606363609)	(105, 0.20321943839748827)	(110, 0.2126042999724032)	(115, 0.22248703140508175)	(120, 0.23293344477512146)	(125, 0.24293511014536887)	(130, 0.2524197227646964)	(135, 0.26053438169123294)	(140, 0.26459112091163484)
fastp | SRR35329984_1 - nextera_transposase_sequence	(1, 8.88983027905043e-05)	(2, 0.11275156248831113)	(3, 0.11286394336165007)	(4, 0.11287903929985978)	(5, 0.11295787364384381)	(6, 0.11297800156145675)	(7, 0.11302832135548911)	(8, 0.11305851323190853)	(9, 0.11310715569947315)	(10, 0.11323798716395728)	(15, 0.11343825994420609)	(20, 0.1135778135063225)	(25, 0.1137616484871874)	(30, 0.11402297595086212)	(35, 0.11406960562666543)	(40, 0.11409375912780098)	(45, 0.11412831205303653)	(50, 0.11422022954346897)	(55, 0.11442452790724036)	(60, 0.11478481763251205)	(65, 0.115495333124249)	(70, 0.11653594646483822)	(75, 0.11850680506443903)	(80, 0.12159073750803565)	(85, 0.12667639135823958)	(90, 0.134332044822323)	(95, 0.14505854758355458)	(100, 0.15983243911145575)	(105, 0.17750139612268545)	(110, 0.19863570961627702)	(115, 0.2217006258742435)	(120, 0.2468682385921756)	(125, 0.2727903127552996)	(130, 0.30003244284853914)	(135, 0.3263919637544511)	(140, 0.3416479189091823)
fastp | SRR35329984_2 - nextera_transposase_sequence	(1, 6.206107930657848e-05)	(2, 0.11418064463883018)	(3, 0.11426115630928196)	(4, 0.11427289759455618)	(5, 0.11433495867386276)	(6, 0.1143517319385402)	(7, 0.11441547034431453)	(8, 0.1144473395472017)	(9, 0.11448759538242759)	(10, 0.11459762799871168)	(15, 0.1147734118125314)	(20, 0.11490793339524456)	(25, 0.11508136895200945)	(30, 0.11534336734627126)	(35, 0.11537221736151648)	(40, 0.11538664236913912)	(45, 0.11542253715554884)	(50, 0.1155064034789361)	(55, 0.11567547798688485)	(60, 0.11596498453521771)	(65, 0.11646516328789938)	(70, 0.11715655725790401)	(75, 0.11842763525516145)	(80, 0.12032502695547498)	(85, 0.12332576400627146)	(90, 0.12755430403145754)	(95, 0.1332417826182885)	(100, 0.1404462352625484)	(105, 0.14841320051904533)	(110, 0.1573449639597894)	(115, 0.16653939672538237)	(120, 0.176281644315341)	(125, 0.18541435146692095)	(130, 0.1942619131189842)	(135, 0.20153983266253134)	(140, 0.20532991954904878)
fastp | SRR35329985_1 - nextera_transposase_sequence	(1, 0.00013614530229201334)	(2, 0.2032506052375241)	(3, 0.20340466439538085)	(4, 0.20344049210651033)	(5, 0.20351214752876928)	(6, 0.20354797523989876)	(7, 0.2036070909632624)	(8, 0.20366441530106957)	(9, 0.2037181568677638)	(10, 0.20386003460383653)	(15, 0.20405601218371477)	(20, 0.20421222100423927)	(25, 0.20441428929500952)	(30, 0.20467690641758862)	(35, 0.20471380896005192)	(40, 0.2047403214662878)	(45, 0.20477973194853022)	(50, 0.20486034429857153)	(55, 0.2050405576855528)	(60, 0.20536014086882776)	(65, 0.20596168813869165)	(70, 0.20697167131543162)	(75, 0.20867420414830437)	(80, 0.21165614454561074)	(85, 0.21618118446126372)	(90, 0.22331842279536684)	(95, 0.2333272521764976)	(100, 0.24752935686822236)	(105, 0.26479365603018357)	(110, 0.2856145720759679)	(115, 0.3085887335606339)	(120, 0.33430765599492906)	(125, 0.36058190795173123)	(130, 0.38767768932473223)	(135, 0.41449473110514584)	(140, 0.42973010698584474)
fastp | SRR35329985_2 - nextera_transposase_sequence	(1, 8.061235004132368e-05)	(2, 0.2057101776065627)	(3, 0.20583199182440295)	(4, 0.20586602814997595)	(5, 0.20592872664445253)	(6, 0.20595738881335612)	(7, 0.2060129217656068)	(8, 0.20605591501896217)	(9, 0.2061024910434305)	(10, 0.20620889934548506)	(15, 0.20638087235890654)	(20, 0.20653278185409554)	(25, 0.20670869591574123)	(30, 0.20697847858054624)	(35, 0.20700714074944976)	(40, 0.20701968044834512)	(45, 0.20704905917147126)	(50, 0.20712859669017872)	(55, 0.20726366716113684)	(60, 0.20750514593414954)	(65, 0.20795872475704869)	(70, 0.2086179546418311)	(75, 0.20976444139797437)	(80, 0.2116031195331391)	(85, 0.21436866055522347)	(90, 0.21851786778112822)	(95, 0.22389954826988698)	(100, 0.2310722560380083)	(105, 0.23935347318847572)	(110, 0.24812123065608133)	(115, 0.257127242402698)	(120, 0.2667792277809792)	(125, 0.2759070537454361)	(130, 0.28488153710625885)	(135, 0.29245909801014325)	(140, 0.29629158826966345)
fastp | SRR35329986_1 - nextera_transposase_sequence	(1, 8.382383653852499e-05)	(2, 0.06585699974513987)	(3, 0.06600324558761134)	(4, 0.06606031713589289)	(5, 0.06617089326068838)	(6, 0.06622261435131854)	(7, 0.06631178864550846)	(8, 0.06636707670790622)	(9, 0.06644198311502575)	(10, 0.06662532546388023)	(15, 0.06688143403679367)	(20, 0.06706299289976433)	(25, 0.0672049583761147)	(30, 0.0674111293442818)	(35, 0.06744251869583665)	(40, 0.06747355135021474)	(45, 0.06752348895496109)	(50, 0.06761301994632778)	(55, 0.06783809586486313)	(60, 0.0681780282743151)	(65, 0.06881187915741707)	(70, 0.06998434277742613)	(75, 0.07205461319133931)	(80, 0.0752944936478475)	(85, 0.08057753553283513)	(90, 0.088586813939797)	(95, 0.10016805787483032)	(100, 0.11618233432263296)	(105, 0.13570223062362974)	(110, 0.15920179732573425)	(115, 0.18550429044281636)	(120, 0.2151804254576915)	(125, 0.24630689119327154)	(130, 0.27840321655246114)	(135, 0.30982538424757494)	(140, 0.32807936226825163)
fastp | SRR35329986_2 - nextera_transposase_sequence	(1, 6.242200593294414e-05)	(2, 0.0664830032903531)	(3, 0.06659357941514861)	(4, 0.06663638307635977)	(5, 0.0667237738846659)	(6, 0.06676657754587706)	(7, 0.06684505092476418)	(8, 0.06688428761420775)	(9, 0.06694314264837309)	(10, 0.06710472646944522)	(15, 0.06734050330328338)	(20, 0.06752384565213784)	(25, 0.06765225663577133)	(30, 0.06785664411805464)	(35, 0.06788232631478133)	(40, 0.06790515493409395)	(45, 0.06795116886989595)	(50, 0.06801822793912678)	(55, 0.06817267781666372)	(60, 0.06844162748794051)	(65, 0.06890961418384922)	(70, 0.06970825916261414)	(75, 0.07110116163786069)	(80, 0.07311828417243668)	(85, 0.07634104316446041)	(90, 0.08103589140497133)	(95, 0.08739330518635911)	(100, 0.09577568884021162)	(105, 0.10540401573248567)	(110, 0.11590090025016957)	(115, 0.12720427708450707)	(120, 0.13920071653328867)	(125, 0.15106553472384593)	(130, 0.16220197727945992)	(135, 0.1716772810829041)	(140, 0.17652051534894703)
fastp | SRR35329987_1 - nextera_transposase_sequence	(1, 6.786622885249613e-05)	(2, 0.13501093253508678)	(3, 0.1351573807131369)	(4, 0.13520024359451743)	(5, 0.13530025698440531)	(6, 0.13533478541662852)	(7, 0.13540622355226273)	(8, 0.1354669459675518)	(9, 0.13555267173031285)	(10, 0.13573483897618005)	(15, 0.1360265446966864)	(20, 0.13621276010357292)	(25, 0.13642683638335673)	(30, 0.13666877353603793)	(35, 0.13670544511233015)	(40, 0.13673568725641533)	(45, 0.13677116819711363)	(50, 0.1368530839259742)	(55, 0.13704715752778046)	(60, 0.13734457829913752)	(65, 0.13793299040964463)	(70, 0.13894622130005643)	(75, 0.14075622552990844)	(80, 0.14362018038748378)	(85, 0.1482167481613074)	(90, 0.15522982993651743)	(95, 0.1652711742812615)	(100, 0.1794268789842983)	(105, 0.19690921953670132)	(110, 0.21805752708273302)	(115, 0.2417730830963393)	(120, 0.26830734981495263)	(125, 0.295676490212011)	(130, 0.32366404673654287)	(135, 0.35107057309124984)	(140, 0.36669195021038176)
fastp | SRR35329987_2 - nextera_transposase_sequence	(1, 8.096322038543399e-05)	(2, 0.13712073880748368)	(3, 0.13723980236687403)	(4, 0.13727075889231552)	(5, 0.13736005656185826)	(6, 0.13739220372289365)	(7, 0.13745292613818275)	(8, 0.13749817029075107)	(9, 0.13756603651960356)	(10, 0.1377234385451176)	(15, 0.13798275897746975)	(20, 0.13816206869791164)	(25, 0.13835066537598592)	(30, 0.13860974768121934)	(35, 0.13864237109649227)	(40, 0.13866713631684546)	(45, 0.1387035697660189)	(50, 0.13878096107962265)	(55, 0.1389440781559874)	(60, 0.13918315778324322)	(65, 0.1396389330885895)	(70, 0.14036784019917714)	(75, 0.14165991794568114)	(80, 0.1435977964383184)	(85, 0.14654057137221016)	(90, 0.15090210767979723)	(95, 0.15667692843734768)	(100, 0.16451631131472672)	(105, 0.17353513781142652)	(110, 0.1836391095884099)	(115, 0.19432815969623743)	(120, 0.20561205134677912)	(125, 0.21684307877695153)	(130, 0.2276647656899399)	(135, 0.23692648184779594)	(140, 0.24157877136741426)
fastp | SRR35329988_1 - nextera_transposase_sequence	(1, 0.00013158390207090645)	(2, 0.0901755852340249)	(3, 0.09031854058442292)	(4, 0.09037702231867666)	(5, 0.09052160216169283)	(6, 0.09057033694023761)	(7, 0.09067105548256349)	(8, 0.09072953721681723)	(9, 0.09083512923699759)	(10, 0.09104046510393292)	(15, 0.09136081504823394)	(20, 0.09159474198524888)	(25, 0.09184004037059094)	(30, 0.09215779112670293)	(35, 0.09219645405101509)	(40, 0.09223836596056363)	(45, 0.09229392360810466)	(50, 0.09241511075741937)	(55, 0.09266365812799773)	(60, 0.09312826301679131)	(65, 0.09398014694575407)	(70, 0.09537103752542209)	(75, 0.09793741096359021)	(80, 0.10192911422493137)	(85, 0.10796377940286965)	(90, 0.11701707676387166)	(95, 0.1299278942959548)	(100, 0.14738924055002592)	(105, 0.16861875988117941)	(110, 0.19389813930940417)	(115, 0.22195670070877588)	(120, 0.2529848346141429)	(125, 0.2849184607048719)	(130, 0.31773743527249776)	(135, 0.3496093306437367)	(140, 0.3682253662507955)
fastp | SRR35329988_2 - nextera_transposase_sequence	(1, 9.097158661692297e-05)	(2, 0.09119089312037448)	(3, 0.09128673818484588)	(4, 0.0913338484707725)	(5, 0.09146380788022525)	(6, 0.09149954671782476)	(7, 0.09157589787087825)	(8, 0.09161488569371407)	(9, 0.091705857280331)	(10, 0.091895598018132)	(15, 0.09219775364510964)	(20, 0.09242193362641563)	(25, 0.09264383931805618)	(30, 0.09296191497269178)	(35, 0.09299375502800772)	(40, 0.09301259914237836)	(45, 0.09306555760173037)	(50, 0.09317147452043435)	(55, 0.09335829117152267)	(60, 0.09372640119879758)	(65, 0.09433786022027275)	(70, 0.09523912872482755)	(75, 0.09692957574328416)	(80, 0.09956385297289135)	(85, 0.1033560685407225)	(90, 0.10860220500180628)	(95, 0.11582957265999716)	(100, 0.12533447896884747)	(105, 0.13604930737970283)	(110, 0.1478671662782884)	(115, 0.16022468162462647)	(120, 0.1733941183815206)	(125, 0.18591830667048184)	(130, 0.19789244175893433)	(135, 0.20811894768877098)	(140, 0.21332999510930253)
fastp | SRR35329989_1 - nextera_transposase_sequence	(1, 6.598449191865087e-05)	(2, 0.0899081000142848)	(3, 0.09011112922018834)	(4, 0.09017542180205779)	(5, 0.09029893123564911)	(6, 0.09035645617732178)	(7, 0.09045627887022435)	(8, 0.09051549572194623)	(9, 0.09060347504450443)	(10, 0.0908491403836477)	(15, 0.09120545664000843)	(20, 0.0914578896193485)	(25, 0.09168934291407851)	(30, 0.09195666470185151)	(35, 0.09199388672293383)	(40, 0.09201215935146517)	(45, 0.09205919445083281)	(50, 0.09217458271618799)	(55, 0.09242363187542968)	(60, 0.09280566516453817)	(65, 0.0934726161059313)	(70, 0.09453784267290521)	(75, 0.09645443837663463)	(80, 0.09956586095710641)	(85, 0.1044135216300633)	(90, 0.11159026567674361)	(95, 0.12187369495575799)	(100, 0.1363845306836939)	(105, 0.1536257708490226)	(110, 0.17433610337922317)	(115, 0.197184333447588)	(120, 0.2229385882164522)	(125, 0.24978141791096925)	(130, 0.27757036370499677)	(135, 0.30464938404238157)	(140, 0.32061526241262617)
fastp | SRR35329989_2 - nextera_transposase_sequence	(1, 7.613595221382792e-05)	(2, 0.09092662986390089)	(3, 0.09107720985827936)	(4, 0.09113642671000122)	(5, 0.09123963322300219)	(6, 0.09128362288428128)	(7, 0.09136483456664271)	(8, 0.091410516137971)	(9, 0.09148157636003725)	(10, 0.09170829230662952)	(15, 0.09203889153024244)	(20, 0.09228083466727752)	(25, 0.09249976782764349)	(30, 0.09276404417732795)	(35, 0.09279111473811508)	(40, 0.09280871060262672)	(45, 0.09284965482581727)	(50, 0.09294541693460176)	(55, 0.09311765337760994)	(60, 0.09337956105322551)	(65, 0.09383671514851831)	(70, 0.09454528707712166)	(75, 0.09579154801935957)	(80, 0.09774874956426971)	(85, 0.10069977907207768)	(90, 0.10478371154882742)	(95, 0.11025467188390817)	(100, 0.11761211192384265)	(105, 0.1257583204287124)	(110, 0.13466555007371062)	(115, 0.14384686914667857)	(120, 0.15388023412042173)	(125, 0.16337455655249103)	(130, 0.17238194727240158)	(135, 0.18003310289687655)	(140, 0.18408319717264235)
fastp | SRR35329990_1 - nextera_transposase_sequence	(1, 0.0001611618327975131)	(2, 0.12536847552821861)	(3, 0.12552792287343317)	(4, 0.12557592852575586)	(5, 0.12566508188006936)	(6, 0.1257113730448091)	(7, 0.1258005263991226)	(8, 0.12585710448936002)	(9, 0.125929112967844)	(10, 0.1261053622913715)	(15, 0.12639785387302319)	(20, 0.12664131110980237)	(25, 0.12688545414161478)	(30, 0.12718103180091575)	(35, 0.12722560847807252)	(40, 0.1272506399967836)	(45, 0.12730070303420585)	(50, 0.12737682628288888)	(55, 0.12758462217794272)	(60, 0.12792271912930092)	(65, 0.1285519360722444)	(70, 0.12954393858774055)	(75, 0.1314641646806471)	(80, 0.13455778607532617)	(85, 0.13924382353705134)	(90, 0.14656640000384047)	(95, 0.15690476012904261)	(100, 0.171410010875852)	(105, 0.18859397702226596)	(110, 0.20898129176866798)	(115, 0.231751401357857)	(120, 0.2569783716534167)	(125, 0.2831003044672774)	(130, 0.3102704749893551)	(135, 0.3369479017800925)	(140, 0.35243178203925096)
fastp | SRR35329990_2 - nextera_transposase_sequence	(1, 9.258232947942243e-05)	(2, 0.1270503878470948)	(3, 0.12716697300273555)	(4, 0.12720640621714346)	(5, 0.12728184367079334)	(6, 0.1273264203479501)	(7, 0.1274052867767659)	(8, 0.1274481489663397)	(9, 0.1274995835938283)	(10, 0.1276580022464931)	(15, 0.12792031884668478)	(20, 0.1281418306424022)	(25, 0.12837397226113395)	(30, 0.12866817833036856)	(35, 0.12869801041431195)	(40, 0.12871275500752533)	(45, 0.12875081663186685)	(50, 0.1288355123184647)	(55, 0.1289963312537456)	(60, 0.1292730495496341)	(65, 0.1297483055076285)	(70, 0.1304450732613403)	(75, 0.1318197494053514)	(80, 0.13380889789909262)	(85, 0.136683750678187)	(90, 0.14086847197065688)	(95, 0.14637197711193367)	(100, 0.15363523230835266)	(105, 0.16159319787338386)	(110, 0.1703213112606773)	(115, 0.17947118859337693)	(120, 0.18917278803027066)	(125, 0.1985455487487541)	(130, 0.20735732913009558)	(135, 0.21496965399840368)	(140, 0.21896406716916583)
fastp | SRR35329991_1 - nextera_transposase_sequence	(1, 0.00016357351717597544)	(2, 0.23835130486761147)	(3, 0.23849481748173756)	(4, 0.23855037075172186)	(5, 0.238642959535029)	(6, 0.23868616763390568)	(7, 0.23876795439249365)	(8, 0.23880961934498188)	(9, 0.2389006649819006)	(10, 0.2390660902747427)	(15, 0.23932379572161427)	(20, 0.23949508497073252)	(25, 0.2397172980506697)	(30, 0.2400595679196285)	(35, 0.24010956586261437)	(40, 0.24013765112688418)	(45, 0.24018240237214927)	(50, 0.2402725221212349)	(55, 0.2404885626156183)	(60, 0.24085953500740231)	(65, 0.241562901131259)	(70, 0.24280698574962947)	(75, 0.24479363241012336)	(80, 0.2480228205425993)	(85, 0.2530139732214104)	(90, 0.2607093356313458)	(95, 0.27112217883134615)	(100, 0.28533085351766235)	(105, 0.30193202236463546)	(110, 0.32229476484810055)	(115, 0.3444827408798274)	(120, 0.3697227518386358)	(125, 0.39505072214158593)	(130, 0.4212826675988917)	(135, 0.4468754418221003)	(140, 0.46188686125968953)
fastp | SRR35329991_2 - nextera_transposase_sequence	(1, 9.413192969560851e-05)	(2, 0.24105489734018043)	(3, 0.24117063331931438)	(4, 0.2412153845645795)	(5, 0.2413033439087213)	(6, 0.2413388362756557)	(7, 0.24140982100952452)	(8, 0.24144531337645891)	(9, 0.24152401384227)	(10, 0.2416767853347268)	(15, 0.24192091109338)	(20, 0.2420912744546652)	(25, 0.24231503068099083)	(30, 0.24266223861839267)	(35, 0.24270020001954856)	(40, 0.2427190264054877)	(45, 0.24276717257280742)	(50, 0.2428505024777839)	(55, 0.2430162363999037)	(60, 0.24331375502359737)	(65, 0.24384768367400195)	(70, 0.24467079795760255)	(75, 0.2459929657832287)	(80, 0.24810182963768806)	(85, 0.2512285528499707)	(90, 0.2556635555703835)	(95, 0.26135159315821976)	(100, 0.268678143581315)	(105, 0.2765333759570941)	(110, 0.28526912766212426)	(115, 0.2941218498633992)	(120, 0.3035396722721253)	(125, 0.31242140562550313)	(130, 0.3210982091384944)	(135, 0.32828556775735124)	(140, 0.33200794547557655)
fastp | SRR35329992_1 - nextera_transposase_sequence	(1, 8.810638032741804e-05)	(2, 0.09897239556093229)	(3, 0.09912362293015099)	(4, 0.0991959490632556)	(5, 0.09929983569080583)	(6, 0.09933928630886289)	(7, 0.09945106306002453)	(8, 0.09950497890470252)	(9, 0.09958256512021471)	(10, 0.09983399705929832)	(15, 0.10018931562593218)	(20, 0.1004433776062196)	(25, 0.1006721911909505)	(30, 0.10095307959151674)	(35, 0.10099437123841644)	(40, 0.1010256687287417)	(45, 0.1010577552314281)	(50, 0.10114270556231095)	(55, 0.101383354332459)	(60, 0.10174498499798197)	(65, 0.10243168875629508)	(70, 0.10354025112369827)	(75, 0.10559589132859108)	(80, 0.108833998058714)	(85, 0.11416377655822182)	(90, 0.12215410473949731)	(95, 0.13363318257761816)	(100, 0.1497508640868873)	(105, 0.16938412167328062)	(110, 0.19310656732334763)	(115, 0.2197930694101012)	(120, 0.24949754377821937)	(125, 0.280312158538463)	(130, 0.3117324717879425)	(135, 0.34264913214689374)	(140, 0.3605418284646098)
fastp | SRR35329992_2 - nextera_transposase_sequence	(1, 7.758621551220395e-05)	(2, 0.09982847397277034)	(3, 0.09994156574453389)	(4, 0.09999416656860996)	(5, 0.10008621801074309)	(6, 0.10012566862880014)	(7, 0.10021903509153517)	(8, 0.10026243077139792)	(9, 0.10032949682209491)	(10, 0.10054121513900109)	(15, 0.10085524205873524)	(20, 0.10111219708434685)	(25, 0.10133312054546635)	(30, 0.10161663898723636)	(35, 0.10165161853524693)	(40, 0.10166766178659015)	(45, 0.10170684940052681)	(50, 0.10179022170668739)	(55, 0.10197248356211097)	(60, 0.10224179978138045)	(65, 0.10271047312389822)	(70, 0.10349659243971512)	(75, 0.10494443012240895)	(80, 0.10707555250985094)	(85, 0.1103920344678472)	(90, 0.11504536636973677)	(95, 0.12143452546613667)	(100, 0.12993245159974623)	(105, 0.13989636270035585)	(110, 0.15079314941595465)	(115, 0.1624221396026923)	(120, 0.17472152729227947)	(125, 0.18665270921333418)	(130, 0.19800922713135777)	(135, 0.20761071855408328)	(140, 0.21248102885528666)
fastp | SRR35329993_1 - nextera_transposase_sequence	(1, 0.00014567229640320898)	(2, 0.25940351394840766)	(3, 0.2595479723090075)	(4, 0.2595965297411419)	(5, 0.2596960724770174)	(6, 0.25973127661531487)	(7, 0.25981746605735345)	(8, 0.2598672374252912)	(9, 0.2599364317660827)	(10, 0.26010007031237564)	(15, 0.2603797611214699)	(20, 0.2605863729952017)	(25, 0.26080730931141327)	(30, 0.26109549767113094)	(35, 0.26113677148844516)	(40, 0.2611685766064932)	(45, 0.26121834797443094)	(50, 0.261327844983894)	(55, 0.26158107199247493)	(60, 0.2620319277498429)	(65, 0.262852791140075)	(70, 0.264213370388481)	(75, 0.26662448968111474)	(80, 0.27036025572237504)	(85, 0.2761048427310355)	(90, 0.2848905817142738)	(95, 0.29727515478015326)	(100, 0.3145152282723124)	(105, 0.33498752723449804)	(110, 0.3596979188733743)	(115, 0.38672984134259647)	(120, 0.4169279511741424)	(125, 0.4473848721189646)	(130, 0.47872869456172173)	(135, 0.5094160205220218)	(140, 0.5270387265794)
fastp | SRR35329993_2 - nextera_transposase_sequence	(1, 9.711486426880598e-05)	(2, 0.26184595278476813)	(3, 0.26195520700707053)	(4, 0.26199769476018814)	(5, 0.2620863120738334)	(6, 0.2621166604689174)	(7, 0.26219435236033245)	(8, 0.2622429097924669)	(9, 0.2623060344542416)	(10, 0.2624531634736088)	(15, 0.2627085755666358)	(20, 0.2629059615282622)	(25, 0.2630980061723537)	(30, 0.263384980596268)	(35, 0.2634177568629587)	(40, 0.2634320813054384)	(45, 0.2634716556126279)	(50, 0.26356075850059457)	(55, 0.2637443055940626)	(60, 0.26411358486544473)	(65, 0.26473633393256846)	(70, 0.26566645154510293)	(75, 0.26725597908602267)	(80, 0.2696253389870208)	(85, 0.2731714882557963)	(90, 0.2784023376324748)	(95, 0.2852821974044377)	(100, 0.29448771538847784)	(105, 0.30478359051109594)	(110, 0.3161479719278316)	(115, 0.3280224491691392)	(120, 0.34071487635475084)	(125, 0.35275299214235134)	(130, 0.36432398543281896)	(135, 0.3739259748502365)	(140, 0.3788329461545785)
fastp | SRR35329994_1 - nextera_transposase_sequence	(1, 0.00012922695458684297)	(2, 0.18710329491857236)	(3, 0.18721991436539465)	(4, 0.18726876845798235)	(5, 0.18734126162762862)	(6, 0.18737908415092233)	(7, 0.1874531532590392)	(8, 0.18750358329009748)	(9, 0.18754770956727346)	(10, 0.18769742372197773)	(15, 0.18789914384621084)	(20, 0.18805106431477392)	(25, 0.18825404518978348)	(30, 0.18857112401006243)	(35, 0.18860768578257966)	(40, 0.18863983492737935)	(45, 0.18868396120455536)	(50, 0.18879333133441295)	(55, 0.1890186905357047)	(60, 0.18946058368285285)	(65, 0.19024098841347975)	(70, 0.1914740026728547)	(75, 0.1936261042482668)	(80, 0.19701500233538322)	(85, 0.20227769126400888)	(90, 0.210305837020793)	(95, 0.2214779800263667)	(100, 0.23685882431144806)	(105, 0.25503632900640516)	(110, 0.27704052749560343)	(115, 0.3012671144160012)	(120, 0.32801930032933646)	(125, 0.35601962951136423)	(130, 0.38451007555773964)	(135, 0.41245902914562677)	(140, 0.4285228851638536)
fastp | SRR35329994_2 - nextera_transposase_sequence	(1, 0.00017335323176283815)	(2, 0.1888226437899656)	(3, 0.18891720009819987)	(4, 0.18895659855996416)	(5, 0.18901648422184586)	(6, 0.189052730806669)	(7, 0.18912207209937415)	(8, 0.18915516680725614)	(9, 0.18919298933054984)	(10, 0.1893225314728308)	(15, 0.18950061252000536)	(20, 0.1896474899854626)	(25, 0.18985425311280152)	(30, 0.1901867761300921)	(35, 0.19021482783486826)	(40, 0.19023752134884447)	(45, 0.19028227800140868)	(50, 0.1903594989864667)	(55, 0.1905240269627943)	(60, 0.1908373235307439)	(65, 0.19134130865363258)	(70, 0.19213495126741229)	(75, 0.19354289469702063)	(80, 0.19564267511520977)	(85, 0.1987245803882589)	(90, 0.20317345469068154)	(95, 0.2091084389708529)	(100, 0.2167400786084413)	(105, 0.22528103474354927)	(110, 0.23469348485288313)	(115, 0.24413083479005207)	(120, 0.25433535157469506)	(125, 0.26402422129176717)	(130, 0.2732343209014797)	(135, 0.2809863622382197)	(140, 0.2849659220641062)
fastp | SRR35329995_1 - nextera_transposase_sequence	(1, 0.0001628505332997303)	(2, 0.1751084603576371)	(3, 0.17529870630775363)	(4, 0.17536110697939183)	(5, 0.17547068864665896)	(6, 0.17551178177188412)	(7, 0.17563810508276148)	(8, 0.17570811559240435)	(9, 0.17584965857929102)	(10, 0.17607521417774916)	(15, 0.17643713807325082)	(20, 0.17672144162110492)	(25, 0.17696069492797145)	(30, 0.1772504775591889)	(35, 0.17728761356865164)	(40, 0.17730800793450413)	(45, 0.17733601213836128)	(50, 0.17741119733784733)	(55, 0.17762488158901818)	(60, 0.17797919564651518)	(65, 0.1785837211776054)	(70, 0.1795352553217081)	(75, 0.18143040937838872)	(80, 0.1843851572788382)	(85, 0.18912852150390308)	(90, 0.19637400046490022)	(95, 0.20667619915560934)	(100, 0.2212417334900493)	(105, 0.23876779920182237)	(110, 0.25986714044706366)	(115, 0.283250955061304)	(120, 0.30869977531648896)	(125, 0.335262371462036)	(130, 0.3623211290454869)	(135, 0.3888067136304268)	(140, 0.40417523807111855)
fastp | SRR35329995_2 - nextera_transposase_sequence	(1, 0.00014002101928574942)	(2, 0.17730618157338301)	(3, 0.17745990030107714)	(4, 0.1775040373615042)	(5, 0.17759839935276198)	(6, 0.17763188263998247)	(7, 0.1777277665988412)	(8, 0.17778560136767663)	(9, 0.17787844139133346)	(10, 0.17807325324425277)	(15, 0.17840960808405876)	(20, 0.1786799095299843)	(25, 0.17890120361915982)	(30, 0.1791809412642111)	(35, 0.17920833668102792)	(40, 0.17922538271815835)	(45, 0.17924821223217233)	(50, 0.17931639638069408)	(55, 0.17946189648334318)	(60, 0.179726110058865)	(65, 0.18013947645927814)	(70, 0.18078844344431555)	(75, 0.18201454054362642)	(80, 0.18388229918349025)	(85, 0.18675273007884813)	(90, 0.19085808548560226)	(95, 0.1962470683669825)	(100, 0.2034624123694812)	(105, 0.21159063253901897)	(110, 0.22052488675001033)	(115, 0.2298578964724459)	(120, 0.23954095874309583)	(125, 0.24911991842984205)	(130, 0.2580949613725384)	(135, 0.2654387594405557)	(140, 0.2694384902958052)
fastp | SRR35329996_1 - nextera_transposase_sequence	(1, 9.034849506828777e-05)	(2, 0.14592867014845462)	(3, 0.1461109521999082)	(4, 0.1461727695912707)	(5, 0.14630908486453162)	(6, 0.14635822176535823)	(7, 0.14647076111886434)	(8, 0.14653099344890988)	(9, 0.14660707639212528)	(10, 0.1468077451548559)	(15, 0.14711936820977561)	(20, 0.14733176642625195)	(25, 0.14752546091918783)	(30, 0.1477825578648032)	(35, 0.1478205993364109)	(40, 0.14784374123163896)	(45, 0.1478855868504074)	(50, 0.1479762523577391)	(55, 0.14819435679495657)	(60, 0.14855384870164934)	(65, 0.1492699794046643)	(70, 0.15037793726523857)	(75, 0.15237606556143302)	(80, 0.15570374329031655)	(85, 0.1608849917232853)	(90, 0.1686888826113416)	(95, 0.17953799330159428)	(100, 0.19465028491001654)	(105, 0.2126549964096776)	(110, 0.23412782207090738)	(115, 0.25770846227146704)	(120, 0.28353386630914446)	(125, 0.3098157680061143)	(130, 0.3365820644415555)	(135, 0.362215359047614)	(140, 0.3768530832977302)
fastp | SRR35329996_2 - nextera_transposase_sequence	(1, 9.82738016532253e-05)	(2, 0.1481794572185769)	(3, 0.14830150693998492)	(4, 0.14835381396344552)	(5, 0.14847586368485355)	(6, 0.1485202454017292)	(7, 0.14862168932601638)	(8, 0.148670826226843)	(9, 0.1487326436182055)	(10, 0.14890351322817677)	(15, 0.14919262841239528)	(20, 0.149408513763769)	(25, 0.1495838215454278)	(30, 0.14982950604956086)	(35, 0.14986120727590063)	(40, 0.14988244709754825)	(45, 0.14991351429936123)	(50, 0.14998484205862567)	(55, 0.15015412660727995)	(60, 0.15042548910474818)	(65, 0.15097043318552847)	(70, 0.15176137878270524)	(75, 0.15320315055663708)	(80, 0.15548912598799644)	(85, 0.15893631734018088)	(90, 0.1639105567651511)	(95, 0.17048190397311785)	(100, 0.17904503923201118)	(105, 0.18872817881748785)	(110, 0.19927485980845927)	(115, 0.21035253634062157)	(120, 0.2220230258053372)	(125, 0.2331710790599737)	(130, 0.24383980977235317)	(135, 0.25293362356017385)	(140, 0.25767549299607373)
