Sample	0	1	2	3	4	5	6	7	8	9	10	11	12	13	14	15	16	17	18	19	20	21	22	23	24	25	26	27	28	29	30	31	32	33	34	35	36	37	38	39	40	41	42	43	44	45	46	47	48	49	50	51	52	53	54	55	56	57	58	59	60	61	62	63	64	65	66	67	68	69	70	71	72	73	74	75	76	77	78	79	80	81	82	83	84	85	86	87	88	89	90	91	92	93	94	95	96	97	98	99	100	101	102	103	104	105	106	107	108	109	110	111	112	113	114	115	116	117	118	119	120	121	122	123	124	125	126	127	128	129	130	131	132	133	134	135	136	137	138	139	140	141	142	143	144	145	146	147	148	149	150
reports | SRR35329977	(1, 11.9449)	(2, 76.1696)	(3, 52.00470000000001)	(4, 59.5388)	(5, 53.87610000000001)	(6, 47.5275)	(7, 46.2556)	(8, 38.588499999999996)	(9, 49.9936)	(10, 46.488800000000005)	(11, 42.5084)	(12, 55.3431)	(13, 52.078599999999994)	(14, 49.694500000000005)	(15, 48.0053)	(16, 49.425999999999995)	(17, 50.057399999999994)	(18, 49.382)	(19, 49.4693)	(20, 50.01520000000001)	(21, 49.6566)	(22, 49.600699999999996)	(23, 49.6184)	(24, 48.9869)	(25, 49.2911)	(26, 49.8637)	(27, 49.4153)	(28, 49.4294)	(29, 49.8093)	(30, 49.4367)	(31, 49.6378)	(32, 49.8364)	(33, 49.2145)	(34, 49.4263)	(35, 49.8699)	(36, 49.5966)	(37, 49.6884)	(38, 49.995400000000004)	(39, 49.5492)	(40, 49.689299999999996)	(41, 50.094899999999996)	(42, 49.75)	(43, 49.7242)	(44, 50.1556)	(45, 49.5775)	(46, 49.7909)	(47, 50.2224)	(48, 49.7172)	(49, 49.8421)	(50, 50.375899999999994)	(51, 49.8698)	(52, 49.9336)	(53, 50.2492)	(54, 49.751)	(55, 49.8209)	(56, 50.106700000000004)	(57, 49.716)	(58, 49.9614)	(59, 50.2315)	(60, 49.8545)	(61, 49.839800000000004)	(62, 50.220699999999994)	(63, 49.6625)	(64, 49.7984)	(65, 50.27)	(66, 49.7679)	(67, 49.9164)	(68, 50.2803)	(69, 49.7813)	(70, 49.8298)	(71, 50.14340000000001)	(72, 49.7581)	(73, 49.9593)	(74, 50.353)	(75, 49.8264)	(76, 50.011799999999994)	(77, 50.3277)	(78, 49.8804)	(79, 50.0605)	(80, 50.2525)	(81, 49.9568)	(82, 49.9547)	(83, 50.363)	(84, 50.0069)	(85, 50.0673)	(86, 50.3805)	(87, 49.8786)	(88, 49.919599999999996)	(89, 50.314499999999995)	(90, 49.69)	(91, 49.9173)	(92, 50.3271)	(93, 49.8985)	(94, 49.8945)	(95, 50.3694)	(96, 49.9062)	(97, 49.9704)	(98, 50.424)	(99, 49.8888)	(100, 50.041199999999996)	(101, 50.315200000000004)	(102, 49.973099999999995)	(103, 49.9016)	(104, 50.2359)	(105, 49.7403)	(106, 49.905899999999995)	(107, 50.214499999999994)	(108, 49.6605)	(109, 49.7596)	(110, 50.1901)	(111, 49.7191)	(112, 49.905300000000004)	(113, 50.3092)	(114, 49.7157)	(115, 49.8341)	(116, 50.2118)	(117, 49.6496)	(118, 49.8482)	(119, 50.217)	(120, 49.5452)	(121, 49.747)	(122, 50.1486)	(123, 49.642199999999995)	(124, 49.8964)	(125, 50.186699999999995)	(126, 49.7691)	(127, 49.8819)	(128, 50.2624)	(129, 49.709399999999995)	(130, 49.8128)	(131, 50.1781)	(132, 49.652499999999996)	(133, 49.735099999999996)	(134, 50.1831)	(135, 49.6928)	(136, 49.809599999999996)	(137, 50.1835)	(138, 49.6744)	(139, 49.8005)	(140, 50.098699999999994)	(141, 49.7637)	(142, 49.8551)	(143, 50.201499999999996)	(144, 49.7484)	(145, 49.8155)	(146, 50.1446)	(147, 49.7915)	(148, 49.7768)	(149, 50.18280000000001)	(150, 49.7537)	(151, 49.7714)
reports | SRR35329978	(1, 13.4664)	(2, 74.8857)	(3, 50.968)	(4, 58.9376)	(5, 53.696999999999996)	(6, 47.254000000000005)	(7, 46.2692)	(8, 38.7528)	(9, 50.552699999999994)	(10, 46.883599999999994)	(11, 42.8677)	(12, 55.9613)	(13, 52.3772)	(14, 49.985099999999996)	(15, 48.1627)	(16, 49.6605)	(17, 50.1135)	(18, 49.485800000000005)	(19, 49.6791)	(20, 50.0897)	(21, 49.8798)	(22, 49.8573)	(23, 49.8816)	(24, 49.2181)	(25, 49.5488)	(26, 50.157)	(27, 49.701299999999996)	(28, 49.6593)	(29, 49.9556)	(30, 49.748999999999995)	(31, 49.9084)	(32, 49.9595)	(33, 49.5103)	(34, 49.563)	(35, 50.099199999999996)	(36, 49.8619)	(37, 49.823)	(38, 50.122)	(39, 49.6446)	(40, 49.9363)	(41, 50.363800000000005)	(42, 50.1072)	(43, 50.0637)	(44, 50.2795)	(45, 49.9166)	(46, 49.9098)	(47, 50.3529)	(48, 49.9837)	(49, 49.9979)	(50, 50.577799999999996)	(51, 50.1306)	(52, 50.152699999999996)	(53, 50.4776)	(54, 49.9709)	(55, 50.02569999999999)	(56, 50.316700000000004)	(57, 49.9785)	(58, 50.1792)	(59, 50.4633)	(60, 50.1147)	(61, 50.0283)	(62, 50.3907)	(63, 49.8808)	(64, 49.9585)	(65, 50.4707)	(66, 49.9971)	(67, 50.078100000000006)	(68, 50.514)	(69, 50.0506)	(70, 50.0344)	(71, 50.3142)	(72, 49.9785)	(73, 50.159200000000006)	(74, 50.4984)	(75, 50.0326)	(76, 50.180400000000006)	(77, 50.5119)	(78, 50.0601)	(79, 50.226800000000004)	(80, 50.4385)	(81, 50.1935)	(82, 50.119899999999994)	(83, 50.51520000000001)	(84, 50.190999999999995)	(85, 50.214000000000006)	(86, 50.5275)	(87, 50.05)	(88, 50.0725)	(89, 50.4745)	(90, 49.890299999999996)	(91, 50.0653)	(92, 50.4761)	(93, 50.095)	(94, 50.0611)	(95, 50.5528)	(96, 50.12760000000001)	(97, 50.1074)	(98, 50.5696)	(99, 50.0664)	(100, 50.206399999999995)	(101, 50.43840000000001)	(102, 50.1563)	(103, 50.038199999999996)	(104, 50.358999999999995)	(105, 49.906099999999995)	(106, 50.04880000000001)	(107, 50.342600000000004)	(108, 49.794)	(109, 49.854)	(110, 50.3236)	(111, 49.876)	(112, 50.027699999999996)	(113, 50.4338)	(114, 49.8641)	(115, 49.9216)	(116, 50.3277)	(117, 49.7903)	(118, 49.9762)	(119, 50.332699999999996)	(120, 49.6624)	(121, 49.845800000000004)	(122, 50.273900000000005)	(123, 49.8016)	(124, 50.0109)	(125, 50.3046)	(126, 49.8909)	(127, 49.985600000000005)	(128, 50.398399999999995)	(129, 49.838100000000004)	(130, 49.9116)	(131, 50.289899999999996)	(132, 49.7933)	(133, 49.8424)	(134, 50.321000000000005)	(135, 49.8193)	(136, 49.905300000000004)	(137, 50.2807)	(138, 49.7787)	(139, 49.9037)	(140, 50.1923)	(141, 49.8605)	(142, 49.9492)	(143, 50.3155)	(144, 49.8841)	(145, 49.9257)	(146, 50.2657)	(147, 49.9285)	(148, 49.8731)	(149, 50.2965)	(150, 49.8821)	(151, 49.8735)
reports | SRR35329979	(1, 15.827)	(2, 78.583)	(3, 52.047200000000004)	(4, 59.2874)	(5, 53.1614)	(6, 47.568)	(7, 46.340399999999995)	(8, 38.7636)	(9, 49.8512)	(10, 46.624900000000004)	(11, 42.71)	(12, 55.263799999999996)	(13, 51.9886)	(14, 49.600100000000005)	(15, 48.094500000000004)	(16, 49.524)	(17, 50.2551)	(18, 49.473099999999995)	(19, 49.5774)	(20, 50.143499999999996)	(21, 49.6469)	(22, 49.6606)	(23, 49.709199999999996)	(24, 49.0642)	(25, 49.391)	(26, 50.025299999999994)	(27, 49.425000000000004)	(28, 49.512299999999996)	(29, 49.9704)	(30, 49.4728)	(31, 49.7345)	(32, 50.03339999999999)	(33, 49.3039)	(34, 49.572)	(35, 50.05349999999999)	(36, 49.600300000000004)	(37, 49.8339)	(38, 50.202400000000004)	(39, 49.5825)	(40, 49.7079)	(41, 50.18280000000001)	(42, 49.8216)	(43, 49.8951)	(44, 50.3573)	(45, 49.709599999999995)	(46, 49.943599999999996)	(47, 50.4073)	(48, 49.7639)	(49, 50.019000000000005)	(50, 50.505199999999995)	(51, 49.8823)	(52, 50.006099999999996)	(53, 50.3494)	(54, 49.770399999999995)	(55, 49.9127)	(56, 50.2641)	(57, 49.7939)	(58, 50.046400000000006)	(59, 50.399899999999995)	(60, 49.9293)	(61, 50.00750000000001)	(62, 50.4459)	(63, 49.7877)	(64, 50.003699999999995)	(65, 50.4712)	(66, 49.8848)	(67, 50.0734)	(68, 50.517500000000005)	(69, 49.904700000000005)	(70, 49.9886)	(71, 50.336999999999996)	(72, 49.862899999999996)	(73, 50.1062)	(74, 50.5405)	(75, 49.952400000000004)	(76, 50.174)	(77, 50.547200000000004)	(78, 50.0302)	(79, 50.2146)	(80, 50.473800000000004)	(81, 50.056400000000004)	(82, 50.1316)	(83, 50.5494)	(84, 50.1345)	(85, 50.222199999999994)	(86, 50.5853)	(87, 50.002)	(88, 50.1105)	(89, 50.544)	(90, 49.851600000000005)	(91, 50.0996)	(92, 50.546400000000006)	(93, 50.072)	(94, 50.0941)	(95, 50.6023)	(96, 50.041599999999995)	(97, 50.1517)	(98, 50.6749)	(99, 50.0711)	(100, 50.2734)	(101, 50.5611)	(102, 50.144999999999996)	(103, 50.1216)	(104, 50.485400000000006)	(105, 49.9212)	(106, 50.1421)	(107, 50.4773)	(108, 49.8186)	(109, 50.01989999999999)	(110, 50.4855)	(111, 49.9204)	(112, 50.124199999999995)	(113, 50.59590000000001)	(114, 49.9261)	(115, 50.121)	(116, 50.510299999999994)	(117, 49.872499999999995)	(118, 50.115500000000004)	(119, 50.4687)	(120, 49.759)	(121, 50.053000000000004)	(122, 50.443599999999996)	(123, 49.8718)	(124, 50.16080000000001)	(125, 50.4731)	(126, 49.973800000000004)	(127, 50.134)	(128, 50.5688)	(129, 49.9155)	(130, 50.0936)	(131, 50.5067)	(132, 49.869)	(133, 50.0072)	(134, 50.4771)	(135, 49.918099999999995)	(136, 50.0683)	(137, 50.4276)	(138, 49.8801)	(139, 50.0448)	(140, 50.373900000000006)	(141, 49.985)	(142, 50.131800000000005)	(143, 50.4722)	(144, 49.945699999999995)	(145, 50.0857)	(146, 50.4289)	(147, 50.0255)	(148, 50.0421)	(149, 50.47279999999999)	(150, 49.999500000000005)	(151, 50.058899999999994)
reports | SRR35329980	(1, 81.5114)	(2, 76.4331)	(3, 51.3116)	(4, 59.0453)	(5, 53.127)	(6, 47.0818)	(7, 46.1015)	(8, 38.4303)	(9, 50.1872)	(10, 46.434)	(11, 42.6147)	(12, 55.4717)	(13, 51.9871)	(14, 49.479)	(15, 47.907)	(16, 49.3363)	(17, 49.9895)	(18, 49.3163)	(19, 49.420700000000004)	(20, 49.9472)	(21, 49.538700000000006)	(22, 49.4839)	(23, 49.518699999999995)	(24, 48.8949)	(25, 49.1734)	(26, 49.7609)	(27, 49.260999999999996)	(28, 49.3082)	(29, 49.7378)	(30, 49.339499999999994)	(31, 49.5197)	(32, 49.7583)	(33, 49.0845)	(34, 49.3371)	(35, 49.7705)	(36, 49.3987)	(37, 49.6636)	(38, 49.9751)	(39, 49.3532)	(40, 49.548700000000004)	(41, 49.9874)	(42, 49.617)	(43, 49.6216)	(44, 50.1182)	(45, 49.474000000000004)	(46, 49.6982)	(47, 50.1205)	(48, 49.5729)	(49, 49.7401)	(50, 50.2536)	(51, 49.744)	(52, 49.7916)	(53, 50.157300000000006)	(54, 49.5851)	(55, 49.6874)	(56, 49.9862)	(57, 49.6186)	(58, 49.852000000000004)	(59, 50.105999999999995)	(60, 49.7048)	(61, 49.7172)	(62, 50.145799999999994)	(63, 49.5955)	(64, 49.6939)	(65, 50.216499999999996)	(66, 49.6802)	(67, 49.7879)	(68, 50.1901)	(69, 49.687799999999996)	(70, 49.727700000000006)	(71, 50.0875)	(72, 49.6608)	(73, 49.871500000000005)	(74, 50.2541)	(75, 49.7303)	(76, 49.920500000000004)	(77, 50.2609)	(78, 49.78)	(79, 49.9657)	(80, 50.183299999999996)	(81, 49.8562)	(82, 49.891799999999996)	(83, 50.27589999999999)	(84, 49.9161)	(85, 49.9751)	(86, 50.3088)	(87, 49.790600000000005)	(88, 49.8484)	(89, 50.236999999999995)	(90, 49.6184)	(91, 49.875)	(92, 50.2537)	(93, 49.831900000000005)	(94, 49.8056)	(95, 50.3282)	(96, 49.8357)	(97, 49.896)	(98, 50.388299999999994)	(99, 49.8219)	(100, 49.991400000000006)	(101, 50.2487)	(102, 49.9203)	(103, 49.830799999999996)	(104, 50.182700000000004)	(105, 49.6776)	(106, 49.8512)	(107, 50.176)	(108, 49.5961)	(109, 49.7038)	(110, 50.17660000000001)	(111, 49.6501)	(112, 49.8457)	(113, 50.2873)	(114, 49.6701)	(115, 49.7792)	(116, 50.2042)	(117, 49.5984)	(118, 49.8082)	(119, 50.1603)	(120, 49.5118)	(121, 49.7002)	(122, 50.1128)	(123, 49.6135)	(124, 49.8452)	(125, 50.15540000000001)	(126, 49.7345)	(127, 49.832100000000004)	(128, 50.244299999999996)	(129, 49.6488)	(130, 49.777)	(131, 50.1768)	(132, 49.5773)	(133, 49.711800000000004)	(134, 50.159600000000005)	(135, 49.6513)	(136, 49.7929)	(137, 50.11750000000001)	(138, 49.6271)	(139, 49.7414)	(140, 50.0556)	(141, 49.722899999999996)	(142, 49.7971)	(143, 50.1795)	(144, 49.6973)	(145, 49.75)	(146, 50.1091)	(147, 49.755)	(148, 49.7203)	(149, 50.1542)	(150, 49.7122)	(151, 49.7055)
reports | SRR35329981	(1, 82.2315)	(2, 75.1)	(3, 51.5912)	(4, 59.329299999999996)	(5, 54.1299)	(6, 47.3447)	(7, 46.4142)	(8, 38.614599999999996)	(9, 50.13570000000001)	(10, 46.4335)	(11, 42.6211)	(12, 55.556000000000004)	(13, 52.040299999999995)	(14, 49.836999999999996)	(15, 48.0665)	(16, 49.5694)	(17, 49.9962)	(18, 49.3686)	(19, 49.6055)	(20, 49.9728)	(21, 49.7898)	(22, 49.7431)	(23, 49.7605)	(24, 49.0269)	(25, 49.4349)	(26, 50.031800000000004)	(27, 49.573699999999995)	(28, 49.5405)	(29, 49.8181)	(30, 49.645)	(31, 49.7914)	(32, 49.839)	(33, 49.385)	(34, 49.4082)	(35, 49.9964)	(36, 49.5175)	(37, 49.9173)	(38, 49.9784)	(39, 49.7249)	(40, 49.600699999999996)	(41, 50.015699999999995)	(42, 49.7842)	(43, 49.7292)	(44, 50.383100000000006)	(45, 49.588)	(46, 49.7674)	(47, 50.1998)	(48, 49.8645)	(49, 49.8313)	(50, 50.49400000000001)	(51, 50.0571)	(52, 50.0703)	(53, 50.4064)	(54, 49.878699999999995)	(55, 49.940400000000004)	(56, 50.23649999999999)	(57, 49.877700000000004)	(58, 50.073)	(59, 50.348400000000005)	(60, 49.9831)	(61, 49.8593)	(62, 50.223099999999995)	(63, 49.7097)	(64, 49.795)	(65, 50.315799999999996)	(66, 49.8285)	(67, 49.909)	(68, 50.3156)	(69, 49.8757)	(70, 49.8521)	(71, 50.1941)	(72, 49.8368)	(73, 50.019800000000004)	(74, 50.385400000000004)	(75, 49.887)	(76, 50.0325)	(77, 50.3606)	(78, 49.9257)	(79, 50.092000000000006)	(80, 50.285599999999995)	(81, 50.0317)	(82, 49.988899999999994)	(83, 50.3818)	(84, 50.0737)	(85, 50.076100000000004)	(86, 50.3767)	(87, 49.9276)	(88, 49.9249)	(89, 50.342)	(90, 49.741800000000005)	(91, 49.9421)	(92, 50.3285)	(93, 49.9424)	(94, 49.9013)	(95, 50.3891)	(96, 49.9632)	(97, 49.949)	(98, 50.4362)	(99, 49.9264)	(100, 50.0379)	(101, 50.290400000000005)	(102, 50.019000000000005)	(103, 49.8944)	(104, 50.2309)	(105, 49.7718)	(106, 49.8955)	(107, 50.2008)	(108, 49.633300000000006)	(109, 49.734)	(110, 50.1671)	(111, 49.6946)	(112, 49.8881)	(113, 50.3155)	(114, 49.7388)	(115, 49.790800000000004)	(116, 50.2089)	(117, 49.6512)	(118, 49.8213)	(119, 50.1978)	(120, 49.5276)	(121, 49.7128)	(122, 50.1124)	(123, 49.6546)	(124, 49.8598)	(125, 50.1744)	(126, 49.7714)	(127, 49.8389)	(128, 50.2509)	(129, 49.6812)	(130, 49.775000000000006)	(131, 50.161)	(132, 49.6456)	(133, 49.7102)	(134, 50.1317)	(135, 49.684)	(136, 49.765100000000004)	(137, 50.14189999999999)	(138, 49.6336)	(139, 49.7332)	(140, 50.039500000000004)	(141, 49.735800000000005)	(142, 49.8022)	(143, 50.157399999999996)	(144, 49.7332)	(145, 49.7594)	(146, 50.121700000000004)	(147, 49.7832)	(148, 49.7262)	(149, 50.1268)	(150, 49.7402)	(151, 49.7136)
reports | SRR35329982	(1, 14.1408)	(2, 74.984)	(3, 51.8464)	(4, 59.565)	(5, 54.562999999999995)	(6, 47.4078)	(7, 46.6551)	(8, 38.729400000000005)	(9, 50.32299999999999)	(10, 46.4719)	(11, 42.729099999999995)	(12, 55.7692)	(13, 52.2058)	(14, 49.9581)	(15, 48.2284)	(16, 49.7316)	(17, 50.2088)	(18, 49.563)	(19, 49.7578)	(20, 50.1586)	(21, 49.973800000000004)	(22, 49.9064)	(23, 49.9)	(24, 49.2138)	(25, 49.5699)	(26, 50.2204)	(27, 49.7857)	(28, 49.7132)	(29, 50.0236)	(30, 49.823299999999996)	(31, 49.9687)	(32, 50.0211)	(33, 49.5906)	(34, 49.6031)	(35, 50.1695)	(36, 49.7175)	(37, 49.8521)	(38, 50.3925)	(39, 49.9332)	(40, 49.9918)	(41, 50.2277)	(42, 50.1767)	(43, 49.914199999999994)	(44, 50.3409)	(45, 49.9922)	(46, 49.9263)	(47, 50.38740000000001)	(48, 50.0957)	(49, 50.0202)	(50, 50.623799999999996)	(51, 50.2243)	(52, 50.20440000000001)	(53, 50.5624)	(54, 50.078)	(55, 50.100699999999996)	(56, 50.3856)	(57, 50.0582)	(58, 50.2294)	(59, 50.543400000000005)	(60, 50.1733)	(61, 50.0534)	(62, 50.436)	(63, 49.91)	(64, 49.9835)	(65, 50.514199999999995)	(66, 50.0417)	(67, 50.09590000000001)	(68, 50.5134)	(69, 50.085)	(70, 50.028099999999995)	(71, 50.393)	(72, 50.0455)	(73, 50.1897)	(74, 50.5672)	(75, 50.0918)	(76, 50.183299999999996)	(77, 50.547799999999995)	(78, 50.1216)	(79, 50.27310000000001)	(80, 50.4731)	(81, 50.224500000000006)	(82, 50.15540000000001)	(83, 50.5576)	(84, 50.2494)	(85, 50.2196)	(86, 50.5567)	(87, 50.1034)	(88, 50.1015)	(89, 50.4888)	(90, 49.9331)	(91, 50.1178)	(92, 50.4973)	(93, 50.110299999999995)	(94, 50.0557)	(95, 50.5359)	(96, 50.156800000000004)	(97, 50.088100000000004)	(98, 50.585100000000004)	(99, 50.076699999999995)	(100, 50.1854)	(101, 50.448800000000006)	(102, 50.159699999999994)	(103, 50.021499999999996)	(104, 50.395999999999994)	(105, 49.9369)	(106, 50.06660000000001)	(107, 50.341)	(108, 49.787)	(109, 49.8484)	(110, 50.33879999999999)	(111, 49.8537)	(112, 50.0235)	(113, 50.468900000000005)	(114, 49.9034)	(115, 49.9062)	(116, 50.3261)	(117, 49.784099999999995)	(118, 49.9702)	(119, 50.332)	(120, 49.655899999999995)	(121, 49.823299999999996)	(122, 50.2528)	(123, 49.791000000000004)	(124, 49.9845)	(125, 50.315)	(126, 49.900299999999994)	(127, 49.9458)	(128, 50.3728)	(129, 49.8349)	(130, 49.8957)	(131, 50.2526)	(132, 49.7689)	(133, 49.8126)	(134, 50.275800000000004)	(135, 49.8337)	(136, 49.9086)	(137, 50.282000000000004)	(138, 49.7579)	(139, 49.850100000000005)	(140, 50.16159999999999)	(141, 49.8517)	(142, 49.9172)	(143, 50.273900000000005)	(144, 49.858999999999995)	(145, 49.8796)	(146, 50.228899999999996)	(147, 49.9544)	(148, 49.8564)	(149, 50.2584)	(150, 49.8696)	(151, 49.796800000000005)
reports | SRR35329983	(1, 11.027800000000001)	(2, 76.8587)	(3, 51.85419999999999)	(4, 59.377599999999994)	(5, 53.8234)	(6, 47.733399999999996)	(7, 46.5737)	(8, 38.716699999999996)	(9, 50.2714)	(10, 46.8538)	(11, 42.8994)	(12, 55.676)	(13, 52.2354)	(14, 49.9321)	(15, 48.2665)	(16, 49.7385)	(17, 50.2723)	(18, 49.5655)	(19, 49.7457)	(20, 50.2033)	(21, 49.9135)	(22, 49.8782)	(23, 49.9288)	(24, 49.2282)	(25, 49.6128)	(26, 50.2047)	(27, 49.710300000000004)	(28, 49.7271)	(29, 50.045300000000005)	(30, 49.7421)	(31, 49.9362)	(32, 50.0904)	(33, 49.5367)	(34, 49.6538)	(35, 50.21020000000001)	(36, 49.75)	(37, 50.090500000000006)	(38, 50.391600000000004)	(39, 49.7018)	(40, 49.8406)	(41, 50.4246)	(42, 49.9741)	(43, 49.9424)	(44, 50.387800000000006)	(45, 49.8137)	(46, 50.02569999999999)	(47, 50.475300000000004)	(48, 50.0244)	(49, 50.080400000000004)	(50, 50.670300000000005)	(51, 50.1464)	(52, 50.2174)	(53, 50.578599999999994)	(54, 50.0403)	(55, 50.10790000000001)	(56, 50.4391)	(57, 50.051500000000004)	(58, 50.261)	(59, 50.561)	(60, 50.1792)	(61, 50.1726)	(62, 50.5239)	(63, 49.9617)	(64, 50.0726)	(65, 50.5649)	(66, 50.0337)	(67, 50.1865)	(68, 50.5966)	(69, 50.0744)	(70, 50.126599999999996)	(71, 50.443000000000005)	(72, 50.053000000000004)	(73, 50.2471)	(74, 50.6369)	(75, 50.112500000000004)	(76, 50.312)	(77, 50.633700000000005)	(78, 50.1773)	(79, 50.3555)	(80, 50.562200000000004)	(81, 50.2479)	(82, 50.261599999999994)	(83, 50.6576)	(84, 50.2845)	(85, 50.3511)	(86, 50.6901)	(87, 50.16929999999999)	(88, 50.239599999999996)	(89, 50.6398)	(90, 49.9918)	(91, 50.2234)	(92, 50.629000000000005)	(93, 50.218700000000005)	(94, 50.1911)	(95, 50.6918)	(96, 50.2093)	(97, 50.268)	(98, 50.7211)	(99, 50.1992)	(100, 50.3555)	(101, 50.6402)	(102, 50.2704)	(103, 50.221199999999996)	(104, 50.5461)	(105, 50.048)	(106, 50.219100000000005)	(107, 50.53379999999999)	(108, 49.9651)	(109, 50.078900000000004)	(110, 50.529900000000005)	(111, 50.043099999999995)	(112, 50.2151)	(113, 50.6349)	(114, 50.0192)	(115, 50.1493)	(116, 50.5528)	(117, 49.9835)	(118, 50.190999999999995)	(119, 50.53379999999999)	(120, 49.873200000000004)	(121, 50.0734)	(122, 50.47469999999999)	(123, 49.9773)	(124, 50.2022)	(125, 50.50449999999999)	(126, 50.0775)	(127, 50.1974)	(128, 50.5956)	(129, 50.0286)	(130, 50.1661)	(131, 50.515299999999996)	(132, 49.9612)	(133, 50.0517)	(134, 50.511399999999995)	(135, 49.9976)	(136, 50.1131)	(137, 50.4981)	(138, 49.991)	(139, 50.129999999999995)	(140, 50.406600000000005)	(141, 50.0691)	(142, 50.1619)	(143, 50.5533)	(144, 50.0567)	(145, 50.130300000000005)	(146, 50.480000000000004)	(147, 50.1206)	(148, 50.0822)	(149, 50.503299999999996)	(150, 50.052600000000005)	(151, 50.0941)
reports | SRR35329984	(1, 16.514300000000002)	(2, 74.5482)	(3, 51.263099999999994)	(4, 58.9171)	(5, 53.658300000000004)	(6, 47.151399999999995)	(7, 46.3701)	(8, 38.413599999999995)	(9, 50.563599999999994)	(10, 46.6819)	(11, 42.7723)	(12, 55.847899999999996)	(13, 52.25919999999999)	(14, 49.7621)	(15, 48.1188)	(16, 49.532199999999996)	(17, 50.0414)	(18, 49.44)	(19, 49.552099999999996)	(20, 50.026199999999996)	(21, 49.736000000000004)	(22, 49.701)	(23, 49.6864)	(24, 49.105199999999996)	(25, 49.408)	(26, 49.9639)	(27, 49.538)	(28, 49.5099)	(29, 49.8596)	(30, 49.587199999999996)	(31, 49.7395)	(32, 49.8442)	(33, 49.3335)	(34, 49.4929)	(35, 49.9182)	(36, 49.7042)	(37, 49.858599999999996)	(38, 50.023799999999994)	(39, 49.694500000000005)	(40, 49.7863)	(41, 50.1604)	(42, 49.9529)	(43, 49.7676)	(44, 50.276399999999995)	(45, 49.640299999999996)	(46, 49.8232)	(47, 50.222500000000004)	(48, 49.8249)	(49, 49.8889)	(50, 50.369600000000005)	(51, 49.9891)	(52, 49.9984)	(53, 50.315)	(54, 49.8228)	(55, 49.8881)	(56, 50.130300000000005)	(57, 49.8488)	(58, 50.0361)	(59, 50.273999999999994)	(60, 49.9573)	(61, 49.8853)	(62, 50.241899999999994)	(63, 49.7559)	(64, 49.8367)	(65, 50.3099)	(66, 49.8684)	(67, 49.9426)	(68, 50.302400000000006)	(69, 49.893)	(70, 49.8802)	(71, 50.1915)	(72, 49.850100000000005)	(73, 50.0308)	(74, 50.3676)	(75, 49.9043)	(76, 50.0447)	(77, 50.3532)	(78, 49.9405)	(79, 50.111000000000004)	(80, 50.2733)	(81, 50.050399999999996)	(82, 49.989)	(83, 50.3637)	(84, 50.0601)	(85, 50.078599999999994)	(86, 50.3811)	(87, 49.9346)	(88, 49.952400000000004)	(89, 50.310900000000004)	(90, 49.750499999999995)	(91, 49.953900000000004)	(92, 50.3195)	(93, 49.9655)	(94, 49.9251)	(95, 50.389700000000005)	(96, 49.972)	(97, 49.978)	(98, 50.4246)	(99, 49.9311)	(100, 50.0538)	(101, 50.2968)	(102, 50.03959999999999)	(103, 49.8877)	(104, 50.2123)	(105, 49.7767)	(106, 49.9226)	(107, 50.186600000000006)	(108, 49.6718)	(109, 49.7347)	(110, 50.1643)	(111, 49.7324)	(112, 49.9094)	(113, 50.3061)	(114, 49.7407)	(115, 49.790600000000005)	(116, 50.198699999999995)	(117, 49.6548)	(118, 49.829299999999996)	(119, 50.18129999999999)	(120, 49.543)	(121, 49.7348)	(122, 50.107800000000005)	(123, 49.661100000000005)	(124, 49.8821)	(125, 50.177400000000006)	(126, 49.7803)	(127, 49.8626)	(128, 50.217299999999994)	(129, 49.722699999999996)	(130, 49.7947)	(131, 50.1545)	(132, 49.653000000000006)	(133, 49.7278)	(134, 50.18470000000001)	(135, 49.7144)	(136, 49.802600000000005)	(137, 50.1586)	(138, 49.6498)	(139, 49.7721)	(140, 50.0676)	(141, 49.767)	(142, 49.8269)	(143, 50.1893)	(144, 49.7749)	(145, 49.8194)	(146, 50.138799999999996)	(147, 49.85)	(148, 49.7626)	(149, 50.158199999999994)	(150, 49.7828)	(151, 49.765)
reports | SRR35329985	(1, 13.450999999999999)	(2, 75.8998)	(3, 51.3707)	(4, 59.3958)	(5, 53.5641)	(6, 47.292699999999996)	(7, 46.1955)	(8, 38.6823)	(9, 50.0432)	(10, 46.4226)	(11, 42.7253)	(12, 55.4813)	(13, 52.0999)	(14, 49.7937)	(15, 48.0122)	(16, 49.5149)	(17, 50.0188)	(18, 49.335699999999996)	(19, 49.5854)	(20, 50.021)	(21, 49.75)	(22, 49.7098)	(23, 49.7419)	(24, 49.0147)	(25, 49.4219)	(26, 50.0385)	(27, 49.5135)	(28, 49.5326)	(29, 49.8778)	(30, 49.5971)	(31, 49.7659)	(32, 49.847)	(33, 49.317499999999995)	(34, 49.4423)	(35, 50.011399999999995)	(36, 49.5267)	(37, 49.7059)	(38, 50.043800000000005)	(39, 49.4773)	(40, 49.6338)	(41, 50.2763)	(42, 49.7631)	(43, 49.960100000000004)	(44, 50.3997)	(45, 49.5854)	(46, 49.7888)	(47, 50.2497)	(48, 49.8484)	(49, 49.8743)	(50, 50.491)	(51, 50.00599999999999)	(52, 50.0375)	(53, 50.373599999999996)	(54, 49.8493)	(55, 49.9097)	(56, 50.2343)	(57, 49.831199999999995)	(58, 50.090199999999996)	(59, 50.383599999999994)	(60, 49.966100000000004)	(61, 49.924800000000005)	(62, 50.3594)	(63, 49.7479)	(64, 49.8898)	(65, 50.3957)	(66, 49.878)	(67, 50.0309)	(68, 50.40559999999999)	(69, 49.9255)	(70, 49.931)	(71, 50.308)	(72, 49.872)	(73, 50.0658)	(74, 50.4837)	(75, 49.9367)	(76, 50.1139)	(77, 50.47859999999999)	(78, 49.9816)	(79, 50.1667)	(80, 50.3785)	(81, 50.0645)	(82, 50.072)	(83, 50.4784)	(84, 50.11600000000001)	(85, 50.1609)	(86, 50.507000000000005)	(87, 49.9881)	(88, 50.0273)	(89, 50.4405)	(90, 49.8009)	(91, 50.0678)	(92, 50.458400000000005)	(93, 50.015)	(94, 50.0035)	(95, 50.5093)	(96, 50.0421)	(97, 50.0744)	(98, 50.5652)	(99, 49.9862)	(100, 50.158100000000005)	(101, 50.4224)	(102, 50.1043)	(103, 49.9897)	(104, 50.3729)	(105, 49.86)	(106, 50.051100000000005)	(107, 50.3372)	(108, 49.741600000000005)	(109, 49.8464)	(110, 50.314)	(111, 49.8311)	(112, 50.036)	(113, 50.487)	(114, 49.838100000000004)	(115, 49.9212)	(116, 50.336499999999994)	(117, 49.748)	(118, 49.9528)	(119, 50.334199999999996)	(120, 49.6288)	(121, 49.8475)	(122, 50.2468)	(123, 49.7599)	(124, 49.9941)	(125, 50.334900000000005)	(126, 49.8746)	(127, 49.9697)	(128, 50.395599999999995)	(129, 49.833800000000004)	(130, 49.9127)	(131, 50.29749999999999)	(132, 49.730799999999995)	(133, 49.8455)	(134, 50.318)	(135, 49.7931)	(136, 49.9074)	(137, 50.307)	(138, 49.7445)	(139, 49.872499999999995)	(140, 50.2011)	(141, 49.844699999999996)	(142, 49.9418)	(143, 50.2872)	(144, 49.8421)	(145, 49.892199999999995)	(146, 50.2555)	(147, 49.933)	(148, 49.8521)	(149, 50.294700000000006)	(150, 49.837399999999995)	(151, 49.841800000000006)
reports | SRR35329986	(1, 84.0095)	(2, 76.5053)	(3, 51.375899999999994)	(4, 59.026500000000006)	(5, 53.488400000000006)	(6, 47.2262)	(7, 46.325300000000006)	(8, 38.6594)	(9, 50.3378)	(10, 46.786899999999996)	(11, 42.8754)	(12, 55.712700000000005)	(13, 52.1979)	(14, 49.7676)	(15, 48.1909)	(16, 49.5392)	(17, 50.2208)	(18, 49.538199999999996)	(19, 49.6086)	(20, 50.1911)	(21, 49.7638)	(22, 49.7504)	(23, 49.7629)	(24, 49.136)	(25, 49.422399999999996)	(26, 50.0254)	(27, 49.5037)	(28, 49.538900000000005)	(29, 50.0093)	(30, 49.586999999999996)	(31, 49.7648)	(32, 50.0221)	(33, 49.3553)	(34, 49.5699)	(35, 50.030699999999996)	(36, 49.7194)	(37, 49.898900000000005)	(38, 50.157700000000006)	(39, 49.6193)	(40, 49.8154)	(41, 50.1835)	(42, 49.9421)	(43, 49.8645)	(44, 50.3154)	(45, 49.702600000000004)	(46, 49.9313)	(47, 50.3966)	(48, 49.8367)	(49, 49.998)	(50, 50.499)	(51, 49.9918)	(52, 50.015299999999996)	(53, 50.393100000000004)	(54, 49.8356)	(55, 49.948)	(56, 50.2574)	(57, 49.8859)	(58, 50.088100000000004)	(59, 50.377300000000005)	(60, 49.9779)	(61, 49.9837)	(62, 50.3969)	(63, 49.8382)	(64, 49.9577)	(65, 50.4636)	(66, 49.9249)	(67, 50.0366)	(68, 50.475899999999996)	(69, 49.9415)	(70, 49.9761)	(71, 50.336999999999996)	(72, 49.9036)	(73, 50.122)	(74, 50.528600000000004)	(75, 49.961800000000004)	(76, 50.180499999999995)	(77, 50.524100000000004)	(78, 50.0301)	(79, 50.2117)	(80, 50.4366)	(81, 50.1191)	(82, 50.135)	(83, 50.5325)	(84, 50.1524)	(85, 50.225500000000004)	(86, 50.5714)	(87, 50.0444)	(88, 50.1032)	(89, 50.503)	(90, 49.8652)	(91, 50.0947)	(92, 50.5143)	(93, 50.065099999999994)	(94, 50.0736)	(95, 50.578599999999994)	(96, 50.089099999999995)	(97, 50.15690000000001)	(98, 50.65110000000001)	(99, 50.0714)	(100, 50.2521)	(101, 50.5189)	(102, 50.1652)	(103, 50.0981)	(104, 50.43879999999999)	(105, 49.934)	(106, 50.110299999999995)	(107, 50.4499)	(108, 49.8463)	(109, 49.963)	(110, 50.42450000000001)	(111, 49.896499999999996)	(112, 50.1086)	(113, 50.566)	(114, 49.9055)	(115, 50.0347)	(116, 50.463499999999996)	(117, 49.862899999999996)	(118, 50.074)	(119, 50.4299)	(120, 49.7533)	(121, 49.9596)	(122, 50.368)	(123, 49.856899999999996)	(124, 50.0878)	(125, 50.4323)	(126, 49.9751)	(127, 50.0849)	(128, 50.49979999999999)	(129, 49.915)	(130, 50.0254)	(131, 50.4173)	(132, 49.832100000000004)	(133, 49.9424)	(134, 50.4358)	(135, 49.896499999999996)	(136, 50.0029)	(137, 50.3987)	(138, 49.8479)	(139, 50.0023)	(140, 50.3205)	(141, 49.9551)	(142, 50.0681)	(143, 50.4126)	(144, 49.9419)	(145, 50.0049)	(146, 50.3587)	(147, 49.972100000000005)	(148, 49.9543)	(149, 50.3895)	(150, 49.931799999999996)	(151, 49.9832)
reports | SRR35329987	(1, 77.6387)	(2, 76.6028)	(3, 51.54729999999999)	(4, 59.4534)	(5, 53.730199999999996)	(6, 47.7037)	(7, 46.527)	(8, 38.8094)	(9, 50.172000000000004)	(10, 46.727000000000004)	(11, 42.8356)	(12, 55.5983)	(13, 52.2095)	(14, 49.9112)	(15, 48.1385)	(16, 49.6154)	(17, 50.2032)	(18, 49.5083)	(19, 49.6443)	(20, 50.1504)	(21, 49.784099999999995)	(22, 49.7826)	(23, 49.8258)	(24, 49.1404)	(25, 49.494899999999994)	(26, 50.1094)	(27, 49.5886)	(28, 49.618)	(29, 49.9974)	(30, 49.6233)	(31, 49.8436)	(32, 50.011799999999994)	(33, 49.403999999999996)	(34, 49.5768)	(35, 50.0981)	(36, 49.7844)	(37, 49.847)	(38, 50.301399999999994)	(39, 49.7387)	(40, 49.755)	(41, 50.1985)	(42, 50.0129)	(43, 49.858599999999996)	(44, 50.4483)	(45, 49.7142)	(46, 49.9214)	(47, 50.3985)	(48, 49.9101)	(49, 50.005)	(50, 50.57430000000001)	(51, 50.0663)	(52, 50.121)	(53, 50.4792)	(54, 49.9066)	(55, 50.0028)	(56, 50.32450000000001)	(57, 49.929)	(58, 50.1758)	(59, 50.432)	(60, 50.04260000000001)	(61, 50.003699999999995)	(62, 50.406099999999995)	(63, 49.8274)	(64, 49.9451)	(65, 50.4866)	(66, 49.9283)	(67, 50.06230000000001)	(68, 50.505500000000005)	(69, 49.9609)	(70, 50.012299999999996)	(71, 50.356199999999994)	(72, 49.9355)	(73, 50.1324)	(74, 50.538799999999995)	(75, 50.011799999999994)	(76, 50.1985)	(77, 50.5316)	(78, 50.05650000000001)	(79, 50.2321)	(80, 50.473800000000004)	(81, 50.145399999999995)	(82, 50.138099999999994)	(83, 50.5759)	(84, 50.1571)	(85, 50.2392)	(86, 50.5946)	(87, 50.051100000000005)	(88, 50.1089)	(89, 50.534400000000005)	(90, 49.8789)	(91, 50.105500000000006)	(92, 50.537699999999994)	(93, 50.0993)	(94, 50.0923)	(95, 50.59)	(96, 50.1057)	(97, 50.1586)	(98, 50.6374)	(99, 50.0764)	(100, 50.2482)	(101, 50.536)	(102, 50.172799999999995)	(103, 50.1074)	(104, 50.4534)	(105, 49.9449)	(106, 50.102199999999996)	(107, 50.4312)	(108, 49.834)	(109, 49.952400000000004)	(110, 50.4342)	(111, 49.919799999999995)	(112, 50.092499999999994)	(113, 50.545700000000004)	(114, 49.9143)	(115, 50.0144)	(116, 50.4554)	(117, 49.8457)	(118, 50.0726)	(119, 50.436)	(120, 49.7216)	(121, 49.9442)	(122, 50.3712)	(123, 49.852999999999994)	(124, 50.082800000000006)	(125, 50.4089)	(126, 49.9571)	(127, 50.080000000000005)	(128, 50.5112)	(129, 49.885200000000005)	(130, 50.01520000000001)	(131, 50.41759999999999)	(132, 49.8364)	(133, 49.938900000000004)	(134, 50.4016)	(135, 49.8904)	(136, 50.0029)	(137, 50.4046)	(138, 49.8589)	(139, 49.978699999999996)	(140, 50.3297)	(141, 49.9264)	(142, 50.043000000000006)	(143, 50.425)	(144, 49.9411)	(145, 50.003600000000006)	(146, 50.356199999999994)	(147, 49.9852)	(148, 49.9514)	(149, 50.401700000000005)	(150, 49.944300000000005)	(151, 49.927)
reports | SRR35329988	(1, 84.8368)	(2, 77.17309999999999)	(3, 51.8173)	(4, 59.427099999999996)	(5, 53.425599999999996)	(6, 47.471999999999994)	(7, 46.3912)	(8, 38.4773)	(9, 50.12649999999999)	(10, 46.4613)	(11, 42.755900000000004)	(12, 55.4839)	(13, 52.0713)	(14, 49.6638)	(15, 48.0764)	(16, 49.5099)	(17, 50.13530000000001)	(18, 49.425799999999995)	(19, 49.553999999999995)	(20, 50.08200000000001)	(21, 49.6854)	(22, 49.6488)	(23, 49.7085)	(24, 49.087399999999995)	(25, 49.3932)	(26, 49.9775)	(27, 49.4694)	(28, 49.504999999999995)	(29, 49.8949)	(30, 49.5066)	(31, 49.7295)	(32, 49.9297)	(33, 49.2814)	(34, 49.5131)	(35, 49.9769)	(36, 49.662099999999995)	(37, 49.7684)	(38, 50.0888)	(39, 49.538199999999996)	(40, 49.6753)	(41, 50.123)	(42, 49.8161)	(43, 49.895)	(44, 50.33840000000001)	(45, 49.7359)	(46, 49.88)	(47, 50.3246)	(48, 49.7986)	(49, 49.930099999999996)	(50, 50.465700000000005)	(51, 49.9367)	(52, 50.0085)	(53, 50.3587)	(54, 49.7995)	(55, 49.8943)	(56, 50.226499999999994)	(57, 49.7965)	(58, 50.0637)	(59, 50.3579)	(60, 49.930400000000006)	(61, 49.9401)	(62, 50.333099999999995)	(63, 49.7471)	(64, 49.9076)	(65, 50.3968)	(66, 49.8526)	(67, 50.015)	(68, 50.419599999999996)	(69, 49.8745)	(70, 49.9334)	(71, 50.2608)	(72, 49.8377)	(73, 50.0544)	(74, 50.4574)	(75, 49.8917)	(76, 50.116099999999996)	(77, 50.4406)	(78, 49.980000000000004)	(79, 50.163599999999995)	(80, 50.35659999999999)	(81, 50.0394)	(82, 50.0618)	(83, 50.4616)	(84, 50.0993)	(85, 50.172399999999996)	(86, 50.4924)	(87, 49.9548)	(88, 50.0279)	(89, 50.434599999999996)	(90, 49.7741)	(91, 50.016000000000005)	(92, 50.4491)	(93, 49.9963)	(94, 49.9991)	(95, 50.476299999999995)	(96, 49.9879)	(97, 50.0626)	(98, 50.5513)	(99, 49.986999999999995)	(100, 50.15540000000001)	(101, 50.4293)	(102, 50.09400000000001)	(103, 50.0192)	(104, 50.3564)	(105, 49.8373)	(106, 50.0254)	(107, 50.3367)	(108, 49.735099999999996)	(109, 49.872)	(110, 50.3373)	(111, 49.8076)	(112, 50.019400000000005)	(113, 50.4626)	(114, 49.8132)	(115, 49.9451)	(116, 50.369699999999995)	(117, 49.7532)	(118, 49.9679)	(119, 50.3395)	(120, 49.682700000000004)	(121, 49.9018)	(122, 50.2811)	(123, 49.7583)	(124, 50.0035)	(125, 50.3161)	(126, 49.8981)	(127, 49.9949)	(128, 50.4106)	(129, 49.8325)	(130, 49.9444)	(131, 50.336499999999994)	(132, 49.7363)	(133, 49.8591)	(134, 50.33220000000001)	(135, 49.8001)	(136, 49.9088)	(137, 50.2854)	(138, 49.774499999999996)	(139, 49.9134)	(140, 50.230799999999995)	(141, 49.8898)	(142, 49.9764)	(143, 50.336499999999994)	(144, 49.862899999999996)	(145, 49.930400000000006)	(146, 50.2844)	(147, 49.9076)	(148, 49.9011)	(149, 50.3092)	(150, 49.8567)	(151, 49.9221)
reports | SRR35329989	(1, 13.0913)	(2, 76.37310000000001)	(3, 51.5587)	(4, 59.329299999999996)	(5, 53.5529)	(6, 47.1631)	(7, 46.2925)	(8, 38.7281)	(9, 50.204800000000006)	(10, 46.4889)	(11, 42.8338)	(12, 55.63439999999999)	(13, 52.1738)	(14, 49.7864)	(15, 48.1492)	(16, 49.5193)	(17, 50.1715)	(18, 49.4819)	(19, 49.6045)	(20, 50.1436)	(21, 49.7531)	(22, 49.6941)	(23, 49.7427)	(24, 49.0834)	(25, 49.3824)	(26, 50.006099999999996)	(27, 49.4836)	(28, 49.5)	(29, 49.9521)	(30, 49.5413)	(31, 49.7307)	(32, 49.9426)	(33, 49.3291)	(34, 49.5024)	(35, 49.9879)	(36, 49.6935)	(37, 49.8738)	(38, 50.216300000000004)	(39, 49.573499999999996)	(40, 49.7619)	(41, 50.235)	(42, 49.839)	(43, 49.8869)	(44, 50.2729)	(45, 49.7527)	(46, 49.9018)	(47, 50.3417)	(48, 49.7942)	(49, 49.9225)	(50, 50.4992)	(51, 49.9625)	(52, 50.015600000000006)	(53, 50.356)	(54, 49.8402)	(55, 49.891200000000005)	(56, 50.240899999999996)	(57, 49.8231)	(58, 50.0465)	(59, 50.3578)	(60, 49.9705)	(61, 49.9471)	(62, 50.38249999999999)	(63, 49.8003)	(64, 49.934)	(65, 50.4324)	(66, 49.8949)	(67, 50.0048)	(68, 50.4395)	(69, 49.9157)	(70, 49.9317)	(71, 50.29090000000001)	(72, 49.8757)	(73, 50.07040000000001)	(74, 50.496300000000005)	(75, 49.946600000000004)	(76, 50.1124)	(77, 50.463899999999995)	(78, 50.004599999999996)	(79, 50.1787)	(80, 50.396300000000004)	(81, 50.0911)	(82, 50.080999999999996)	(83, 50.4952)	(84, 50.135)	(85, 50.1637)	(86, 50.5255)	(87, 50.000299999999996)	(88, 50.0225)	(89, 50.444500000000005)	(90, 49.8385)	(91, 50.0582)	(92, 50.484700000000004)	(93, 50.0231)	(94, 50.019999999999996)	(95, 50.52680000000001)	(96, 50.0451)	(97, 50.0873)	(98, 50.59630000000001)	(99, 50.017500000000005)	(100, 50.1563)	(101, 50.4665)	(102, 50.1259)	(103, 50.027100000000004)	(104, 50.3899)	(105, 49.871300000000005)	(106, 50.05)	(107, 50.3611)	(108, 49.7825)	(109, 49.890499999999996)	(110, 50.35079999999999)	(111, 49.8399)	(112, 50.0207)	(113, 50.499700000000004)	(114, 49.8514)	(115, 49.9784)	(116, 50.386399999999995)	(117, 49.7915)	(118, 49.9747)	(119, 50.373400000000004)	(120, 49.6965)	(121, 49.8928)	(122, 50.302800000000005)	(123, 49.7955)	(124, 50.014)	(125, 50.354)	(126, 49.944100000000006)	(127, 49.985600000000005)	(128, 50.4324)	(129, 49.8568)	(130, 49.934200000000004)	(131, 50.338899999999995)	(132, 49.7943)	(133, 49.8764)	(134, 50.362700000000004)	(135, 49.831399999999995)	(136, 49.9679)	(137, 50.3332)	(138, 49.802099999999996)	(139, 49.9194)	(140, 50.264900000000004)	(141, 49.904700000000005)	(142, 50.0068)	(143, 50.3828)	(144, 49.9236)	(145, 49.9482)	(146, 50.34889999999999)	(147, 49.9722)	(148, 49.899300000000004)	(149, 50.3305)	(150, 49.908)	(151, 49.8981)
reports | SRR35329990	(1, 12.6023)	(2, 76.2085)	(3, 52.0289)	(4, 59.312799999999996)	(5, 53.847699999999996)	(6, 47.3142)	(7, 46.2431)	(8, 38.3853)	(9, 49.9359)	(10, 46.2545)	(11, 42.544399999999996)	(12, 55.298)	(13, 51.867700000000006)	(14, 49.5126)	(15, 47.9673)	(16, 49.4005)	(17, 49.9482)	(18, 49.262)	(19, 49.419000000000004)	(20, 49.9377)	(21, 49.614200000000004)	(22, 49.527100000000004)	(23, 49.5727)	(24, 48.9411)	(25, 49.2522)	(26, 49.8632)	(27, 49.38)	(28, 49.3899)	(29, 49.764199999999995)	(30, 49.4279)	(31, 49.6202)	(32, 49.7752)	(33, 49.1786)	(34, 49.368)	(35, 49.8634)	(36, 49.4648)	(37, 49.751200000000004)	(38, 50.083200000000005)	(39, 49.4083)	(40, 49.5191)	(41, 50.112)	(42, 49.8424)	(43, 49.6515)	(44, 50.2392)	(45, 49.529)	(46, 49.7367)	(47, 50.1676)	(48, 49.7097)	(49, 49.7778)	(50, 50.3827)	(51, 49.8613)	(52, 49.885600000000004)	(53, 50.232200000000006)	(54, 49.7167)	(55, 49.757600000000004)	(56, 50.066900000000004)	(57, 49.7052)	(58, 49.933899999999994)	(59, 50.2131)	(60, 49.830799999999996)	(61, 49.7929)	(62, 50.212900000000005)	(63, 49.626799999999996)	(64, 49.7432)	(65, 50.2637)	(66, 49.7533)	(67, 49.887100000000004)	(68, 50.2714)	(69, 49.81)	(70, 49.789699999999996)	(71, 50.126400000000004)	(72, 49.7464)	(73, 49.937599999999996)	(74, 50.322199999999995)	(75, 49.8322)	(76, 49.963800000000006)	(77, 50.308699999999995)	(78, 49.883)	(79, 50.025)	(80, 50.2253)	(81, 49.9377)	(82, 49.9176)	(83, 50.3413)	(84, 50.00019999999999)	(85, 50.0451)	(86, 50.3372)	(87, 49.8567)	(88, 49.8827)	(89, 50.2981)	(90, 49.661699999999996)	(91, 49.9086)	(92, 50.31719999999999)	(93, 49.8908)	(94, 49.8643)	(95, 50.3453)	(96, 49.886599999999994)	(97, 49.9234)	(98, 50.4223)	(99, 49.8528)	(100, 50.0092)	(101, 50.2727)	(102, 49.9692)	(103, 49.8704)	(104, 50.2131)	(105, 49.7205)	(106, 49.8884)	(107, 50.193799999999996)	(108, 49.6293)	(109, 49.7112)	(110, 50.18939999999999)	(111, 49.6857)	(112, 49.8983)	(113, 50.3255)	(114, 49.7091)	(115, 49.7935)	(116, 50.2038)	(117, 49.622)	(118, 49.8425)	(119, 50.2189)	(120, 49.5209)	(121, 49.7203)	(122, 50.11879999999999)	(123, 49.633500000000005)	(124, 49.8709)	(125, 50.1989)	(126, 49.7605)	(127, 49.865700000000004)	(128, 50.2585)	(129, 49.7244)	(130, 49.804700000000004)	(131, 50.188900000000004)	(132, 49.6289)	(133, 49.7184)	(134, 50.198600000000006)	(135, 49.6813)	(136, 49.8083)	(137, 50.1777)	(138, 49.6873)	(139, 49.754)	(140, 50.0769)	(141, 49.7668)	(142, 49.8628)	(143, 50.2431)	(144, 49.7521)	(145, 49.787)	(146, 50.16969999999999)	(147, 49.8433)	(148, 49.7883)	(149, 50.192099999999996)	(150, 49.7894)	(151, 49.772)
reports | SRR35329991	(1, 11.9109)	(2, 74.6927)	(3, 51.446000000000005)	(4, 59.367599999999996)	(5, 54.1332)	(6, 47.2664)	(7, 46.4214)	(8, 38.5683)	(9, 50.3325)	(10, 46.5213)	(11, 42.723)	(12, 55.6968)	(13, 52.19160000000001)	(14, 49.8975)	(15, 48.1108)	(16, 49.6263)	(17, 50.0232)	(18, 49.395)	(19, 49.6387)	(20, 50.0139)	(21, 49.8624)	(22, 49.8216)	(23, 49.8166)	(24, 49.1162)	(25, 49.5282)	(26, 50.1368)	(27, 49.6906)	(28, 49.634699999999995)	(29, 49.8822)	(30, 49.7137)	(31, 49.8919)	(32, 49.8771)	(33, 49.468)	(34, 49.5232)	(35, 50.0776)	(36, 49.621900000000004)	(37, 50.0187)	(38, 50.06080000000001)	(39, 49.5968)	(40, 49.709900000000005)	(41, 50.3521)	(42, 50.1244)	(43, 49.8247)	(44, 50.214999999999996)	(45, 49.9067)	(46, 49.8738)	(47, 50.299400000000006)	(48, 49.9882)	(49, 49.9608)	(50, 50.5043)	(51, 50.158899999999996)	(52, 50.1696)	(53, 50.4664)	(54, 49.9314)	(55, 50.0251)	(56, 50.281699999999994)	(57, 49.986599999999996)	(58, 50.202999999999996)	(59, 50.39900000000001)	(60, 50.0898)	(61, 49.9467)	(62, 50.2807)	(63, 49.8267)	(64, 49.8738)	(65, 50.439299999999996)	(66, 49.9714)	(67, 50.0227)	(68, 50.403200000000005)	(69, 50.002)	(70, 49.9723)	(71, 50.2864)	(72, 49.9447)	(73, 50.1181)	(74, 50.452799999999996)	(75, 49.973299999999995)	(76, 50.14340000000001)	(77, 50.4611)	(78, 50.021899999999995)	(79, 50.1989)	(80, 50.363800000000005)	(81, 50.151)	(82, 50.0815)	(83, 50.4713)	(84, 50.165499999999994)	(85, 50.181)	(86, 50.4734)	(87, 50.0144)	(88, 50.04110000000001)	(89, 50.4111)	(90, 49.845600000000005)	(91, 50.03300000000001)	(92, 50.4115)	(93, 50.0506)	(94, 50.023700000000005)	(95, 50.484700000000004)	(96, 50.08089999999999)	(97, 50.05650000000001)	(98, 50.5205)	(99, 50.0236)	(100, 50.1743)	(101, 50.397999999999996)	(102, 50.112100000000005)	(103, 49.9823)	(104, 50.319199999999995)	(105, 49.8726)	(106, 50.0062)	(107, 50.2848)	(108, 49.722)	(109, 49.8035)	(110, 50.256)	(111, 49.810500000000005)	(112, 49.9941)	(113, 50.400999999999996)	(114, 49.8483)	(115, 49.878699999999995)	(116, 50.276399999999995)	(117, 49.743300000000005)	(118, 49.9166)	(119, 50.283699999999996)	(120, 49.576100000000004)	(121, 49.8152)	(122, 50.1878)	(123, 49.735600000000005)	(124, 49.9906)	(125, 50.231899999999996)	(126, 49.869400000000006)	(127, 49.9477)	(128, 50.336099999999995)	(129, 49.762499999999996)	(130, 49.8592)	(131, 50.226400000000005)	(132, 49.7226)	(133, 49.790800000000004)	(134, 50.2513)	(135, 49.7761)	(136, 49.8628)	(137, 50.219100000000005)	(138, 49.7246)	(139, 49.8397)	(140, 50.126099999999994)	(141, 49.8153)	(142, 49.913999999999994)	(143, 50.239)	(144, 49.8584)	(145, 49.9007)	(146, 50.1768)	(147, 49.9046)	(148, 49.8273)	(149, 50.2363)	(150, 49.8405)	(151, 49.8118)
reports | SRR35329992	(1, 85.6733)	(2, 77.9568)	(3, 52.1318)	(4, 59.4816)	(5, 53.3767)	(6, 47.7791)	(7, 46.5662)	(8, 38.6243)	(9, 50.0116)	(10, 46.6561)	(11, 42.6946)	(12, 55.3536)	(13, 52.0653)	(14, 49.7205)	(15, 48.0743)	(16, 49.5417)	(17, 50.1585)	(18, 49.4403)	(19, 49.5749)	(20, 50.1094)	(21, 49.6939)	(22, 49.712)	(23, 49.764399999999995)	(24, 49.0886)	(25, 49.4578)	(26, 50.0258)	(27, 49.4888)	(28, 49.5569)	(29, 49.9305)	(30, 49.516799999999996)	(31, 49.7729)	(32, 49.9665)	(33, 49.3115)	(34, 49.5602)	(35, 50.039699999999996)	(36, 49.7122)	(37, 49.8209)	(38, 50.1144)	(39, 49.5416)	(40, 49.723299999999995)	(41, 50.1437)	(42, 49.8941)	(43, 49.913999999999994)	(44, 50.344500000000004)	(45, 49.7299)	(46, 49.9734)	(47, 50.399899999999995)	(48, 49.7638)	(49, 50.0039)	(50, 50.4914)	(51, 49.9243)	(52, 50.0166)	(53, 50.347500000000004)	(54, 49.8053)	(55, 49.918800000000005)	(56, 50.2412)	(57, 49.8041)	(58, 50.082300000000004)	(59, 50.361900000000006)	(60, 49.9501)	(61, 50.0)	(62, 50.421499999999995)	(63, 49.7977)	(64, 49.9882)	(65, 50.444)	(66, 49.8894)	(67, 50.0883)	(68, 50.4702)	(69, 49.919999999999995)	(70, 49.993700000000004)	(71, 50.300999999999995)	(72, 49.8778)	(73, 50.1259)	(74, 50.5066)	(75, 49.9598)	(76, 50.1888)	(77, 50.513)	(78, 50.0043)	(79, 50.2339)	(80, 50.415)	(81, 50.073100000000004)	(82, 50.1231)	(83, 50.5326)	(84, 50.123)	(85, 50.2253)	(86, 50.5594)	(87, 50.0038)	(88, 50.122299999999996)	(89, 50.499)	(90, 49.8176)	(91, 50.103500000000004)	(92, 50.498200000000004)	(93, 50.0594)	(94, 50.0895)	(95, 50.564299999999996)	(96, 50.04260000000001)	(97, 50.1614)	(98, 50.6307)	(99, 50.0456)	(100, 50.2548)	(101, 50.5101)	(102, 50.126099999999994)	(103, 50.109300000000005)	(104, 50.4413)	(105, 49.9106)	(106, 50.1134)	(107, 50.4213)	(108, 49.808099999999996)	(109, 49.9836)	(110, 50.4139)	(111, 49.885200000000005)	(112, 50.10790000000001)	(113, 50.554)	(114, 49.8855)	(115, 50.06230000000001)	(116, 50.435300000000005)	(117, 49.832300000000004)	(118, 50.076699999999995)	(119, 50.4165)	(120, 49.7327)	(121, 49.9998)	(122, 50.3582)	(123, 49.843199999999996)	(124, 50.125600000000006)	(125, 50.3962)	(126, 49.939499999999995)	(127, 50.098200000000006)	(128, 50.483599999999996)	(129, 49.904199999999996)	(130, 50.0575)	(131, 50.4356)	(132, 49.821799999999996)	(133, 49.9743)	(134, 50.4122)	(135, 49.8746)	(136, 50.0288)	(137, 50.400800000000004)	(138, 49.8536)	(139, 50.01219999999999)	(140, 50.342200000000005)	(141, 49.9439)	(142, 50.107800000000005)	(143, 50.423399999999994)	(144, 49.9379)	(145, 50.055499999999995)	(146, 50.366699999999994)	(147, 49.9812)	(148, 50.0247)	(149, 50.403200000000005)	(150, 49.9617)	(151, 50.0108)
reports | SRR35329993	(1, 85.469)	(2, 76.0647)	(3, 51.6582)	(4, 59.5254)	(5, 53.7635)	(6, 47.638999999999996)	(7, 46.4767)	(8, 38.6318)	(9, 50.2873)	(10, 46.4985)	(11, 42.7681)	(12, 55.5766)	(13, 52.130500000000005)	(14, 49.8938)	(15, 48.0903)	(16, 49.6811)	(17, 50.099700000000006)	(18, 49.4356)	(19, 49.7282)	(20, 50.0664)	(21, 49.8941)	(22, 49.8705)	(23, 49.896)	(24, 49.132999999999996)	(25, 49.6022)	(26, 50.173)	(27, 49.7045)	(28, 49.7213)	(29, 49.940200000000004)	(30, 49.7407)	(31, 49.9199)	(32, 49.9358)	(33, 49.5095)	(34, 49.534099999999995)	(35, 50.1637)	(36, 49.629)	(37, 50.0764)	(38, 50.379)	(39, 49.6264)	(40, 50.020900000000005)	(41, 50.41870000000001)	(42, 50.141400000000004)	(43, 49.8604)	(44, 50.52799999999999)	(45, 49.683899999999994)	(46, 49.9026)	(47, 50.336000000000006)	(48, 50.017)	(49, 49.9795)	(50, 50.5563)	(51, 50.17660000000001)	(52, 50.152699999999996)	(53, 50.543800000000005)	(54, 50.0071)	(55, 50.112100000000005)	(56, 50.38629999999999)	(57, 49.9991)	(58, 50.2548)	(59, 50.4703)	(60, 50.0849)	(61, 49.9867)	(62, 50.352799999999995)	(63, 49.8161)	(64, 49.9275)	(65, 50.4586)	(66, 49.9596)	(67, 50.0698)	(68, 50.45309999999999)	(69, 49.9621)	(70, 50.0322)	(71, 50.3673)	(72, 49.9747)	(73, 50.170899999999996)	(74, 50.5383)	(75, 50.0174)	(76, 50.2076)	(77, 50.519800000000004)	(78, 50.0755)	(79, 50.2641)	(80, 50.455000000000005)	(81, 50.17080000000001)	(82, 50.1494)	(83, 50.5529)	(84, 50.2026)	(85, 50.2425)	(86, 50.5578)	(87, 50.074)	(88, 50.1229)	(89, 50.5085)	(90, 49.8795)	(91, 50.119800000000005)	(92, 50.508900000000004)	(93, 50.0912)	(94, 50.0772)	(95, 50.559799999999996)	(96, 50.1073)	(97, 50.1563)	(98, 50.5969)	(99, 50.0672)	(100, 50.217999999999996)	(101, 50.477700000000006)	(102, 50.1643)	(103, 50.0737)	(104, 50.4127)	(105, 49.9274)	(106, 50.0659)	(107, 50.3747)	(108, 49.801)	(109, 49.9154)	(110, 50.351800000000004)	(111, 49.8796)	(112, 50.074)	(113, 50.482400000000005)	(114, 49.8746)	(115, 49.9852)	(116, 50.38740000000001)	(117, 49.8155)	(118, 50.030300000000004)	(119, 50.368599999999994)	(120, 49.7038)	(121, 49.905)	(122, 50.310500000000005)	(123, 49.8035)	(124, 50.0568)	(125, 50.35770000000001)	(126, 49.9547)	(127, 50.038199999999996)	(128, 50.436899999999994)	(129, 49.8557)	(130, 49.9739)	(131, 50.3299)	(132, 49.7986)	(133, 49.9155)	(134, 50.360099999999996)	(135, 49.8607)	(136, 49.989)	(137, 50.3482)	(138, 49.8268)	(139, 49.9726)	(140, 50.2671)	(141, 49.9298)	(142, 50.039500000000004)	(143, 50.375)	(144, 49.912800000000004)	(145, 49.992599999999996)	(146, 50.326899999999995)	(147, 49.9904)	(148, 49.9722)	(149, 50.351)	(150, 49.906099999999995)	(151, 49.9349)
reports | SRR35329994	(1, 12.160400000000001)	(2, 75.2333)	(3, 50.987300000000005)	(4, 59.0474)	(5, 53.882799999999996)	(6, 47.4071)	(7, 46.3229)	(8, 38.8024)	(9, 50.5432)	(10, 46.8459)	(11, 42.8757)	(12, 55.9383)	(13, 52.4424)	(14, 50.029599999999995)	(15, 48.1718)	(16, 49.7074)	(17, 50.188100000000006)	(18, 49.5567)	(19, 49.7569)	(20, 50.188900000000004)	(21, 49.928200000000004)	(22, 49.896)	(23, 49.9422)	(24, 49.2587)	(25, 49.6289)	(26, 50.216300000000004)	(27, 49.7487)	(28, 49.7361)	(29, 50.05969999999999)	(30, 49.8077)	(31, 49.9641)	(32, 50.0484)	(33, 49.5719)	(34, 49.6383)	(35, 50.2028)	(36, 49.9206)	(37, 49.9134)	(38, 50.219100000000005)	(39, 49.7335)	(40, 50.036899999999996)	(41, 50.26049999999999)	(42, 50.1685)	(43, 49.9399)	(44, 50.36580000000001)	(45, 49.9746)	(46, 49.9805)	(47, 50.426)	(48, 50.0663)	(49, 50.0604)	(50, 50.7231)	(51, 50.2167)	(52, 50.249500000000005)	(53, 50.55650000000001)	(54, 50.0322)	(55, 50.118399999999994)	(56, 50.4063)	(57, 50.043499999999995)	(58, 50.2814)	(59, 50.5)	(60, 50.1526)	(61, 50.0649)	(62, 50.4501)	(63, 49.9289)	(64, 50.0096)	(65, 50.540099999999995)	(66, 50.0417)	(67, 50.1263)	(68, 50.5231)	(69, 50.077400000000004)	(70, 50.078)	(71, 50.4261)	(72, 50.0444)	(73, 50.2262)	(74, 50.599199999999996)	(75, 50.1023)	(76, 50.2527)	(77, 50.5667)	(78, 50.114000000000004)	(79, 50.2982)	(80, 50.5158)	(81, 50.2251)	(82, 50.1959)	(83, 50.5884)	(84, 50.24570000000001)	(85, 50.2753)	(86, 50.599700000000006)	(87, 50.1174)	(88, 50.157399999999996)	(89, 50.550200000000004)	(90, 49.944)	(91, 50.1354)	(92, 50.5467)	(93, 50.14960000000001)	(94, 50.118700000000004)	(95, 50.5977)	(96, 50.165000000000006)	(97, 50.161100000000005)	(98, 50.632299999999994)	(99, 50.1053)	(100, 50.2416)	(101, 50.4985)	(102, 50.2007)	(103, 50.0926)	(104, 50.4355)	(105, 49.9482)	(106, 50.1038)	(107, 50.41330000000001)	(108, 49.847)	(109, 49.9165)	(110, 50.380199999999995)	(111, 49.9217)	(112, 50.096399999999996)	(113, 50.5085)	(114, 49.9302)	(115, 49.9841)	(116, 50.395100000000006)	(117, 49.8431)	(118, 50.029199999999996)	(119, 50.3969)	(120, 49.7125)	(121, 49.904199999999996)	(122, 50.297000000000004)	(123, 49.826100000000004)	(124, 50.0676)	(125, 50.361)	(126, 49.9558)	(127, 50.0343)	(128, 50.42959999999999)	(129, 49.8906)	(130, 49.9625)	(131, 50.3208)	(132, 49.8185)	(133, 49.8714)	(134, 50.350300000000004)	(135, 49.8557)	(136, 49.9529)	(137, 50.3417)	(138, 49.8151)	(139, 49.9293)	(140, 50.2158)	(141, 49.9079)	(142, 49.9843)	(143, 50.33879999999999)	(144, 49.891600000000004)	(145, 49.952400000000004)	(146, 50.310100000000006)	(147, 49.9773)	(148, 49.899100000000004)	(149, 50.3162)	(150, 49.894800000000004)	(151, 49.8714)
reports | SRR35329995	(1, 12.695500000000001)	(2, 76.5136)	(3, 51.2954)	(4, 59.115700000000004)	(5, 53.168400000000005)	(6, 47.3861)	(7, 46.304899999999996)	(8, 38.6395)	(9, 50.2281)	(10, 46.646)	(11, 42.8046)	(12, 55.5721)	(13, 52.1571)	(14, 49.7332)	(15, 47.991)	(16, 49.5358)	(17, 50.041000000000004)	(18, 49.3643)	(19, 49.5822)	(20, 50.014)	(21, 49.7266)	(22, 49.6854)	(23, 49.7489)	(24, 49.0696)	(25, 49.446)	(26, 50.0456)	(27, 49.4961)	(28, 49.525000000000006)	(29, 49.878)	(30, 49.5783)	(31, 49.7754)	(32, 49.8763)	(33, 49.308800000000005)	(34, 49.5006)	(35, 50.0058)	(36, 49.728)	(37, 49.729099999999995)	(38, 50.0529)	(39, 49.654900000000005)	(40, 49.811899999999994)	(41, 50.247)	(42, 49.9588)	(43, 49.7774)	(44, 50.1757)	(45, 49.7963)	(46, 49.8444)	(47, 50.2679)	(48, 49.802800000000005)	(49, 49.899100000000004)	(50, 50.44070000000001)	(51, 49.975)	(52, 50.015)	(53, 50.368900000000004)	(54, 49.824)	(55, 49.9034)	(56, 50.2152)	(57, 49.827)	(58, 50.083800000000004)	(59, 50.3521)	(60, 49.9609)	(61, 49.9302)	(62, 50.3232)	(63, 49.7232)	(64, 49.8662)	(65, 50.380100000000006)	(66, 49.8517)	(67, 50.022800000000004)	(68, 50.3904)	(69, 49.8958)	(70, 49.9322)	(71, 50.25920000000001)	(72, 49.849199999999996)	(73, 50.058499999999995)	(74, 50.4333)	(75, 49.9425)	(76, 50.1066)	(77, 50.445499999999996)	(78, 49.9655)	(79, 50.163199999999996)	(80, 50.35079999999999)	(81, 50.044200000000004)	(82, 50.071799999999996)	(83, 50.461299999999994)	(84, 50.100199999999994)	(85, 50.16199999999999)	(86, 50.4634)	(87, 49.9645)	(88, 50.0035)	(89, 50.3988)	(90, 49.7682)	(91, 50.0572)	(92, 50.4209)	(93, 50.0169)	(94, 49.985600000000005)	(95, 50.4692)	(96, 49.9895)	(97, 50.06119999999999)	(98, 50.5417)	(99, 49.9714)	(100, 50.1628)	(101, 50.3804)	(102, 50.0816)	(103, 50.001200000000004)	(104, 50.3176)	(105, 49.8386)	(106, 50.0243)	(107, 50.309000000000005)	(108, 49.7352)	(109, 49.8318)	(110, 50.306200000000004)	(111, 49.809799999999996)	(112, 50.023399999999995)	(113, 50.4607)	(114, 49.7963)	(115, 49.917699999999996)	(116, 50.307900000000004)	(117, 49.7381)	(118, 49.9596)	(119, 50.332699999999996)	(120, 49.6153)	(121, 49.8695)	(122, 50.222699999999996)	(123, 49.7406)	(124, 49.995200000000004)	(125, 50.305200000000006)	(126, 49.8818)	(127, 49.9884)	(128, 50.3888)	(129, 49.8227)	(130, 49.9159)	(131, 50.3007)	(132, 49.7324)	(133, 49.8425)	(134, 50.3227)	(135, 49.8089)	(136, 49.9194)	(137, 50.2957)	(138, 49.783500000000004)	(139, 49.9038)	(140, 50.21210000000001)	(141, 49.8819)	(142, 49.9923)	(143, 50.3319)	(144, 49.875)	(145, 49.9081)	(146, 50.2723)	(147, 49.9664)	(148, 49.9081)	(149, 50.3041)	(150, 49.9176)	(151, 49.9045)
reports | SRR35329996	(1, 78.06060000000001)	(2, 75.9783)	(3, 51.922599999999996)	(4, 59.441)	(5, 53.986599999999996)	(6, 47.4049)	(7, 46.4347)	(8, 38.6787)	(9, 49.904700000000005)	(10, 46.3303)	(11, 42.6039)	(12, 55.35679999999999)	(13, 51.9996)	(14, 49.7338)	(15, 48.0621)	(16, 49.455799999999996)	(17, 50.0217)	(18, 49.3435)	(19, 49.4869)	(20, 49.9847)	(21, 49.6783)	(22, 49.595800000000004)	(23, 49.6153)	(24, 48.9386)	(25, 49.2738)	(26, 49.8908)	(27, 49.392)	(28, 49.4057)	(29, 49.748799999999996)	(30, 49.452200000000005)	(31, 49.6226)	(32, 49.7799)	(33, 49.207699999999996)	(34, 49.3502)	(35, 49.863099999999996)	(36, 49.5678)	(37, 49.5937)	(38, 50.066)	(39, 49.5565)	(40, 49.5044)	(41, 49.947900000000004)	(42, 49.670500000000004)	(43, 49.784299999999995)	(44, 50.08240000000001)	(45, 49.656099999999995)	(46, 49.695699999999995)	(47, 50.141999999999996)	(48, 49.6908)	(49, 49.7353)	(50, 50.358999999999995)	(51, 49.8886)	(52, 49.8743)	(53, 50.2666)	(54, 49.703199999999995)	(55, 49.7946)	(56, 50.0807)	(57, 49.6969)	(58, 49.9286)	(59, 50.1683)	(60, 49.7939)	(61, 49.719)	(62, 50.143)	(63, 49.620999999999995)	(64, 49.702400000000004)	(65, 50.2456)	(66, 49.7105)	(67, 49.8199)	(68, 50.183)	(69, 49.7307)	(70, 49.7529)	(71, 50.1081)	(72, 49.7147)	(73, 49.8951)	(74, 50.303399999999996)	(75, 49.7917)	(76, 49.9226)	(77, 50.2679)	(78, 49.8318)	(79, 49.999700000000004)	(80, 50.1782)	(81, 49.900299999999994)	(82, 49.8964)	(83, 50.291)	(84, 49.9634)	(85, 49.9768)	(86, 50.3121)	(87, 49.8148)	(88, 49.8496)	(89, 50.2574)	(90, 49.6313)	(91, 49.8661)	(92, 50.2583)	(93, 49.839299999999994)	(94, 49.8189)	(95, 50.2903)	(96, 49.845299999999995)	(97, 49.8757)	(98, 50.3497)	(99, 49.8068)	(100, 49.9424)	(101, 50.2239)	(102, 49.9176)	(103, 49.8088)	(104, 50.171299999999995)	(105, 49.674600000000005)	(106, 49.8128)	(107, 50.14619999999999)	(108, 49.570100000000004)	(109, 49.6786)	(110, 50.1043)	(111, 49.641400000000004)	(112, 49.8224)	(113, 50.2642)	(114, 49.6573)	(115, 49.728899999999996)	(116, 50.1365)	(117, 49.561699999999995)	(118, 49.7604)	(119, 50.1507)	(120, 49.4917)	(121, 49.6576)	(122, 50.0567)	(123, 49.566500000000005)	(124, 49.816700000000004)	(125, 50.1489)	(126, 49.718)	(127, 49.7867)	(128, 50.186600000000006)	(129, 49.6622)	(130, 49.7338)	(131, 50.1215)	(132, 49.5825)	(133, 49.6703)	(134, 50.111700000000006)	(135, 49.6355)	(136, 49.7457)	(137, 50.1215)	(138, 49.6242)	(139, 49.7117)	(140, 50.030300000000004)	(141, 49.7252)	(142, 49.7738)	(143, 50.14619999999999)	(144, 49.7011)	(145, 49.7302)	(146, 50.0836)	(147, 49.7618)	(148, 49.6858)	(149, 50.11449999999999)	(150, 49.6832)	(151, 49.647200000000005)
