Sample	0	1	2	3	4	5	6	7	8	9	10	11	12	13	14	15	16	17	18	19	20	21	22	23	24	25	26	27	28	29	30	31	32	33	34	35	36	37
fastqc_fastp_trim | SRR30333743_1	(1, 0.0022231147708080138)	(2, 0.06881747757100126)	(3, 0.26982874915508226)	(4, 0.08692234261720098)	(5, 0.003211853837861903)	(6, 0.0019341304923371485)	(7, 0.07738792560108007)	(8, 0.039076866969513936)	(9, 0.0)	(10, 0.11329091952361685)	(15, 4.128359702990115e-07)	(20, 0.05285909654755393)	(25, 0.00803516587890486)	(30, 0.009063484172257543)	(35, 0.09272462039261097)	(40, 0.10465859744989675)	(45, 0.004817990492195744)	(50, 0.01866825386386993)	(55, 0.04097501514095109)	(60, 0.03152884855209696)	(65, 0.02578258656635124)	(70, 0.02943697977013751)	(75, 0.019696666954941006)	(80, 0.005384658160914304)	(85, 0.02293526462397272)	(90, 0.022505949975558166)	(95, 0.04222298410088369)	(100, 0.10268761852065857)	(105, 0.009411415074336772)	(110, 0.02220018872877505)	(115, 0.04159638776015422)	(120, 0.08469946679156955)	(125, 0.012937286643070799)	(130, 0.06797626156056928)	(135, 0.07597930613390391)	(140, 0.03332453131734784)	(145, 0.001073167856176977)	(150, 0.008039841143809722)
fastqc_fastp_trim | SRR30333743_2	(1, 0.06834891020519494)	(2, 0.04190684872511077)	(3, 0.0001589413531589759)	(4, 0.0010031882809774322)	(5, 0.04628702471736202)	(6, 4.128346835298076e-06)	(7, 0.0689578413634014)	(8, 0.08158439015916057)	(9, 3.509094810003364e-05)	(10, 0.07627368479023312)	(15, 0.039633489038675224)	(20, 0.07839114226124017)	(25, 0.02314351313591812)	(30, 0.02581476595860385)	(35, 0.021337802862154226)	(40, 0.03462800289054324)	(45, 0.035635773659141674)	(50, 0.11981834863942363)	(55, 0.021987766010800932)	(60, 0.012463013832621973)	(65, 0.011788325706467312)	(70, 0.016681731368168216)	(75, 0.05585232933644934)	(80, 0.07598390103201372)	(85, 0.053082280284483155)	(90, 0.008504504828322825)	(95, 0.004127792626238975)	(100, 0.0682294416805569)	(105, 0.008451938755220519)	(110, 0.02730725182448649)	(115, 0.012705393536787131)	(120, 0.02879257706776136)	(125, 0.009276773948473309)	(130, 0.06818368569723095)	(135, 0.038795689517450736)	(140, 0.06447114169317575)	(145, 0.04600586491613967)	(150, 0.06646158049808099)
fastqc_fastp_trim | SRR30333744_1	(1, 0.0013734877136585889)	(2, 0.09086379170576493)	(3, 0.3409028660531372)	(4, 0.10827814596154992)	(5, 0.002370299867049605)	(6, 0.0014653598015287287)	(7, 0.10122466641531995)	(8, 0.049838310867354046)	(9, 0.0)	(10, 0.14317713662034057)	(15, 0.0)	(20, 0.06750315026261977)	(25, 0.010492968739373441)	(30, 0.011423452128093764)	(35, 0.11645937319059445)	(40, 0.13125026971436488)	(45, 0.005932436442822866)	(50, 0.022162433208943996)	(55, 0.051737364068123216)	(60, 0.03965782084578627)	(65, 0.033229807985645884)	(70, 0.03689095857458807)	(75, 0.025940690202800227)	(80, 0.00682271835647333)	(85, 0.028071688227431217)	(90, 0.028237057681221187)	(95, 0.05298151950307115)	(100, 0.12734994650066656)	(105, 0.012023374554829663)	(110, 0.027790626400296448)	(115, 0.051275248273372105)	(120, 0.1066304150788517)	(125, 0.016925156360433822)	(130, 0.08550693798573328)	(135, 0.09624491274555948)	(140, 0.04197012178247751)	(145, 0.0008395864053232372)	(150, 0.009662532400405563)
fastqc_fastp_trim | SRR30333744_2	(1, 0.05893824117089139)	(2, 0.042006215376424634)	(3, 0.00020900899990456786)	(4, 0.0007878031534864482)	(5, 0.05630151224901837)	(6, 2.296802196753493e-06)	(7, 0.0868949175097749)	(8, 0.101419894602044)	(9, 2.296802196753493e-05)	(10, 0.0948110759611055)	(15, 0.041555277662895136)	(20, 0.09715189466820162)	(25, 0.029195266685404984)	(30, 0.03263506489389998)	(35, 0.025987735156201505)	(40, 0.04381148496636951)	(45, 0.04436244897520978)	(50, 0.1495345994975008)	(55, 0.0275485062184378)	(60, 0.015464205012717332)	(65, 0.015359296878836796)	(70, 0.015468495520984366)	(75, 0.0695640002377122)	(80, 0.09606308489982063)	(85, 0.06664027543253424)	(90, 0.010675531292454282)	(95, 0.00538023361130007)	(100, 0.08549230322886785)	(105, 0.010727368176439692)	(110, 0.03349337305318923)	(115, 0.016309811182113495)	(120, 0.035805346886834684)	(125, 0.011505636043819647)	(130, 0.08598684904459084)	(135, 0.0492781922849375)	(140, 0.08303808092271517)	(145, 0.057936485061141366)	(150, 0.08668323135399626)
fastqc_fastp_trim | SRR30333745_1	(1, 0.0020398471306375078)	(2, 0.07235150750139646)	(3, 0.2817315944789124)	(4, 0.08990767582297067)	(5, 0.0030641200501793694)	(6, 0.0019376373063944774)	(7, 0.08203969403336886)	(8, 0.04077084648741151)	(9, 0.0)	(10, 0.1181228065391149)	(15, 0.0)	(20, 0.055125632579279736)	(25, 0.00832047204956409)	(30, 0.00962986173671564)	(35, 0.09604691610507102)	(40, 0.10924557709484126)	(45, 0.005033489480442146)	(50, 0.019194653667243333)	(55, 0.042796812034209965)	(60, 0.03308093834906992)	(65, 0.026527905217674955)	(70, 0.030521680433451433)	(75, 0.020324691348145914)	(80, 0.005686266525096668)	(85, 0.02373234595914888)	(90, 0.023267580915415913)	(95, 0.04405657522846639)	(100, 0.10670040899335043)	(105, 0.009910870926845361)	(110, 0.023321778980563302)	(115, 0.043120285003660976)	(120, 0.08742699946818311)	(125, 0.013874679755648007)	(130, 0.07061277368073057)	(135, 0.07942412477824214)	(140, 0.03469960228482093)	(145, 0.0011227995820170538)	(150, 0.00806281904415754)
fastqc_fastp_trim | SRR30333745_2	(1, 0.06823266905211349)	(2, 0.04194517212765059)	(3, 0.00015005272069721539)	(4, 0.0010503690448805077)	(5, 0.048071237550897775)	(6, 4.3493542231076925e-06)	(7, 0.07178609145239247)	(8, 0.08548438257807014)	(9, 5.001757356573847e-05)	(10, 0.07939485173029708)	(15, 0.0401303206578201)	(20, 0.08129813441358538)	(25, 0.02405886841270825)	(30, 0.026878139930416687)	(35, 0.021903685610897103)	(40, 0.03616778794379052)	(45, 0.0370607135305277)	(50, 0.12470183120206599)	(55, 0.022921066820615323)	(60, 0.012917159919535124)	(65, 0.01242576171210868)	(70, 0.016745938534567836)	(75, 0.0579716805673864)	(80, 0.0788524971687271)	(85, 0.055331804486038895)	(90, 0.008818222520763556)	(95, 0.004374953724878814)	(100, 0.07147360590430968)	(105, 0.009003170515022838)	(110, 0.028069830555821938)	(115, 0.013184476056857786)	(120, 0.030063911278449654)	(125, 0.00961241733722051)	(130, 0.07081348631317164)	(135, 0.04058875598277528)	(140, 0.06781865091510328)	(145, 0.04775231993801402)	(150, 0.0705827922277716)
fastqc_fastp_trim | SRR30333746_1	(1, 0.0014681678565319032)	(2, 0.08464486821282191)	(3, 0.332202803504261)	(4, 0.10495330617523088)	(5, 0.0026076414168253207)	(6, 0.0016532105714513472)	(7, 0.09824794253196575)	(8, 0.047025197315186035)	(9, 0.0)	(10, 0.1385668022948608)	(15, 4.869564597474559e-07)	(20, 0.06456084999261011)	(25, 0.009816252826975385)	(30, 0.011133715529053971)	(35, 0.11291749383366743)	(40, 0.12765740403007278)	(45, 0.0056439151022072585)	(50, 0.022134981118981975)	(55, 0.05000528023179976)	(60, 0.03881896295745403)	(65, 0.031287378565644904)	(70, 0.03618530033752695)	(75, 0.023801216697241386)	(80, 0.00654698081525538)	(85, 0.027646331816716694)	(90, 0.02739846067966508)	(95, 0.05180308753940947)	(100, 0.12447599419920882)	(105, 0.011480937499606308)	(110, 0.026997350405789183)	(115, 0.04985065923576705)	(120, 0.10416766539579687)	(125, 0.016244237523583494)	(130, 0.08370862338670926)	(135, 0.09418494591453722)	(140, 0.04020065238876705)	(145, 0.0008976343533731097)	(150, 0.009323097166648687)
fastqc_fastp_trim | SRR30333746_2	(1, 0.061039748197769174)	(2, 0.04199008765132538)	(3, 0.00020452089543728004)	(4, 0.000844866079961145)	(5, 0.05668637485203279)	(6, 4.869545129459048e-06)	(7, 0.08490295410468324)	(8, 0.09973071902388606)	(9, 3.6521588470942865e-05)	(10, 0.09297325124773573)	(15, 0.04202432630963189)	(20, 0.09610601868208987)	(25, 0.02842993490702907)	(30, 0.03149045339532692)	(35, 0.025768003957340493)	(40, 0.04276884311648012)	(45, 0.04319909167567977)	(50, 0.14643570998936278)	(55, 0.026822910024078044)	(60, 0.015133008323408472)	(65, 0.014822902629831687)	(70, 0.016341015109370492)	(75, 0.06846504283063452)	(80, 0.09336499095550185)	(85, 0.06472529432719394)	(90, 0.010377065546678211)	(95, 0.005059614236826625)	(100, 0.08424440789773058)	(105, 0.010435087291051946)	(110, 0.03294539710815209)	(115, 0.015984886660799943)	(120, 0.0350026520246595)	(125, 0.011344062455250535)	(130, 0.08336557583810955)	(135, 0.047745658970171904)	(140, 0.08050434673972548)	(145, 0.056027058068377066)	(150, 0.0841027833680506)
fastqc_fastp_trim | SRR30333747_1	(1, 0.0013640647245928012)	(2, 0.10272495591084675)	(3, 0.41080365581493705)	(4, 0.12982150694278577)	(5, 0.0016348530836492574)	(6, 0.0015918306340795402)	(7, 0.11680341984945483)	(8, 0.058966063233789)	(9, 0.0)	(10, 0.17194605268265978)	(15, 0.006674079926505554)	(20, 0.08150925442031912)	(25, 0.012385763601863874)	(30, 0.013317387090993544)	(35, 0.14219202991143765)	(40, 0.15832136472296474)	(45, 0.006969881775633794)	(50, 0.03731011601561578)	(55, 0.07216925451076088)	(60, 0.04991736591590427)	(65, 0.05051935026955262)	(70, 0.04759069437411933)	(75, 0.030772377012663166)	(80, 0.00970467652488257)	(85, 0.04426787761149803)	(90, 0.03854282430311766)	(95, 0.0636614430949912)	(100, 0.1629436112902762)	(105, 0.014420249251124255)	(110, 0.04059031865057957)	(115, 0.07416392683080904)	(120, 0.1346068325578617)	(125, 0.022676342757809363)	(130, 0.10761708271242754)	(135, 0.11890493224582456)	(140, 0.06087521012547449)	(145, 0.004261455995448135)	(150, 0.010648695938639348)
fastqc_fastp_trim | SRR30333747_2	(1, 0.04835723331636224)	(2, 0.061026079348480165)	(3, 0.031054616392353)	(4, 0.009204273475591872)	(5, 0.0693699038326777)	(6, 0.0002682576267288255)	(7, 0.10400803720095539)	(8, 0.12394008501337266)	(9, 4.0491717242086865e-05)	(10, 0.12511991242451395)	(15, 0.046695205021058624)	(20, 0.13244806114747915)	(25, 0.037979986082002384)	(30, 0.042955692169037364)	(35, 0.03537965595826957)	(40, 0.06004462367103117)	(45, 0.05778164463999402)	(50, 0.18962130677774858)	(55, 0.038878513980493544)	(60, 0.023503480273478476)	(65, 0.024911085378128632)	(70, 0.01703326255695368)	(75, 0.0866052923552449)	(80, 0.12250586052454618)	(85, 0.08571602881882832)	(90, 0.014755691007081321)	(95, 0.011561552342143417)	(100, 0.10636874680017287)	(105, 0.01649162049207018)	(110, 0.052782395760132265)	(115, 0.024692014336757103)	(120, 0.04635928621730098)	(125, 0.024147471142750742)	(130, 0.10859672798450629)	(135, 0.06361624493871094)	(140, 0.10937613068968624)	(145, 0.07537595110267069)	(150, 0.10677575774380552)
fastqc_fastp_trim | SRR30333748_1	(1, 0.001990895500036804)	(2, 0.07298099400732523)	(3, 0.28719976344036896)	(4, 0.09133530550965656)	(5, 0.0029903091773461157)	(6, 0.0018116355864876731)	(7, 0.08201379000510177)	(8, 0.04076180069597265)	(9, 0.0)	(10, 0.12029165112023169)	(15, 6.345509495663125e-07)	(20, 0.05625599731516486)	(25, 0.008650023732913665)	(30, 0.009674361425912478)	(35, 0.09718592597010824)	(40, 0.11098660480166599)	(45, 0.005174143195147645)	(50, 0.01977808507286378)	(55, 0.04335747904366283)	(60, 0.033635570894742124)	(65, 0.02700733668726672)	(70, 0.032322956806083894)	(75, 0.020684730481956234)	(80, 0.005702849994476806)	(85, 0.024190995745019605)	(90, 0.023726338929989776)	(95, 0.0447911216995723)	(100, 0.10854519602269382)	(105, 0.009985350082732868)	(110, 0.02347990337251447)	(115, 0.044449208864768164)	(120, 0.08998456580376271)	(125, 0.014220962502241998)	(130, 0.07287143191921887)	(135, 0.08125464601136304)	(140, 0.03483963487840058)	(145, 0.0010575641422145882)	(150, 0.008248252760317517)
fastqc_fastp_trim | SRR30333748_2	(1, 0.06586136133468365)	(2, 0.0414423538190928)	(3, 0.0001475324952218508)	(4, 0.0010152773864729517)	(5, 0.04877931930727624)	(6, 0.0)	(7, 0.07307300352047434)	(8, 0.08596068084501536)	(9, 4.759112749091961e-05)	(10, 0.08075040420730949)	(15, 0.04038594521261518)	(20, 0.08418606977175108)	(25, 0.024410223230945726)	(30, 0.02741334266402293)	(35, 0.023204113833956645)	(40, 0.03663631562974313)	(45, 0.03760412388622994)	(50, 0.1263860216780662)	(55, 0.023565208211379578)	(60, 0.013243283622920321)	(65, 0.012315765972418702)	(70, 0.016334459083782223)	(75, 0.06008955246050798)	(80, 0.08027852402677452)	(85, 0.05632985377919628)	(90, 0.009007482712238961)	(95, 0.004457190733314255)	(100, 0.07277947442098885)	(105, 0.009046578630494715)	(110, 0.028899477695703425)	(115, 0.013582463246333446)	(120, 0.03041684410312365)	(125, 0.009900019427774536)	(130, 0.07225857067872796)	(135, 0.041079152042256)	(140, 0.06846924230683635)	(145, 0.04859190466674805)	(150, 0.07186067257345531)
fastqc_fastp_trim | SRR30333749_1	(1, 0.0057477518285313795)	(2, 0.06489597062850418)	(3, 0.22129522112476321)	(4, 0.07732846043747302)	(5, 0.0018100868843640414)	(6, 0.0010899239742213427)	(7, 0.06377313598365804)	(8, 0.03138516424525117)	(9, 0.0)	(10, 0.09614252287277089)	(15, 0.0008452245973738946)	(20, 0.043112442017370196)	(25, 0.006655376493571858)	(30, 0.013420847854919541)	(35, 0.07528005121893298)	(40, 0.08478485355509102)	(45, 0.003891570792217201)	(50, 0.015403792049520004)	(55, 0.03957893885347994)	(60, 0.025874925769552998)	(65, 0.020731965177713023)	(70, 0.023691711527093425)	(75, 0.016108612823461137)	(80, 0.004252083180708815)	(85, 0.018737906849742685)	(90, 0.028978709572082158)	(95, 0.03401781697641543)	(100, 0.0833561101635457)	(105, 0.00763485863896659)	(110, 0.01795126311584253)	(115, 0.03381374731309074)	(120, 0.06893042709945688)	(125, 0.011138303707006254)	(130, 0.055526023074810804)	(135, 0.06227511448758529)	(140, 0.026556957957756904)	(145, 0.000650954610581433)	(150, 0.006423255575831092)
fastqc_fastp_trim | SRR30333749_2	(1, 0.14260774358266606)	(2, 0.039481189218952155)	(3, 0.00013745044790357963)	(4, 0.055514493578634506)	(5, 0.03715033936999568)	(6, 1.935921801458868e-06)	(7, 0.055874575033705846)	(8, 0.06643115661706106)	(9, 0.007484273684439984)	(10, 0.06531064507837667)	(15, 0.057715366354661006)	(20, 0.06342089796857985)	(25, 0.020414170073113195)	(30, 0.0285574317598282)	(35, 0.017667410319258368)	(40, 0.0338207448094638)	(45, 0.029102480305152337)	(50, 0.09792792747779094)	(55, 0.018282733321901865)	(60, 0.0101077126773688)	(65, 0.009563084687521322)	(70, 0.01115270322242167)	(75, 0.04497981430822052)	(80, 0.06163603629424094)	(85, 0.043193685075570865)	(90, 0.007008868105307695)	(95, 0.0036571354449662845)	(100, 0.05605245292514356)	(105, 0.006739870832794063)	(110, 0.02226453760917549)	(115, 0.010597816667346523)	(120, 0.023178985705268496)	(125, 0.019658855866401086)	(130, 0.05539217149268109)	(135, 0.03704999459511664)	(140, 0.05367626699099788)	(145, 0.042469343892862985)	(150, 0.08253494143243394)
fastqc_fastp_trim | SRR30333750_1	(1, 0.0018514097963257701)	(2, 0.07338121732960583)	(3, 0.2907641987025854)	(4, 0.09156836831733683)	(5, 0.002801297163092701)	(6, 0.0016676230349350195)	(7, 0.08262859332379306)	(8, 0.04196722331420578)	(9, 0.0)	(10, 0.12142539827413397)	(15, 0.0)	(20, 0.0569986154643498)	(25, 0.008880377889388967)	(30, 0.00981192811313581)	(35, 0.09853173776341657)	(40, 0.11200792886673928)	(45, 0.005097706137529028)	(50, 0.01981296624920334)	(55, 0.043737681206078544)	(60, 0.0337259759296702)	(65, 0.02762235554338652)	(70, 0.03146208193591955)	(75, 0.021031541239545423)	(80, 0.005708006385377951)	(85, 0.0245070254225198)	(90, 0.0239677848036512)	(95, 0.04502975635627342)	(100, 0.10958498669547027)	(105, 0.010100708345846792)	(110, 0.023693688079036615)	(115, 0.044682963850432474)	(120, 0.09212346668708833)	(125, 0.014193189352734132)	(130, 0.07305360194275808)	(135, 0.08305082855545488)	(140, 0.03520006839745172)	(145, 0.001032916361998218)	(150, 0.008488936303603933)
fastqc_fastp_trim | SRR30333750_2	(1, 0.06492509170814299)	(2, 0.04069038897191214)	(3, 0.00016057159153086615)	(4, 0.0009750371341151389)	(5, 0.04995130714851763)	(6, 0.0)	(7, 0.0738532591167568)	(8, 0.08666222908694794)	(9, 5.416872967306328e-05)	(10, 0.08172552321624356)	(15, 0.040286567535345756)	(20, 0.08369077874208099)	(25, 0.024668852212855363)	(30, 0.027704321450455878)	(35, 0.02248713963374903)	(40, 0.036980835744983245)	(45, 0.03815965785776468)	(50, 0.1278969296248173)	(55, 0.023874833976979135)	(60, 0.013160992306779555)	(65, 0.012484000285499538)	(70, 0.01636457081749039)	(75, 0.059598901010035704)	(80, 0.08073969104312351)	(85, 0.0569600774809735)	(90, 0.009109933168009487)	(95, 0.004544580017964433)	(100, 0.07319531928489804)	(105, 0.009072987859392031)	(110, 0.029323234109291156)	(115, 0.013602900446154151)	(120, 0.030775388799885013)	(125, 0.010041622906248101)	(130, 0.07322616153011753)	(135, 0.041452754476335264)	(140, 0.06926341554102415)	(145, 0.049187565450036386)	(150, 0.07222852891759356)
fastqc_fastp_trim | SRR30333751_1	(1, 0.001972780712390376)	(2, 0.0775891849281648)	(3, 0.3024188685049841)	(4, 0.09653161963576147)	(5, 0.002999374656563187)	(6, 0.0018512349812952339)	(7, 0.08640405533404937)	(8, 0.04380695142101358)	(9, 0.0)	(10, 0.1263533322435356)	(15, 0.0)	(20, 0.060030924411946754)	(25, 0.009214483392165268)	(30, 0.01019568069810399)	(35, 0.10262393181203049)	(40, 0.11567382779366889)	(45, 0.00534179229983839)	(50, 0.020549204553766614)	(55, 0.045364379058573295)	(60, 0.034956083575726125)	(65, 0.029506656267624356)	(70, 0.03263667939325119)	(75, 0.023014704064759316)	(80, 0.00600254197275862)	(85, 0.025230232517090986)	(90, 0.024836789864982393)	(95, 0.04667980366279071)	(100, 0.11358017130090303)	(105, 0.01045694785238463)	(110, 0.024640860896630767)	(115, 0.04595326595930988)	(120, 0.0937319213840932)	(125, 0.014649863720642291)	(130, 0.07561361697626391)	(135, 0.08472358285035783)	(140, 0.03672837616299455)	(145, 0.0011204235696020896)	(150, 0.009078808006295748)
fastqc_fastp_trim | SRR30333751_2	(1, 0.06712690238235991)	(2, 0.042483037919238804)	(3, 0.00017764376083136084)	(4, 0.001039683484444596)	(5, 0.05043212873286107)	(6, 3.7398686490812805e-06)	(7, 0.07560331467550263)	(8, 0.09134068195083667)	(9, 5.7967964060759855e-05)	(10, 0.08405242592750706)	(15, 0.04117160025140676)	(20, 0.08704490784371985)	(25, 0.025470084874252962)	(30, 0.028797199995712473)	(35, 0.023397300441647048)	(40, 0.03823189974476293)	(45, 0.03977819172938752)	(50, 0.13240385143153952)	(55, 0.02469324165878105)	(60, 0.013754709372272732)	(65, 0.013424680372967136)	(70, 0.016216370457200938)	(75, 0.06163199232808692)	(80, 0.08399089881826173)	(85, 0.058532619830343524)	(90, 0.009481777079747069)	(95, 0.004717310081285246)	(100, 0.07610730746390089)	(105, 0.009476791898293608)	(110, 0.03015585144617348)	(115, 0.014342190737969227)	(120, 0.03156565367739167)	(125, 0.0103886938322741)	(130, 0.07596076704763981)	(135, 0.04271831593880528)	(140, 0.07202044832310692)	(145, 0.05072437766000695)	(150, 0.07529941463438301)
fastqc_fastp_trim | SRR30333752_1	(1, 0.0019230028946144386)	(2, 0.07353966083162387)	(3, 0.294645039722604)	(4, 0.09308411030525265)	(5, 0.0028523674371787786)	(6, 0.0015547313375609054)	(7, 0.084179581996496)	(8, 0.04179534746560378)	(9, 0.0)	(10, 0.12374862367191201)	(15, 0.0)	(20, 0.058867647616705564)	(25, 0.008886663767909999)	(30, 0.009925346606431334)	(35, 0.10060653110144961)	(40, 0.11455830704589101)	(45, 0.005259563746089868)	(50, 0.019982049674287863)	(55, 0.044531858149766124)	(60, 0.03437333662732435)	(65, 0.028924663414136322)	(70, 0.03206251178820171)	(75, 0.02224286828755412)	(80, 0.005717240036979458)	(85, 0.0248848117095746)	(90, 0.024459060452223333)	(95, 0.04614318148069511)	(100, 0.11083814712449548)	(105, 0.010362527902506025)	(110, 0.02421602743260917)	(115, 0.04534847928022043)	(120, 0.09394550829120403)	(125, 0.014616853366655568)	(130, 0.07452474674633748)	(135, 0.0842425971344041)	(140, 0.03589257798653275)	(145, 0.0010634005931211082)	(150, 0.008617595586283626)
fastqc_fastp_trim | SRR30333752_2	(1, 0.06269823258836399)	(2, 0.04094762803238622)	(3, 0.00015460456876303976)	(4, 0.0010405408616748406)	(5, 0.04960374675313035)	(6, 5.211389958304712e-06)	(7, 0.07512566050893461)	(8, 0.08822883199409876)	(9, 3.995398968033612e-05)	(10, 0.08287534480293093)	(15, 0.0403459983431903)	(20, 0.08546071437527665)	(25, 0.025401770220540264)	(30, 0.028049615908086398)	(35, 0.02297005041625342)	(40, 0.03774623893906485)	(45, 0.038546674589947025)	(50, 0.1301512749660106)	(55, 0.024346213523500936)	(60, 0.013506398701647635)	(65, 0.012542414004819043)	(70, 0.01619646988825892)	(75, 0.06120059807510532)	(80, 0.08250869045501413)	(85, 0.05801308770018555)	(90, 0.009114180443514273)	(95, 0.004575585969483277)	(100, 0.07447118127878874)	(105, 0.009065496034086174)	(110, 0.02969640557556483)	(115, 0.013894515250873558)	(120, 0.031164407312726305)	(125, 0.010331739521193619)	(130, 0.07417198197205827)	(135, 0.04220819162894817)	(140, 0.07084214479959389)	(145, 0.04989380653837832)	(150, 0.07482946584508944)
fastqc_fastp_trim | SRR30333753_1	(1, 0.0013457059718905953)	(2, 0.10213728213039612)	(3, 0.41195842185381215)	(4, 0.13153182328312685)	(5, 0.0016596182636126843)	(6, 0.001528392633466565)	(7, 0.1177582782209273)	(8, 0.05980029157305798)	(9, 0.0)	(10, 0.17308454772147405)	(15, 0.0062401893337049935)	(20, 0.08191579902097812)	(25, 0.01231233676536783)	(30, 0.013545740521796377)	(35, 0.1444759657174345)	(40, 0.15971260399842907)	(45, 0.007061390209575563)	(50, 0.036958350379452234)	(55, 0.0721106515267124)	(60, 0.050104653842211556)	(65, 0.05059890346537535)	(70, 0.04741185049321284)	(75, 0.030280691614981814)	(80, 0.00960708671372555)	(85, 0.044484919098933276)	(90, 0.039157274634396146)	(95, 0.06427619892440253)	(100, 0.1649276501485032)	(105, 0.014852406161360724)	(110, 0.04067185068582846)	(115, 0.07400890610583484)	(120, 0.13562002623012187)	(125, 0.022308731658273705)	(130, 0.10864075266506573)	(135, 0.12070697466474291)	(140, 0.06161457042660007)	(145, 0.00409812582337345)	(150, 0.01134170008645451)
fastqc_fastp_trim | SRR30333753_2	(1, 0.047040528830026504)	(2, 0.05978228021205753)	(3, 0.030035230994032346)	(4, 0.008758667549360584)	(5, 0.0698197543924499)	(6, 0.00026502431186373095)	(7, 0.10475664863017553)	(8, 0.12416003053080073)	(9, 5.6607134572835746e-05)	(10, 0.1255803549982646)	(15, 0.0471184124800717)	(20, 0.1321877650457552)	(25, 0.03839799888654346)	(30, 0.04286257684461887)	(35, 0.03500518703634532)	(40, 0.06003193394973881)	(45, 0.05821619878307585)	(50, 0.19136972633704125)	(55, 0.03890904173927675)	(60, 0.02360991294193083)	(65, 0.024705829436528604)	(70, 0.016072483621032155)	(75, 0.08731560676683825)	(80, 0.12384789309199248)	(85, 0.08599789152693643)	(90, 0.014729657313577175)	(95, 0.011370707259826533)	(100, 0.10712949287535684)	(105, 0.016552853175075613)	(110, 0.05305449008329665)	(115, 0.02479691410214455)	(120, 0.04632109587869246)	(125, 0.023723728562877768)	(130, 0.11006880942125719)	(135, 0.06429946668806893)	(140, 0.11012791758787449)	(145, 0.07647235417699792)	(150, 0.10759433545746006)
fastqc_fastp_trim | SRR30333754_1	(1, 0.001512295856708943)	(2, 0.0907008661377388)	(3, 0.35246329531931114)	(4, 0.11218858206382278)	(5, 0.002553279996557375)	(6, 0.0016045090187033907)	(7, 0.101407838835983)	(8, 0.05090781296506812)	(9, 0.0)	(10, 0.14655458327591356)	(15, 4.0983780570478155e-07)	(20, 0.06961818006562395)	(25, 0.010524425193286157)	(30, 0.011680100243769734)	(35, 0.11954121354291283)	(40, 0.13409834604892837)	(45, 0.00604222369398846)	(50, 0.02341382035130053)	(55, 0.052634445012184346)	(60, 0.04029090170832436)	(65, 0.034351497434201676)	(70, 0.039237319254935794)	(75, 0.026455145995409643)	(80, 0.007085525824609402)	(85, 0.029084343236006126)	(90, 0.02886410959570057)	(95, 0.054149284072638505)	(100, 0.13097394391901512)	(105, 0.012220588259233457)	(110, 0.02802353109999627)	(115, 0.053353158039192966)	(120, 0.10863619531589498)	(125, 0.01705546771325586)	(130, 0.08741578727209447)	(135, 0.09818163947676939)	(140, 0.04271220908228393)	(145, 0.0008468364186129807)	(150, 0.009837886791289614)
fastqc_fastp_trim | SRR30333754_2	(1, 0.06087298200460144)	(2, 0.04286682523915227)	(3, 0.0002418034025632185)	(4, 0.0008340168207053385)	(5, 0.058465193885857525)	(6, 2.0491813776543943e-06)	(7, 0.08842012726440947)	(8, 0.10498775870274524)	(9, 3.278690204247031e-05)	(10, 0.09744226303394622)	(15, 0.04311576938178978)	(20, 0.101856359467251)	(25, 0.02967073885791521)	(30, 0.03317920363550363)	(35, 0.02849193813453888)	(40, 0.044499225995520905)	(45, 0.045835623385310366)	(50, 0.15361081929605294)	(55, 0.02845792970760367)	(60, 0.015948661002016525)	(65, 0.01591075834991382)	(70, 0.01608064250657826)	(75, 0.07298503281242742)	(80, 0.09824431573560385)	(85, 0.06801401494395078)	(90, 0.010987997845476417)	(95, 0.005452903784074566)	(100, 0.08794869671582)	(105, 0.011077408519840005)	(110, 0.034704421078438664)	(115, 0.016797227187829736)	(120, 0.03698350853184354)	(125, 0.011828656872342682)	(130, 0.0883729495226503)	(135, 0.050313997657970136)	(140, 0.08440170858037438)	(145, 0.05931997373607429)	(150, 0.08697814554172904)
fastqc_fastp_trim | SRR30333755_1	(1, 0.00196507950029843)	(2, 0.09068660422155592)	(3, 0.36438743974069454)	(4, 0.11567526029461209)	(5, 0.0018380492951340199)	(6, 0.0019910040319646364)	(7, 0.10592763638811854)	(8, 0.05317639935372217)	(9, 0.0)	(10, 0.15255135111789045)	(15, 0.009304866725283283)	(20, 0.07284061592412092)	(25, 0.010883393204526465)	(30, 0.011973826497076245)	(35, 0.12987648232551066)	(40, 0.14188718279124768)	(45, 0.006345850162504263)	(50, 0.037977575517895205)	(55, 0.06931653216973976)	(60, 0.045495923619112186)	(65, 0.05112818007005928)	(70, 0.044460555190186025)	(75, 0.026741737572397548)	(80, 0.009621494828963743)	(85, 0.04478065017242819)	(90, 0.03709357037069014)	(95, 0.05753285958579823)	(100, 0.15051457602563792)	(105, 0.012761793612735894)	(110, 0.04023463855317983)	(115, 0.07202241356569415)	(120, 0.12273398777265628)	(125, 0.020839655332619896)	(130, 0.09848202684120985)	(135, 0.10856039122431493)	(140, 0.0598025558257323)	(145, 0.005850520614067684)	(150, 0.011032294171415593)
fastqc_fastp_trim | SRR30333755_2	(1, 0.05161574254741655)	(2, 0.0679274578717935)	(3, 0.04287658292273844)	(4, 0.013011522443268895)	(5, 0.06119226454491312)	(6, 0.00037590570915998995)	(7, 0.09433159337382452)	(8, 0.10919412737806053)	(9, 5.1849063332412405e-05)	(10, 0.11704718651038772)	(15, 0.04576577741176125)	(20, 0.12457560257160322)	(25, 0.03619238144822558)	(30, 0.040327910253641325)	(35, 0.03338944844682332)	(40, 0.05821327985596472)	(45, 0.05387234338886228)	(50, 0.17424798572627853)	(55, 0.036966664377961894)	(60, 0.02362988906627195)	(65, 0.026264154792374893)	(70, 0.016608112819322465)	(75, 0.08008454317540191)	(80, 0.11456721403130128)	(85, 0.07918356410040123)	(90, 0.013884146222531491)	(95, 0.012772995802869527)	(100, 0.09600854801319954)	(105, 0.01679923608230547)	(110, 0.05345606120407563)	(115, 0.02486333908971811)	(120, 0.04229254923247358)	(125, 0.02662035924906645)	(130, 0.09942845902946237)	(135, 0.059664663882720084)	(140, 0.10356452894647451)	(145, 0.07076457841949566)	(150, 0.09804598932317708)
fastqc_fastp_trim | SRR30333756_1	(1, 0.0010871101351277899)	(2, 0.09866678743802686)	(3, 0.3836533389622413)	(4, 0.11980457369479731)	(5, 0.0021742202702555798)	(6, 0.0012529049240758503)	(7, 0.10827029318772718)	(8, 0.054997699230036404)	(9, 0.0)	(10, 0.15960875451890486)	(15, 0.0)	(20, 0.07403973357549322)	(25, 0.01183206951798569)	(30, 0.012552048143854128)	(35, 0.12878778634621035)	(40, 0.14647837906378014)	(45, 0.006653107671295105)	(50, 0.02532713505844452)	(55, 0.05729843546168422)	(60, 0.04430711130837889)	(65, 0.035593545018978864)	(70, 0.04044345830690527)	(75, 0.026890351309038288)	(80, 0.0075052452433200505)	(85, 0.03199414907873952)	(90, 0.031154681209519322)	(95, 0.05881316122954256)	(100, 0.14207518013094547)	(105, 0.013427230150850046)	(110, 0.030372260847133726)	(115, 0.05817724920482845)	(120, 0.11987972077422612)	(125, 0.018658647312533812)	(130, 0.09548361508061226)	(135, 0.1066128751976819)	(140, 0.04685757983619493)	(145, 0.0007184069495698567)	(150, 0.01035313974362901)
fastqc_fastp_trim | SRR30333756_2	(1, 0.05442476280746905)	(2, 0.04168794541347185)	(3, 0.00019307747573698198)	(4, 0.0007240405340136825)	(5, 0.06273339026880288)	(6, 0.0)	(7, 0.09519349154297571)	(8, 0.11378559325551836)	(9, 2.0986682145324126e-05)	(10, 0.10555293758355061)	(15, 0.04362183773996009)	(20, 0.10933463605984671)	(25, 0.03206418013979605)	(30, 0.03572054190605744)	(35, 0.028760283923389984)	(40, 0.048168967206264214)	(45, 0.04973071969145233)	(50, 0.1669514284889534)	(55, 0.03169924171362016)	(60, 0.017176952429281595)	(65, 0.016458984845325392)	(70, 0.015471853150698543)	(75, 0.07686384392253917)	(80, 0.10571076634758288)	(85, 0.07393747612868436)	(90, 0.011970391305508062)	(95, 0.006191520696616805)	(100, 0.09506868002509601)	(105, 0.011695446068413546)	(110, 0.037674730840311386)	(115, 0.01776550977344745)	(120, 0.03991244069561281)	(125, 0.012818963627792465)	(130, 0.09556933722318889)	(135, 0.054190350771412786)	(140, 0.09052737718642231)	(145, 0.06525577140447238)	(150, 0.09494553612134934)
fastqc_fastp_trim | SRR30333757_1	(1, 0.001168016036659952)	(2, 0.005003558221806156)	(3, 0.0024094502241956725)	(4, 0.00011346441498982391)	(5, 8.899169803123445e-06)	(6, 0.0002113552828241818)	(7, 1.3348754704685165e-05)	(8, 8.899169803123445e-06)	(9, 0.0022247924507808607)	(10, 0.00011479929046029244)	(15, 6.540893588849708e-05)	(20, 5.028042572569949e-05)	(25, 3.2037160543257336e-05)	(30, 0.000135714264642024)	(35, 0.0010697232581878405)	(40, 0.00020336418292338584)	(45, 0.00019403640502130257)	(50, 0.00041884448551286584)	(55, 0.000490178520924824)	(60, 0.0001732546826554105)	(65, 8.868665400313351e-05)	(70, 6.6916277765989366e-06)	(75, 8.445481960732048e-05)	(80, 3.136397191333016e-06)	(85, 7.02003295554471e-05)	(90, 1.3591658693950694e-05)	(95, 3.98239164022206e-05)	(100, 5.668728730244445e-05)	(105, 0.0004041919985620632)	(110, 3.364712938784168e-05)	(115, 3.43287834081599e-05)	(120, 1.5790751987138496e-06)	(125, 0.0003552303980164907)	(130, 2.041493661987526e-05)	(135, 3.713784864416554e-05)	(140, 8.311808443107311e-05)	(145, 0.0002823804755983277)	(150, 0.0005633801877238383)
fastqc_fastp_trim | SRR30333757_2	(1, 0.0019934140358996515)	(2, 0.004385065920489077)	(3, 6.6743773523425825e-06)	(4, 0.0006118179239647368)	(5, 1.1123962253904304e-05)	(6, 0.00046498162221319996)	(7, 3.559667921249378e-05)	(8, 0.0)	(9, 0.0)	(10, 2.1358007527496267e-05)	(15, 0.0002198098296125862)	(20, 6.6744151286778515e-06)	(25, 1.0234153607864415e-05)	(30, 1.5128938245062387e-05)	(35, 1.4684407650085124e-05)	(40, 0.001020843524339179)	(45, 1.6466753822079317e-05)	(50, 1.5579138632451816e-05)	(55, 1.1575909451419743e-05)	(60, 0.00040086297603319105)	(65, 0.0002482458223726712)	(70, 0.00012134876457165)	(75, 0.00012825523345591839)	(80, 1.3442776834620107e-05)	(85, 0.0003429327685977706)	(90, 1.359304913813861e-06)	(95, 6.409157228053416e-06)	(100, 5.3905415522530026e-05)	(105, 2.2773703910079853e-05)	(110, 0.0001121655053334722)	(115, 3.73588609998148e-05)	(120, 4.21068754079926e-06)	(125, 1.7676182348513488e-05)	(130, 0.0008298013709764824)	(135, 3.7123145548067096e-06)	(140, 6.593464224631256e-06)	(145, 2.117015505776633e-06)	(150, 0.0030735330840825836)
fastqc_fastp_trim | SRR30333758_1	(1, 0.0018774363663762467)	(2, 0.005318156400372555)	(3, 2.2439478482584622e-05)	(4, 0.00047372232352123084)	(5, 1.9946203095630772e-05)	(6, 0.0001919822047954462)	(7, 4.986550773907693e-06)	(8, 9.973101547815386e-06)	(9, 0.002116790803523816)	(10, 0.00012615973457986467)	(15, 5.136150831536337e-05)	(20, 2.1442215480712106e-05)	(25, 4.986570815733273e-06)	(30, 0.0006128535230463219)	(35, 0.00283493517393382)	(40, 0.00011370022084023816)	(45, 9.076675938142034e-05)	(50, 0.00034615363187009155)	(55, 0.0004884005858611971)	(60, 0.0001906327241341922)	(65, 0.00021420186955391747)	(70, 1.399295279914653e-05)	(75, 0.0)	(80, 2.5088655657052046e-06)	(85, 5.290660578275248e-05)	(90, 2.6374683367488124e-05)	(95, 4.149935297385337e-05)	(100, 1.5074452330202345e-05)	(105, 0.00046437504930671724)	(110, 7.068186759610495e-06)	(115, 2.354539849670367e-05)	(120, 1.1620463461849363e-06)	(125, 0.0009174580695051718)	(130, 2.0854642986712482e-05)	(135, 1.7880274161025088e-05)	(140, 7.235437799609304e-05)	(145, 0.00033342793404417335)	(150, 0.0008061220099503973)
fastqc_fastp_trim | SRR30333758_2	(1, 0.006185816235032493)	(2, 0.0034905855417353853)	(3, 0.0)	(4, 7.479826160861541e-06)	(5, 0.0)	(6, 0.0002942064956605539)	(7, 0.0)	(8, 0.0)	(9, 0.0)	(10, 2.0444858173021543e-05)	(15, 0.0006881449264331186)	(20, 1.9946301365316347e-06)	(25, 9.973193303050562e-07)	(30, 1.545858883658805e-05)	(35, 1.8450960575707868e-05)	(40, 0.0017110131929938804)	(45, 1.4961831843303616e-05)	(50, 8.978265056819849e-06)	(55, 1.4467876250966166e-05)	(60, 0.00047011188578041847)	(65, 0.0004673707437149308)	(70, 4.1481374033431504e-05)	(75, 0.00012964079314237246)	(80, 1.3047058391146355e-05)	(85, 0.0009539086988435911)	(90, 1.5217531647482083e-06)	(95, 0.0)	(100, 1.5075792063010324e-05)	(105, 0.0)	(110, 0.0001098325448978724)	(115, 4.204452218906386e-05)	(120, 0.0)	(125, 1.2093464363520395e-06)	(130, 0.001488462542085157)	(135, 5.295701723836966e-06)	(140, 9.040024248404735e-06)	(145, 7.325616680118575e-07)	(150, 0.0001634658190216316)
fastqc_fastp_trim | SRR30333759_1	(1, 0.0011412939257848028)	(2, 0.004642670969704846)	(3, 0.0020313153205840625)	(4, 0.00030293604202929954)	(5, 2.113507269971857e-05)	(6, 0.00011506872914291222)	(7, 2.348341411079841e-05)	(8, 7.045024233239524e-06)	(9, 0.002021921954939743)	(10, 0.00012821944104495932)	(15, 7.045028799420196e-05)	(20, 3.569487327216265e-05)	(25, 2.1604841844197568e-05)	(30, 0.0003156211992332753)	(35, 0.001609613749954728)	(40, 0.0001653369171112159)	(45, 0.0001691090459848458)	(50, 0.00032417428991089975)	(55, 0.0003881614461951868)	(60, 0.0001372716120049854)	(65, 0.0001260671015668071)	(70, 7.063040480337983e-06)	(75, 7.263449438079034e-05)	(80, 2.3645692042441482e-06)	(85, 5.1294446952938155e-05)	(90, 1.8647784411070955e-05)	(95, 3.767813352033023e-05)	(100, 4.0692889099031976e-05)	(105, 0.0003388485786155505)	(110, 2.46900080756387e-05)	(115, 2.4486865359870447e-05)	(120, 4.4382247901938795e-06)	(125, 0.0005488023540932267)	(130, 2.763287066287511e-05)	(135, 2.5393711923105654e-05)	(140, 6.586296562464847e-05)	(145, 0.0002379329170895844)	(150, 0.000703961524030028)
fastqc_fastp_trim | SRR30333759_2	(1, 0.0032031376847129036)	(2, 0.0037902230374828633)	(3, 4.696682822159682e-06)	(4, 0.0004908033549156867)	(5, 4.696682822159682e-06)	(6, 0.00036868960153953504)	(7, 3.052843834403793e-05)	(8, 0.0)	(9, 0.0)	(10, 1.9256399570854695e-05)	(15, 0.00037056886119816334)	(20, 4.227039574657618e-06)	(25, 7.514775351685263e-06)	(30, 1.4090367841452025e-05)	(35, 1.7848300064493424e-05)	(40, 0.0011376503038263764)	(45, 8.455636084267272e-06)	(50, 9.39661863899836e-06)	(55, 5.169400308209045e-06)	(60, 0.00033567132801153867)	(65, 0.0002747272649781164)	(70, 8.852882853949805e-05)	(75, 0.0001051860188328633)	(80, 1.371563408948964e-05)	(85, 0.00053009291650088)	(90, 4.781993895488309e-07)	(95, 4.347980093671724e-06)	(100, 5.7859420143678674e-05)	(105, 1.852114327413317e-05)	(110, 0.00010854286964167514)	(115, 2.66175638624962e-05)	(120, 2.7738629325589596e-06)	(125, 1.8621427228233436e-05)	(130, 0.000918455747552713)	(135, 2.603652055515928e-06)	(140, 1.178150794333868e-05)	(145, 1.4819916159288313e-06)	(150, 0.0025138006782362545)
fastqc_fastp_trim | SRR30333760_1	(1, 0.00035681128630025776)	(2, 0.004847711958700053)	(3, 0.001919398643546214)	(4, 9.104839719385887e-05)	(5, 0.0)	(6, 6.890148976832562e-05)	(7, 0.0)	(8, 0.0)	(9, 0.0018529579212696141)	(10, 0.0001958770923413829)	(15, 0.00025296706497758293)	(20, 2.952928009480395e-05)	(25, 3.888031657200261e-05)	(30, 0.00016684229894631855)	(35, 0.0009415271711477528)	(40, 0.00027809187667344863)	(45, 0.0001412729672926795)	(50, 0.00039877402489190783)	(55, 0.00040674510028622986)	(60, 0.00010689633161247973)	(65, 8.330040051177597e-05)	(70, 5.920452445712263e-06)	(75, 0.00012056990170751243)	(80, 9.907386837654162e-07)	(85, 1.1439315176543921e-05)	(90, 1.4514445429241226e-05)	(95, 3.941633165269338e-05)	(100, 0.00011633273704691346)	(105, 1.1498127213784737e-05)	(110, 6.706786664493667e-05)	(115, 2.218716723755912e-05)	(120, 4.0429189576853605e-06)	(125, 0.00036751249151951304)	(130, 1.1494033635514245e-05)	(135, 1.692586003443045e-05)	(140, 7.57120900533732e-05)	(145, 9.256952663793427e-06)	(150, 0.0012655345376929438)
fastqc_fastp_trim | SRR30333760_2	(1, 0.0021408677178015464)	(2, 0.0036936120050805985)	(3, 0.0)	(4, 0.0003691151237588873)	(5, 0.0)	(6, 0.0003666543562671614)	(7, 9.843069966903662e-06)	(8, 0.0)	(9, 0.0)	(10, 8.366609471868111e-06)	(15, 0.0002514908498154867)	(20, 2.460780656185175e-06)	(25, 3.5927595441731115e-05)	(30, 1.9686580678208706e-06)	(35, 0.0)	(40, 0.0003563571065984401)	(45, 1.4767518718531432e-06)	(50, 1.7231446781860662e-05)	(55, 0.0)	(60, 0.0)	(65, 9.858527274636062e-05)	(70, 3.947207403555883e-05)	(75, 6.424268633461451e-05)	(80, 8.42198725835566e-06)	(85, 0.00034768931402112023)	(90, 6.006608019647615e-06)	(95, 2.5269714146011753e-06)	(100, 0.00011685828948883775)	(105, 1.1499272239808123e-05)	(110, 3.2731238270445524e-05)	(115, 5.546857712871259e-07)	(120, 4.620125619483047e-06)	(125, 4.23738214289076e-06)	(130, 0.00030576628746795614)	(135, 0.0)	(140, 3.603209341086729e-06)	(145, 2.313062866018586e-06)	(150, 0.0032828766127384356)
fastqc_fastp_trim | SRR30333761_1	(1, 0.0004906610486297292)	(2, 0.0052361230532692185)	(3, 0.002585591310181171)	(4, 0.00024292532309609142)	(5, 0.0)	(6, 8.17768414382882e-05)	(7, 0.0)	(8, 0.0)	(9, 0.0020372054323008855)	(10, 0.00012122214142616838)	(15, 6.542151752387022e-05)	(20, 2.838144387334245e-05)	(25, 2.934362467806917e-05)	(30, 0.0002645774896884892)	(35, 0.0013686437717755674)	(40, 0.00018763243783042133)	(45, 0.00013569157724078473)	(50, 0.0004110201846333472)	(55, 0.0005031287482489916)	(60, 0.0001498185632165666)	(65, 0.00010848287114527512)	(70, 1.1104145057135388e-05)	(75, 0.00010547228636813371)	(80, 3.398021616475679e-06)	(85, 1.9519451787607986e-05)	(90, 2.5089664557678662e-05)	(95, 5.029410097999798e-05)	(100, 6.029702262676176e-05)	(105, 2.8021384800023986e-05)	(110, 2.8909564164496597e-05)	(115, 3.784706439857224e-05)	(120, 2.332069293474538e-06)	(125, 0.0005509089690562549)	(130, 7.828927751033836e-06)	(135, 3.8966752578614416e-05)	(140, 0.00010359575036220502)	(145, 2.164121734316257e-05)	(150, 0.0006609749194228283)
fastqc_fastp_trim | SRR30333761_2	(1, 0.0031243563831863637)	(2, 0.00445924305960548)	(3, 0.0)	(4, 0.0006494043290687592)	(5, 4.810402437546364e-06)	(6, 0.0004642038352232242)	(7, 4.810402437546365e-05)	(8, 0.0)	(9, 0.0)	(10, 1.5393287800148367e-05)	(15, 0.0003684775109107466)	(20, 6.253564050465376e-06)	(25, 1.154511441064067e-05)	(30, 7.215824210130266e-06)	(35, 0.0)	(40, 0.000520570589821826)	(45, 9.623772427076864e-07)	(50, 6.2569624349494895e-06)	(55, 4.814833678263203e-07)	(60, 0.0)	(65, 0.00015960014599121993)	(70, 8.932254086571426e-05)	(75, 3.4354062197052206e-05)	(80, 4.854807632252788e-07)	(85, 0.0005436790133160997)	(90, 9.840324546892784e-07)	(95, 8.96451142663192e-06)	(100, 8.158943269073496e-05)	(105, 2.2316094556821694e-05)	(110, 3.801411073082128e-05)	(115, 0.0)	(120, 2.9149299271250027e-06)	(125, 1.7213034297272067e-05)	(130, 0.0004363288353591601)	(135, 0.0)	(140, 4.46914414615895e-06)	(145, 2.4032568167338198e-06)	(150, 0.003296901446645317)
fastqc_fastp_trim | SRR30333762_1	(1, 0.00027137693369758587)	(2, 0.005340399291571759)	(3, 0.0018697621762099727)	(4, 0.0001120363487742327)	(5, 0.0)	(6, 7.22012025433944e-05)	(7, 0.0)	(8, 0.0)	(9, 0.0021934227393355338)	(10, 0.00018822106594071095)	(15, 0.0002330357876295671)	(20, 3.485585465873444e-05)	(25, 3.5353898775922046e-05)	(30, 0.00012349083186387127)	(35, 0.0009486140310801014)	(40, 0.0002783738192281452)	(45, 0.00015040528921415633)	(50, 0.0004682244973881491)	(55, 0.00043795080159345935)	(60, 0.0001345786410039487)	(65, 9.07739886537003e-05)	(70, 2.4963972868095814e-06)	(75, 0.0001300360160753724)	(80, 5.015207588895771e-06)	(85, 1.1586153595381433e-05)	(90, 1.4710069053426434e-05)	(95, 4.510909159644535e-05)	(100, 0.00011137908711285254)	(105, 1.594624813165784e-05)	(110, 6.831216014324612e-05)	(115, 3.224948235761798e-05)	(120, 5.307726533001757e-06)	(125, 0.00034764542537034414)	(130, 1.4353885454884905e-05)	(135, 3.526426626263498e-05)	(140, 9.562372083505017e-05)	(145, 1.4140436895978962e-05)	(150, 0.0013159151202209963)
fastqc_fastp_trim | SRR30333762_2	(1, 0.002118731840152712)	(2, 0.0041254273315311915)	(3, 0.0)	(4, 0.0003933720690295282)	(5, 0.0)	(6, 0.0004282278219815117)	(7, 1.2448483197136969e-05)	(8, 0.0)	(9, 0.0)	(10, 1.3444361852907925e-05)	(15, 0.00024399070682220572)	(20, 1.9917694013439792e-06)	(25, 3.8839730957382837e-05)	(30, 2.489758713648832e-06)	(35, 0.0)	(40, 0.0003495915567961906)	(45, 2.988248191045281e-06)	(50, 1.4445627164948086e-05)	(55, 0.0)	(60, 4.984605345466847e-07)	(65, 0.00010723849892038263)	(70, 4.144274394824342e-05)	(75, 5.802029724058367e-05)	(80, 8.526579907545792e-06)	(85, 0.0003445952068066219)	(90, 5.5802783871019025e-06)	(95, 3.075979981460761e-06)	(100, 0.00012440562998042846)	(105, 2.2858858805602937e-05)	(110, 4.372354950704376e-05)	(115, 2.2632225225449356e-06)	(120, 8.256278225819459e-06)	(125, 7.422209033231667e-06)	(130, 0.0003215871045058352)	(135, 0.0)	(140, 3.6763560535250086e-06)	(145, 2.355997043223711e-06)	(150, 0.003075891444914418)
fastqc_fastp_trim | SRR30333763_1	(1, 0.0)	(2, 0.004643729260525831)	(3, 0.0027636769283291385)	(4, 0.0)	(5, 0.0)	(6, 5.875163538114665e-05)	(7, 1.6450457906721062e-05)	(8, 0.0)	(9, 0.001703797426053253)	(10, 0.00022748633219579984)	(15, 0.00033323963455766643)	(20, 3.337106002171027e-05)	(25, 5.311187555028368e-05)	(30, 2.8201327642361818e-06)	(35, 0.0003868398584278927)	(40, 0.0003412666725515582)	(45, 0.0001828739091776992)	(50, 0.00044809985677261556)	(55, 0.00037297528859515596)	(60, 0.000103522564660488)	(65, 4.6620532463273015e-05)	(70, 0.0)	(75, 0.00017102890939924475)	(80, 1.4220144859193666e-06)	(85, 1.381837665122811e-05)	(90, 5.284180666194623e-06)	(95, 3.8902074720099934e-05)	(100, 0.00015884368998563128)	(105, 1.1655939038709065e-05)	(110, 8.101752152870759e-05)	(115, 2.0631714316561026e-05)	(120, 5.678846467274795e-06)	(125, 4.0641929717074194e-05)	(130, 7.58878710161176e-06)	(135, 2.7560360702203302e-05)	(140, 6.024535048080488e-05)	(145, 8.448559135105948e-06)	(150, 0.0015125995000556133)
fastqc_fastp_trim | SRR30333763_2	(1, 0.0)	(2, 0.0037953556456220734)	(3, 0.0)	(4, 0.0005616656342437619)	(5, 0.0)	(6, 0.0003924609243460596)	(7, 1.4100392491475195e-05)	(8, 0.0)	(9, 0.0)	(10, 1.2220340159278505e-05)	(15, 2.3500705183310367e-06)	(20, 2.3500833865987564e-06)	(25, 5.3112238521516966e-05)	(30, 1.8801079772332837e-06)	(35, 4.7004302740969895e-07)	(40, 2.1153278233524896e-05)	(45, 1.8804951093517073e-06)	(50, 1.9278751166887556e-05)	(55, 0.0)	(60, 0.0)	(65, 9.889765331927769e-06)	(70, 5.9412679353263565e-05)	(75, 7.89063396112603e-05)	(80, 9.006918156950554e-06)	(85, 5.241996706472531e-06)	(90, 6.726061052706e-06)	(95, 2.9179855373645687e-06)	(100, 0.0001643042714775327)	(105, 2.230014896651556e-05)	(110, 2.8749117683044413e-05)	(115, 2.714593355272677e-06)	(120, 9.084798737867081e-06)	(125, 4.78001572935876e-06)	(130, 3.0341086530237717e-05)	(135, 0.0)	(140, 4.299954259953219e-06)	(145, 1.5350029878065656e-06)	(150, 0.004244596720079589)
fastqc_fastp_trim | SRR30333764_1	(1, 0.0003203569402127528)	(2, 0.005031342332333621)	(3, 0.002081078417816177)	(4, 0.00014155306660563495)	(5, 0.0)	(6, 8.691854967012673e-05)	(7, 4.966774266864384e-06)	(8, 0.0)	(9, 0.0021108790634173633)	(10, 0.00018973077699421947)	(15, 0.00028161626877814297)	(20, 2.483393374666072e-05)	(25, 4.619124226265029e-05)	(30, 0.00013658849918777278)	(35, 0.0009551564288690909)	(40, 0.0003005228929448342)	(45, 0.00015052627263704006)	(50, 0.0004516649779746244)	(55, 0.00045974992993535324)	(60, 0.0001327683415510638)	(65, 7.961954398055472e-05)	(70, 6.974637393708332e-06)	(75, 0.00014124582108267068)	(80, 3.003199924535592e-06)	(85, 1.50842848747447e-05)	(90, 1.2658510309138897e-05)	(95, 4.400740744963329e-05)	(100, 0.00011898751661954242)	(105, 1.592209966256772e-05)	(110, 6.277981338138184e-05)	(115, 3.0547700239581086e-05)	(120, 5.3161775322601605e-06)	(125, 0.0003422705707874242)	(130, 8.547402649143843e-06)	(135, 3.359318149117319e-05)	(140, 8.233974709062234e-05)	(145, 8.846743289811564e-06)	(150, 0.0012389513338010006)
fastqc_fastp_trim | SRR30333764_2	(1, 0.0019047579313424914)	(2, 0.003961002477824347)	(3, 2.483387133432192e-06)	(4, 0.00038740839281542196)	(5, 0.0)	(6, 0.00042962597408376915)	(7, 1.9867097067457535e-05)	(8, 0.0)	(9, 0.0)	(10, 1.7383709934025344e-05)	(15, 0.0002319486727685856)	(20, 3.9734418129305085e-06)	(25, 4.37080898399522e-05)	(30, 2.4834481409885696e-06)	(35, 9.934142743110961e-07)	(40, 0.00032039747328293643)	(45, 1.490392238597609e-06)	(50, 1.6894463496485517e-05)	(55, 4.970460478817481e-07)	(60, 0.0)	(65, 9.654422341026026e-05)	(70, 4.484012142605238e-05)	(75, 6.888183459039687e-05)	(80, 1.0512210615924087e-05)	(85, 0.0003188159309082229)	(90, 7.089617515438883e-06)	(95, 2.047119616720251e-06)	(100, 0.00012471939370618443)	(105, 1.6985587707598117e-05)	(110, 3.712509671497162e-05)	(115, 3.394310422925987e-06)	(120, 7.0879116098675e-06)	(125, 6.8319365956534474e-06)	(130, 0.00027343788616528397)	(135, 0.0)	(140, 5.985175349103682e-06)	(145, 4.019379131007338e-06)	(150, 0.003073903043720788)
fastqc_fastp_trim | SRR30333765_1	(1, 0.00041404826864968185)	(2, 0.005395098825838926)	(3, 0.0023820246780749768)	(4, 0.0001995413342890033)	(5, 0.0)	(6, 0.00010475920050172672)	(7, 0.0)	(8, 0.0)	(9, 0.002369553344681914)	(10, 0.0001277064539449621)	(15, 6.734525609091199e-05)	(20, 3.491983453585603e-05)	(25, 3.242565510648495e-05)	(30, 0.0002574125665043574)	(35, 0.0014237915356072129)	(40, 0.0002205155471892245)	(45, 0.00015567413744690134)	(50, 0.0004695991444811845)	(55, 0.0005500940171575023)	(60, 0.0001523147684868954)	(65, 0.00010494280721949345)	(70, 1.2006227450084947e-05)	(75, 8.2183471312366e-05)	(80, 2.009966014489644e-06)	(85, 2.2710974849972435e-05)	(90, 2.438878354966794e-05)	(95, 4.722313152415152e-05)	(100, 5.3656119099581145e-05)	(105, 2.4991258243971375e-05)	(110, 3.442227151127246e-05)	(115, 2.7705601857835884e-05)	(120, 2.3576068110081967e-06)	(125, 0.0005022750616961717)	(130, 7.836672256390838e-06)	(135, 3.257577197336666e-05)	(140, 0.00010269674409503696)	(145, 2.2145427503874344e-05)	(150, 0.0006272713792623792)
fastqc_fastp_trim | SRR30333765_2	(1, 0.0027586589465454707)	(2, 0.004704186955863253)	(3, 9.977066714450165e-06)	(4, 0.0006260609363317478)	(5, 4.9885333572250824e-06)	(6, 0.00045645080218609507)	(7, 5.4873866929475914e-05)	(8, 0.0)	(9, 0.0)	(10, 1.2471333393062706e-05)	(15, 0.0003252530109249892)	(20, 4.988563369276498e-06)	(25, 9.478327661626775e-06)	(30, 5.986399021151923e-06)	(35, 0.0)	(40, 0.00046648388381250486)	(45, 9.979351175618213e-07)	(50, 4.491522475902857e-06)	(55, 0.0)	(60, 0.0)	(65, 0.00015092663908853823)	(70, 7.704541673225533e-05)	(75, 2.5559202012846298e-05)	(80, 3.015239684719302e-06)	(85, 0.0004709261548721974)	(90, 0.0)	(95, 6.673705269605937e-06)	(100, 6.82513113734027e-05)	(105, 2.0208207931653544e-05)	(110, 3.715776272957603e-05)	(115, 0.0)	(120, 2.9469310468527558e-06)	(125, 1.8554645558769936e-05)	(130, 0.000405447956530547)	(135, 0.0)	(140, 2.9538674144204794e-06)	(145, 7.905761051408034e-07)	(150, 0.003070878045424951)
fastqc_fastp_trim | SRR30333766_1	(1, 0.0010783696652554864)	(2, 0.004604325251236082)	(3, 0.001789825170548525)	(4, 0.00011857591754883979)	(5, 2.9084659021413532e-05)	(6, 0.00016779610973892425)	(7, 2.2372814631856565e-05)	(8, 0.0)	(9, 0.0015683343056931453)	(10, 0.0002013553316867091)	(15, 0.0002666840983802829)	(20, 2.6847435701409463e-05)	(25, 3.9823790198894506e-05)	(30, 0.00012886913814226598)	(35, 0.0008909200653227423)	(40, 0.0002385150826019348)	(45, 0.00017140597703919823)	(50, 0.0003750932512931284)	(55, 0.00038861670049825765)	(60, 0.00014466907535750324)	(65, 6.588184094515542e-05)	(70, 5.832155892091388e-06)	(75, 0.00011863482325265004)	(80, 2.703472144973009e-06)	(85, 5.068297136648789e-05)	(90, 1.3212090925646196e-05)	(95, 2.853805784992974e-05)	(100, 0.00011727860062837314)	(105, 0.0004103237532661055)	(110, 6.181215792458871e-05)	(115, 2.134110198225149e-05)	(120, 6.893407416111169e-06)	(125, 0.0003510858108892441)	(130, 3.300690506222129e-05)	(135, 2.0685897472141958e-05)	(140, 7.233111302935902e-05)	(145, 0.00025875991066630344)	(150, 0.001287831613803921)
fastqc_fastp_trim | SRR30333766_2	(1, 0.0019173502139501076)	(2, 0.003369345883557599)	(3, 0.0)	(4, 0.00041837163361571774)	(5, 0.0)	(6, 0.00029532115314050665)	(7, 1.1186407315928283e-05)	(8, 0.0)	(9, 0.0)	(10, 9.396582145379758e-06)	(15, 0.0002487860616123425)	(20, 1.7898353416367227e-06)	(25, 4.47461510356481e-05)	(30, 1.297655230519122e-05)	(35, 2.2374032719105277e-05)	(40, 0.0010632714725928622)	(45, 1.5664157316402965e-05)	(50, 1.6114364215794665e-05)	(55, 7.611490164067506e-06)	(60, 0.0004165614755625129)	(65, 0.00024337489717914823)	(70, 7.178584155015388e-05)	(75, 0.00014965485007550154)	(80, 1.8024960469571852e-05)	(85, 0.00035391606107608214)	(90, 5.467754829463939e-06)	(95, 2.7621136140837375e-06)	(100, 0.00010607871605238086)	(105, 1.6701150725508963e-05)	(110, 0.000103518980560779)	(115, 3.9126063776063225e-05)	(120, 5.832434908594822e-06)	(125, 8.914688740996059e-06)	(130, 0.0008278250317261734)	(135, 4.385550235973615e-06)	(140, 4.68510414441033e-06)	(145, 5.028401741973412e-06)	(150, 0.002940907195023955)
fastqc_fastp_trim | SRR30333767_1	(1, 0.0003423745104044501)	(2, 0.00527448284210492)	(3, 0.00194411260453436)	(4, 0.00011492291258331192)	(5, 0.0)	(6, 7.900950240102695e-05)	(7, 1.1971136727428325e-05)	(8, 0.0)	(9, 0.0021212854281002992)	(10, 0.00019010165123156182)	(15, 0.00024612674907951114)	(20, 3.399812126381896e-05)	(25, 4.405402448453727e-05)	(30, 0.0001474869885949126)	(35, 0.001002273177594767)	(40, 0.0002926083743597252)	(45, 0.00015230797154634204)	(50, 0.00045461740333480695)	(55, 0.00044373250667852163)	(60, 0.00012033328984555357)	(65, 9.115519117083484e-05)	(70, 8.165219900971348e-06)	(75, 0.00012895632594727636)	(80, 9.651250052587248e-07)	(85, 1.0180033751465616e-05)	(90, 1.7575619959245067e-05)	(95, 4.194503178592041e-05)	(100, 0.00010625551422889896)	(105, 1.2803754741025522e-05)	(110, 6.482666388358245e-05)	(115, 2.568232795243209e-05)	(120, 5.137446237695424e-06)	(125, 0.0003974966095850927)	(130, 9.533513126916672e-06)	(135, 3.111570760761666e-05)	(140, 8.100528952968445e-05)	(145, 1.786387468078712e-05)	(150, 0.0012306589778146532)
fastqc_fastp_trim | SRR30333767_2	(1, 0.0021212854281002992)	(2, 0.004046244213870774)	(3, 4.7884546909713305e-06)	(4, 0.0003519514197863928)	(5, 0.0)	(6, 0.00040462442138707743)	(7, 9.576909381942661e-06)	(8, 0.0)	(9, 0.0)	(10, 1.1492291258331192e-05)	(15, 0.00024947896127399375)	(20, 2.39424203179133e-06)	(25, 3.1604174001568475e-05)	(30, 3.8308664787882054e-06)	(35, 1.9155021710421323e-06)	(40, 0.0003539139787506599)	(45, 9.579342339831e-07)	(50, 1.676721791594289e-05)	(55, 0.0)	(60, 9.588735445096659e-07)	(65, 0.0001113113275636642)	(70, 3.8907415036160576e-05)	(75, 6.737044107172725e-05)	(80, 8.686902281098978e-06)	(85, 0.0003543985676441322)	(90, 7.3240185553912455e-06)	(95, 4.441779223367439e-06)	(100, 0.00011328603136916275)	(105, 1.2292914522340597e-05)	(110, 3.584166934135124e-05)	(115, 2.1857589183649587e-06)	(120, 6.849394978101228e-06)	(125, 3.0016422585124773e-06)	(130, 0.00031640128381917547)	(135, 0.0)	(140, 4.336841621362935e-06)	(145, 3.1050293487762177e-06)	(150, 0.0029341567061990474)
fastqc_fastp_trim | SRR30333768_1	(1, 0.0005422070106004875)	(2, 0.00891359148368335)	(3, 1.701995100539647e-05)	(4, 0.00010941397074897729)	(5, 0.0)	(6, 0.00016047382376516668)	(7, 0.0)	(8, 0.0)	(9, 0.004165025153177735)	(10, 9.093516680026113e-05)	(15, 3.452621167746115e-05)	(20, 4.279314619329653e-05)	(25, 1.8478907647190054e-05)	(30, 0.0001706886505089775)	(35, 0.0015012336449481665)	(40, 0.00020620891141537515)	(45, 0.00014640761792397938)	(50, 0.0006918378084633307)	(55, 0.0008556533944539176)	(60, 0.0002610542585642393)	(65, 0.0001345707247999716)	(70, 1.1233929820653778e-05)	(75, 0.0)	(80, 2.952700832991353e-06)	(85, 2.974433583322248e-06)	(90, 2.506572257524953e-05)	(95, 8.664094263103112e-05)	(100, 1.6168295643315047e-05)	(105, 2.5273993209405013e-05)	(110, 3.9126588566045965e-06)	(115, 4.682741182565176e-05)	(120, 0.0)	(125, 0.0006705915042736129)	(130, 6.981409212389737e-07)	(135, 5.902017602476134e-05)	(140, 0.00014033277728942863)	(145, 2.8488145758820824e-05)	(150, 0.0005253786308268983)
fastqc_fastp_trim | SRR30333768_2	(1, 0.0035863468189942555)	(2, 0.006783666186436592)	(3, 0.0)	(4, 2.4314215721994954e-06)	(5, 0.0)	(6, 0.0007124065206544521)	(7, 0.0)	(8, 0.0)	(9, 0.0)	(10, 3.1608480438593436e-05)	(15, 0.00045175888162824135)	(20, 4.862872892813232e-06)	(25, 9.725793790354933e-07)	(30, 9.725927969631568e-06)	(35, 0.0)	(40, 0.0006059909962383036)	(45, 0.0)	(50, 4.865370077003872e-06)	(55, 0.0)	(60, 0.0)	(65, 0.00018041160077799333)	(70, 5.373063759690681e-06)	(75, 1.5676303381872935e-05)	(80, 1.9686238176728343e-06)	(85, 0.0006326183065766776)	(90, 1.504081822372008e-06)	(95, 0.0)	(100, 1.1475140948373872e-05)	(105, 0.0)	(110, 7.881063109356742e-05)	(115, 0.0)	(120, 0.0)	(125, 0.0)	(130, 0.00047724871308035534)	(135, 0.0)	(140, 5.6080684402263226e-06)	(145, 1.724958981769133e-06)	(150, 0.0001045266397502995)
