Sample	0	1	2	3	4	5	6	7	8	9	10	11	12	13	14	15	16	17	18	19	20	21	22	23	24	25	26	27	28	29	30	31	32	33	34	35	36	37
fastqc_fastp_trim | SRR30333743_1	(1, 38.36661821225986)	(2, 38.874087237996015)	(3, 38.858862266418654)	(4, 38.98374442791867)	(5, 38.94872134984061)	(6, 38.87736134730415)	(7, 38.9113951083466)	(8, 38.925372287093)	(9, 38.919072636239676)	(10, 38.898806845839395)	(15, 39.23634016094901)	(20, 39.276560252944606)	(25, 39.08214728468141)	(30, 39.01942042959148)	(35, 39.012918949646874)	(40, 39.010912134901886)	(45, 39.04537410252364)	(50, 39.01247589008691)	(55, 38.99124144000054)	(60, 38.97135058952885)	(65, 38.94995933013534)	(70, 38.91561952015866)	(75, 38.89298959631422)	(80, 38.858337986443686)	(85, 38.81627433762302)	(90, 38.77744645792906)	(95, 38.74134656025417)	(100, 38.67226375054388)	(105, 38.679607100076886)	(110, 38.6358176198127)	(115, 38.61111179246645)	(120, 38.559551383510225)	(125, 38.564782829614)	(130, 38.53920175264992)	(135, 38.482896942083514)	(140, 38.487327295303686)	(145, 38.476116923428)	(150, 38.27859445344591)
fastqc_fastp_trim | SRR30333743_2	(1, 38.56038113888787)	(2, 39.10164357331372)	(3, 39.21849581123481)	(4, 39.24771521804834)	(5, 39.21552773627757)	(6, 39.23644755589689)	(7, 39.2647844872909)	(8, 39.27135900347652)	(9, 39.29944509651683)	(10, 39.30991049702778)	(15, 39.35324410572327)	(20, 39.33192925957913)	(25, 39.19085170751384)	(30, 39.13668868961799)	(35, 39.132766217236586)	(40, 39.117423364256105)	(45, 39.09107166261016)	(50, 39.04450753368546)	(55, 39.069822001316595)	(60, 39.04221924325551)	(65, 39.01113184057449)	(70, 38.98122573450976)	(75, 38.9250512960112)	(80, 38.88709005807936)	(85, 38.875866855412816)	(90, 38.858047354396696)	(95, 38.83098084649594)	(100, 38.759894803035344)	(105, 38.74078835508328)	(110, 38.69195443089247)	(115, 38.667043443103395)	(120, 38.605916707393895)	(125, 38.562438862304)	(130, 38.485168544841954)	(135, 38.424820519534265)	(140, 38.32182085756635)	(145, 38.21541930829683)	(150, 37.899296596993)
fastqc_fastp_trim | SRR30333744_1	(1, 38.268823195497255)	(2, 38.78919850675702)	(3, 38.789946621168546)	(4, 38.964732165876434)	(5, 38.94978875735996)	(6, 38.900385552700754)	(7, 38.91537356511589)	(8, 38.95290593136535)	(9, 38.96037526991732)	(10, 38.93467436570076)	(15, 39.280856143605796)	(20, 39.3199066983703)	(25, 39.142140813882136)	(30, 39.088026037675604)	(35, 39.07177777391687)	(40, 39.070111135351176)	(45, 39.116306579780215)	(50, 39.086446200081056)	(55, 39.06545580244292)	(60, 39.05007425189995)	(65, 39.03623828018315)	(70, 39.01331360725898)	(75, 38.99695555683222)	(80, 38.976241749964494)	(85, 38.94281792681857)	(90, 38.91438890924329)	(95, 38.88501179630953)	(100, 38.82048482583603)	(105, 38.84539515432847)	(110, 38.81004438737238)	(115, 38.786209601322504)	(120, 38.73822568346715)	(125, 38.756441944495464)	(130, 38.72454510315247)	(135, 38.684586032664306)	(140, 38.69922430070167)	(145, 38.69627040338426)	(150, 38.5120067555667)
fastqc_fastp_trim | SRR30333744_2	(1, 38.41961115368489)	(2, 38.96764478667818)	(3, 39.0975031348479)	(4, 39.14185750891819)	(5, 39.140978752397714)	(6, 39.16192595592046)	(7, 39.17719335135481)	(8, 39.17229730404804)	(9, 39.21845618373223)	(10, 39.22531588667072)	(15, 39.27928670600349)	(20, 39.25823205052882)	(25, 39.08813358849296)	(30, 39.02895670134076)	(35, 39.03024674250634)	(40, 39.011418117345556)	(45, 38.992728572232)	(50, 38.94311850301798)	(55, 38.97744379605373)	(60, 38.95512277708242)	(65, 38.930508130490736)	(70, 38.9048231217946)	(75, 38.851663767767874)	(80, 38.81370626371166)	(85, 38.80440106104656)	(90, 38.794485581805496)	(95, 38.770451968910585)	(100, 38.70107837818874)	(105, 38.693901824743236)	(110, 38.651186324535296)	(115, 38.633672260896915)	(120, 38.583707283571684)	(125, 38.558858602743285)	(130, 38.48571471313953)	(135, 38.44205114542887)	(140, 38.35572142592315)	(145, 38.26794161714271)	(150, 37.975841328512224)
fastqc_fastp_trim | SRR30333745_1	(1, 38.35070904694819)	(2, 38.85581634138499)	(3, 38.85684144068183)	(4, 38.99849381863254)	(5, 38.96771187302809)	(6, 38.89955601357155)	(7, 38.935328669172854)	(8, 38.95423257188754)	(9, 38.951432109690366)	(10, 38.93311277758068)	(15, 39.26320241404603)	(20, 39.30031387214873)	(25, 39.11471517774553)	(30, 39.05428525343564)	(35, 39.045225945025024)	(40, 39.04149041502154)	(45, 39.07746101587096)	(50, 39.04413440891943)	(55, 39.02235865244186)	(60, 39.002316683244466)	(65, 38.98111768037642)	(70, 38.94821363596644)	(75, 38.92456079517531)	(80, 38.89273280543209)	(85, 38.85028629911127)	(90, 38.813261546511924)	(95, 38.774603783907246)	(100, 38.70665606487133)	(105, 38.71373909543096)	(110, 38.67091188085103)	(115, 38.64329735518753)	(120, 38.59110693608179)	(125, 38.5972909438364)	(130, 38.56923557664271)	(135, 38.51484540657573)	(140, 38.519722733124595)	(145, 38.50832504083178)	(150, 38.31001485463167)
fastqc_fastp_trim | SRR30333745_2	(1, 38.58665290183042)	(2, 39.109487033248506)	(3, 39.21738098503218)	(4, 39.25631631705035)	(5, 39.25810720714526)	(6, 39.270597726096725)	(7, 39.266063872267466)	(8, 39.26370038968909)	(9, 39.293982942441644)	(10, 39.29983509423463)	(15, 39.33782860719119)	(20, 39.311922587321774)	(25, 39.16230367865501)	(30, 39.10558031325546)	(35, 39.100998363629)	(40, 39.08432916810305)	(45, 39.05785761145745)	(50, 39.01082970404983)	(55, 39.03698266765643)	(60, 39.00876047015431)	(65, 38.97747557309148)	(70, 38.94795327513823)	(75, 38.890592786440564)	(80, 38.852391010429514)	(85, 38.84075173968888)	(90, 38.82449197016732)	(95, 38.79766081804968)	(100, 38.72626694488646)	(105, 38.710023461390335)	(110, 38.66168229921937)	(115, 38.63880412506727)	(120, 38.57800018466575)	(125, 38.539474011626844)	(130, 38.46151712809401)	(135, 38.40457880549891)	(140, 38.30250951395932)	(145, 38.19802521358797)	(150, 37.88128433481893)
fastqc_fastp_trim | SRR30333746_1	(1, 38.285037022421186)	(2, 38.818791272742786)	(3, 38.801853046964474)	(4, 38.971418740512604)	(5, 38.958719794637645)	(6, 38.90059933874499)	(7, 38.92187082664765)	(8, 38.95733893772529)	(9, 38.96586492690155)	(10, 38.93660852446014)	(15, 39.273286224329)	(20, 39.307770706589835)	(25, 39.12278802458637)	(30, 39.06096940950313)	(35, 39.042773083401926)	(40, 39.03608293691664)	(45, 39.07783246241027)	(50, 39.043193474048756)	(55, 39.019653262815446)	(60, 38.99915705519486)	(65, 38.98182632465724)	(70, 38.952663128006485)	(75, 38.931743579728895)	(80, 38.90531872297636)	(85, 38.86579641508577)	(90, 38.83228707314727)	(95, 38.794171933905794)	(100, 38.724624435276326)	(105, 38.74141371147275)	(110, 38.70021747209415)	(115, 38.670239830555545)	(120, 38.61631147086568)	(125, 38.63060189441349)	(130, 38.597781365262975)	(135, 38.55224258052167)	(140, 38.56407742690077)	(145, 38.55977331924739)	(150, 38.36217031784979)
fastqc_fastp_trim | SRR30333746_2	(1, 38.541619344832895)	(2, 39.07615768931124)	(3, 39.2139949363548)	(4, 39.271769605847815)	(5, 39.28078454605053)	(6, 39.3000796316715)	(7, 39.272280810695506)	(8, 39.26985753025728)	(9, 39.31640122695007)	(10, 39.325251732352854)	(15, 39.3714027368206)	(20, 39.34407654275778)	(25, 39.206003214260775)	(30, 39.15342981337898)	(35, 39.150116561065126)	(40, 39.1302948210245)	(45, 39.10740933425652)	(50, 39.054489244410135)	(55, 39.085545528670686)	(60, 39.05970691337473)	(65, 39.030917678343414)	(70, 39.0005406027456)	(75, 38.94335151301764)	(80, 38.90167395977943)	(85, 38.891060277324925)	(90, 38.878980131265976)	(95, 38.85246906790831)	(100, 38.78170247120723)	(105, 38.772199013279256)	(110, 38.72648726092348)	(115, 38.70815590828026)	(120, 38.654983815840936)	(125, 38.62639838049007)	(130, 38.55202050294854)	(135, 38.50862305107627)	(140, 38.42040976449598)	(145, 38.33421088180919)	(150, 38.03725798151706)
fastqc_fastp_trim | SRR30333747_1	(1, 37.953209947984845)	(2, 38.56377078509441)	(3, 38.55200870045528)	(4, 38.752685043731304)	(5, 38.72866302878956)	(6, 38.78865915069534)	(7, 38.78542107868214)	(8, 38.8582181002329)	(9, 38.891934034740984)	(10, 38.80850759323458)	(15, 39.18562800734641)	(20, 39.22622388575)	(25, 39.000482865438315)	(30, 38.93974749845073)	(35, 38.91557812113545)	(40, 38.910083981286775)	(45, 38.96471859578626)	(50, 38.92942512490474)	(55, 38.891694233520255)	(60, 38.87865654584581)	(65, 38.864213813315885)	(70, 38.84097973429241)	(75, 38.82175407955105)	(80, 38.80813800456765)	(85, 38.77045802385565)	(90, 38.742802049235124)	(95, 38.70287815961511)	(100, 38.623228961877246)	(105, 38.66211823489177)	(110, 38.62432721803983)	(115, 38.601169646424765)	(120, 38.55744056190141)	(125, 38.597362642574396)	(130, 38.55503705806304)	(135, 38.54552032968826)	(140, 38.57687344543003)	(145, 38.58032882561166)	(150, 38.36700351721238)
fastqc_fastp_trim | SRR30333747_2	(1, 38.45131855456515)	(2, 38.800010649321635)	(3, 39.021382562353324)	(4, 39.062606268613855)	(5, 39.063413673455656)	(6, 39.13571937863233)	(7, 39.12897183887111)	(8, 39.137314752291665)	(9, 39.17735711270166)	(10, 39.16683816427358)	(15, 39.23489043330635)	(20, 39.205752682248814)	(25, 39.0274778008469)	(30, 38.969871166135334)	(35, 38.96989952836804)	(40, 38.946675393107576)	(45, 38.93277060656415)	(50, 38.87144727979209)	(55, 38.91146261380724)	(60, 38.89091537756499)	(65, 38.8760811036627)	(70, 38.84601022040512)	(75, 38.796531945834595)	(80, 38.748236301846745)	(85, 38.73481174374224)	(90, 38.726138913611805)	(95, 38.700240223611466)	(100, 38.63006775894081)	(105, 38.63439183067834)	(110, 38.59371319807234)	(115, 38.58184832935723)	(120, 38.54841406073707)	(125, 38.534014014233875)	(130, 38.47103152241357)	(135, 38.45034773699594)	(140, 38.38258972002346)	(145, 38.334402857523784)	(150, 38.01889008123252)
fastqc_fastp_trim | SRR30333748_1	(1, 38.3126611752851)	(2, 38.85418024600171)	(3, 38.86695126160906)	(4, 38.99803229724276)	(5, 38.9710077706793)	(6, 38.905752371307244)	(7, 38.94423712691729)	(8, 38.969667921803335)	(9, 38.96819751460096)	(10, 38.94215117607194)	(15, 39.27772263972696)	(20, 39.314634445225195)	(25, 39.13501313525886)	(30, 39.07953424472853)	(35, 39.06940804648631)	(40, 39.069728357475405)	(45, 39.10634288796963)	(50, 39.076527160557376)	(55, 39.05496390954811)	(60, 39.03921075584187)	(65, 39.02076410866666)	(70, 38.990538828960915)	(75, 38.971955564359334)	(80, 38.94377043191906)	(85, 38.90673765489404)	(90, 38.87145421824165)	(95, 38.839482035936896)	(100, 38.773403754558885)	(105, 38.78629784784502)	(110, 38.74512456909404)	(115, 38.7231526609612)	(120, 38.67318738524408)	(125, 38.68133412153482)	(130, 38.655744776669984)	(135, 38.605343451407535)	(140, 38.61293415425344)	(145, 38.606634834364016)	(150, 38.419680339371)
fastqc_fastp_trim | SRR30333748_2	(1, 38.30906741061117)	(2, 38.938943946535495)	(3, 39.07853091265822)	(4, 39.125940337224385)	(5, 39.127321971110284)	(6, 39.143980737649784)	(7, 39.16829710696709)	(8, 39.17411775567857)	(9, 39.20763437830758)	(10, 39.2255569494468)	(15, 39.28388552923572)	(20, 39.26647776451581)	(25, 39.094381715024575)	(30, 39.03605866495669)	(35, 39.03750760698783)	(40, 39.02428709111017)	(45, 39.00288996653713)	(50, 38.957425209345345)	(55, 38.98938266846899)	(60, 38.96375098773442)	(65, 38.93584405508422)	(70, 38.90790026628164)	(75, 38.854174707350104)	(80, 38.81729711766458)	(85, 38.80890585577686)	(90, 38.79496733339037)	(95, 38.77089745761948)	(100, 38.701825838158584)	(105, 38.68633613254106)	(110, 38.641292594248554)	(115, 38.622778518018805)	(120, 38.56732410109656)	(125, 38.53387912814113)	(130, 38.46528216432235)	(135, 38.417229147156405)	(140, 38.327871424032864)	(145, 38.23768381840809)	(150, 37.96004812645042)
fastqc_fastp_trim | SRR30333749_1	(1, 38.301006568989216)	(2, 38.88178074760228)	(3, 38.92262722631249)	(4, 39.043190318594455)	(5, 39.035383326745716)	(6, 39.04453737170235)	(7, 39.03773628482164)	(8, 39.07672489809743)	(9, 39.083011068497385)	(10, 39.0711555763095)	(15, 39.36184555233916)	(20, 39.398558279119165)	(25, 39.22980740737613)	(30, 39.18399828449664)	(35, 39.18313800289318)	(40, 39.183273541379535)	(45, 39.21451630431039)	(50, 39.19048796236193)	(55, 39.17403057006844)	(60, 39.160895436608584)	(65, 39.14753906402249)	(70, 39.12566908693289)	(75, 39.108039979760306)	(80, 39.087234865479374)	(85, 39.05677212166235)	(90, 39.024836842013436)	(95, 39.00128688158202)	(100, 38.948572908317225)	(105, 38.95721316213221)	(110, 38.924864788193744)	(115, 38.90131487844277)	(120, 38.8605276026598)	(125, 38.86397878898648)	(130, 38.83707600303258)	(135, 38.79963202186341)	(140, 38.79994792606789)	(145, 38.79054650385576)	(150, 38.5648598022512)
fastqc_fastp_trim | SRR30333749_2	(1, 38.55500380708702)	(2, 38.987155449235594)	(3, 39.15508028761371)	(4, 39.17928569867389)	(5, 39.24188295575534)	(6, 39.28882731711109)	(7, 39.287743162183844)	(8, 39.2956484988601)	(9, 39.313027385027105)	(10, 39.32755492166592)	(15, 39.36830100415692)	(20, 39.363145770200916)	(25, 39.20708965013345)	(30, 39.15096288861909)	(35, 39.15227740634263)	(40, 39.137016020928456)	(45, 39.124953253011306)	(50, 39.08837858940353)	(55, 39.10961485997499)	(60, 39.09266104795911)	(65, 39.07172729506372)	(70, 39.05048915281609)	(75, 39.00982494046171)	(80, 38.978631917199976)	(85, 38.96870575431642)	(90, 38.95565579580506)	(95, 38.9336093021029)	(100, 38.8795115032954)	(105, 38.867457705540446)	(110, 38.83190532196139)	(115, 38.812694271052465)	(120, 38.77211389346549)	(125, 38.74311222375029)	(130, 38.696642251712404)	(135, 38.65901805108078)	(140, 38.59425516843911)	(145, 38.524126067930794)	(150, 38.22391125872086)
fastqc_fastp_trim | SRR30333750_1	(1, 38.33407766971697)	(2, 38.868126246956905)	(3, 38.86920010333072)	(4, 39.000148480357225)	(5, 38.965020600851545)	(6, 38.889302080220446)	(7, 38.92235680636569)	(8, 38.948576251357146)	(9, 38.94990497160408)	(10, 38.92006699356334)	(15, 39.26735351257067)	(20, 39.307415838218276)	(25, 39.12912477429135)	(30, 39.07295383515727)	(35, 39.06651937370095)	(40, 39.066481651927795)	(45, 39.10611382080895)	(50, 39.075670618947235)	(55, 39.05627607808894)	(60, 39.04066706700562)	(65, 39.02394914548161)	(70, 38.995543487842596)	(75, 38.97836248930632)	(80, 38.952605335765476)	(85, 38.915523134934816)	(90, 38.88371289600905)	(95, 38.85109435627602)	(100, 38.78691500642242)	(105, 38.800585304712435)	(110, 38.76109310309709)	(115, 38.738210649961594)	(120, 38.689525369946104)	(125, 38.698806514603085)	(130, 38.67396075730319)	(135, 38.623067238325284)	(140, 38.63268738415398)	(145, 38.626585567565414)	(150, 38.44358551511184)
fastqc_fastp_trim | SRR30333750_2	(1, 38.29197351559254)	(2, 38.98292882157341)	(3, 39.105647614344335)	(4, 39.1560641148049)	(5, 39.17309507294971)	(6, 39.18434328705022)	(7, 39.201159388797976)	(8, 39.202394551910366)	(9, 39.23986422298372)	(10, 39.253508142014695)	(15, 39.30658787966102)	(20, 39.28404677358819)	(25, 39.121185552738346)	(30, 39.06531054133403)	(35, 39.066141953698924)	(40, 39.051927974715476)	(45, 39.02770888579845)	(50, 38.98262502252546)	(55, 39.015360687562925)	(60, 38.990946471480626)	(65, 38.961972770280866)	(70, 38.935245748130704)	(75, 38.88040904836406)	(80, 38.84393916530172)	(85, 38.83500972054364)	(90, 38.82158521801524)	(95, 38.79773015947944)	(100, 38.72766296317833)	(105, 38.7132069027782)	(110, 38.668079537823665)	(115, 38.65126781010265)	(120, 38.594834360999634)	(125, 38.562835553263376)	(130, 38.49384077766731)	(135, 38.444968183088065)	(140, 38.35509924843738)	(145, 38.26242143499026)	(150, 37.990966725633875)
fastqc_fastp_trim | SRR30333751_1	(1, 38.33199782623875)	(2, 38.853409266130434)	(3, 38.861503015063406)	(4, 39.006445065237706)	(5, 38.989055984973504)	(6, 38.92968616854832)	(7, 38.9650864562265)	(8, 38.992004983599365)	(9, 38.99396979839153)	(10, 38.967575802556176)	(15, 39.29321416238461)	(20, 39.326774930668265)	(25, 39.14654278759791)	(30, 39.09050666267743)	(35, 39.07488482879289)	(40, 39.073680568112465)	(45, 39.10955171955741)	(50, 39.07897053494969)	(55, 39.05545442194648)	(60, 39.03904799513457)	(65, 39.01854542842064)	(70, 38.98865774494442)	(75, 38.96811655947505)	(80, 38.93929300856424)	(85, 38.90112907012602)	(90, 38.86494978673223)	(95, 38.8310066546117)	(100, 38.76191068896473)	(105, 38.77745148235812)	(110, 38.73567568492996)	(115, 38.71182065442032)	(120, 38.660429419428375)	(125, 38.671779525154)	(130, 38.64417992413105)	(135, 38.59645047440325)	(140, 38.604898172456856)	(145, 38.59963906587849)	(150, 38.40894537224519)
fastqc_fastp_trim | SRR30333751_2	(1, 38.53495163433569)	(2, 39.05902163465395)	(3, 39.19396312646587)	(4, 39.22046282594872)	(5, 39.18214480494659)	(6, 39.216479566647955)	(7, 39.24658921174302)	(8, 39.25422654710606)	(9, 39.28808829022069)	(10, 39.30132829288796)	(15, 39.3524710568618)	(20, 39.33432066120854)	(25, 39.19028664959403)	(30, 39.13782677169259)	(35, 39.1371430662888)	(40, 39.12174698996483)	(45, 39.09956198706596)	(50, 39.05267198987417)	(55, 39.08468377310848)	(60, 39.06036521495201)	(65, 39.03357422822033)	(70, 39.00706070767172)	(75, 38.95434640696419)	(80, 38.91758482162588)	(85, 38.90950072524443)	(90, 38.89674541564299)	(95, 38.873602353135674)	(100, 38.804321187982794)	(105, 38.79285256810598)	(110, 38.748636780900796)	(115, 38.73118257970806)	(120, 38.67797371103616)	(125, 38.64777387407901)	(130, 38.578038848278084)	(135, 38.53313846631375)	(140, 38.44640858589692)	(145, 38.35929077214241)	(150, 38.062183910972564)
fastqc_fastp_trim | SRR30333752_1	(1, 38.28493034873093)	(2, 38.83824971229653)	(3, 38.829888697217825)	(4, 38.966792641017086)	(5, 38.93207793960263)	(6, 38.85571638059378)	(7, 38.89310685281103)	(8, 38.916736719328576)	(9, 38.91388706181417)	(10, 38.884859237577814)	(15, 39.245853257107804)	(20, 39.29255953837383)	(25, 39.10941890305989)	(30, 39.05766031909678)	(35, 39.0498468903901)	(40, 39.053873398241926)	(45, 39.093858302116)	(50, 39.06443600305434)	(55, 39.04439951186013)	(60, 39.02980596256555)	(65, 39.012355040948265)	(70, 38.98380571769302)	(75, 38.96524107613594)	(80, 38.93846760646961)	(85, 38.90023439412159)	(90, 38.8670668375576)	(95, 38.8332940272104)	(100, 38.76714848682103)	(105, 38.78122200421154)	(110, 38.74028925236486)	(115, 38.71649295789839)	(120, 38.66559428662756)	(125, 38.67657794998066)	(130, 38.65093757277176)	(135, 38.599985130935835)	(140, 38.609662439201784)	(145, 38.60593515386071)	(150, 38.42283694478418)
fastqc_fastp_trim | SRR30333752_2	(1, 38.22561778248548)	(2, 38.893358493460816)	(3, 39.03750140533816)	(4, 39.094302429049705)	(5, 39.115427458355086)	(6, 39.137706845278835)	(7, 39.1379863842362)	(8, 39.14735295437866)	(9, 39.19025078876124)	(10, 39.21612695196085)	(15, 39.27563820607543)	(20, 39.258089646685875)	(25, 39.07931954821129)	(30, 39.022035043464534)	(35, 39.02475052900311)	(40, 39.014429609915965)	(45, 38.99256752739616)	(50, 38.948044352801254)	(55, 38.981598627905214)	(60, 38.95582376331741)	(65, 38.92858131036489)	(70, 38.90212057398287)	(75, 38.84713861090229)	(80, 38.81060884211665)	(85, 38.80282558164314)	(90, 38.790360092161706)	(95, 38.76729306592721)	(100, 38.697115355825034)	(105, 38.6838618637578)	(110, 38.63846310557257)	(115, 38.622393194566136)	(120, 38.566961189721354)	(125, 38.536044443927175)	(130, 38.46683298836386)	(135, 38.41843720946689)	(140, 38.32780952480391)	(145, 38.236196225693035)	(150, 37.977369505522574)
fastqc_fastp_trim | SRR30333753_1	(1, 37.95753013705951)	(2, 38.562074984949575)	(3, 38.535267286924764)	(4, 38.73956120053337)	(5, 38.71270729050234)	(6, 38.76305208069944)	(7, 38.74593490658112)	(8, 38.812775015792745)	(9, 38.848479039626)	(10, 38.7676204925958)	(15, 39.15029736839606)	(20, 39.191940174096395)	(25, 38.95337120555066)	(30, 38.88734086773074)	(35, 38.86299666072845)	(40, 38.855147873478266)	(45, 38.911601606665144)	(50, 38.87547614506589)	(55, 38.838932270786046)	(60, 38.824710091650005)	(65, 38.811033002440766)	(70, 38.78731125505158)	(75, 38.769880805768906)	(80, 38.75642733917857)	(85, 38.71968684715163)	(90, 38.69345568802054)	(95, 38.65588608060758)	(100, 38.576873181465054)	(105, 38.6191096514285)	(110, 38.5838687435827)	(115, 38.56043205458512)	(120, 38.51748539300628)	(125, 38.5583332848219)	(130, 38.51554526935918)	(135, 38.50429123398884)	(140, 38.53512116412192)	(145, 38.53728093005505)	(150, 38.3238898403641)
fastqc_fastp_trim | SRR30333753_2	(1, 38.59276711600981)	(2, 38.95441342542148)	(3, 39.107879226825794)	(4, 39.14617174053996)	(5, 39.146595830899976)	(6, 39.2155294263312)	(7, 39.17666976058965)	(8, 39.18009701382184)	(9, 39.22044071278778)	(10, 39.20683795659669)	(15, 39.26515588543566)	(20, 39.22449978378852)	(25, 39.056199840190985)	(30, 38.99572262537489)	(35, 38.99109972531214)	(40, 38.963155888900424)	(45, 38.94665954135145)	(50, 38.8810469350594)	(55, 38.91816768790993)	(60, 38.89638208162287)	(65, 38.880137041701914)	(70, 38.84800117116855)	(75, 38.795709571826336)	(80, 38.74658998272774)	(85, 38.73036667935076)	(90, 38.72089410372997)	(95, 38.692597045818175)	(100, 38.61991168228969)	(105, 38.62284158095907)	(110, 38.57990547562099)	(115, 38.56367398688078)	(120, 38.52701705983361)	(125, 38.507938817471356)	(130, 38.43607034485628)	(135, 38.40817753778521)	(140, 38.33200359493161)	(145, 38.27199029125455)	(150, 37.931912551680284)
fastqc_fastp_trim | SRR30333754_1	(1, 38.21524482338362)	(2, 38.779682407624186)	(3, 38.78527519737459)	(4, 38.9798213626134)	(5, 38.97327652319494)	(6, 38.93316941248433)	(7, 38.944033434443355)	(8, 38.98223288024226)	(9, 38.995588747740136)	(10, 38.96821180748556)	(15, 39.29759424323299)	(20, 39.329288484363694)	(25, 39.147610426858876)	(30, 39.08983658475524)	(35, 39.06742029278388)	(40, 39.06206785219572)	(45, 39.10636787563814)	(50, 39.07336911390657)	(55, 39.048374280234626)	(60, 39.03058203317666)	(65, 39.01091244371014)	(70, 38.98246355303954)	(75, 38.95960941784533)	(80, 38.93403340033534)	(85, 38.89316350510892)	(90, 38.85992929421391)	(95, 38.82163937129936)	(100, 38.751528727256485)	(105, 38.77178094025184)	(110, 38.73335135356075)	(115, 38.70440988080452)	(120, 38.65308702545259)	(125, 38.669889292462194)	(130, 38.63738666444924)	(135, 38.5946610737415)	(140, 38.60950577205615)	(145, 38.60686269436685)	(150, 38.409340296510166)
fastqc_fastp_trim | SRR30333754_2	(1, 38.4053919699754)	(2, 39.01556576617099)	(3, 39.167231950426206)	(4, 39.22993964648548)	(5, 39.22444431580139)	(6, 39.254697528021275)	(7, 39.22454382404909)	(8, 39.228234440693875)	(9, 39.272012577875294)	(10, 39.28537937980501)	(15, 39.336454033269085)	(20, 39.312459716546904)	(25, 39.16361149765095)	(30, 39.1085950775129)	(35, 39.107165057911516)	(40, 39.08813027399471)	(45, 39.06686876456151)	(50, 39.014146099528084)	(55, 39.04931698311818)	(60, 39.02564402399154)	(65, 38.9998198398385)	(70, 38.97264954533273)	(75, 38.91575850544896)	(80, 38.87700016346645)	(85, 38.86648808142894)	(90, 38.85522361386113)	(95, 38.8288096200454)	(100, 38.75748487800585)	(105, 38.7488458840404)	(110, 38.70368279391063)	(115, 38.683174663744374)	(120, 38.63010274252628)	(125, 38.601187833444854)	(130, 38.52134008641251)	(135, 38.47461843113928)	(140, 38.382320484689686)	(145, 38.2924862667985)	(150, 37.97183805415814)
fastqc_fastp_trim | SRR30333755_1	(1, 37.88702477967842)	(2, 38.495939401718324)	(3, 38.482843883792455)	(4, 38.651604237240264)	(5, 38.60365178656447)	(6, 38.68824192607034)	(7, 38.68115364062216)	(8, 38.75258661366586)	(9, 38.78492922978761)	(10, 38.70608640340495)	(15, 39.08782487495408)	(20, 39.136159197568084)	(25, 38.87098357617648)	(30, 38.80310691047762)	(35, 38.78373595149867)	(40, 38.78029095010606)	(45, 38.82828604987716)	(50, 38.79071247105803)	(55, 38.7464163623511)	(60, 38.730769360623)	(65, 38.71132822789317)	(70, 38.68088317400225)	(75, 38.65532910353204)	(80, 38.63438009970302)	(85, 38.59182692775189)	(90, 38.5568188535402)	(95, 38.510155824166375)	(100, 38.422389490847195)	(105, 38.45312653833675)	(110, 38.407974152431244)	(115, 38.38734994812023)	(120, 38.3447750564079)	(125, 38.38379903752873)	(130, 38.34022369515297)	(135, 38.3339198271929)	(140, 38.36095073571313)	(145, 38.359021707185065)	(150, 38.12767897434945)
fastqc_fastp_trim | SRR30333755_2	(1, 38.546419805325954)	(2, 38.87657441949205)	(3, 39.05692511255719)	(4, 39.09139188110554)	(5, 39.09642388455101)	(6, 39.18798004941371)	(7, 39.14748313110168)	(8, 39.17233153545842)	(9, 39.196253863694984)	(10, 39.18820238856709)	(15, 39.246952554950134)	(20, 39.20886070364613)	(25, 39.0362134140981)	(30, 38.9740069363438)	(35, 38.967743313677296)	(40, 38.94100113481947)	(45, 38.92320546687516)	(50, 38.86241775791643)	(55, 38.89067210443646)	(60, 38.86748320833024)	(65, 38.85059032046337)	(70, 38.8175917601598)	(75, 38.76630654352076)	(80, 38.71502829876844)	(85, 38.69702684045298)	(90, 38.681634900723395)	(95, 38.65098244844494)	(100, 38.58091444531625)	(105, 38.577577238027175)	(110, 38.53378299123545)	(115, 38.51517427452853)	(120, 38.47838234289055)	(125, 38.450384444279045)	(130, 38.385711480336155)	(135, 38.35518159236385)	(140, 38.274857942184106)	(145, 38.217592137227676)	(150, 37.848661342115335)
fastqc_fastp_trim | SRR30333756_1	(1, 38.21877365330244)	(2, 38.762661989378806)	(3, 38.74859721868538)	(4, 38.96788135204433)	(5, 38.96889610009942)	(6, 38.93048102776651)	(7, 38.91870519054795)	(8, 38.95391639401119)	(9, 38.96874751438983)	(10, 38.937787339683254)	(15, 39.28989256174915)	(20, 39.32715767200432)	(25, 39.14905536702351)	(30, 39.09920286123436)	(35, 39.07373942632933)	(40, 39.07424036942118)	(45, 39.12224277334065)	(50, 39.09610956336367)	(55, 39.06906642053703)	(60, 39.056147751304216)	(65, 39.03935899355493)	(70, 39.0169329643867)	(75, 38.99717453395267)	(80, 38.97518095693746)	(85, 38.939743636499614)	(90, 38.90903182704232)	(95, 38.87569522731352)	(100, 38.80347381563913)	(105, 38.83495308529914)	(110, 38.797529667333905)	(115, 38.770420832221994)	(120, 38.71849632325789)	(125, 38.742943347092684)	(130, 38.70554746339208)	(135, 38.66826906854216)	(140, 38.68809534316413)	(145, 38.68899547872249)	(150, 38.496914827883515)
fastqc_fastp_trim | SRR30333756_2	(1, 38.44110240858694)	(2, 39.02236445782817)	(3, 39.13592985881461)	(4, 39.18839601852419)	(5, 39.20197234517736)	(6, 39.22659912536743)	(7, 39.2220607553535)	(8, 39.21315270627674)	(9, 39.26285613717533)	(10, 39.263395998586844)	(15, 39.31707267349774)	(20, 39.289005180296094)	(25, 39.13056419217903)	(30, 39.07222989970555)	(35, 39.07295165942735)	(40, 39.05125814305774)	(45, 39.0322034454532)	(50, 38.975459768949925)	(55, 39.01489172022431)	(60, 38.99095292984515)	(65, 38.9671377101686)	(70, 38.93724444070672)	(75, 38.87980833408559)	(80, 38.83610173092131)	(85, 38.82385379655355)	(90, 38.81450873900429)	(95, 38.78708186551292)	(100, 38.71508093381899)	(105, 38.709838880382094)	(110, 38.6672504169538)	(115, 38.65062332392171)	(120, 38.60197235819714)	(125, 38.579637103853045)	(130, 38.50380114815293)	(135, 38.46338444581355)	(140, 38.380101621934855)	(145, 38.2991974010643)	(150, 38.006077276676635)
fastqc_fastp_trim | SRR30333757_1	(1, 35.40480229904713)	(2, 35.58622913987321)	(3, 35.7369842355434)	(4, 35.791387619292536)	(5, 35.96217049683598)	(6, 36.06028391065919)	(7, 35.92560127185155)	(8, 36.02964854085986)	(9, 36.04421167627588)	(10, 36.06129028662513)	(15, 36.03025821584855)	(20, 35.99290813673623)	(25, 35.90670743886634)	(30, 35.859027856232345)	(35, 35.82873769941297)	(40, 35.807281780417775)	(45, 35.77125204006111)	(50, 35.74746274670397)	(55, 35.713438513315)	(60, 35.69150080860793)	(65, 35.65751626180782)	(70, 35.626239320869345)	(75, 35.59220620346396)	(80, 35.551420937219156)	(85, 35.516585371189656)	(90, 35.47277009929549)	(95, 35.440108177358695)	(100, 35.38452703105547)	(105, 35.34467977461683)	(110, 35.314471678277236)	(115, 35.2463844856538)	(120, 35.21049060495328)	(125, 35.171670261342946)	(130, 35.11911109274886)	(135, 35.05925578891527)	(140, 34.97574230999923)	(145, 34.93552089984346)	(150, 34.59974905248713)
fastqc_fastp_trim | SRR30333757_2	(1, 35.576384678005674)	(2, 35.89014562223251)	(3, 35.97891733278621)	(4, 35.98962570381031)	(5, 35.98079924022448)	(6, 36.00688911431969)	(7, 35.964617457060896)	(8, 36.04210893593895)	(9, 36.08105655304496)	(10, 36.028522377618785)	(15, 35.98977940376597)	(20, 35.968198530845285)	(25, 35.92065114616796)	(30, 35.87828370670339)	(35, 35.83230700324989)	(40, 35.80608228230782)	(45, 35.77667105026202)	(50, 35.730955184288405)	(55, 35.68735306641249)	(60, 35.64801461113062)	(65, 35.60309953934741)	(70, 35.54807557779367)	(75, 35.515528158975485)	(80, 35.450253550435)	(85, 35.396962760598555)	(90, 35.35061076412733)	(95, 35.2847489047629)	(100, 35.23557496721506)	(105, 35.172317390606096)	(110, 35.07620685533196)	(115, 35.00889852045047)	(120, 34.92657455583977)	(125, 34.879262008198474)	(130, 34.75164324170381)	(135, 34.64960457143336)	(140, 34.56244252703124)	(145, 34.45163768696682)	(150, 33.94956481537982)
fastqc_fastp_trim | SRR30333758_1	(1, 35.49280842140662)	(2, 35.562124020304836)	(3, 35.72083022380338)	(4, 35.78994015241492)	(5, 35.90237749765109)	(6, 35.96396995164342)	(7, 35.85993023217081)	(8, 35.9618786171816)	(9, 35.96493784114864)	(10, 35.98060964273259)	(15, 35.95301333891531)	(20, 35.90976528223598)	(25, 35.821360672228096)	(30, 35.76863000592329)	(35, 35.746185090980745)	(40, 35.71905074227055)	(45, 35.687703406188845)	(50, 35.65921686069241)	(55, 35.63399508120488)	(60, 35.60690801151725)	(65, 35.56332045129254)	(70, 35.53651440835319)	(75, 35.49812118348081)	(80, 35.469909156167255)	(85, 35.42752054363483)	(90, 35.399931735118564)	(95, 35.35982422212478)	(100, 35.32719664837737)	(105, 35.282189528853635)	(110, 35.260038252223694)	(115, 35.19614356245576)	(120, 35.150983965974966)	(125, 35.106929174960186)	(130, 35.07264726417982)	(135, 35.0150973751177)	(140, 34.92561062830003)	(145, 34.87886702982282)	(150, 34.57530153338335)
fastqc_fastp_trim | SRR30333758_2	(1, 35.404023582994306)	(2, 35.87196861345266)	(3, 35.957911816040955)	(4, 35.96236158955681)	(5, 35.976092231642035)	(6, 35.98014175966002)	(7, 35.976280673395785)	(8, 36.032219700246465)	(9, 36.04763706806373)	(10, 36.02468546583011)	(15, 35.998888811144994)	(20, 35.983877185271915)	(25, 35.93522638393031)	(30, 35.891531813112366)	(35, 35.843841027731415)	(40, 35.82665869348163)	(45, 35.7924173688416)	(50, 35.75066564944794)	(55, 35.7101433052449)	(60, 35.67697772553262)	(65, 35.63440559504195)	(70, 35.58222019752421)	(75, 35.54562042951618)	(80, 35.48239033942535)	(85, 35.439177993111755)	(90, 35.38285472174883)	(95, 35.33781774684363)	(100, 35.273480174940204)	(105, 35.22696650150279)	(110, 35.133842483778764)	(115, 35.067155215467395)	(120, 34.99838360742406)	(125, 34.926414184528255)	(130, 34.813583241539185)	(135, 34.74539748059654)	(140, 34.64405843293996)	(145, 34.59052048950184)	(150, 34.04665567903862)
fastqc_fastp_trim | SRR30333759_1	(1, 35.53687349245288)	(2, 35.681193467496584)	(3, 35.823549407201135)	(4, 35.86997771377034)	(5, 36.00766482198187)	(6, 36.092051719119766)	(7, 35.972127958493346)	(8, 36.07954393612925)	(9, 36.08823251754927)	(10, 36.09883513811981)	(15, 36.06596067686106)	(20, 36.02831214770724)	(25, 35.94677524415819)	(30, 35.90119193497992)	(35, 35.8729897909408)	(40, 35.84957851537428)	(45, 35.81662111696569)	(50, 35.79091381104231)	(55, 35.7609535677511)	(60, 35.73679306353974)	(65, 35.700521754704525)	(70, 35.669605919827276)	(75, 35.63546854311328)	(80, 35.59942762118511)	(85, 35.5605584316645)	(90, 35.5212745435172)	(95, 35.48482741255459)	(100, 35.435092001587165)	(105, 35.39395846006123)	(110, 35.36357650193179)	(115, 35.29516939730357)	(120, 35.25486493038553)	(125, 35.212404388335905)	(130, 35.16416784431756)	(135, 35.10077228337802)	(140, 35.01504577041162)	(145, 34.97115442948095)	(150, 34.64130593652868)
fastqc_fastp_trim | SRR30333759_2	(1, 35.59555732317823)	(2, 35.988049337525844)	(3, 36.03173820990537)	(4, 36.037522620985726)	(5, 36.02833828121041)	(6, 36.04291699604112)	(7, 36.02097663010471)	(8, 36.0934162698635)	(9, 36.1237341089498)	(10, 36.073704691276944)	(15, 36.036319103695575)	(20, 36.01509369347475)	(25, 35.96348086282351)	(30, 35.920135602028076)	(35, 35.87180279062687)	(40, 35.85081815466965)	(45, 35.817935380739456)	(50, 35.76853073919001)	(55, 35.72949692193564)	(60, 35.68819818756246)	(65, 35.6430923796179)	(70, 35.58741238083026)	(75, 35.55466443047525)	(80, 35.48986319872565)	(85, 35.43778060945078)	(90, 35.38961033068559)	(95, 35.325136468699824)	(100, 35.270320966700965)	(105, 35.20997936020837)	(110, 35.11664628776916)	(115, 35.04734645726151)	(120, 34.96727304887723)	(125, 34.911364638679814)	(130, 34.79030900200569)	(135, 34.69523701484928)	(140, 34.59834889154753)	(145, 34.503259832849565)	(150, 33.99905896077376)
fastqc_fastp_trim | SRR30333760_1	(1, 35.67530145878234)	(2, 35.84241048121588)	(3, 35.95197398830958)	(4, 36.026066787001476)	(5, 36.1009698179977)	(6, 36.17192673763651)	(7, 36.0557332339052)	(8, 36.140112951196485)	(9, 36.162231978126336)	(10, 36.181244423900864)	(15, 36.156857757525835)	(20, 36.122039636161986)	(25, 36.043739977936056)	(30, 35.99890046041262)	(35, 35.967948790525796)	(40, 35.95024917105744)	(45, 35.92995595938563)	(50, 35.90986913821273)	(55, 35.88508976721344)	(60, 35.858473408461315)	(65, 35.82434031623295)	(70, 35.8000568144282)	(75, 35.77784571665694)	(80, 35.74825789614748)	(85, 35.71785805744689)	(90, 35.67970491568346)	(95, 35.646744408225516)	(100, 35.607354197599854)	(105, 35.57215860899608)	(110, 35.53748476774514)	(115, 35.49005148064877)	(120, 35.445979856266106)	(125, 35.42064598826672)	(130, 35.373715829592484)	(135, 35.32544211205561)	(140, 35.249663583881365)	(145, 35.1963944503345)	(150, 34.90283444118549)
fastqc_fastp_trim | SRR30333760_2	(1, 35.398347368238696)	(2, 35.82315819919854)	(3, 35.859248381208715)	(4, 35.836900133787005)	(5, 35.864537800932176)	(6, 35.890045550774886)	(7, 35.83490322096747)	(8, 35.927295246427164)	(9, 35.954726110672325)	(10, 35.89952947664791)	(15, 35.872122436134866)	(20, 35.85859616765852)	(25, 35.79383730878425)	(30, 35.75642779561514)	(35, 35.714877072163766)	(40, 35.6913280678031)	(45, 35.66744854192787)	(50, 35.62352972001035)	(55, 35.5769614486719)	(60, 35.540938213860805)	(65, 35.50164222446894)	(70, 35.44385505201255)	(75, 35.40442665136642)	(80, 35.35618256931546)	(85, 35.29697130851261)	(90, 35.24919771341259)	(95, 35.1857725503978)	(100, 35.14414039532579)	(105, 35.06634354306633)	(110, 34.99531831744462)	(115, 34.914570546833644)	(120, 34.82131968577092)	(125, 34.7744501876518)	(130, 34.67331681839371)	(135, 34.5718248180772)	(140, 34.48628517131311)	(145, 34.37616329400094)	(150, 33.863294292075416)
fastqc_fastp_trim | SRR30333761_1	(1, 35.24165922517453)	(2, 35.439901754264774)	(3, 35.61094157783076)	(4, 35.674481846900136)	(5, 35.86126777723305)	(6, 35.9765225182274)	(7, 35.83529723224115)	(8, 35.95266186384863)	(9, 35.963624073495446)	(10, 35.98243981350743)	(15, 35.948267403267806)	(20, 35.907776529863646)	(25, 35.811059459232524)	(30, 35.760203790137055)	(35, 35.72929017642876)	(40, 35.70721321911287)	(45, 35.66827666200577)	(50, 35.64480078074341)	(55, 35.61287478119955)	(60, 35.587168584878626)	(65, 35.55198291334478)	(70, 35.522227939768094)	(75, 35.4848994548587)	(80, 35.44803522511028)	(85, 35.41527631503273)	(90, 35.37115873860048)	(95, 35.338405502202825)	(100, 35.28414993216959)	(105, 35.24724719559878)	(110, 35.21723073663503)	(115, 35.148437612321686)	(120, 35.109187082444464)	(125, 35.0698424684021)	(130, 35.02243498633197)	(135, 34.95705830272591)	(140, 34.87630149010319)	(145, 34.8276184124572)	(150, 34.494402793322934)
fastqc_fastp_trim | SRR30333761_2	(1, 35.73907415098261)	(2, 36.00847552021075)	(3, 36.05854122670024)	(4, 36.06154046451603)	(5, 36.04712720000448)	(6, 36.069719182896385)	(7, 36.0429263236598)	(8, 36.123088794040044)	(9, 36.15149215196071)	(10, 36.0997888209278)	(15, 36.06555611934804)	(20, 36.0417649552769)	(25, 35.99527650124311)	(30, 35.95265768627071)	(35, 35.90898045457046)	(40, 35.889574101020784)	(45, 35.85984411288219)	(50, 35.81256256770425)	(55, 35.77255683758365)	(60, 35.73255622832592)	(65, 35.69368953206837)	(70, 35.6343524469095)	(75, 35.603270047778096)	(80, 35.54310775989339)	(85, 35.491509846640206)	(90, 35.445737907522584)	(95, 35.384432053567544)	(100, 35.33413681545484)	(105, 35.26985127845781)	(110, 35.183191223554246)	(115, 35.115867354324735)	(120, 35.037205291785014)	(125, 34.986173456620165)	(130, 34.869788981869824)	(135, 34.77085783546171)	(140, 34.681649292759516)	(145, 34.584010963462894)	(150, 34.062269234234186)
fastqc_fastp_trim | SRR30333762_1	(1, 35.65720878217584)	(2, 35.81178368937987)	(3, 35.93082116469204)	(4, 36.006464572015176)	(5, 36.07945607896282)	(6, 36.14985491541803)	(7, 36.027286875992395)	(8, 36.11116062287828)	(9, 36.136799842531666)	(10, 36.15043240055355)	(15, 36.12475241346364)	(20, 36.08410425511268)	(25, 36.00270361597658)	(30, 35.9552311027691)	(35, 35.92142895723691)	(40, 35.904848997221436)	(45, 35.8797944272101)	(50, 35.85988790029774)	(55, 35.82958803488806)	(60, 35.80306078062891)	(65, 35.764379029862724)	(70, 35.73874037863313)	(75, 35.71629870739072)	(80, 35.679927129107604)	(85, 35.65159013259405)	(90, 35.60703405890423)	(95, 35.57732598539269)	(100, 35.53387499780581)	(105, 35.50251982979971)	(110, 35.46456156466608)	(115, 35.41820207730552)	(120, 35.375815942471846)	(125, 35.35250234117118)	(130, 35.30332262855582)	(135, 35.25463003537997)	(140, 35.17796129378222)	(145, 35.1262243270207)	(150, 34.820414772700545)
fastqc_fastp_trim | SRR30333762_2	(1, 35.517318404514754)	(2, 35.854316073362)	(3, 35.909040576478304)	(4, 35.888362998566734)	(5, 35.92909891704171)	(6, 35.94682396370859)	(7, 35.88000207441524)	(8, 35.983857603692876)	(9, 36.01770961054771)	(10, 35.97120816712119)	(15, 35.94599866581787)	(20, 35.93432207510567)	(25, 35.871591471496814)	(30, 35.83321877143693)	(35, 35.793662029970825)	(40, 35.77685563363029)	(45, 35.757261320748135)	(50, 35.714522900043235)	(55, 35.66644975271346)	(60, 35.63523447438652)	(65, 35.59382349612428)	(70, 35.54034721719437)	(75, 35.503016222804625)	(80, 35.45393937395774)	(85, 35.397771241741516)	(90, 35.355799660701976)	(95, 35.29231863125331)	(100, 35.25404510393936)	(105, 35.17960629935228)	(110, 35.108011939608794)	(115, 35.034512272899626)	(120, 34.94384685704831)	(125, 34.898198706528326)	(130, 34.79662139475677)	(135, 34.69919712805823)	(140, 34.618905007633145)	(145, 34.51492004536722)	(150, 34.01668130515584)
fastqc_fastp_trim | SRR30333763_1	(1, 35.770283009212704)	(2, 35.96285738061662)	(3, 36.06630993927031)	(4, 36.13482120831574)	(5, 36.18908680382573)	(6, 36.2555096872399)	(7, 36.13622976702368)	(8, 36.20880357065179)	(9, 36.23801208718545)	(10, 36.25778260940782)	(15, 36.23748201643157)	(20, 36.202506010963745)	(25, 36.13088376435682)	(30, 36.08772150906837)	(35, 36.05504977757911)	(40, 36.04166433865296)	(45, 36.02628852441869)	(50, 36.00880274756374)	(55, 35.98251636233531)	(60, 35.95751067182129)	(65, 35.924069582935644)	(70, 35.89943081155087)	(75, 35.88356121155799)	(80, 35.85331784881018)	(85, 35.82649762070685)	(90, 35.785550587114365)	(95, 35.75533356616666)	(100, 35.715243156351704)	(105, 35.68293870856401)	(110, 35.64668665768746)	(115, 35.60795624372)	(120, 35.56424087132639)	(125, 35.54958021715126)	(130, 35.49912156348164)	(135, 35.455932030279925)	(140, 35.386775429971266)	(145, 35.33641097618907)	(150, 35.0420563574812)
fastqc_fastp_trim | SRR30333763_2	(1, 35.33934173774694)	(2, 35.87457414170852)	(3, 35.917614156248845)	(4, 35.90754682851975)	(5, 35.94717078797247)	(6, 35.97762432216182)	(7, 35.88825981815617)	(8, 35.99524828523364)	(9, 36.03182592539055)	(10, 35.97714444350415)	(15, 35.95079239211472)	(20, 35.94338469781301)	(25, 35.87721954073786)	(30, 35.840902749435166)	(35, 35.80608995367388)	(40, 35.782458500545864)	(45, 35.76683898976105)	(50, 35.7238219545105)	(55, 35.677700203553606)	(60, 35.643550105895436)	(65, 35.60672991269761)	(70, 35.55272897618944)	(75, 35.51512158434216)	(80, 35.47481039568073)	(85, 35.41370903708305)	(90, 35.37374660276676)	(95, 35.3061675775393)	(100, 35.27552658566053)	(105, 35.19218590353155)	(110, 35.13297029485848)	(115, 35.05111505417942)	(120, 34.95364004523195)	(125, 34.91807946631179)	(130, 34.826667152454206)	(135, 34.71530315301398)	(140, 34.64357643635827)	(145, 34.515221320868264)	(150, 34.02836934938193)
fastqc_fastp_trim | SRR30333764_1	(1, 35.69439271549046)	(2, 35.857323945732624)	(3, 35.98159263788958)	(4, 36.053884956197024)	(5, 36.128095740732796)	(6, 36.19565541851232)	(7, 36.0841943236525)	(8, 36.16513541016019)	(9, 36.18765744674426)	(10, 36.20387017011003)	(15, 36.18099596020568)	(20, 36.146180110518316)	(25, 36.07117966161964)	(30, 36.02607272386521)	(35, 35.9966052151042)	(40, 35.97887219846164)	(45, 35.95849177645827)	(50, 35.93674036280042)	(55, 35.91099617916721)	(60, 35.88387360119585)	(65, 35.84975216580426)	(70, 35.82493030317025)	(75, 35.80245127902988)	(80, 35.77176795499902)	(85, 35.74193117532173)	(90, 35.701427798807885)	(95, 35.66823208115659)	(100, 35.62909765689731)	(105, 35.5924908129492)	(110, 35.557503984176044)	(115, 35.50912810465393)	(120, 35.46666394818303)	(125, 35.442762108287845)	(130, 35.39482939901097)	(135, 35.34718334437051)	(140, 35.271893659883894)	(145, 35.21933868589794)	(150, 34.929457925190974)
fastqc_fastp_trim | SRR30333764_2	(1, 35.47452206221262)	(2, 35.92896968936601)	(3, 35.957154295623994)	(4, 35.94926251348976)	(5, 35.9808922730502)	(6, 36.0025796680526)	(7, 35.9454396370043)	(8, 36.036431239579706)	(9, 36.06297219122955)	(10, 36.01388897332405)	(15, 35.98772552269022)	(20, 35.976727953922186)	(25, 35.915988904708136)	(30, 35.875258216648874)	(35, 35.83694943453191)	(40, 35.81622224708706)	(45, 35.79465821993274)	(50, 35.75161978676924)	(55, 35.707289977643406)	(60, 35.67330685789254)	(65, 35.63378962599838)	(70, 35.57940790865371)	(75, 35.54165108988194)	(80, 35.493466480267706)	(85, 35.437175134834156)	(90, 35.39211414468385)	(95, 35.329111583293034)	(100, 35.289707483267144)	(105, 35.21365367049228)	(110, 35.143644534802334)	(115, 35.067374993663464)	(120, 34.97661943283869)	(125, 34.93153311295151)	(130, 34.83370857083962)	(135, 34.73505578919397)	(140, 34.65347748640428)	(145, 34.54758278829104)	(150, 34.039499753041326)
fastqc_fastp_trim | SRR30333765_1	(1, 35.292827806005114)	(2, 35.4722030191402)	(3, 35.63732407188836)	(4, 35.69702925854631)	(5, 35.87135709857322)	(6, 35.98072735011303)	(7, 35.83257983199817)	(8, 35.947775243824545)	(9, 35.966241547179656)	(10, 35.98134043088557)	(15, 35.950254724557894)	(20, 35.91040488887747)	(25, 35.81611834894922)	(30, 35.766820465556336)	(35, 35.73393961156804)	(40, 35.71327829762642)	(45, 35.67299192055206)	(50, 35.65002324501053)	(55, 35.61676769082991)	(60, 35.59117971327015)	(65, 35.55715172933047)	(70, 35.52639201781733)	(75, 35.49133608777205)	(80, 35.45040519594093)	(85, 35.41967171196376)	(90, 35.372235321827645)	(95, 35.34289861132392)	(100, 35.28446020678179)	(105, 35.24933210168573)	(110, 35.214377187055405)	(115, 35.14622594028553)	(120, 35.10784894678837)	(125, 35.065901986472895)	(130, 35.01633459655711)	(135, 34.94958225577525)	(140, 34.86774197553308)	(145, 34.818179683539086)	(150, 34.484468002834404)
fastqc_fastp_trim | SRR30333765_2	(1, 35.548046959259445)	(2, 35.89540856387508)	(3, 35.976327862774625)	(4, 35.97128732395715)	(5, 35.957126449144)	(6, 35.98137124505612)	(7, 35.94981645190365)	(8, 36.03100418378315)	(9, 36.06490411140951)	(10, 36.01070896936302)	(15, 35.97528968048627)	(20, 35.9525425088622)	(25, 35.90577500783128)	(30, 35.86144259248438)	(35, 35.81282408079557)	(40, 35.79011627893036)	(45, 35.75704493595323)	(50, 35.71154974992673)	(55, 35.66681671517479)	(60, 35.628014653861726)	(65, 35.58238318862772)	(70, 35.52162431685732)	(75, 35.49014993107702)	(80, 35.42417550532723)	(85, 35.37003610076854)	(90, 35.32292452144432)	(95, 35.25974328074143)	(100, 35.209441506016475)	(105, 35.14400884711318)	(110, 35.05194688050455)	(115, 34.98609270073669)	(120, 34.902663559178016)	(125, 34.851309511734584)	(130, 34.72967800046935)	(135, 34.62782192468493)	(140, 34.537894033773995)	(145, 34.43514010707965)	(150, 33.92365604577681)
fastqc_fastp_trim | SRR30333766_1	(1, 35.728274537166314)	(2, 35.88404606446194)	(3, 36.00575346012917)	(4, 36.072385451916205)	(5, 36.13886864211312)	(6, 36.2031648001885)	(7, 36.101598284792644)	(8, 36.17809679969639)	(9, 36.19706104890064)	(10, 36.21344225821526)	(15, 36.192868546451656)	(20, 36.15912632883369)	(25, 36.087648283773525)	(30, 36.04555586606197)	(35, 36.01771272983416)	(40, 36.001086835856725)	(45, 35.98206391147174)	(50, 35.96250370953153)	(55, 35.93787154695028)	(60, 35.914877601502795)	(65, 35.88176710346394)	(70, 35.856930099415024)	(75, 35.83645453605927)	(80, 35.80695956303718)	(85, 35.776681808682625)	(90, 35.74081550331739)	(95, 35.71186000887796)	(100, 35.67441670827303)	(105, 35.638791823493634)	(110, 35.60945606233978)	(115, 35.56412947591461)	(120, 35.51979446109511)	(125, 35.49752563578669)	(130, 35.45353474246191)	(135, 35.41288387249831)	(140, 35.33609688647813)	(145, 35.28925668030039)	(150, 35.00481981415153)
fastqc_fastp_trim | SRR30333766_2	(1, 35.41618636894655)	(2, 35.87839079861619)	(3, 35.929531159994866)	(4, 35.96206053891233)	(5, 35.99379469850652)	(6, 36.0233140165706)	(7, 35.959219638910376)	(8, 36.04709215718075)	(9, 36.07897484989128)	(10, 36.03603250080883)	(15, 36.01063624444346)	(20, 36.002209951658635)	(25, 35.93903424152076)	(30, 35.90100772610282)	(35, 35.86294571728511)	(40, 35.84033034266429)	(45, 35.816484334786786)	(50, 35.77629677923507)	(55, 35.73399435661325)	(60, 35.698466380874464)	(65, 35.66103346846756)	(70, 35.60813028647431)	(75, 35.56887982940915)	(80, 35.525531436809686)	(85, 35.4701001631385)	(90, 35.42086721421599)	(95, 35.362990091858634)	(100, 35.319119851190656)	(105, 35.251630627006605)	(110, 35.17726528931198)	(115, 35.101994408723854)	(120, 35.016500702156364)	(125, 34.97208570688808)	(130, 34.872611233168755)	(135, 34.77921301179659)	(140, 34.695635748942045)	(145, 34.59134885994987)	(150, 34.08134968120733)
fastqc_fastp_trim | SRR30333767_1	(1, 35.62327898149952)	(2, 35.77405386839143)	(3, 35.90620058913316)	(4, 35.97879849435662)	(5, 36.05576490679464)	(6, 36.12969661213)	(7, 36.00489463867375)	(8, 36.09062926232323)	(9, 36.115295502242816)	(10, 36.12891737732123)	(15, 36.10575534028361)	(20, 36.06784573762194)	(25, 35.98542563228829)	(30, 35.93892979552924)	(35, 35.908186685585235)	(40, 35.891660655691595)	(45, 35.86716998252311)	(50, 35.84997335979534)	(55, 35.82057345386249)	(60, 35.796587589782824)	(65, 35.75985443832348)	(70, 35.73422572438397)	(75, 35.71201745328348)	(80, 35.678011747264314)	(85, 35.650616751432125)	(90, 35.606934674691594)	(95, 35.576308638003766)	(100, 35.531401445115364)	(105, 35.499281459662356)	(110, 35.45951316489245)	(115, 35.412550404724506)	(120, 35.36836362799223)	(125, 35.34200242582284)	(130, 35.29237875214388)	(135, 35.24210301988201)	(140, 35.16564537503144)	(145, 35.11206696290318)	(150, 34.813951232976336)
fastqc_fastp_trim | SRR30333767_2	(1, 35.423903218818396)	(2, 35.86754717729215)	(3, 35.908885140486554)	(4, 35.883781499173224)	(5, 35.913674504983916)	(6, 35.93394817570411)	(7, 35.885065307818145)	(8, 35.98058051776986)	(9, 36.00410140721191)	(10, 35.95278508974809)	(15, 35.92756467868149)	(20, 35.91170967969647)	(25, 35.851830106482325)	(30, 35.81148410895326)	(35, 35.7726537881765)	(40, 35.74969901656228)	(45, 35.72823109436231)	(50, 35.684060693677296)	(55, 35.638226249047506)	(60, 35.6040893296576)	(65, 35.56346331131662)	(70, 35.50822073853265)	(75, 35.46988334996)	(80, 35.420030987743715)	(85, 35.36378688751005)	(90, 35.31811242023012)	(95, 35.25584128657657)	(100, 35.21682123222803)	(105, 35.14053590144554)	(110, 35.070076990401965)	(115, 34.99344651960306)	(120, 34.903992222751704)	(125, 34.85658977123323)	(130, 34.75594707822734)	(135, 34.65818868653945)	(140, 34.57581693009489)	(145, 34.4710142755848)	(150, 33.96219448689213)
fastqc_fastp_trim | SRR30333768_1	(1, 35.44282613076968)	(2, 35.5081737706848)	(3, 35.686615046127834)	(4, 35.78083603604077)	(5, 35.9098357154092)	(6, 35.98867207983777)	(7, 35.84618163356177)	(8, 35.94201553128883)	(9, 35.960168597689524)	(10, 35.982680838255924)	(15, 35.954462992592894)	(20, 35.91019910746563)	(25, 35.81363861735854)	(30, 35.753483147882726)	(35, 35.71869558325735)	(40, 35.695090745785734)	(45, 35.647362555188025)	(50, 35.62055012019353)	(55, 35.583072119447166)	(60, 35.559068845759256)	(65, 35.50944199428643)	(70, 35.479898712650154)	(75, 35.442606724995834)	(80, 35.391649843101426)	(85, 35.35691730580423)	(90, 35.303419091227944)	(95, 35.26899489941786)	(100, 35.20941406075609)	(105, 35.17159075471968)	(110, 35.12992419585813)	(115, 35.05452473021355)	(120, 35.02032647484073)	(125, 34.98806512091453)	(130, 34.929486969474105)	(135, 34.866773195323944)	(140, 34.77955811328822)	(145, 34.73125663533078)	(150, 34.412857392972384)
fastqc_fastp_trim | SRR30333768_2	(1, 35.282349243413336)	(2, 35.74660704237431)	(3, 35.80962803067277)	(4, 35.81297408009779)	(5, 35.823919002733966)	(6, 35.82594979897371)	(7, 35.802350056480705)	(8, 35.884865939802914)	(9, 35.901217833417135)	(10, 35.86441464510375)	(15, 35.836801977067786)	(20, 35.81497474862275)	(25, 35.77065682614205)	(30, 35.72158100684009)	(35, 35.669383544681935)	(40, 35.65017088447064)	(45, 35.619735966748514)	(50, 35.579467697055016)	(55, 35.521633516595784)	(60, 35.4979375185959)	(65, 35.442909287584705)	(70, 35.38868833622561)	(75, 35.35283128998061)	(80, 35.2780117103229)	(85, 35.22805532039135)	(90, 35.17612964254344)	(95, 35.12150097967107)	(100, 35.071887471949495)	(105, 35.00337871971574)	(110, 34.89474128762474)	(115, 34.84366889362778)	(120, 34.76396795940058)	(125, 34.6965540176026)	(130, 34.54894497154874)	(135, 34.46955847457774)	(140, 34.38965170797063)	(145, 34.31607515602279)	(150, 33.753186536021715)
