Sample	0	1	2	3	4	5	6	7	8	9	10	11	12	13	14	15	16	17	18	19	20	21	22	23	24	25	26	27
fastqc_fastp_trim | SRR30333743_1	(15, 365.0)	(20, 365.0)	(25, 895.0)	(30, 3740.0)	(35, 9299.0)	(40, 19036.0)	(45, 29350.0)	(50, 53934.0)	(55, 73832.0)	(60, 121945.0)	(65, 171233.0)	(70, 262136.0)	(75, 394682.0)	(80, 585761.0)	(85, 866265.0)	(90, 1209646.0)	(95, 1626179.0)	(100, 2027757.0)	(105, 2402049.0)	(110, 2649919.0)	(115, 2791459.0)	(120, 2787764.0)	(125, 2697324.0)	(130, 2551971.0)	(135, 2360972.0)	(140, 2166098.0)	(145, 1971069.0)	(150, 18610497.0)
fastqc_fastp_trim | SRR30333743_2	(15, 359.0)	(20, 381.0)	(25, 299.0)	(30, 3473.0)	(35, 9453.0)	(40, 19107.0)	(45, 29518.0)	(50, 54112.0)	(55, 74024.0)	(60, 122064.0)	(65, 171318.0)	(70, 262062.0)	(75, 394305.0)	(80, 584885.0)	(85, 864697.0)	(90, 1207019.0)	(95, 1621955.0)	(100, 2022249.0)	(105, 2394055.0)	(110, 2639624.0)	(115, 2779778.0)	(120, 2775125.0)	(125, 2684116.0)	(130, 2538661.0)	(135, 2349358.0)	(140, 2148866.0)	(145, 1948559.0)	(150, 18746120.0)
fastqc_fastp_trim | SRR30333744_1	(15, 508.0)	(20, 380.0)	(25, 550.0)	(30, 1905.0)	(35, 4576.0)	(40, 9107.0)	(45, 14857.0)	(50, 25991.0)	(55, 36080.0)	(60, 58770.0)	(65, 84338.0)	(70, 132652.0)	(75, 204117.0)	(80, 313159.0)	(85, 478916.0)	(90, 695021.0)	(95, 977119.0)	(100, 1279056.0)	(105, 1588317.0)	(110, 1841873.0)	(115, 2050492.0)	(120, 2166093.0)	(125, 2201616.0)	(130, 2195228.0)	(135, 2133406.0)	(140, 2046733.0)	(145, 1953987.0)	(150, 21043948.0)
fastqc_fastp_trim | SRR30333744_2	(15, 410.0)	(20, 398.0)	(25, 258.0)	(30, 1834.0)	(35, 4660.0)	(40, 9150.0)	(45, 14914.0)	(50, 26150.0)	(55, 36229.0)	(60, 58885.0)	(65, 84478.0)	(70, 132707.0)	(75, 204023.0)	(80, 312748.0)	(85, 478210.0)	(90, 693811.0)	(95, 974810.0)	(100, 1275853.0)	(105, 1583218.0)	(110, 1835011.0)	(115, 2042306.0)	(120, 2156848.0)	(125, 2191344.0)	(130, 2184491.0)	(135, 2123497.0)	(140, 2029675.0)	(145, 1929550.0)	(150, 21153327.0)
fastqc_fastp_trim | SRR30333745_1	(15, 388.0)	(20, 295.0)	(25, 557.0)	(30, 1916.0)	(35, 4739.0)	(40, 10237.0)	(45, 16424.0)	(50, 30598.0)	(55, 44601.0)	(60, 75467.0)	(65, 109550.0)	(70, 174222.0)	(75, 272326.0)	(80, 415016.0)	(85, 631489.0)	(90, 912608.0)	(95, 1266712.0)	(100, 1634436.0)	(105, 1996796.0)	(110, 2281820.0)	(115, 2488732.0)	(120, 2584348.0)	(125, 2583636.0)	(130, 2518619.0)	(135, 2394126.0)	(140, 2250102.0)	(145, 2086945.0)	(150, 19197133.0)
fastqc_fastp_trim | SRR30333745_2	(15, 372.0)	(20, 294.0)	(25, 306.0)	(30, 1857.0)	(35, 4831.0)	(40, 10326.0)	(45, 16558.0)	(50, 30754.0)	(55, 44761.0)	(60, 75581.0)	(65, 109629.0)	(70, 174285.0)	(75, 272051.0)	(80, 414344.0)	(85, 630184.0)	(90, 910503.0)	(95, 1263137.0)	(100, 1629255.0)	(105, 1989616.0)	(110, 2272219.0)	(115, 2477277.0)	(120, 2572029.0)	(125, 2570038.0)	(130, 2504621.0)	(135, 2381650.0)	(140, 2231628.0)	(145, 2064422.0)	(150, 19331310.0)
fastqc_fastp_trim | SRR30333746_1	(15, 427.0)	(20, 343.0)	(25, 476.0)	(30, 1539.0)	(35, 3541.0)	(40, 7898.0)	(45, 12797.0)	(50, 24502.0)	(55, 35142.0)	(60, 61440.0)	(65, 87829.0)	(70, 139351.0)	(75, 212260.0)	(80, 321355.0)	(85, 484775.0)	(90, 691355.0)	(95, 959821.0)	(100, 1243427.0)	(105, 1528471.0)	(110, 1768312.0)	(115, 1960632.0)	(120, 2065827.0)	(125, 2104460.0)	(130, 2094876.0)	(135, 2035668.0)	(140, 1950823.0)	(145, 1851102.0)	(150, 19423149.0)
fastqc_fastp_trim | SRR30333746_2	(15, 347.0)	(20, 340.0)	(25, 259.0)	(30, 1483.0)	(35, 3668.0)	(40, 7964.0)	(45, 12914.0)	(50, 24666.0)	(55, 35309.0)	(60, 61580.0)	(65, 87946.0)	(70, 139415.0)	(75, 212155.0)	(80, 320951.0)	(85, 484065.0)	(90, 690067.0)	(95, 957525.0)	(100, 1240249.0)	(105, 1523691.0)	(110, 1761982.0)	(115, 1952832.0)	(120, 2057217.0)	(125, 2094673.0)	(130, 2084739.0)	(135, 2026405.0)	(140, 1934626.0)	(145, 1827955.0)	(150, 19526575.0)
fastqc_fastp_trim | SRR30333747_1	(15, 505.0)	(20, 448.0)	(25, 509.0)	(30, 1722.0)	(35, 3794.0)	(40, 7388.0)	(45, 12299.0)	(50, 20188.0)	(55, 28139.0)	(60, 45717.0)	(65, 64936.0)	(70, 101301.0)	(75, 156643.0)	(80, 239523.0)	(85, 367661.0)	(90, 533106.0)	(95, 752925.0)	(100, 988054.0)	(105, 1240627.0)	(110, 1450491.0)	(115, 1626020.0)	(120, 1728985.0)	(125, 1773766.0)	(130, 1784817.0)	(135, 1748582.0)	(140, 1696729.0)	(145, 1629486.0)	(150, 21509893.0)
fastqc_fastp_trim | SRR30333747_2	(15, 338.0)	(20, 360.0)	(25, 264.0)	(30, 1703.0)	(35, 3903.0)	(40, 7475.0)	(45, 12405.0)	(50, 20338.0)	(55, 28255.0)	(60, 45861.0)	(65, 65058.0)	(70, 101377.0)	(75, 156498.0)	(80, 239151.0)	(85, 366954.0)	(90, 531921.0)	(95, 750893.0)	(100, 985119.0)	(105, 1235896.0)	(110, 1444246.0)	(115, 1618363.0)	(120, 1720448.0)	(125, 1764359.0)	(130, 1774924.0)	(135, 1739494.0)	(140, 1680396.0)	(145, 1604567.0)	(150, 21613688.0)
fastqc_fastp_trim | SRR30333748_1	(15, 631.0)	(20, 469.0)	(25, 524.0)	(30, 2167.0)	(35, 4081.0)	(40, 7233.0)	(45, 12994.0)	(50, 20753.0)	(55, 29973.0)	(60, 49355.0)	(65, 75334.0)	(70, 123967.0)	(75, 198445.0)	(80, 314712.0)	(85, 494783.0)	(90, 734906.0)	(95, 1049932.0)	(100, 1399368.0)	(105, 1767053.0)	(110, 2077992.0)	(115, 2344514.0)	(120, 2509947.0)	(125, 2592185.0)	(130, 2628671.0)	(135, 2600378.0)	(140, 2543759.0)	(145, 2470207.0)	(150, 36982627.0)
fastqc_fastp_trim | SRR30333748_2	(15, 434.0)	(20, 486.0)	(25, 373.0)	(30, 2255.0)	(35, 4243.0)	(40, 7412.0)	(45, 13208.0)	(50, 20984.0)	(55, 30196.0)	(60, 49556.0)	(65, 75597.0)	(70, 124089.0)	(75, 198331.0)	(80, 314228.0)	(85, 493877.0)	(90, 733409.0)	(95, 1047076.0)	(100, 1395169.0)	(105, 1760823.0)	(110, 2069374.0)	(115, 2334207.0)	(120, 2498519.0)	(125, 2579084.0)	(130, 2615044.0)	(135, 2587833.0)	(140, 2518413.0)	(145, 2428108.0)	(150, 37134632.0)
fastqc_fastp_trim | SRR30333749_1	(15, 192.0)	(20, 211.0)	(25, 256.0)	(30, 1149.0)	(35, 2022.0)	(40, 3863.0)	(45, 6581.0)	(50, 10809.0)	(55, 15311.0)	(60, 25824.0)	(65, 39263.0)	(70, 65474.0)	(75, 106169.0)	(80, 172754.0)	(85, 282502.0)	(90, 433500.0)	(95, 640587.0)	(100, 878735.0)	(105, 1147168.0)	(110, 1389668.0)	(115, 1608788.0)	(120, 1781165.0)	(125, 1914799.0)	(130, 2008294.0)	(135, 2048932.0)	(140, 2086993.0)	(145, 2100740.0)	(150, 32883230.0)
fastqc_fastp_trim | SRR30333749_2	(15, 276.0)	(20, 283.0)	(25, 242.0)	(30, 1249.0)	(35, 2159.0)	(40, 3990.0)	(45, 6700.0)	(50, 10978.0)	(55, 15473.0)	(60, 25955.0)	(65, 39434.0)	(70, 65569.0)	(75, 106135.0)	(80, 172415.0)	(85, 281866.0)	(90, 432235.0)	(95, 638316.0)	(100, 875449.0)	(105, 1142206.0)	(110, 1382845.0)	(115, 1600214.0)	(120, 1771149.0)	(125, 1903160.0)	(130, 1995730.0)	(135, 2036394.0)	(140, 2063272.0)	(145, 2062207.0)	(150, 33019078.0)
fastqc_fastp_trim | SRR30333750_1	(15, 490.0)	(20, 407.0)	(25, 616.0)	(30, 2200.0)	(35, 4766.0)	(40, 9891.0)	(45, 15997.0)	(50, 29643.0)	(55, 40691.0)	(60, 69040.0)	(65, 97293.0)	(70, 152021.0)	(75, 227937.0)	(80, 340543.0)	(85, 508986.0)	(90, 724130.0)	(95, 1000851.0)	(100, 1298349.0)	(105, 1606674.0)	(110, 1872730.0)	(115, 2091519.0)	(120, 2228531.0)	(125, 2292813.0)	(130, 2308170.0)	(135, 2262587.0)	(140, 2195011.0)	(145, 2106780.0)	(150, 28201673.0)
fastqc_fastp_trim | SRR30333750_2	(15, 381.0)	(20, 364.0)	(25, 293.0)	(30, 2150.0)	(35, 4882.0)	(40, 10022.0)	(45, 16129.0)	(50, 29835.0)	(55, 40898.0)	(60, 69196.0)	(65, 97489.0)	(70, 152091.0)	(75, 227830.0)	(80, 340143.0)	(85, 508261.0)	(90, 722875.0)	(95, 998723.0)	(100, 1295238.0)	(105, 1601947.0)	(110, 1866208.0)	(115, 2083331.0)	(120, 2219508.0)	(125, 2282729.0)	(130, 2297559.0)	(135, 2252494.0)	(140, 2175048.0)	(145, 2073727.0)	(150, 28320988.0)
fastqc_fastp_trim | SRR30333751_1	(15, 534.0)	(20, 393.0)	(25, 611.0)	(30, 2156.0)	(35, 4887.0)	(40, 9670.0)	(45, 16229.0)	(50, 27954.0)	(55, 38921.0)	(60, 64582.0)	(65, 93582.0)	(70, 147750.0)	(75, 228531.0)	(80, 350999.0)	(85, 539148.0)	(90, 781046.0)	(95, 1094273.0)	(100, 1434563.0)	(105, 1784938.0)	(110, 2075911.0)	(115, 2310575.0)	(120, 2452540.0)	(125, 2509663.0)	(130, 2511573.0)	(135, 2449648.0)	(140, 2368017.0)	(145, 2262257.0)	(150, 27916863.0)
fastqc_fastp_trim | SRR30333751_2	(15, 413.0)	(20, 407.0)	(25, 350.0)	(30, 2129.0)	(35, 5064.0)	(40, 9874.0)	(45, 16423.0)	(50, 28208.0)	(55, 39147.0)	(60, 64821.0)	(65, 93805.0)	(70, 147836.0)	(75, 228451.0)	(80, 350600.0)	(85, 538458.0)	(90, 779776.0)	(95, 1091894.0)	(100, 1431088.0)	(105, 1779681.0)	(110, 2068756.0)	(115, 2301851.0)	(120, 2442824.0)	(125, 2498675.0)	(130, 2500277.0)	(135, 2439118.0)	(140, 2347931.0)	(145, 2230051.0)	(150, 28039906.0)
fastqc_fastp_trim | SRR30333752_1	(15, 603.0)	(20, 478.0)	(25, 644.0)	(30, 2283.0)	(35, 5179.0)	(40, 10123.0)	(45, 16957.0)	(50, 27209.0)	(55, 37625.0)	(60, 59873.0)	(65, 85233.0)	(70, 133778.0)	(75, 205077.0)	(80, 314663.0)	(85, 481485.0)	(90, 702178.0)	(95, 989627.0)	(100, 1311337.0)	(105, 1651818.0)	(110, 1943646.0)	(115, 2189547.0)	(120, 2342048.0)	(125, 2422319.0)	(130, 2455156.0)	(135, 2414153.0)	(140, 2360799.0)	(145, 2280760.0)	(150, 33121618.0)
fastqc_fastp_trim | SRR30333752_2	(15, 412.0)	(20, 398.0)	(25, 315.0)	(30, 2250.0)	(35, 5331.0)	(40, 10285.0)	(45, 17118.0)	(50, 27421.0)	(55, 37883.0)	(60, 60039.0)	(65, 85438.0)	(70, 133897.0)	(75, 204981.0)	(80, 314274.0)	(85, 480833.0)	(90, 700984.0)	(95, 987476.0)	(100, 1308181.0)	(105, 1646889.0)	(110, 1936607.0)	(115, 2180697.0)	(120, 2332387.0)	(125, 2411208.0)	(130, 2444030.0)	(135, 2403703.0)	(140, 2338336.0)	(145, 2243056.0)	(150, 33251787.0)
fastqc_fastp_trim | SRR30333753_1	(15, 401.0)	(20, 329.0)	(25, 600.0)	(30, 1916.0)	(35, 4546.0)	(40, 9386.0)	(45, 14393.0)	(50, 27669.0)	(55, 39984.0)	(60, 69904.0)	(65, 101365.0)	(70, 161813.0)	(75, 250285.0)	(80, 381719.0)	(85, 580113.0)	(90, 828717.0)	(95, 1136911.0)	(100, 1455584.0)	(105, 1764805.0)	(110, 2002369.0)	(115, 2173822.0)	(120, 2236316.0)	(125, 2217814.0)	(130, 2152484.0)	(135, 2033905.0)	(140, 1894474.0)	(145, 1747996.0)	(150, 15574739.0)
fastqc_fastp_trim | SRR30333753_2	(15, 374.0)	(20, 390.0)	(25, 267.0)	(30, 1827.0)	(35, 4633.0)	(40, 9414.0)	(45, 14473.0)	(50, 27793.0)	(55, 40078.0)	(60, 69942.0)	(65, 101397.0)	(70, 161764.0)	(75, 249919.0)	(80, 381039.0)	(85, 578867.0)	(90, 826667.0)	(95, 1133497.0)	(100, 1450879.0)	(105, 1758236.0)	(110, 1993604.0)	(115, 2163459.0)	(120, 2225161.0)	(125, 2205564.0)	(130, 2140247.0)	(135, 2022741.0)	(140, 1878823.0)	(145, 1728765.0)	(150, 15694539.0)
fastqc_fastp_trim | SRR30333754_1	(15, 461.0)	(20, 423.0)	(25, 734.0)	(30, 2621.0)	(35, 6210.0)	(40, 12680.0)	(45, 19700.0)	(50, 35258.0)	(55, 49824.0)	(60, 84665.0)	(65, 123343.0)	(70, 196003.0)	(75, 306412.0)	(80, 469177.0)	(85, 718400.0)	(90, 1033587.0)	(95, 1422581.0)	(100, 1819854.0)	(105, 2196487.0)	(110, 2480219.0)	(115, 2672262.0)	(120, 2716477.0)	(125, 2680687.0)	(130, 2576430.0)	(135, 2425978.0)	(140, 2243619.0)	(145, 2070726.0)	(150, 20435157.0)
fastqc_fastp_trim | SRR30333754_2	(15, 453.0)	(20, 467.0)	(25, 331.0)	(30, 2498.0)	(35, 6318.0)	(40, 12785.0)	(45, 19823.0)	(50, 35411.0)	(55, 49954.0)	(60, 84804.0)	(65, 123416.0)	(70, 196028.0)	(75, 306204.0)	(80, 468456.0)	(85, 717096.0)	(90, 1031437.0)	(95, 1418907.0)	(100, 1814507.0)	(105, 2189318.0)	(110, 2470580.0)	(115, 2660479.0)	(120, 2704164.0)	(125, 2667244.0)	(130, 2563022.0)	(135, 2414031.0)	(140, 2225929.0)	(145, 2046217.0)	(150, 20570096.0)
fastqc_fastp_trim | SRR30333755_1	(15, 382.0)	(20, 323.0)	(25, 932.0)	(30, 3380.0)	(35, 8578.0)	(40, 16137.0)	(45, 24282.0)	(50, 41287.0)	(55, 55840.0)	(60, 87158.0)	(65, 120922.0)	(70, 182950.0)	(75, 275553.0)	(80, 410574.0)	(85, 620065.0)	(90, 880908.0)	(95, 1214053.0)	(100, 1547386.0)	(105, 1872143.0)	(110, 2106885.0)	(115, 2260272.0)	(120, 2292119.0)	(125, 2243357.0)	(130, 2137399.0)	(135, 1983360.0)	(140, 1825295.0)	(145, 1659783.0)	(150, 14702180.0)
fastqc_fastp_trim | SRR30333755_2	(15, 327.0)	(20, 309.0)	(25, 249.0)	(30, 3126.0)	(35, 8673.0)	(40, 16160.0)	(45, 24354.0)	(50, 41410.0)	(55, 55963.0)	(60, 87192.0)	(65, 120921.0)	(70, 182893.0)	(75, 275216.0)	(80, 409773.0)	(85, 618569.0)	(90, 878524.0)	(95, 1210123.0)	(100, 1542203.0)	(105, 1864757.0)	(110, 2097113.0)	(115, 2248614.0)	(120, 2279820.0)	(125, 2230222.0)	(130, 2124023.0)	(135, 1971631.0)	(140, 1809620.0)	(145, 1641460.0)	(150, 14830258.0)
fastqc_fastp_trim | SRR30333756_1	(15, 376.0)	(20, 311.0)	(25, 276.0)	(30, 965.0)	(35, 1665.0)	(40, 2977.0)	(45, 5135.0)	(50, 8722.0)	(55, 12579.0)	(60, 22191.0)	(65, 34610.0)	(70, 59028.0)	(75, 100221.0)	(80, 167639.0)	(85, 283336.0)	(90, 456920.0)	(95, 700071.0)	(100, 1002323.0)	(105, 1342041.0)	(110, 1662462.0)	(115, 1957485.0)	(120, 2158078.0)	(125, 2280590.0)	(130, 2339001.0)	(135, 2326891.0)	(140, 2272009.0)	(145, 2188850.0)	(150, 26262514.0)
fastqc_fastp_trim | SRR30333756_2	(15, 483.0)	(20, 461.0)	(25, 331.0)	(30, 1074.0)	(35, 1814.0)	(40, 3071.0)	(45, 5296.0)	(50, 8935.0)	(55, 12799.0)	(60, 22414.0)	(65, 34848.0)	(70, 59271.0)	(75, 100267.0)	(80, 167503.0)	(85, 282997.0)	(90, 456026.0)	(95, 698352.0)	(100, 999376.0)	(105, 1337560.0)	(110, 1655841.0)	(115, 1948897.0)	(120, 2147924.0)	(125, 2268839.0)	(130, 2326821.0)	(135, 2315743.0)	(140, 2252165.0)	(145, 2158589.0)	(150, 26381569.0)
fastqc_fastp_trim | SRR30333757_1	(15, 72.0)	(20, 79.0)	(25, 197.0)	(30, 882.0)	(35, 1666.0)	(40, 3121.0)	(45, 5561.0)	(50, 9007.0)	(55, 14064.0)	(60, 23093.0)	(65, 36493.0)	(70, 60365.0)	(75, 98974.0)	(80, 158421.0)	(85, 251260.0)	(90, 382913.0)	(95, 563690.0)	(100, 785580.0)	(105, 1039709.0)	(110, 1298115.0)	(115, 1538194.0)	(120, 1735011.0)	(125, 1872235.0)	(130, 1962840.0)	(135, 1989929.0)	(140, 1989315.0)	(145, 1959338.0)	(150, 27167889.0)
fastqc_fastp_trim | SRR30333757_2	(15, 187.0)	(20, 183.0)	(25, 316.0)	(30, 1039.0)	(35, 1869.0)	(40, 3318.0)	(45, 5832.0)	(50, 9266.0)	(55, 14345.0)	(60, 23451.0)	(65, 36897.0)	(70, 60865.0)	(75, 99413.0)	(80, 158853.0)	(85, 251745.0)	(90, 383336.0)	(95, 563841.0)	(100, 785268.0)	(105, 1038858.0)	(110, 1296404.0)	(115, 1535817.0)	(120, 1731708.0)	(125, 1868561.0)	(130, 1959160.0)	(135, 1986545.0)	(140, 1988316.0)	(145, 1966251.0)	(150, 27176369.0)
fastqc_fastp_trim | SRR30333758_1	(15, 59.0)	(20, 65.0)	(25, 115.0)	(30, 569.0)	(35, 986.0)	(40, 1905.0)	(45, 3934.0)	(50, 6610.0)	(55, 10146.0)	(60, 17699.0)	(65, 28129.0)	(70, 49023.0)	(75, 81653.0)	(80, 134343.0)	(85, 219127.0)	(90, 333676.0)	(95, 491559.0)	(100, 668682.0)	(105, 869679.0)	(110, 1044402.0)	(115, 1203925.0)	(120, 1318884.0)	(125, 1397069.0)	(130, 1445518.0)	(135, 1450120.0)	(140, 1451301.0)	(145, 1441575.0)	(150, 26437131.0)
fastqc_fastp_trim | SRR30333758_2	(15, 135.0)	(20, 157.0)	(25, 207.0)	(30, 682.0)	(35, 1122.0)	(40, 2068.0)	(45, 4142.0)	(50, 6838.0)	(55, 10432.0)	(60, 17994.0)	(65, 28467.0)	(70, 49398.0)	(75, 82048.0)	(80, 134659.0)	(85, 219446.0)	(90, 333898.0)	(95, 491498.0)	(100, 668135.0)	(105, 868564.0)	(110, 1042626.0)	(115, 1201629.0)	(120, 1316176.0)	(125, 1393874.0)	(130, 1442576.0)	(135, 1447604.0)	(140, 1451183.0)	(145, 1448750.0)	(150, 26443576.0)
fastqc_fastp_trim | SRR30333759_1	(15, 64.0)	(20, 84.0)	(25, 153.0)	(30, 765.0)	(35, 1467.0)	(40, 2796.0)	(45, 5055.0)	(50, 8576.0)	(55, 13091.0)	(60, 21587.0)	(65, 34555.0)	(70, 57170.0)	(75, 93024.0)	(80, 148694.0)	(85, 236430.0)	(90, 359643.0)	(95, 529638.0)	(100, 738717.0)	(105, 981173.0)	(110, 1218015.0)	(115, 1445245.0)	(120, 1627110.0)	(125, 1757520.0)	(130, 1842221.0)	(135, 1864281.0)	(140, 1863967.0)	(145, 1843766.0)	(150, 25888439.0)
fastqc_fastp_trim | SRR30333759_2	(15, 176.0)	(20, 189.0)	(25, 290.0)	(30, 898.0)	(35, 1645.0)	(40, 2976.0)	(45, 5282.0)	(50, 8876.0)	(55, 13348.0)	(60, 21964.0)	(65, 34947.0)	(70, 57619.0)	(75, 93487.0)	(80, 149166.0)	(85, 236958.0)	(90, 360036.0)	(95, 529814.0)	(100, 738600.0)	(105, 980441.0)	(110, 1216635.0)	(115, 1443315.0)	(120, 1624397.0)	(125, 1754220.0)	(130, 1839038.0)	(135, 1861773.0)	(140, 1863647.0)	(145, 1848673.0)	(150, 25894836.0)
fastqc_fastp_trim | SRR30333760_1	(15, 66.0)	(20, 80.0)	(25, 152.0)	(30, 791.0)	(35, 1573.0)	(40, 2789.0)	(45, 4864.0)	(50, 7908.0)	(55, 12190.0)	(60, 19977.0)	(65, 31331.0)	(70, 51761.0)	(75, 82473.0)	(80, 132551.0)	(85, 210694.0)	(90, 323665.0)	(95, 477734.0)	(100, 669836.0)	(105, 898852.0)	(110, 1127489.0)	(115, 1351563.0)	(120, 1536997.0)	(125, 1670823.0)	(130, 1764206.0)	(135, 1796972.0)	(140, 1806876.0)	(145, 1788672.0)	(150, 24864843.0)
fastqc_fastp_trim | SRR30333760_2	(15, 154.0)	(20, 187.0)	(25, 262.0)	(30, 923.0)	(35, 1733.0)	(40, 2958.0)	(45, 5103.0)	(50, 8161.0)	(55, 12466.0)	(60, 20334.0)	(65, 31693.0)	(70, 52240.0)	(75, 82937.0)	(80, 133072.0)	(85, 211059.0)	(90, 323941.0)	(95, 477835.0)	(100, 669508.0)	(105, 897875.0)	(110, 1125651.0)	(115, 1349031.0)	(120, 1533428.0)	(125, 1666699.0)	(130, 1760108.0)	(135, 1793551.0)	(140, 1806469.0)	(145, 1794686.0)	(150, 24875664.0)
fastqc_fastp_trim | SRR30333761_1	(15, 72.0)	(20, 87.0)	(25, 293.0)	(30, 1223.0)	(35, 2572.0)	(40, 4716.0)	(45, 7680.0)	(50, 12996.0)	(55, 19018.0)	(60, 29941.0)	(65, 45704.0)	(70, 72682.0)	(75, 114213.0)	(80, 178687.0)	(85, 278501.0)	(90, 418604.0)	(95, 605672.0)	(100, 829467.0)	(105, 1083832.0)	(110, 1329070.0)	(115, 1559624.0)	(120, 1724615.0)	(125, 1841375.0)	(130, 1906854.0)	(135, 1915223.0)	(140, 1889024.0)	(145, 1850686.0)	(150, 23854132.0)
fastqc_fastp_trim | SRR30333761_2	(15, 195.0)	(20, 203.0)	(25, 424.0)	(30, 1396.0)	(35, 2804.0)	(40, 4962.0)	(45, 7954.0)	(50, 13308.0)	(55, 19377.0)	(60, 30345.0)	(65, 46181.0)	(70, 73224.0)	(75, 114770.0)	(80, 179218.0)	(85, 279010.0)	(90, 418954.0)	(95, 605787.0)	(100, 829147.0)	(105, 1082768.0)	(110, 1327157.0)	(115, 1557027.0)	(120, 1721121.0)	(125, 1837380.0)	(130, 1903051.0)	(135, 1911770.0)	(140, 1887513.0)	(145, 1855622.0)	(150, 23865895.0)
fastqc_fastp_trim | SRR30333762_1	(15, 77.0)	(20, 103.0)	(25, 182.0)	(30, 771.0)	(35, 1586.0)	(40, 2836.0)	(45, 5149.0)	(50, 8646.0)	(55, 13105.0)	(60, 21391.0)	(65, 33812.0)	(70, 56085.0)	(75, 90855.0)	(80, 144146.0)	(85, 230014.0)	(90, 349388.0)	(95, 512865.0)	(100, 710825.0)	(105, 939477.0)	(110, 1161904.0)	(115, 1369216.0)	(120, 1531291.0)	(125, 1644618.0)	(130, 1718265.0)	(135, 1735632.0)	(140, 1728708.0)	(145, 1711096.0)	(150, 24443493.0)
fastqc_fastp_trim | SRR30333762_2	(15, 176.0)	(20, 201.0)	(25, 329.0)	(30, 882.0)	(35, 1733.0)	(40, 3006.0)	(45, 5389.0)	(50, 8908.0)	(55, 13394.0)	(60, 21742.0)	(65, 34202.0)	(70, 56501.0)	(75, 91360.0)	(80, 144582.0)	(85, 230392.0)	(90, 349791.0)	(95, 513108.0)	(100, 710635.0)	(105, 938708.0)	(110, 1160438.0)	(115, 1367265.0)	(120, 1528591.0)	(125, 1641491.0)	(130, 1715198.0)	(135, 1733150.0)	(140, 1728546.0)	(145, 1716364.0)	(150, 24449454.0)
fastqc_fastp_trim | SRR30333763_1	(15, 117.0)	(20, 127.0)	(25, 250.0)	(30, 949.0)	(35, 1917.0)	(40, 3544.0)	(45, 6044.0)	(50, 10457.0)	(55, 15975.0)	(60, 26855.0)	(65, 42374.0)	(70, 70266.0)	(75, 113390.0)	(80, 181928.0)	(85, 286070.0)	(90, 430440.0)	(95, 623212.0)	(100, 851983.0)	(105, 1104471.0)	(110, 1340269.0)	(115, 1550144.0)	(120, 1710744.0)	(125, 1809110.0)	(130, 1869057.0)	(135, 1871669.0)	(140, 1853298.0)	(145, 1812595.0)	(150, 24964752.0)
fastqc_fastp_trim | SRR30333763_2	(15, 236.0)	(20, 235.0)	(25, 410.0)	(30, 1109.0)	(35, 2061.0)	(40, 3757.0)	(45, 6296.0)	(50, 10762.0)	(55, 16337.0)	(60, 27267.0)	(65, 42837.0)	(70, 70732.0)	(75, 113891.0)	(80, 182433.0)	(85, 286414.0)	(90, 430591.0)	(95, 623054.0)	(100, 851282.0)	(105, 1102935.0)	(110, 1337777.0)	(115, 1546857.0)	(120, 1706435.0)	(125, 1804153.0)	(130, 1864381.0)	(135, 1868124.0)	(140, 1851984.0)	(145, 1818652.0)	(150, 24981005.0)
fastqc_fastp_trim | SRR30333764_1	(15, 61.0)	(20, 96.0)	(25, 193.0)	(30, 921.0)	(35, 1916.0)	(40, 3515.0)	(45, 6059.0)	(50, 10088.0)	(55, 15145.0)	(60, 24852.0)	(65, 37441.0)	(70, 60373.0)	(75, 95400.0)	(80, 149351.0)	(85, 233585.0)	(90, 352555.0)	(95, 515279.0)	(100, 716316.0)	(105, 951396.0)	(110, 1189000.0)	(115, 1418169.0)	(120, 1602501.0)	(125, 1737957.0)	(130, 1827153.0)	(135, 1855417.0)	(140, 1853505.0)	(145, 1824964.0)	(150, 23784376.0)
fastqc_fastp_trim | SRR30333764_2	(15, 152.0)	(20, 187.0)	(25, 306.0)	(30, 1047.0)	(35, 2078.0)	(40, 3733.0)	(45, 6325.0)	(50, 10430.0)	(55, 15494.0)	(60, 25236.0)	(65, 37894.0)	(70, 60946.0)	(75, 95909.0)	(80, 149809.0)	(85, 234058.0)	(90, 352894.0)	(95, 515484.0)	(100, 715982.0)	(105, 950347.0)	(110, 1187317.0)	(115, 1415824.0)	(120, 1599236.0)	(125, 1734168.0)	(130, 1823216.0)	(135, 1852481.0)	(140, 1852941.0)	(145, 1830208.0)	(150, 23793882.0)
fastqc_fastp_trim | SRR30333765_1	(15, 78.0)	(20, 94.0)	(25, 200.0)	(30, 847.0)	(35, 1728.0)	(40, 3225.0)	(45, 5665.0)	(50, 9194.0)	(55, 14028.0)	(60, 22400.0)	(65, 34873.0)	(70, 56489.0)	(75, 89538.0)	(80, 142929.0)	(85, 224310.0)	(90, 338140.0)	(95, 496244.0)	(100, 690706.0)	(105, 917353.0)	(110, 1143614.0)	(115, 1363287.0)	(120, 1544223.0)	(125, 1670466.0)	(130, 1753978.0)	(135, 1783862.0)	(140, 1782238.0)	(145, 1760545.0)	(150, 24241690.0)
fastqc_fastp_trim | SRR30333765_2	(15, 173.0)	(20, 184.0)	(25, 355.0)	(30, 988.0)	(35, 1925.0)	(40, 3427.0)	(45, 5898.0)	(50, 9507.0)	(55, 14374.0)	(60, 22795.0)	(65, 35335.0)	(70, 56989.0)	(75, 90061.0)	(80, 143418.0)	(85, 224836.0)	(90, 338465.0)	(95, 496404.0)	(100, 690453.0)	(105, 916545.0)	(110, 1142136.0)	(115, 1360971.0)	(120, 1541269.0)	(125, 1666927.0)	(130, 1750385.0)	(135, 1780912.0)	(140, 1781118.0)	(145, 1765859.0)	(150, 24250235.0)
fastqc_fastp_trim | SRR30333766_1	(15, 63.0)	(20, 85.0)	(25, 192.0)	(30, 825.0)	(35, 1652.0)	(40, 3149.0)	(45, 5507.0)	(50, 9342.0)	(55, 14061.0)	(60, 23523.0)	(65, 36625.0)	(70, 60064.0)	(75, 97970.0)	(80, 156601.0)	(85, 249281.0)	(90, 379136.0)	(95, 560856.0)	(100, 783511.0)	(105, 1043944.0)	(110, 1306416.0)	(115, 1556116.0)	(120, 1764520.0)	(125, 1912210.0)	(130, 2010041.0)	(135, 2040686.0)	(140, 2039342.0)	(145, 2009003.0)	(150, 26632382.0)
fastqc_fastp_trim | SRR30333766_2	(15, 168.0)	(20, 232.0)	(25, 375.0)	(30, 1003.0)	(35, 1868.0)	(40, 3423.0)	(45, 5833.0)	(50, 9724.0)	(55, 14438.0)	(60, 23956.0)	(65, 37161.0)	(70, 60626.0)	(75, 98492.0)	(80, 157195.0)	(85, 249772.0)	(90, 379494.0)	(95, 560979.0)	(100, 782983.0)	(105, 1042700.0)	(110, 1304215.0)	(115, 1553040.0)	(120, 1760414.0)	(125, 1907404.0)	(130, 2005105.0)	(135, 2036730.0)	(140, 2038180.0)	(145, 2014581.0)	(150, 26647012.0)
fastqc_fastp_trim | SRR30333767_1	(15, 75.0)	(20, 92.0)	(25, 245.0)	(30, 951.0)	(35, 2027.0)	(40, 3920.0)	(45, 6429.0)	(50, 10785.0)	(55, 15859.0)	(60, 25469.0)	(65, 38692.0)	(70, 62346.0)	(75, 98294.0)	(80, 155662.0)	(85, 243982.0)	(90, 371320.0)	(95, 542943.0)	(100, 756627.0)	(105, 1003343.0)	(110, 1249748.0)	(115, 1485868.0)	(120, 1671458.0)	(125, 1802108.0)	(130, 1887277.0)	(135, 1914137.0)	(140, 1905526.0)	(145, 1873445.0)	(150, 24638500.0)
fastqc_fastp_trim | SRR30333767_2	(15, 183.0)	(20, 188.0)	(25, 377.0)	(30, 1096.0)	(35, 2220.0)	(40, 4138.0)	(45, 6667.0)	(50, 11090.0)	(55, 16131.0)	(60, 25855.0)	(65, 39129.0)	(70, 62811.0)	(75, 98816.0)	(80, 156197.0)	(85, 244486.0)	(90, 371661.0)	(95, 542921.0)	(100, 756283.0)	(105, 1002263.0)	(110, 1247749.0)	(115, 1483154.0)	(120, 1667726.0)	(125, 1797798.0)	(130, 1882781.0)	(135, 1910664.0)	(140, 1904777.0)	(145, 1879504.0)	(150, 24650463.0)
fastqc_fastp_trim | SRR30333768_1	(15, 81.0)	(20, 88.0)	(25, 210.0)	(30, 961.0)	(35, 2046.0)	(40, 4187.0)	(45, 7546.0)	(50, 14174.0)	(55, 21314.0)	(60, 37127.0)	(65, 58307.0)	(70, 96722.0)	(75, 155895.0)	(80, 245216.0)	(85, 382093.0)	(90, 560746.0)	(95, 797331.0)	(100, 1045818.0)	(105, 1318044.0)	(110, 1537035.0)	(115, 1722444.0)	(120, 1831732.0)	(125, 1882062.0)	(130, 1894178.0)	(135, 1846615.0)	(140, 1795727.0)	(145, 1722562.0)	(150, 22147942.0)
fastqc_fastp_trim | SRR30333768_2	(15, 179.0)	(20, 176.0)	(25, 316.0)	(30, 1079.0)	(35, 2179.0)	(40, 4368.0)	(45, 7767.0)	(50, 14418.0)	(55, 21628.0)	(60, 37474.0)	(65, 58692.0)	(70, 97147.0)	(75, 156308.0)	(80, 245573.0)	(85, 382321.0)	(90, 560753.0)	(95, 796955.0)	(100, 1044720.0)	(105, 1316203.0)	(110, 1534251.0)	(115, 1718953.0)	(120, 1827458.0)	(125, 1877278.0)	(130, 1889666.0)	(135, 1843124.0)	(140, 1794769.0)	(145, 1726691.0)	(150, 22167757.0)
