Sample	0	1	2	3	4	5	6	7	8	9	10	11	12	13	14	15	16	17	18	19	20	21
fastqc_fastp_trim | SRR30333743_1	(20.0, 882.0)	(21.0, 17498.0)	(22.0, 43981.0)	(23.0, 59303.0)	(24.0, 74103.0)	(25.0, 87752.0)	(26.0, 102823.0)	(27.0, 118197.0)	(28.0, 141456.0)	(29.0, 165005.0)	(30.0, 199752.0)	(31.0, 239386.0)	(32.0, 304233.0)	(33.0, 386159.0)	(34.0, 529262.0)	(35.0, 774207.0)	(36.0, 1321100.0)	(37.0, 2271725.0)	(38.0, 5462304.0)	(39.0, 28140042.0)	(40.0, 8006372.0)	
fastqc_fastp_trim | SRR30333743_2	(19.0, 13.0)	(20.0, 4874.0)	(21.0, 47809.0)	(22.0, 75005.0)	(23.0, 78739.0)	(24.0, 89827.0)	(25.0, 98648.0)	(26.0, 109972.0)	(27.0, 116748.0)	(28.0, 132492.0)	(29.0, 149405.0)	(30.0, 173705.0)	(31.0, 200794.0)	(32.0, 250264.0)	(33.0, 313850.0)	(34.0, 425097.0)	(35.0, 616456.0)	(36.0, 1057854.0)	(37.0, 1855165.0)	(38.0, 4602568.0)	(39.0, 27429007.0)	(40.0, 10617250.0)
fastqc_fastp_trim | SRR30333744_1	(20.0, 797.0)	(21.0, 14564.0)	(22.0, 34323.0)	(23.0, 45710.0)	(24.0, 57561.0)	(25.0, 69238.0)	(26.0, 82128.0)	(27.0, 94454.0)	(28.0, 113606.0)	(29.0, 134058.0)	(30.0, 164733.0)	(31.0, 197807.0)	(32.0, 254013.0)	(33.0, 325122.0)	(34.0, 442754.0)	(35.0, 650903.0)	(36.0, 1111336.0)	(37.0, 1887163.0)	(38.0, 4433717.0)	(39.0, 24927762.0)	(40.0, 8497046.0)	
fastqc_fastp_trim | SRR30333744_2	(19.0, 10.0)	(20.0, 6396.0)	(21.0, 60562.0)	(22.0, 88098.0)	(23.0, 89341.0)	(24.0, 97646.0)	(25.0, 105034.0)	(26.0, 114554.0)	(27.0, 120960.0)	(28.0, 136227.0)	(29.0, 152769.0)	(30.0, 177585.0)	(31.0, 203311.0)	(32.0, 249129.0)	(33.0, 309385.0)	(34.0, 414066.0)	(35.0, 593293.0)	(36.0, 996104.0)	(37.0, 1709196.0)	(38.0, 4157454.0)	(39.0, 24861881.0)	(40.0, 8895794.0)
fastqc_fastp_trim | SRR30333745_1	(20.0, 853.0)	(21.0, 17118.0)	(22.0, 41771.0)	(23.0, 55030.0)	(24.0, 69303.0)	(25.0, 82011.0)	(26.0, 97632.0)	(27.0, 110534.0)	(28.0, 132210.0)	(29.0, 154453.0)	(30.0, 187636.0)	(31.0, 224278.0)	(32.0, 286058.0)	(33.0, 362378.0)	(34.0, 495848.0)	(35.0, 725968.0)	(36.0, 1227610.0)	(37.0, 2092215.0)	(38.0, 4953157.0)	(39.0, 26622218.0)	(40.0, 8045557.0)	
fastqc_fastp_trim | SRR30333745_2	(19.0, 10.0)	(20.0, 5451.0)	(21.0, 53363.0)	(22.0, 80438.0)	(23.0, 83401.0)	(24.0, 94090.0)	(25.0, 103044.0)	(26.0, 112968.0)	(27.0, 120138.0)	(28.0, 134438.0)	(29.0, 151570.0)	(30.0, 175119.0)	(31.0, 200045.0)	(32.0, 248579.0)	(33.0, 310182.0)	(34.0, 416073.0)	(35.0, 601094.0)	(36.0, 1019451.0)	(37.0, 1774806.0)	(38.0, 4332733.0)	(39.0, 25933259.0)	(40.0, 10033586.0)
fastqc_fastp_trim | SRR30333746_1	(20.0, 813.0)	(21.0, 15137.0)	(22.0, 35535.0)	(23.0, 47610.0)	(24.0, 60347.0)	(25.0, 71067.0)	(26.0, 84868.0)	(27.0, 96833.0)	(28.0, 115702.0)	(29.0, 135924.0)	(30.0, 166219.0)	(31.0, 199807.0)	(32.0, 254902.0)	(33.0, 323642.0)	(34.0, 441672.0)	(35.0, 645392.0)	(36.0, 1095410.0)	(37.0, 1869091.0)	(38.0, 4435989.0)	(39.0, 23912477.0)	(40.0, 7063161.0)	
fastqc_fastp_trim | SRR30333746_2	(19.0, 9.0)	(20.0, 4637.0)	(21.0, 42087.0)	(22.0, 62649.0)	(23.0, 66027.0)	(24.0, 75068.0)	(25.0, 83444.0)	(26.0, 92091.0)	(27.0, 99100.0)	(28.0, 112596.0)	(29.0, 127421.0)	(30.0, 148829.0)	(31.0, 170507.0)	(32.0, 211802.0)	(33.0, 265154.0)	(34.0, 357189.0)	(35.0, 515711.0)	(36.0, 879840.0)	(37.0, 1550485.0)	(38.0, 3812429.0)	(39.0, 23464025.0)	(40.0, 8930498.0)
fastqc_fastp_trim | SRR30333747_1	(19.0, 1.0)	(20.0, 1036.0)	(21.0, 19812.0)	(22.0, 45274.0)	(23.0, 58114.0)	(24.0, 71067.0)	(25.0, 82600.0)	(26.0, 96292.0)	(27.0, 108559.0)	(28.0, 130205.0)	(29.0, 153473.0)	(30.0, 185647.0)	(31.0, 222377.0)	(32.0, 282864.0)	(33.0, 356565.0)	(34.0, 481224.0)	(35.0, 686666.0)	(36.0, 1148812.0)	(37.0, 1929088.0)	(38.0, 4399997.0)	(39.0, 22798334.0)	(40.0, 6256247.0)
fastqc_fastp_trim | SRR30333747_2	(19.0, 11.0)	(20.0, 6295.0)	(21.0, 59922.0)	(22.0, 85753.0)	(23.0, 87735.0)	(24.0, 96709.0)	(25.0, 103758.0)	(26.0, 112401.0)	(27.0, 118776.0)	(28.0, 133811.0)	(29.0, 150513.0)	(30.0, 173855.0)	(31.0, 198415.0)	(32.0, 245355.0)	(33.0, 303313.0)	(34.0, 403235.0)	(35.0, 572810.0)	(36.0, 961731.0)	(37.0, 1638923.0)	(38.0, 3896150.0)	(39.0, 22420716.0)	(40.0, 7744067.0)
fastqc_fastp_trim | SRR30333748_1	(20.0, 1318.0)	(21.0, 23070.0)	(22.0, 53710.0)	(23.0, 70406.0)	(24.0, 88559.0)	(25.0, 105835.0)	(26.0, 125652.0)	(27.0, 142149.0)	(28.0, 170355.0)	(29.0, 200838.0)	(30.0, 244405.0)	(31.0, 292676.0)	(32.0, 374780.0)	(33.0, 477084.0)	(34.0, 653629.0)	(35.0, 956585.0)	(36.0, 1633893.0)	(37.0, 2836911.0)	(38.0, 6782847.0)	(39.0, 36898176.0)	(40.0, 10904082.0)	
fastqc_fastp_trim | SRR30333748_2	(19.0, 28.0)	(20.0, 9643.0)	(21.0, 84522.0)	(22.0, 119980.0)	(23.0, 122791.0)	(24.0, 137228.0)	(25.0, 149998.0)	(26.0, 164061.0)	(27.0, 173814.0)	(28.0, 197468.0)	(29.0, 220304.0)	(30.0, 254992.0)	(31.0, 292156.0)	(32.0, 359588.0)	(33.0, 448987.0)	(34.0, 603438.0)	(35.0, 871396.0)	(36.0, 1478587.0)	(37.0, 2607455.0)	(38.0, 6414598.0)	(39.0, 36488855.0)	(40.0, 11837071.0)
fastqc_fastp_trim | SRR30333749_1	(20.0, 1580.0)	(21.0, 20908.0)	(22.0, 42843.0)	(23.0, 54811.0)	(24.0, 67456.0)	(25.0, 79877.0)	(26.0, 93260.0)	(27.0, 105827.0)	(28.0, 127110.0)	(29.0, 149097.0)	(30.0, 178912.0)	(31.0, 212236.0)	(32.0, 270057.0)	(33.0, 343502.0)	(34.0, 466584.0)	(35.0, 681123.0)	(36.0, 1147511.0)	(37.0, 1960958.0)	(38.0, 4675295.0)	(39.0, 28017323.0)	(40.0, 12958709.0)	
fastqc_fastp_trim | SRR30333749_2	(19.0, 49.0)	(20.0, 7753.0)	(21.0, 63858.0)	(22.0, 90694.0)	(23.0, 95533.0)	(24.0, 106378.0)	(25.0, 115969.0)	(26.0, 125579.0)	(27.0, 132179.0)	(28.0, 148749.0)	(29.0, 164519.0)	(30.0, 188190.0)	(31.0, 212869.0)	(32.0, 260185.0)	(33.0, 320666.0)	(34.0, 426060.0)	(35.0, 607147.0)	(36.0, 1011222.0)	(37.0, 1743534.0)	(38.0, 4293725.0)	(39.0, 28134973.0)	(40.0, 13405148.0)
fastqc_fastp_trim | SRR30333750_1	(20.0, 872.0)	(21.0, 17135.0)	(22.0, 40447.0)	(23.0, 53974.0)	(24.0, 68071.0)	(25.0, 82222.0)	(26.0, 96902.0)	(27.0, 111505.0)	(28.0, 133642.0)	(29.0, 158312.0)	(30.0, 193441.0)	(31.0, 231982.0)	(32.0, 297286.0)	(33.0, 381376.0)	(34.0, 524634.0)	(35.0, 774836.0)	(36.0, 1335375.0)	(37.0, 2339938.0)	(38.0, 5710061.0)	(39.0, 30582069.0)	(40.0, 8556259.0)	
fastqc_fastp_trim | SRR30333750_2	(19.0, 12.0)	(20.0, 6376.0)	(21.0, 57341.0)	(22.0, 84725.0)	(23.0, 89715.0)	(24.0, 102024.0)	(25.0, 112833.0)	(26.0, 125028.0)	(27.0, 133270.0)	(28.0, 153123.0)	(29.0, 171890.0)	(30.0, 200491.0)	(31.0, 231130.0)	(32.0, 286230.0)	(33.0, 358495.0)	(34.0, 483581.0)	(35.0, 701666.0)	(36.0, 1197470.0)	(37.0, 2121804.0)	(38.0, 5319297.0)	(39.0, 30165590.0)	(40.0, 9588248.0)
fastqc_fastp_trim | SRR30333751_1	(20.0, 1188.0)	(21.0, 21498.0)	(22.0, 48218.0)	(23.0, 63511.0)	(24.0, 79483.0)	(25.0, 93894.0)	(26.0, 110583.0)	(27.0, 125485.0)	(28.0, 150254.0)	(29.0, 175003.0)	(30.0, 212135.0)	(31.0, 251608.0)	(32.0, 320753.0)	(33.0, 407381.0)	(34.0, 554064.0)	(35.0, 805538.0)	(36.0, 1364772.0)	(37.0, 2331625.0)	(38.0, 5506322.0)	(39.0, 30999204.0)	(40.0, 9855295.0)	
fastqc_fastp_trim | SRR30333751_2	(19.0, 16.0)	(20.0, 6656.0)	(21.0, 59535.0)	(22.0, 85773.0)	(23.0, 89152.0)	(24.0, 100380.0)	(25.0, 110292.0)	(26.0, 122691.0)	(27.0, 129999.0)	(28.0, 147888.0)	(29.0, 166294.0)	(30.0, 193770.0)	(31.0, 223563.0)	(32.0, 275405.0)	(33.0, 344803.0)	(34.0, 464174.0)	(35.0, 671382.0)	(36.0, 1143968.0)	(37.0, 2003451.0)	(38.0, 4917167.0)	(39.0, 30532235.0)	(40.0, 11689220.0)
fastqc_fastp_trim | SRR30333752_1	(20.0, 871.0)	(21.0, 18184.0)	(22.0, 43520.0)	(23.0, 58020.0)	(24.0, 74364.0)	(25.0, 90852.0)	(26.0, 107864.0)	(27.0, 123790.0)	(28.0, 148538.0)	(29.0, 176258.0)	(30.0, 215314.0)	(31.0, 259012.0)	(32.0, 334384.0)	(33.0, 427892.0)	(34.0, 593399.0)	(35.0, 879359.0)	(36.0, 1522762.0)	(37.0, 2690574.0)	(38.0, 6684522.0)	(39.0, 34495494.0)	(40.0, 8621243.0)	
fastqc_fastp_trim | SRR30333752_2	(19.0, 22.0)	(20.0, 8280.0)	(21.0, 73963.0)	(22.0, 106060.0)	(23.0, 109038.0)	(24.0, 120867.0)	(25.0, 132784.0)	(26.0, 145316.0)	(27.0, 154536.0)	(28.0, 176269.0)	(29.0, 198275.0)	(30.0, 230680.0)	(31.0, 265550.0)	(32.0, 328304.0)	(33.0, 409306.0)	(34.0, 552073.0)	(35.0, 797965.0)	(36.0, 1364662.0)	(37.0, 2430048.0)	(38.0, 6111078.0)	(39.0, 33845375.0)	(40.0, 10005765.0)
fastqc_fastp_trim | SRR30333753_1	(20.0, 1000.0)	(21.0, 19051.0)	(22.0, 45944.0)	(23.0, 60273.0)	(24.0, 73504.0)	(25.0, 84053.0)	(26.0, 98059.0)	(27.0, 111387.0)	(28.0, 133284.0)	(29.0, 156382.0)	(30.0, 188980.0)	(31.0, 226529.0)	(32.0, 287690.0)	(33.0, 361017.0)	(34.0, 486847.0)	(35.0, 697391.0)	(36.0, 1163587.0)	(37.0, 1947355.0)	(38.0, 4430560.0)	(39.0, 22142045.0)	(40.0, 6149421.0)	
fastqc_fastp_trim | SRR30333753_2	(19.0, 11.0)	(20.0, 5369.0)	(21.0, 54097.0)	(22.0, 82496.0)	(23.0, 85579.0)	(24.0, 92698.0)	(25.0, 100322.0)	(26.0, 108371.0)	(27.0, 115201.0)	(28.0, 130171.0)	(29.0, 145435.0)	(30.0, 169380.0)	(31.0, 194798.0)	(32.0, 238310.0)	(33.0, 293868.0)	(34.0, 392991.0)	(35.0, 557767.0)	(36.0, 930825.0)	(37.0, 1564600.0)	(38.0, 3693283.0)	(39.0, 21630070.0)	(40.0, 8278717.0)
fastqc_fastp_trim | SRR30333754_1	(20.0, 992.0)	(21.0, 18565.0)	(22.0, 44030.0)	(23.0, 58885.0)	(24.0, 73396.0)	(25.0, 86689.0)	(26.0, 102095.0)	(27.0, 116903.0)	(28.0, 140072.0)	(29.0, 162818.0)	(30.0, 196501.0)	(31.0, 235084.0)	(32.0, 298776.0)	(33.0, 376798.0)	(34.0, 511578.0)	(35.0, 742122.0)	(36.0, 1249850.0)	(37.0, 2103797.0)	(38.0, 4882776.0)	(39.0, 27479508.0)	(40.0, 9918740.0)	
fastqc_fastp_trim | SRR30333754_2	(19.0, 14.0)	(20.0, 6616.0)	(21.0, 62728.0)	(22.0, 91609.0)	(23.0, 93196.0)	(24.0, 101706.0)	(25.0, 110217.0)	(26.0, 119522.0)	(27.0, 126082.0)	(28.0, 142252.0)	(29.0, 158540.0)	(30.0, 184115.0)	(31.0, 211729.0)	(32.0, 260161.0)	(33.0, 322920.0)	(34.0, 432247.0)	(35.0, 619247.0)	(36.0, 1044039.0)	(37.0, 1790239.0)	(38.0, 4327535.0)	(39.0, 27225322.0)	(40.0, 11369939.0)
fastqc_fastp_trim | SRR30333755_1	(19.0, 1.0)	(20.0, 1046.0)	(21.0, 21431.0)	(22.0, 52874.0)	(23.0, 68691.0)	(24.0, 82876.0)	(25.0, 95173.0)	(26.0, 110410.0)	(27.0, 126534.0)	(28.0, 149856.0)	(29.0, 174679.0)	(30.0, 211109.0)	(31.0, 251661.0)	(32.0, 319202.0)	(33.0, 399214.0)	(34.0, 538690.0)	(35.0, 768177.0)	(36.0, 1271012.0)	(37.0, 2107015.0)	(38.0, 4694819.0)	(39.0, 21653320.0)	(40.0, 5475713.0)
fastqc_fastp_trim | SRR30333755_2	(19.0, 11.0)	(20.0, 5130.0)	(21.0, 52371.0)	(22.0, 82669.0)	(23.0, 85659.0)	(24.0, 94447.0)	(25.0, 101311.0)	(26.0, 109538.0)	(27.0, 116437.0)	(28.0, 132459.0)	(29.0, 148544.0)	(30.0, 172900.0)	(31.0, 198842.0)	(32.0, 247086.0)	(33.0, 304663.0)	(34.0, 406451.0)	(35.0, 583244.0)	(36.0, 972520.0)	(37.0, 1634527.0)	(38.0, 3771757.0)	(39.0, 21162146.0)	(40.0, 8190791.0)
fastqc_fastp_trim | SRR30333756_1	(19.0, 1.0)	(20.0, 883.0)	(21.0, 17004.0)	(22.0, 38551.0)	(23.0, 51386.0)	(24.0, 64612.0)	(25.0, 77569.0)	(26.0, 92431.0)	(27.0, 107810.0)	(28.0, 128398.0)	(29.0, 150042.0)	(30.0, 182341.0)	(31.0, 217511.0)	(32.0, 277840.0)	(33.0, 353688.0)	(34.0, 484615.0)	(35.0, 707484.0)	(36.0, 1204572.0)	(37.0, 2057813.0)	(38.0, 4892195.0)	(39.0, 27858810.0)	(40.0, 8683710.0)
fastqc_fastp_trim | SRR30333756_2	(19.0, 18.0)	(20.0, 7107.0)	(21.0, 65071.0)	(22.0, 92048.0)	(23.0, 93288.0)	(24.0, 104355.0)	(25.0, 113513.0)	(26.0, 123460.0)	(27.0, 130234.0)	(28.0, 146622.0)	(29.0, 163962.0)	(30.0, 189519.0)	(31.0, 215797.0)	(32.0, 265512.0)	(33.0, 330461.0)	(34.0, 439120.0)	(35.0, 624515.0)	(36.0, 1050360.0)	(37.0, 1839786.0)	(38.0, 4570299.0)	(39.0, 27817095.0)	(40.0, 9267124.0)
fastqc_fastp_trim | SRR30333757_1	(21.0, 6.0)	(22.0, 9.0)	(23.0, 414.0)	(24.0, 11428.0)	(25.0, 52775.0)	(26.0, 107821.0)	(27.0, 204690.0)	(28.0, 345731.0)	(29.0, 549149.0)	(30.0, 796827.0)	(31.0, 1115851.0)	(32.0, 1478504.0)	(33.0, 2049661.0)	(34.0, 3053068.0)	(35.0, 6445277.0)	(36.0, 26469117.0)	(37.0, 2267685.0)					
fastqc_fastp_trim | SRR30333757_2	(20.0, 3.0)	(21.0, 6.0)	(22.0, 38.0)	(23.0, 1938.0)	(24.0, 30652.0)	(25.0, 95815.0)	(26.0, 144338.0)	(27.0, 213602.0)	(28.0, 305438.0)	(29.0, 441570.0)	(30.0, 626369.0)	(31.0, 910706.0)	(32.0, 1327862.0)	(33.0, 2121274.0)	(34.0, 3851339.0)	(35.0, 9663326.0)	(36.0, 23312973.0)	(37.0, 1900764.0)				
fastqc_fastp_trim | SRR30333758_1	(22.0, 12.0)	(23.0, 465.0)	(24.0, 11785.0)	(25.0, 50039.0)	(26.0, 102602.0)	(27.0, 191940.0)	(28.0, 326064.0)	(29.0, 521327.0)	(30.0, 755521.0)	(31.0, 1062257.0)	(32.0, 1409876.0)	(33.0, 1955885.0)	(34.0, 2907421.0)	(35.0, 6140656.0)	(36.0, 22954821.0)	(37.0, 1717213.0)						
fastqc_fastp_trim | SRR30333758_2	(20.0, 2.0)	(21.0, 2.0)	(22.0, 55.0)	(23.0, 2395.0)	(24.0, 30566.0)	(25.0, 85140.0)	(26.0, 125331.0)	(27.0, 181775.0)	(28.0, 259551.0)	(29.0, 376072.0)	(30.0, 534064.0)	(31.0, 783190.0)	(32.0, 1150470.0)	(33.0, 1860236.0)	(34.0, 3406664.0)	(35.0, 8533052.0)	(36.0, 21089721.0)	(37.0, 1689598.0)				
fastqc_fastp_trim | SRR30333759_1	(21.0, 1.0)	(22.0, 16.0)	(23.0, 349.0)	(24.0, 8660.0)	(25.0, 38461.0)	(26.0, 79210.0)	(27.0, 153598.0)	(28.0, 268918.0)	(29.0, 446571.0)	(30.0, 678658.0)	(31.0, 986298.0)	(32.0, 1364788.0)	(33.0, 1951839.0)	(34.0, 2991902.0)	(35.0, 6458768.0)	(36.0, 25129798.0)	(37.0, 2025411.0)					
fastqc_fastp_trim | SRR30333759_2	(20.0, 1.0)	(21.0, 10.0)	(22.0, 31.0)	(23.0, 1384.0)	(24.0, 21450.0)	(25.0, 70486.0)	(26.0, 109116.0)	(27.0, 166248.0)	(28.0, 243919.0)	(29.0, 364319.0)	(30.0, 533250.0)	(31.0, 798686.0)	(32.0, 1203282.0)	(33.0, 1995999.0)	(34.0, 3760517.0)	(35.0, 9627466.0)	(36.0, 22064990.0)	(37.0, 1622092.0)				
fastqc_fastp_trim | SRR30333760_1	(21.0, 1.0)	(22.0, 12.0)	(23.0, 373.0)	(24.0, 8178.0)	(25.0, 37712.0)	(26.0, 79442.0)	(27.0, 150566.0)	(28.0, 258965.0)	(29.0, 415419.0)	(30.0, 605758.0)	(31.0, 849373.0)	(32.0, 1123404.0)	(33.0, 1549665.0)	(34.0, 2292986.0)	(35.0, 4917606.0)	(36.0, 25892008.0)	(37.0, 2456260.0)					
fastqc_fastp_trim | SRR30333760_2	(20.0, 2.0)	(21.0, 3.0)	(22.0, 38.0)	(23.0, 1817.0)	(24.0, 32504.0)	(25.0, 109702.0)	(26.0, 167651.0)	(27.0, 246324.0)	(28.0, 344070.0)	(29.0, 482348.0)	(30.0, 655323.0)	(31.0, 910612.0)	(32.0, 1263341.0)	(33.0, 1936484.0)	(34.0, 3479007.0)	(35.0, 9059274.0)	(36.0, 20527187.0)	(37.0, 1422041.0)				
fastqc_fastp_trim | SRR30333761_1	(20.0, 1.0)	(21.0, 1.0)	(22.0, 17.0)	(23.0, 534.0)	(24.0, 12729.0)	(25.0, 55549.0)	(26.0, 113677.0)	(27.0, 212924.0)	(28.0, 356539.0)	(29.0, 565404.0)	(30.0, 815093.0)	(31.0, 1130301.0)	(32.0, 1492224.0)	(33.0, 2045450.0)	(34.0, 3003678.0)	(35.0, 6185862.0)	(36.0, 23607336.0)	(37.0, 1979244.0)				
fastqc_fastp_trim | SRR30333761_2	(20.0, 1.0)	(21.0, 5.0)	(22.0, 51.0)	(23.0, 1894.0)	(24.0, 26646.0)	(25.0, 85255.0)	(26.0, 126864.0)	(27.0, 183143.0)	(28.0, 258246.0)	(29.0, 370645.0)	(30.0, 524945.0)	(31.0, 761717.0)	(32.0, 1114380.0)	(33.0, 1784021.0)	(34.0, 3248976.0)	(35.0, 8388640.0)	(36.0, 22590436.0)	(37.0, 2110698.0)				
fastqc_fastp_trim | SRR30333762_1	(21.0, 1.0)	(22.0, 9.0)	(23.0, 301.0)	(24.0, 8657.0)	(25.0, 39772.0)	(26.0, 83018.0)	(27.0, 157104.0)	(28.0, 270217.0)	(29.0, 430799.0)	(30.0, 629665.0)	(31.0, 880293.0)	(32.0, 1162552.0)	(33.0, 1604069.0)	(34.0, 2380564.0)	(35.0, 5190097.0)	(36.0, 25180115.0)	(37.0, 2148303.0)					
fastqc_fastp_trim | SRR30333762_2	(20.0, 3.0)	(21.0, 5.0)	(22.0, 34.0)	(23.0, 1778.0)	(24.0, 29996.0)	(25.0, 100097.0)	(26.0, 150217.0)	(27.0, 217789.0)	(28.0, 304240.0)	(29.0, 426589.0)	(30.0, 585922.0)	(31.0, 823136.0)	(32.0, 1156147.0)	(33.0, 1795274.0)	(34.0, 3222343.0)	(35.0, 8414485.0)	(36.0, 21275745.0)	(37.0, 1661736.0)				
fastqc_fastp_trim | SRR30333763_1	(22.0, 7.0)	(23.0, 240.0)	(24.0, 6655.0)	(25.0, 33195.0)	(26.0, 71133.0)	(27.0, 138047.0)	(28.0, 240597.0)	(29.0, 386960.0)	(30.0, 565081.0)	(31.0, 791884.0)	(32.0, 1048590.0)	(33.0, 1439281.0)	(34.0, 2125838.0)	(35.0, 4648241.0)	(36.0, 28163649.0)	(37.0, 2892609.0)						
fastqc_fastp_trim | SRR30333763_2	(20.0, 1.0)	(21.0, 8.0)	(22.0, 57.0)	(23.0, 2163.0)	(24.0, 33780.0)	(25.0, 109059.0)	(26.0, 162439.0)	(27.0, 237133.0)	(28.0, 329226.0)	(29.0, 459680.0)	(30.0, 621998.0)	(31.0, 858527.0)	(32.0, 1178599.0)	(33.0, 1791427.0)	(34.0, 3207895.0)	(35.0, 8853236.0)	(36.0, 22968671.0)	(37.0, 1738108.0)				
fastqc_fastp_trim | SRR30333764_1	(21.0, 2.0)	(22.0, 7.0)	(23.0, 318.0)	(24.0, 7611.0)	(25.0, 35465.0)	(26.0, 73858.0)	(27.0, 141258.0)	(28.0, 242882.0)	(29.0, 392840.0)	(30.0, 577281.0)	(31.0, 816038.0)	(32.0, 1090472.0)	(33.0, 1513822.0)	(34.0, 2250064.0)	(35.0, 4820027.0)	(36.0, 25757984.0)	(37.0, 2547655.0)					
fastqc_fastp_trim | SRR30333764_2	(21.0, 5.0)	(22.0, 46.0)	(23.0, 1710.0)	(24.0, 26794.0)	(25.0, 86369.0)	(26.0, 131593.0)	(27.0, 194811.0)	(28.0, 277086.0)	(29.0, 398341.0)	(30.0, 554961.0)	(31.0, 788868.0)	(32.0, 1118964.0)	(33.0, 1752375.0)	(34.0, 3189998.0)	(35.0, 8594120.0)	(36.0, 21529553.0)	(37.0, 1621990.0)					
fastqc_fastp_trim | SRR30333765_1	(21.0, 2.0)	(22.0, 13.0)	(23.0, 412.0)	(24.0, 10931.0)	(25.0, 49332.0)	(26.0, 100707.0)	(27.0, 190114.0)	(28.0, 326418.0)	(29.0, 525571.0)	(30.0, 768880.0)	(31.0, 1089136.0)	(32.0, 1453910.0)	(33.0, 2011591.0)	(34.0, 2970625.0)	(35.0, 6151042.0)	(36.0, 22750402.0)	(37.0, 1692858.0)					
fastqc_fastp_trim | SRR30333765_2	(20.0, 2.0)	(21.0, 4.0)	(22.0, 47.0)	(23.0, 1790.0)	(24.0, 27603.0)	(25.0, 85170.0)	(26.0, 128010.0)	(27.0, 190692.0)	(28.0, 273795.0)	(29.0, 398098.0)	(30.0, 569548.0)	(31.0, 833761.0)	(32.0, 1219779.0)	(33.0, 1956218.0)	(34.0, 3530279.0)	(35.0, 8707851.0)	(36.0, 20462626.0)	(37.0, 1706671.0)				
fastqc_fastp_trim | SRR30333766_1	(21.0, 3.0)	(22.0, 14.0)	(23.0, 302.0)	(24.0, 8384.0)	(25.0, 39388.0)	(26.0, 82967.0)	(27.0, 157238.0)	(28.0, 269049.0)	(29.0, 432032.0)	(30.0, 628792.0)	(31.0, 882345.0)	(32.0, 1169937.0)	(33.0, 1609111.0)	(34.0, 2374811.0)	(35.0, 5062600.0)	(36.0, 28858741.0)	(37.0, 3121389.0)					
fastqc_fastp_trim | SRR30333766_2	(20.0, 2.0)	(21.0, 6.0)	(22.0, 67.0)	(23.0, 2293.0)	(24.0, 33091.0)	(25.0, 103862.0)	(26.0, 154044.0)	(27.0, 222495.0)	(28.0, 312226.0)	(29.0, 440559.0)	(30.0, 604235.0)	(31.0, 848723.0)	(32.0, 1193611.0)	(33.0, 1845779.0)	(34.0, 3350004.0)	(35.0, 9246464.0)	(36.0, 24536132.0)	(37.0, 1803510.0)				
fastqc_fastp_trim | SRR30333767_1	(20.0, 1.0)	(21.0, 2.0)	(22.0, 16.0)	(23.0, 424.0)	(24.0, 10007.0)	(25.0, 45014.0)	(26.0, 93183.0)	(27.0, 174162.0)	(28.0, 293377.0)	(29.0, 464097.0)	(30.0, 668249.0)	(31.0, 927640.0)	(32.0, 1221853.0)	(33.0, 1671938.0)	(34.0, 2460354.0)	(35.0, 5269546.0)	(36.0, 26128094.0)	(37.0, 2339171.0)				
fastqc_fastp_trim | SRR30333767_2	(20.0, 1.0)	(21.0, 8.0)	(22.0, 39.0)	(23.0, 2120.0)	(24.0, 34325.0)	(25.0, 108584.0)	(26.0, 160474.0)	(27.0, 233051.0)	(28.0, 324450.0)	(29.0, 455847.0)	(30.0, 624790.0)	(31.0, 875713.0)	(32.0, 1229220.0)	(33.0, 1903002.0)	(34.0, 3411901.0)	(35.0, 8949124.0)	(36.0, 21813194.0)	(37.0, 1641285.0)				
fastqc_fastp_trim | SRR30333768_1	(21.0, 1.0)	(22.0, 17.0)	(23.0, 629.0)	(24.0, 15334.0)	(25.0, 65389.0)	(26.0, 128007.0)	(27.0, 230251.0)	(28.0, 376328.0)	(29.0, 582009.0)	(30.0, 825607.0)	(31.0, 1131302.0)	(32.0, 1481378.0)	(33.0, 2024103.0)	(34.0, 2985760.0)	(35.0, 6230061.0)	(36.0, 23225460.0)	(37.0, 1826567.0)					
fastqc_fastp_trim | SRR30333768_2	(20.0, 3.0)	(21.0, 9.0)	(22.0, 47.0)	(23.0, 2731.0)	(24.0, 42048.0)	(25.0, 128364.0)	(26.0, 185560.0)	(27.0, 264068.0)	(28.0, 362000.0)	(29.0, 501046.0)	(30.0, 683265.0)	(31.0, 958888.0)	(32.0, 1358118.0)	(33.0, 2115417.0)	(34.0, 3725181.0)	(35.0, 8839368.0)	(36.0, 20077479.0)	(37.0, 1884611.0)				
