Sample	0	1	2	3	4	5	6	7	8	9	10	11	12	13	14	15	16	17	18	19	20	21	22	23	24	25	26	27	28	29	30	31	32	33	34	35
fastqc_fastp_trim | SRR30333743_1 - polya	(1, 0.0007781933784536873)	(2, 0.0015811568379191629)	(3, 0.0021508687011902975)	(4, 0.0033171266821620036)	(5, 0.004456550408704273)	(6, 0.005808583997264393)	(7, 0.007843858987066344)	(8, 0.010347701342674626)	(9, 0.013382036266618711)	(10, 0.020136837358533423)	(15, 0.028317156612676565)	(20, 0.035539699401030536)	(25, 0.042143815833456874)	(30, 0.0488585719610692)	(35, 0.055289297826412995)	(40, 0.061041736306717345)	(45, 0.06678302825056638)	(50, 0.07256642933213545)	(55, 0.07748865726386135)	(60, 0.08188699798218792)	(65, 0.08678197882480083)	(70, 0.09261946124991231)	(75, 0.09726674128240738)	(80, 0.10171338365870693)	(85, 0.10611089870766643)	(90, 0.11027516216043161)	(95, 0.11404516849042581)	(100, 0.11773549772649876)	(105, 0.12090606809600768)	(110, 0.12442507093841577)	(115, 0.1279424224420897)	(120, 0.13093795090578203)	(125, 0.1337427497456835)	(130, 0.13677625900026052)	(135, 0.1398725191267341)	(140, 0.14166628582667112)
fastqc_fastp_trim | SRR30333743_2 - polya	(1, 0.00416137360998046)	(2, 0.006083119061811714)	(3, 0.007073922302283252)	(4, 0.00791404088326641)	(5, 0.008675720874378906)	(6, 0.009358962275620736)	(7, 0.010027754462939025)	(8, 0.011334376236310867)	(9, 0.01289489134005354)	(10, 0.01600064666424828)	(15, 0.020655357721046864)	(20, 0.02519942908265945)	(25, 0.030015145666034658)	(30, 0.03447582442157423)	(35, 0.03914787453508106)	(40, 0.04383519953187849)	(45, 0.04834294144134046)	(50, 0.0539471722702576)	(55, 0.05871045884882452)	(60, 0.06433079023039931)	(65, 0.07649826685807334)	(70, 0.09169471155880557)	(75, 0.09642538419737362)	(80, 0.10154370860377618)	(85, 0.10687423003751306)	(90, 0.11212796422011337)	(95, 0.11682726142273318)	(100, 0.1217734337661038)	(105, 0.1268397410023816)	(110, 0.13123601754729053)	(115, 0.1354126660405616)	(120, 0.13941096995054778)	(125, 0.14349266646660697)	(130, 0.14728826854698002)	(135, 0.15052984648205608)	(140, 0.1523958592516108)
fastqc_fastp_trim | SRR30333743_2 - polyg	(1, 0.09045207916138083)	(2, 0.1193732129160615)	(3, 0.12029796260716827)	(4, 0.1205518559375391)	(5, 0.12074795241221577)	(6, 0.12101835912992778)	(7, 0.12128050915396921)	(8, 0.12159426351345187)	(9, 0.121969943075464)	(10, 0.12301565332884498)	(15, 0.12403700633589773)	(20, 0.12446387739866756)	(25, 0.12484533664624911)	(30, 0.12530812432648603)	(35, 0.12581136980570884)	(40, 0.12630429441784347)	(45, 0.1267398350089674)	(50, 0.12736238971173033)	(55, 0.12805801615347806)	(60, 0.1289435465496495)	(65, 0.12981132505442916)	(70, 0.13074928545540887)	(75, 0.13158692702829086)	(80, 0.13253727246977648)	(85, 0.1335074339760715)	(90, 0.13425383908389343)	(95, 0.13499652867956352)	(100, 0.13573343858966425)	(105, 0.13648686188710615)	(110, 0.13721138675670094)	(115, 0.13788554579490514)	(120, 0.13855268664348933)	(125, 0.1391801953624546)	(130, 0.13966734028901978)	(135, 0.14004714819786718)	(140, 0.14008100064191664)
fastqc_fastp_trim | SRR30333744_1 - polya	(1, 0.000647698219484485)	(2, 0.0015158894498573054)	(3, 0.0021865556913093255)	(4, 0.003387783240211402)	(5, 0.004464983470488791)	(6, 0.005535293294175918)	(7, 0.007303830985676108)	(8, 0.009313532907835414)	(9, 0.012016869093414276)	(10, 0.017407923209634073)	(15, 0.024056246848356732)	(20, 0.029922739019304506)	(25, 0.035351920051990414)	(30, 0.041002972176882715)	(35, 0.04613724380750547)	(40, 0.05066102541423114)	(45, 0.05538922241646789)	(50, 0.06035169324277349)	(55, 0.06447491254638535)	(60, 0.06819665082600472)	(65, 0.07214944740661747)	(70, 0.0771973592746423)	(75, 0.08125075579147287)	(80, 0.08504047941611614)	(85, 0.08878794188033913)	(90, 0.09224738534908924)	(95, 0.09538343906853645)	(100, 0.0984914718011833)	(105, 0.10146583064597905)	(110, 0.10452287436985794)	(115, 0.10756062495528414)	(120, 0.11005265533876167)	(125, 0.11238253148714841)	(130, 0.11463753188392098)	(135, 0.11714150563882167)	(140, 0.11876075118753286)
fastqc_fastp_trim | SRR30333744_2 - polya	(1, 0.00349802974565557)	(2, 0.0050805264592187266)	(3, 0.005868329612705175)	(4, 0.00651602783218966)	(5, 0.007163726051674145)	(6, 0.0077517074140430395)	(7, 0.008348875985198947)	(8, 0.00953402591872375)	(9, 0.010861577588447269)	(10, 0.013515762207015605)	(15, 0.017520925877714345)	(20, 0.021693296748336744)	(25, 0.026034252900200845)	(30, 0.0300821370917592)	(35, 0.034525071261159154)	(40, 0.03919538884803771)	(45, 0.04370906452509767)	(50, 0.04864351436460288)	(55, 0.053082314290048685)	(60, 0.058170190516297016)	(65, 0.06662150387947116)	(70, 0.07634616438052547)	(75, 0.08072800361149178)	(80, 0.0856381073477114)	(85, 0.0909088090288213)	(90, 0.09614735547917667)	(95, 0.10068399917820417)	(100, 0.10537360990353546)	(105, 0.11005173661788296)	(110, 0.11407619342703443)	(115, 0.11805655163400823)	(120, 0.12187521496633061)	(125, 0.12576002620191948)	(130, 0.12937105861565532)	(135, 0.1325149214625715)	(140, 0.1343215860705378)
fastqc_fastp_trim | SRR30333744_2 - polyg	(1, 0.10291511283213052)	(2, 0.14666460107589105)	(3, 0.14801741756977885)	(4, 0.14839179632784968)	(5, 0.14867430299805037)	(6, 0.1490188233275634)	(7, 0.1493725308658634)	(8, 0.14979973607445957)	(9, 0.1503211101731226)	(10, 0.15165968649339057)	(15, 0.15291236241149989)	(20, 0.15343741139367778)	(25, 0.15382511160448975)	(30, 0.15429274053174874)	(35, 0.15482100503700205)	(40, 0.15528082483679212)	(45, 0.15567909033770916)	(50, 0.15625007536382207)	(55, 0.1568509188184928)	(60, 0.15765847447087136)	(65, 0.15845684291446285)	(70, 0.1592864478679302)	(75, 0.16002326201264871)	(80, 0.16075364511121634)	(85, 0.16143809216584887)	(90, 0.16212529538311754)	(95, 0.16281203923994683)	(100, 0.16343814751878183)	(105, 0.16400637638225862)	(110, 0.16459849198858167)	(115, 0.1651731518982094)	(120, 0.16574184012212556)	(125, 0.1663256872405403)	(130, 0.16673313995024439)	(135, 0.16709833149952819)	(140, 0.1671428894621452)
fastqc_fastp_trim | SRR30333745_1 - polya	(1, 0.0006763245816932463)	(2, 0.001415714799621554)	(3, 0.002105087443984123)	(4, 0.003268539698665431)	(5, 0.004334131483326816)	(6, 0.005451915518665493)	(7, 0.007350408637052001)	(8, 0.009433749309920586)	(9, 0.01233694325384497)	(10, 0.0180972279869288)	(15, 0.024946591017478797)	(20, 0.03134362120882559)	(25, 0.037067371366435314)	(30, 0.042926386440383685)	(35, 0.04828087642445157)	(40, 0.053210869436344135)	(45, 0.05816434896104149)	(50, 0.06319089763668703)	(55, 0.0674102061685238)	(60, 0.07114847612328488)	(65, 0.07519294061535273)	(70, 0.08037476123676324)	(75, 0.08452056568222947)	(80, 0.08832842530456028)	(85, 0.09241725320970381)	(90, 0.09605853256528957)	(95, 0.0993222879743096)	(100, 0.10253733061603079)	(105, 0.10544617872044522)	(110, 0.1085877172757959)	(115, 0.11165488187393144)	(120, 0.11427275818081997)	(125, 0.11664446103868058)	(130, 0.11923493641396354)	(135, 0.12174364392985204)	(140, 0.12331506561066086)
fastqc_fastp_trim | SRR30333745_2 - polya	(1, 0.003583867879840739)	(2, 0.005238797161733216)	(3, 0.006102143975020093)	(4, 0.0068698049953986005)	(5, 0.007489587972191447)	(6, 0.008172436585219354)	(7, 0.00879656891623531)	(8, 0.01008615244338674)	(9, 0.011545360785239371)	(10, 0.014223258180406775)	(15, 0.018416905522327214)	(20, 0.022630124958251636)	(25, 0.027086908230670094)	(30, 0.0312270585156463)	(35, 0.03579431538533169)	(40, 0.040251533593172455)	(45, 0.0445504353072921)	(50, 0.049412578393304186)	(55, 0.053611010024870044)	(60, 0.05840443331415703)	(65, 0.0671266282731772)	(70, 0.07833056475190261)	(75, 0.0826225074992653)	(80, 0.08755728480080327)	(85, 0.09258078892849267)	(90, 0.09776608903328166)	(95, 0.10216937524875587)	(100, 0.10666617258002693)	(105, 0.11131171782572824)	(110, 0.11541750821234191)	(115, 0.11926929631232608)	(120, 0.12293493205156125)	(125, 0.12663927704338207)	(130, 0.13016486357663318)	(135, 0.13315286992790815)	(140, 0.13485607704167712)
fastqc_fastp_trim | SRR30333745_2 - polyg	(1, 0.11193280560878803)	(2, 0.1517728902924545)	(3, 0.15299505882914777)	(4, 0.15332995910432703)	(5, 0.15355612552392864)	(6, 0.15385405628821153)	(7, 0.1541041441560402)	(8, 0.15453907957835097)	(9, 0.15497184032355021)	(10, 0.1562148857605144)	(15, 0.1573866017882196)	(20, 0.15787372946120767)	(25, 0.15823603066799252)	(30, 0.15869097311972957)	(35, 0.15914461076519976)	(40, 0.1596408720820563)	(45, 0.1600801568585902)	(50, 0.1608073688846938)	(55, 0.1615067450437695)	(60, 0.16252492886739903)	(65, 0.16338131671392891)	(70, 0.16435513712448274)	(75, 0.1651410654325983)	(80, 0.16602659395242303)	(85, 0.16684557735263422)	(90, 0.16763585501497288)	(95, 0.16834306001165017)	(100, 0.16912115948216416)	(105, 0.16991187207992514)	(110, 0.17065300203954267)	(115, 0.17123059628037135)	(120, 0.17184342029040728)	(125, 0.1725049570677419)	(130, 0.17296207419659054)	(135, 0.17324304247940328)	(140, 0.17327609757149892)
fastqc_fastp_trim | SRR30333746_1 - polya	(1, 0.000552693372193602)	(2, 0.0011199953797755811)	(3, 0.0016799930696633717)	(4, 0.0026392934601668044)	(5, 0.0037544192948129264)	(6, 0.00491093626305945)	(7, 0.0067126679609592985)	(8, 0.008687268510954943)	(9, 0.011321692425992288)	(10, 0.016649461752133433)	(15, 0.023209225996027715)	(20, 0.029056575787482143)	(25, 0.03454260533033071)	(30, 0.03995413083269854)	(35, 0.045016509949284175)	(40, 0.04973704699778178)	(45, 0.05427400219489877)	(50, 0.05890396570398844)	(55, 0.0627129239042513)	(60, 0.06619903126243104)	(65, 0.07003525891541888)	(70, 0.07480351750618518)	(75, 0.07863779734112122)	(80, 0.08222957382861022)	(85, 0.08590169781073528)	(90, 0.08931281417392135)	(95, 0.09230661051951278)	(100, 0.09525852877699086)	(105, 0.09798888273107856)	(110, 0.10059214155728735)	(115, 0.10327915655972286)	(120, 0.10554641677199898)	(125, 0.1077148252181471)	(130, 0.10993777256974516)	(135, 0.1122391195979275)	(140, 0.11354561855616137)
fastqc_fastp_trim | SRR30333746_2 - polya	(1, 0.003562072262199294)	(2, 0.0052420653318626656)	(3, 0.006116148682600565)	(4, 0.006936667036914415)	(5, 0.007586751311697198)	(6, 0.008217357405962144)	(7, 0.008787094186108853)	(8, 0.00992656774640227)	(9, 0.011216997205708918)	(10, 0.01394442943271893)	(15, 0.01810399488230285)	(20, 0.022485611589790105)	(25, 0.027138461960988226)	(30, 0.03127806227554136)	(35, 0.03568840929929242)	(40, 0.04033639012536109)	(45, 0.04488357136724995)	(50, 0.0498592725805312)	(55, 0.05446342750043472)	(60, 0.05939773758011557)	(65, 0.06672835081800324)	(70, 0.07563815754137446)	(75, 0.08021455605404007)	(80, 0.08504076223184695)	(85, 0.09009681093976427)	(90, 0.09526924177627567)	(95, 0.09963381507580982)	(100, 0.104106005322705)	(105, 0.10864977788300326)	(110, 0.1127143872025627)	(115, 0.11657642344473669)	(120, 0.12021981711059793)	(125, 0.12387002813964043)	(130, 0.12699335438567547)	(135, 0.12978652547193317)	(140, 0.1314777184953943)
fastqc_fastp_trim | SRR30333746_2 - polyg	(1, 0.0903178882886417)	(2, 0.12106176146348141)	(3, 0.12184088868419485)	(4, 0.12211358321144455)	(5, 0.1223400170599644)	(6, 0.12263462454029668)	(7, 0.12286105838881653)	(8, 0.12323357859122014)	(9, 0.12366453333517727)	(10, 0.12483711980235099)	(15, 0.12594591522832882)	(20, 0.12641874806039932)	(25, 0.1267951638989065)	(30, 0.12724510986886853)	(35, 0.12776955987931124)	(40, 0.12825651439225716)	(45, 0.12867139963728708)	(50, 0.12927717105139175)	(55, 0.12995549868792544)	(60, 0.1308656166726213)	(65, 0.13161698748609685)	(70, 0.13248717520073117)	(75, 0.13320835483440407)	(80, 0.13404883832374867)	(85, 0.1348011830462501)	(90, 0.13557154508573052)	(95, 0.1363647939873194)	(100, 0.13703046080651646)	(105, 0.13770586671597243)	(110, 0.13836909876260478)	(115, 0.13896123545034697)	(120, 0.13955726777419275)	(125, 0.14019907382225547)	(130, 0.14060519388605236)	(135, 0.1409368099093685)	(140, 0.14098307058809836)
fastqc_fastp_trim | SRR30333747_1 - polya	(1, 0.0009692704814824544)	(2, 0.002368765458662082)	(3, 0.003484818415147101)	(4, 0.00518800127164238)	(5, 0.0067671782440837675)	(6, 0.007992052690656896)	(7, 0.009674989688531132)	(8, 0.012238621536420757)	(9, 0.015895529749846725)	(10, 0.022584255291773946)	(15, 0.030451289805445904)	(20, 0.037805091803074405)	(25, 0.04481876337586938)	(30, 0.05158746005934972)	(35, 0.05816533952532673)	(40, 0.06463996511233641)	(45, 0.07059579057218188)	(50, 0.07675508691116881)	(55, 0.08223766542574737)	(60, 0.08739833478825136)	(65, 0.09296948893429698)	(70, 0.0985441861056013)	(75, 0.1034087597857725)	(80, 0.10822069423352901)	(85, 0.11308020644904496)	(90, 0.1176836085530047)	(95, 0.12195700316144142)	(100, 0.12603958055237485)	(105, 0.12988325681157992)	(110, 0.1335669907876788)	(115, 0.13707610423317115)	(120, 0.14031847849133125)	(125, 0.14335282655216014)	(130, 0.1463532627997988)	(135, 0.1494387316536458)	(140, 0.15125934049014314)
fastqc_fastp_trim | SRR30333747_2 - polya	(1, 0.003565801849631275)	(2, 0.005567611120786945)	(3, 0.006509043546665464)	(4, 0.007569420391942614)	(5, 0.008331170822559374)	(6, 0.00901953001567485)	(7, 0.009657274562237719)	(8, 0.01125416666097252)	(9, 0.013101601260142733)	(10, 0.01693717917589941)	(15, 0.0225017534178932)	(20, 0.02849553986265311)	(25, 0.03444984688310198)	(30, 0.040026062493802875)	(35, 0.04616814985296193)	(40, 0.052579507131780855)	(45, 0.05883142827395906)	(50, 0.06518255412338039)	(55, 0.07142789536150676)	(60, 0.07792732212532724)	(65, 0.08608134168495246)	(70, 0.09415842698181774)	(75, 0.10007882218907635)	(80, 0.10644614472539453)	(85, 0.11299365540343997)	(90, 0.11955483203605463)	(95, 0.12572172057202446)	(100, 0.13188506608273562)	(105, 0.13786366813352974)	(110, 0.14333156840060804)	(115, 0.14840163754578284)	(120, 0.15350713694354448)	(125, 0.15869108904346266)	(130, 0.16319629873311034)	(135, 0.1670298520630049)	(140, 0.16940975274390857)
fastqc_fastp_trim | SRR30333747_2 - polyg	(1, 0.11571014348391849)	(2, 0.15763172449111654)	(3, 0.15981827722218925)	(4, 0.16026368611185218)	(5, 0.1605623125265126)	(6, 0.16085081601186246)	(7, 0.16118993414376492)	(8, 0.16175934891748178)	(9, 0.16241480859033805)	(10, 0.16394084018389923)	(15, 0.16523758742857703)	(20, 0.1656328878181529)	(25, 0.16593151423281333)	(30, 0.16632681462238919)	(35, 0.1667226211584306)	(40, 0.16707338065904015)	(45, 0.1674236340131842)	(50, 0.1678199466956911)	(55, 0.1683331792117346)	(60, 0.16894561643502115)	(65, 0.16952566028451405)	(70, 0.1702104764523708)	(75, 0.17083202431203687)	(80, 0.17148748398489316)	(85, 0.17213282072843888)	(90, 0.1727108399920697)	(95, 0.17329493301328677)	(100, 0.1738339789990721)	(105, 0.1744165535808926)	(110, 0.1749890052334026)	(115, 0.1755574077141884)	(120, 0.17609392296764606)	(125, 0.17662284602412082)	(130, 0.17699891284800667)	(135, 0.17727476267171843)	(140, 0.1772980454091326)
fastqc_fastp_trim | SRR30333748_1 - polya	(1, 0.000866158520334737)	(2, 0.0021463598498404745)	(3, 0.003099768770575231)	(4, 0.004654412268611938)	(5, 0.005939372710866767)	(6, 0.007129150898139758)	(7, 0.008921750033631064)	(8, 0.011375865841246151)	(9, 0.014480393724570474)	(10, 0.020722128732096216)	(15, 0.02784429959820397)	(20, 0.03450293288255017)	(25, 0.04072531416489628)	(30, 0.046967683720788564)	(35, 0.05296797307484371)	(40, 0.058797886192481365)	(45, 0.06437969089879969)	(50, 0.06996244742766783)	(55, 0.07506802358489369)	(60, 0.079720532208406)	(65, 0.08453136064937142)	(70, 0.08952652539081833)	(75, 0.09414159566070446)	(80, 0.09865259999847709)	(85, 0.10324228833370137)	(90, 0.10729387965409501)	(95, 0.1110938725471533)	(100, 0.11472063373614463)	(105, 0.11824999175087123)	(110, 0.12180949081300874)	(115, 0.12519099905833023)	(120, 0.12811372883463923)	(125, 0.13094222817851622)	(130, 0.13375771928087904)	(135, 0.13664174160682874)	(140, 0.13839023963084515)
fastqc_fastp_trim | SRR30333748_2 - polya	(1, 0.003566161819986243)	(2, 0.005295306118822989)	(3, 0.006150360042743178)	(4, 0.007048245981405195)	(5, 0.007801772166678088)	(6, 0.008396661260314584)	(7, 0.009058177932438367)	(8, 0.010490670869915047)	(9, 0.01214366936476632)	(10, 0.01548932562737797)	(15, 0.02070975503894858)	(20, 0.026448610465986937)	(25, 0.031930156530391066)	(30, 0.036947847738850355)	(35, 0.04257882994357596)	(40, 0.04836813196575469)	(45, 0.05395406123645556)	(50, 0.05968784027656156)	(55, 0.06517858729228058)	(60, 0.07080385856170729)	(65, 0.07767538282302955)	(70, 0.08475123165837946)	(75, 0.09011411717823956)	(80, 0.09560994058089096)	(85, 0.1016476682885723)	(90, 0.10783895670095767)	(95, 0.11368631989867532)	(100, 0.11922560986443509)	(105, 0.12458088080389665)	(110, 0.12949291970932608)	(115, 0.13428375987674532)	(120, 0.13919135694360896)	(125, 0.14400408902967402)	(130, 0.1484786068363703)	(135, 0.15231540353468823)	(140, 0.15457915483233964)
fastqc_fastp_trim | SRR30333748_2 - polyg	(1, 0.12262805820585257)	(2, 0.16349931849505434)	(3, 0.16494132965802918)	(4, 0.16533950875803655)	(5, 0.165707546810633)	(6, 0.1661311078453022)	(7, 0.1665975008947132)	(8, 0.1671352806353606)	(9, 0.1676413329576807)	(10, 0.16925181671197342)	(15, 0.17054470900881005)	(20, 0.17098921013957527)	(25, 0.17131949256436224)	(30, 0.17167737784309395)	(35, 0.17204351225059078)	(40, 0.1723744292237443)	(45, 0.17275864825968767)	(50, 0.1732745360816892)	(55, 0.17380025940337224)	(60, 0.1743688147397971)	(65, 0.17495482015630195)	(70, 0.1755690629751181)	(75, 0.1761300037311444)	(80, 0.17672679646988054)	(85, 0.17731153278965228)	(90, 0.17786295532018043)	(95, 0.17846292080074927)	(100, 0.17898769229988248)	(105, 0.17954546031407606)	(110, 0.18012765844038164)	(115, 0.1806889164705912)	(120, 0.18120131427657676)	(125, 0.1817292585175427)	(130, 0.18210364205380464)	(135, 0.18234635680400832)	(140, 0.1823755460288694)
fastqc_fastp_trim | SRR30333749_1 - polya	(1, 0.0009524735263177631)	(2, 0.0016958674980779684)	(3, 0.00247991582766881)	(4, 0.003827317401484182)	(5, 0.005196014115115602)	(6, 0.00709902524594967)	(7, 0.010403643761039957)	(8, 0.014347116470611671)	(9, 0.01877844147415102)	(10, 0.028716689634120263)	(15, 0.0404766402092623)	(20, 0.05047954815740028)	(25, 0.060707410218867774)	(30, 0.07019342704601624)	(35, 0.07938982997166644)	(40, 0.08850840884089799)	(45, 0.09698232575024375)	(50, 0.10561305232550766)	(55, 0.11327426926260101)	(60, 0.12103576694900989)	(65, 0.12869272485814)	(70, 0.13719180875090473)	(75, 0.14486541558752739)	(80, 0.15239731294828326)	(85, 0.1593763110425425)	(90, 0.16619656354908208)	(95, 0.17288710929492393)	(100, 0.17956449077251585)	(105, 0.1856196669831189)	(110, 0.19161444243351644)	(115, 0.19802815136174964)	(120, 0.20396446197374313)	(125, 0.20937187874957805)	(130, 0.215138989796124)	(135, 0.2210845928327645)	(140, 0.2244623891919499)
fastqc_fastp_trim | SRR30333749_2 - polya	(1, 0.005800021717170769)	(2, 0.008254770561420613)	(3, 0.00952473526317763)	(4, 0.010994099910484912)	(5, 0.012204051036396704)	(6, 0.0133055905414268)	(7, 0.014350988314214589)	(8, 0.016650863414347725)	(9, 0.01919272873966322)	(10, 0.024351185971830516)	(15, 0.032331442821804265)	(20, 0.040197867469852225)	(25, 0.047222166134265595)	(30, 0.05385153675118134)	(35, 0.06008714087368035)	(40, 0.0669515323972932)	(45, 0.07361420086919404)	(50, 0.08006353075857411)	(55, 0.08675446368877626)	(60, 0.09350695893226478)	(65, 0.10286985113284046)	(70, 0.11367848973474559)	(75, 0.1207767406119747)	(80, 0.12787654022664494)	(85, 0.13540882477176114)	(90, 0.14363494369052013)	(95, 0.15183744436330135)	(100, 0.16031833059113237)	(105, 0.16831213889371632)	(110, 0.17567135202978207)	(115, 0.18308825563553127)	(120, 0.19065267648255166)	(125, 0.1989028008316488)	(130, 0.2071482789684224)	(135, 0.2141582518115049)	(140, 0.21814934819739254)
fastqc_fastp_trim | SRR30333749_2 - polyg	(1, 0.11874169961428113)	(2, 0.15869912559639218)	(3, 0.16864395589048636)	(4, 0.17047533791466646)	(5, 0.17110644842194206)	(6, 0.1715652618888878)	(7, 0.17189824043873872)	(8, 0.17226412965921445)	(9, 0.17266873731571936)	(10, 0.173830677580955)	(15, 0.1749217631082572)	(20, 0.1753817381282838)	(25, 0.17580299471228125)	(30, 0.17621612042471257)	(35, 0.17664202322103356)	(40, 0.17707644407328088)	(45, 0.17754029093691046)	(50, 0.17808660806928217)	(55, 0.178752565168984)	(60, 0.17967638705264016)	(65, 0.1804375915049738)	(70, 0.18133895669573305)	(75, 0.1820858353267359)	(80, 0.18286949647196643)	(85, 0.18370349158403493)	(90, 0.18442442886289817)	(95, 0.18508380382847506)	(100, 0.1856893601679714)	(105, 0.18634331455250425)	(110, 0.18704063358538972)	(115, 0.18756255810306302)	(120, 0.18813133192833162)	(125, 0.18871598031237222)	(130, 0.18913297786840647)	(135, 0.18939587604904456)	(140, 0.18942994827275025)
fastqc_fastp_trim | SRR30333750_1 - polya	(1, 0.0006713053284483199)	(2, 0.0018165870415359435)	(3, 0.002809035553045996)	(4, 0.0044224898583079516)	(5, 0.005975971641431874)	(6, 0.0071367301344260866)	(7, 0.008980401540798561)	(8, 0.01147022850827115)	(9, 0.014859643307814252)	(10, 0.021424893344189518)	(15, 0.0292046836837344)	(20, 0.03629111428346408)	(25, 0.043035894966755785)	(30, 0.04981936759981396)	(35, 0.05631071601213526)	(40, 0.06251883935216598)	(45, 0.06831450650768608)	(50, 0.07441545314686367)	(55, 0.07974449538820011)	(60, 0.0847732880993487)	(65, 0.08993982415166595)	(70, 0.09543872405247719)	(75, 0.10022723975557599)	(80, 0.10497396815292699)	(85, 0.10969902905840875)	(90, 0.11406464175056)	(95, 0.11815089856539729)	(100, 0.12203943951692793)	(105, 0.12581770841162407)	(110, 0.12950505122436903)	(115, 0.13292309806673935)	(120, 0.13598440513226273)	(125, 0.1388882359622366)	(130, 0.1417738815758202)	(135, 0.144886648934533)	(140, 0.14672180811195687)
fastqc_fastp_trim | SRR30333750_2 - polya	(1, 0.003913690718878822)	(2, 0.005902456936875574)	(3, 0.007007112102708399)	(4, 0.007982149236823539)	(5, 0.008928167408613822)	(6, 0.009707810196408269)	(7, 0.010398461499739825)	(8, 0.011965485465282014)	(9, 0.013803353079189517)	(10, 0.017739485128932895)	(15, 0.02367869941808662)	(20, 0.030046233591155207)	(25, 0.036629668843920715)	(30, 0.04251277980591305)	(35, 0.04902153959562928)	(40, 0.055966744578711314)	(45, 0.06268405397766882)	(50, 0.06954336283226929)	(55, 0.07606992091887808)	(60, 0.08296211793078007)	(65, 0.09200249199371666)	(70, 0.1018739691376371)	(75, 0.10807009797324023)	(80, 0.11448019329105194)	(85, 0.12122884316932028)	(90, 0.12787109018573084)	(95, 0.1340095680161819)	(100, 0.14010006782892254)	(105, 0.14600562012177942)	(110, 0.1513211201806976)	(115, 0.15624621846647205)	(120, 0.16114810158238663)	(125, 0.16615561372116364)	(130, 0.1705726867065043)	(135, 0.17432774043134058)	(140, 0.17646624449493356)
fastqc_fastp_trim | SRR30333750_2 - polyg	(1, 0.0975849665060235)	(2, 0.11978640728202615)	(3, 0.12053703110749574)	(4, 0.1208601088880458)	(5, 0.12115610230375931)	(6, 0.12149465686421596)	(7, 0.12189705314178728)	(8, 0.12235748734400832)	(9, 0.12287402487339075)	(10, 0.12411023266842958)	(15, 0.12519438110088615)	(20, 0.125633147811238)	(25, 0.1259744108081783)	(30, 0.12632457295356486)	(35, 0.12674863672300543)	(40, 0.12717734352641796)	(45, 0.12755729847312475)	(50, 0.1280866043459301)	(55, 0.12858534357841994)	(60, 0.12919512870673958)	(65, 0.1297936931696269)	(70, 0.13044100948922002)	(75, 0.13108329585534348)	(80, 0.13172209994598796)	(85, 0.13232066440887533)	(90, 0.13292503266422764)	(95, 0.13351160262268738)	(100, 0.13411094092457004)	(105, 0.13470060623901112)	(110, 0.1352933669094335)	(115, 0.13586794236346564)	(120, 0.1364421308980001)	(125, 0.1369753059657821)	(130, 0.13738002376033942)	(135, 0.1376833686465086)	(140, 0.13771432220632177)
fastqc_fastp_trim | SRR30333751_1 - polya	(1, 0.0006825260284573337)	(2, 0.0017446487247964174)	(3, 0.002616038120032356)	(4, 0.004044667943981405)	(5, 0.005241425911687415)	(6, 0.006361516572087259)	(7, 0.008141694049049948)	(8, 0.010314557734166173)	(9, 0.013222305608826868)	(10, 0.019048646977230594)	(15, 0.02575535342562806)	(20, 0.03207161758706143)	(25, 0.03798434992125893)	(30, 0.043759829076035164)	(35, 0.04926902958299679)	(40, 0.054700440822057536)	(45, 0.05989624033622616)	(50, 0.06505875501941796)	(55, 0.06974630638417643)	(60, 0.07409165976754398)	(65, 0.07849909497048627)	(70, 0.08310810909361403)	(75, 0.08754134939023497)	(80, 0.09186014970619406)	(85, 0.09629600791086936)	(90, 0.10019893483305058)	(95, 0.10366691503134366)	(100, 0.10696660114042807)	(105, 0.11011631851668433)	(110, 0.11333036163370477)	(115, 0.11631477681567164)	(120, 0.11902393766506611)	(125, 0.12161865853379872)	(130, 0.1241759807160405)	(135, 0.12681034419245335)	(140, 0.12837847111701312)
fastqc_fastp_trim | SRR30333751_2 - polya	(1, 0.0035079967928382414)	(2, 0.0052676049922309835)	(3, 0.006144604190440544)	(4, 0.00709453082730719)	(5, 0.007838764688474364)	(6, 0.008470802490169101)	(7, 0.009104710226188377)	(8, 0.010488461626348452)	(9, 0.012079775736532537)	(10, 0.01538768955664493)	(15, 0.020510187645291562)	(20, 0.026023128020902276)	(25, 0.03123239106220759)	(30, 0.03620716433921552)	(35, 0.04180312979883583)	(40, 0.04760777992907489)	(45, 0.05319028186155852)	(50, 0.05910525811694547)	(55, 0.06475806958003183)	(60, 0.07071381040369376)	(65, 0.07890636666637121)	(70, 0.08776873340409913)	(75, 0.09321173823597204)	(80, 0.09896664811317829)	(85, 0.10481318477228707)	(90, 0.11097910621402737)	(95, 0.11670035727339192)	(100, 0.1223127781550682)	(105, 0.12770866064196268)	(110, 0.13257871759679632)	(115, 0.13743493703762835)	(120, 0.14229564432083927)	(125, 0.14694766693343148)	(130, 0.15105217277579822)	(135, 0.15484552154656134)	(140, 0.15696228720194136)
fastqc_fastp_trim | SRR30333751_2 - polyg	(1, 0.09500762316126085)	(2, 0.12720228242687706)	(3, 0.12847009789891561)	(4, 0.1287131893611059)	(5, 0.12900676905005878)	(6, 0.1293583167030724)	(7, 0.12963132711445535)	(8, 0.1300296231255825)	(9, 0.13043913874265692)	(10, 0.13154015607294642)	(15, 0.13249419656532707)	(20, 0.13286294761412648)	(25, 0.13320626755611215)	(30, 0.13359670984307623)	(35, 0.1339867781431754)	(40, 0.13436039102121863)	(45, 0.13471081671363755)	(50, 0.13516708068882546)	(55, 0.1356285804801221)	(60, 0.13620601619954026)	(65, 0.136817484723665)	(70, 0.13747682356649807)	(75, 0.1380823083007843)	(80, 0.13864067069009214)	(85, 0.13923568379216097)	(90, 0.1398018999056319)	(95, 0.1403823275199693)	(100, 0.14095153552835948)	(105, 0.14151625569437076)	(110, 0.14204619508194555)	(115, 0.14256416688984333)	(120, 0.14309074039563396)	(125, 0.14363676121839983)	(130, 0.1440200977549307)	(135, 0.14428637640274525)	(140, 0.14432901090534478)
fastqc_fastp_trim | SRR30333752_1 - polya	(1, 0.0009606328823141685)	(2, 0.002313857141487292)	(3, 0.003474259972203141)	(4, 0.005095002249235906)	(5, 0.0065263973577836)	(6, 0.0077284913081658866)	(7, 0.009714030882279982)	(8, 0.01229019465166861)	(9, 0.015575107455386681)	(10, 0.022142153654845058)	(15, 0.029765027459855965)	(20, 0.03690497912873064)	(25, 0.04375135582995415)	(30, 0.05064046592883577)	(35, 0.05702372377576459)	(40, 0.06348515247206798)	(45, 0.06954982067954579)	(50, 0.07577083058577273)	(55, 0.08127058412177031)	(60, 0.08647502556013062)	(65, 0.0918809740768787)	(70, 0.09747418520612854)	(75, 0.10238261969485714)	(80, 0.10715486319267538)	(85, 0.11207024620134838)	(90, 0.11649610597993795)	(95, 0.12063325475483744)	(100, 0.12466895513854861)	(105, 0.12868311511043212)	(110, 0.13253711169759708)	(115, 0.13608224657323315)	(120, 0.13939391117873717)	(125, 0.14243771034038438)	(130, 0.14541688826654856)	(135, 0.1486774812504612)	(140, 0.150520576165715)
fastqc_fastp_trim | SRR30333752_2 - polya	(1, 0.00384948004920108)	(2, 0.005803751283565347)	(3, 0.0067782812057683274)	(4, 0.00776497103787402)	(5, 0.008600530561188875)	(6, 0.009326650895379332)	(7, 0.009995445940028436)	(8, 0.011511960417895107)	(9, 0.013205662154344138)	(10, 0.016775464275782866)	(15, 0.022229010154150138)	(20, 0.028364900691058105)	(25, 0.034423315230585935)	(30, 0.04002799141774405)	(35, 0.04629729353758462)	(40, 0.05293590949247038)	(45, 0.059405328986709846)	(50, 0.06587718046292985)	(55, 0.0719682530461964)	(60, 0.07854294261759362)	(65, 0.08691000290865045)	(70, 0.09540422111468991)	(75, 0.1012635605578105)	(80, 0.10744218449237657)	(85, 0.11387442940491346)	(90, 0.12052173100972974)	(95, 0.12673162328404564)	(100, 0.1328504899470898)	(105, 0.1387199047441298)	(110, 0.144059842321406)	(115, 0.14916491992456132)	(120, 0.15424915196788339)	(125, 0.15928926090955847)	(130, 0.16384436315911405)	(135, 0.16791862782851663)	(140, 0.17031864661731458)
fastqc_fastp_trim | SRR30333752_2 - polyg	(1, 0.12282030140733934)	(2, 0.15767407744848125)	(3, 0.15844883742228255)	(4, 0.15880842332940556)	(5, 0.15911763246693164)	(6, 0.15953280653360993)	(7, 0.1599479806002882)	(8, 0.16053339340560444)	(9, 0.16121261123017014)	(10, 0.16277915505163656)	(15, 0.16404830221948236)	(20, 0.16451176849977425)	(25, 0.16485155112505573)	(30, 0.1652437950759174)	(35, 0.16567773014644563)	(40, 0.16603974803554916)	(45, 0.16641010414858604)	(50, 0.1669513938522553)	(55, 0.16746732145812743)	(60, 0.16813264224280436)	(65, 0.16878441341358966)	(70, 0.16947752827804416)	(75, 0.17013937480274888)	(80, 0.1708217194612896)	(85, 0.17145229764624445)	(90, 0.17205647145541056)	(95, 0.17264883278067122)	(100, 0.17326968303770393)	(105, 0.17387177229088674)	(110, 0.17444120350033082)	(115, 0.17500542331981658)	(120, 0.1755230880556749)	(125, 0.17603832080955262)	(130, 0.17641493059053942)	(135, 0.17670676842820449)	(140, 0.1767547132158209)
fastqc_fastp_trim | SRR30333753_1 - polya	(1, 0.0006303976350156708)	(2, 0.0012299186511734311)	(3, 0.0017393828623289529)	(4, 0.0026579622733517876)	(5, 0.0037412169849501443)	(6, 0.004881078831121336)	(7, 0.006666776621737155)	(8, 0.009003107448652375)	(9, 0.01201357778729864)	(10, 0.01828307524639735)	(15, 0.02575727545126886)	(20, 0.03219762353471468)	(25, 0.038441905088412755)	(30, 0.04434757305530242)	(35, 0.049969690739013604)	(40, 0.054884219240564344)	(45, 0.059968569145833595)	(50, 0.06519083461533484)	(55, 0.06945335184866937)	(60, 0.07349458664685554)	(65, 0.07775453082861858)	(70, 0.08334474267284327)	(75, 0.08766335243043631)	(80, 0.09156615705407621)	(85, 0.09572009151109376)	(90, 0.0996007678912188)	(95, 0.10298587453867439)	(100, 0.10635657209732959)	(105, 0.10957082812043806)	(110, 0.11252777898639728)	(115, 0.11551148958870001)	(120, 0.1180989502489929)	(125, 0.1208232972528892)	(130, 0.12331709883597977)	(135, 0.1260944507022488)	(140, 0.12762335794602966)
fastqc_fastp_trim | SRR30333753_2 - polya	(1, 0.003983083832670442)	(2, 0.005694163127712978)	(3, 0.006666776621737155)	(4, 0.007629097909475363)	(5, 0.008424170845066555)	(6, 0.009175501903942375)	(7, 0.009823910899958495)	(8, 0.011118155840419239)	(9, 0.012589941339312969)	(10, 0.015333843535152606)	(15, 0.019813526321121107)	(20, 0.024407967207178173)	(25, 0.02892727498734766)	(30, 0.03313833118925234)	(35, 0.037755414929138545)	(40, 0.042374042499967644)	(45, 0.04689849638328012)	(50, 0.052609127041050655)	(55, 0.057344056542911206)	(60, 0.0625184632531827)	(65, 0.07303967112901566)	(70, 0.08825000818873663)	(75, 0.09301529969914081)	(80, 0.09803738175637992)	(85, 0.10340116506231327)	(90, 0.10871554577807394)	(95, 0.11345819443464897)	(100, 0.11835728462677078)	(105, 0.12336701603646674)	(110, 0.1278235413582918)	(115, 0.13201813003013893)	(120, 0.13594820900043664)	(125, 0.13995033341473612)	(130, 0.14359274521934093)	(135, 0.1469850564111967)	(140, 0.14896424767998875)
fastqc_fastp_trim | SRR30333753_2 - polyg	(1, 0.10223248503854135)	(2, 0.1376067980434207)	(3, 0.1383967248758689)	(4, 0.13870806411601952)	(5, 0.1389164812933104)	(6, 0.13917121339888816)	(7, 0.1394722604327528)	(8, 0.13987108342633414)	(9, 0.14038312068906114)	(10, 0.14166861725417884)	(15, 0.14283781188826503)	(20, 0.14328706669264762)	(25, 0.14366581988397134)	(30, 0.14413257143904007)	(35, 0.1446868067475396)	(40, 0.14520604855466673)	(45, 0.14564655498370627)	(50, 0.14629393475909377)	(55, 0.14696292816768186)	(60, 0.1478429118051323)	(65, 0.14863695552009487)	(70, 0.14944849598574364)	(75, 0.15014476374098953)	(80, 0.15093160291155194)	(85, 0.15171741286148574)	(90, 0.1524327211983607)	(95, 0.1530795863634339)	(100, 0.153714100880964)	(105, 0.15433008942717927)	(110, 0.15496357472408073)	(115, 0.15554456976892378)	(120, 0.1560843959886229)	(125, 0.15663194136303651)	(130, 0.157013782216246)	(135, 0.1572932156169101)	(140, 0.15733181139048247)
fastqc_fastp_trim | SRR30333754_1 - polya	(1, 0.0006721314918706413)	(2, 0.0013709023416507897)	(3, 0.0021106568189840262)	(4, 0.0033483623710872804)	(5, 0.0045430351142597926)	(6, 0.005920085000043545)	(7, 0.008129102525154983)	(8, 0.010696726791355938)	(9, 0.01398566290249124)	(10, 0.020511485917769426)	(15, 0.028588539235931985)	(20, 0.03576805111068192)	(25, 0.04228649707300055)	(30, 0.04875289382832676)	(35, 0.05473158541577121)	(40, 0.06020003084017973)	(45, 0.06587462391118029)	(50, 0.07156274157927335)	(55, 0.07613364556026925)	(60, 0.08042913956410838)	(65, 0.08515332231215282)	(70, 0.09120086639388647)	(75, 0.09598693441953608)	(80, 0.10025251037526146)	(85, 0.10490046357605716)	(90, 0.10919472807106971)	(95, 0.11301399232274197)	(100, 0.11679227294686115)	(105, 0.1204307994010243)	(110, 0.12392875201268035)	(115, 0.1275767047011807)	(120, 0.13081318176904805)	(125, 0.1339123636846125)	(130, 0.1369529390127761)	(135, 0.140341875175141)	(140, 0.14233818767325188)
fastqc_fastp_trim | SRR30333754_2 - polya	(1, 0.004348362883382625)	(2, 0.006116806412298367)	(3, 0.007032790488109881)	(4, 0.007952872926676704)	(5, 0.008661889683345124)	(6, 0.009319676905572186)	(7, 0.009985660853309864)	(8, 0.011295087753631021)	(9, 0.012897547590956758)	(10, 0.016147139419641098)	(15, 0.02092419104722902)	(20, 0.025459029435978192)	(25, 0.030142638392745075)	(30, 0.03447870618786177)	(35, 0.0392344463291221)	(40, 0.04400903893905683)	(45, 0.048600434733829266)	(50, 0.054204535965438505)	(55, 0.05917093195232169)	(60, 0.0646725741150482)	(65, 0.07698446566827136)	(70, 0.09406931048632709)	(75, 0.09888406705126386)	(80, 0.10415947958989732)	(85, 0.10976030213130232)	(90, 0.11551604278485798)	(95, 0.12045989777658699)	(100, 0.12569063816118758)	(105, 0.13107219829518355)	(110, 0.13587506960812995)	(115, 0.14047548180096403)	(120, 0.14485212338735826)	(125, 0.14929638795921515)	(130, 0.15338614415273777)	(135, 0.15698409681562336)	(140, 0.15920909795548052)
fastqc_fastp_trim | SRR30333754_2 - polyg	(1, 0.11828284748096694)	(2, 0.1663177081545636)	(3, 0.16766402031968253)	(4, 0.16803287296766034)	(5, 0.16826033210057997)	(6, 0.16861688966029184)	(7, 0.16892221768556234)	(8, 0.1693463982307368)	(9, 0.16986893948203866)	(10, 0.1711193499586834)	(15, 0.17232672762639736)	(20, 0.17276771145886857)	(25, 0.1731861542961856)	(30, 0.1736640233934546)	(35, 0.17419435153399157)	(40, 0.17462836814977875)	(45, 0.1750136142487778)	(50, 0.17558369650804123)	(55, 0.1762238607704205)	(60, 0.17705295955581943)	(65, 0.17781279601065372)	(70, 0.1786168947832453)	(75, 0.17926566560741067)	(80, 0.1799935348327535)	(85, 0.1807882073710079)	(90, 0.1814996831453295)	(95, 0.1821459949518417)	(100, 0.1827861592142209)	(105, 0.18343083167563098)	(110, 0.18402878280163054)	(115, 0.1846123896579865)	(120, 0.1852005047133733)	(125, 0.18583288208651744)	(130, 0.18630091511317373)	(135, 0.1866177185541591)	(140, 0.18664763660227285)
fastqc_fastp_trim | SRR30333755_1 - polya	(1, 0.000744034058820118)	(2, 0.001454366226474168)	(3, 0.002094702158629461)	(4, 0.003142053237944192)	(5, 0.00426458545909092)	(6, 0.00555821958923461)	(7, 0.007608850044031521)	(8, 0.010009461676322216)	(9, 0.013231880962431646)	(10, 0.01997225919564526)	(15, 0.028230778003231906)	(20, 0.03556742046476827)	(25, 0.04254319344551103)	(30, 0.04934682753599018)	(35, 0.05569470835977743)	(40, 0.061418844951675766)	(45, 0.0671818683410734)	(50, 0.07300711060646994)	(55, 0.07798150974258158)	(60, 0.08250326655580129)	(65, 0.08727493585428318)	(70, 0.09321217209647772)	(75, 0.09792628893466067)	(80, 0.10221213250971788)	(85, 0.10668048478770517)	(90, 0.11101558497292818)	(95, 0.11476945715819482)	(100, 0.11855443878146095)	(105, 0.12195470035480054)	(110, 0.12545554911100504)	(115, 0.12890973371021036)	(120, 0.13203726921042147)	(125, 0.1349693337418694)	(130, 0.1378516231725182)	(135, 0.14090397753089728)	(140, 0.14274306380729798)
fastqc_fastp_trim | SRR30333755_2 - polya	(1, 0.004378653398422228)	(2, 0.006509649901384378)	(3, 0.0074662651198673866)	(4, 0.008319182211685571)	(5, 0.009140989865504308)	(6, 0.00990835600282401)	(7, 0.010582393826145372)	(8, 0.012003058161453473)	(9, 0.013558530061425845)	(10, 0.016616069326138204)	(15, 0.021496103166984862)	(20, 0.026360582288831792)	(25, 0.0313106123651772)	(30, 0.03586451559766299)	(35, 0.04071758792557679)	(40, 0.045864125951952044)	(45, 0.05065186846006701)	(50, 0.05662021414026099)	(55, 0.061693126496704234)	(60, 0.06740015289770288)	(65, 0.08036501118397259)	(70, 0.09812953726292371)	(75, 0.10310497338030203)	(80, 0.10851283068587263)	(85, 0.11389320798787708)	(90, 0.11960697476710891)	(95, 0.12447145388895584)	(100, 0.12959465983683152)	(105, 0.13477230730120623)	(110, 0.13940865054439056)	(115, 0.144075584734941)	(120, 0.14834224415656522)	(125, 0.15245905978515872)	(130, 0.1563783304824558)	(135, 0.15982162677836131)	(140, 0.16186240591112505)
fastqc_fastp_trim | SRR30333755_2 - polyg	(1, 0.0748441229203373)	(2, 0.10826602914441034)	(3, 0.10960632743155321)	(4, 0.10994075389004727)	(5, 0.11017666712820974)	(6, 0.11041258036637222)	(7, 0.110687380402034)	(8, 0.11109180309602683)	(9, 0.11149622579001964)	(10, 0.11246995119940235)	(15, 0.11341982603965214)	(20, 0.11384084043391134)	(25, 0.11428466841603677)	(30, 0.11471605262296244)	(35, 0.11515054777368808)	(40, 0.11558607990568033)	(45, 0.11599465052473974)	(50, 0.11662254268169528)	(55, 0.11736761372178202)	(60, 0.1183154145994985)	(65, 0.11913670376268395)	(70, 0.11999843519526862)	(75, 0.12072380359128906)	(80, 0.1216031637054068)	(85, 0.12252659552335707)	(90, 0.12330381298270994)	(95, 0.1240296998693637)	(100, 0.12466848032961901)	(105, 0.12522326530727584)	(110, 0.12588693331793072)	(115, 0.12641527527328797)	(120, 0.12702657572997714)	(125, 0.12764357958363282)	(130, 0.12809518492525815)	(135, 0.12838398420801972)	(140, 0.12840939024905257)
fastqc_fastp_trim | SRR30333756_1 - polya	(1, 0.0007156458611555528)	(2, 0.001450179736241897)	(3, 0.002344212395632705)	(4, 0.003578229305777764)	(5, 0.0048479235755698735)	(6, 0.00641982606825465)	(7, 0.009051556009278296)	(8, 0.011979198168551012)	(9, 0.01576099829113842)	(10, 0.023858919463733187)	(15, 0.034028226164071446)	(20, 0.04302059972969994)	(25, 0.05083436122604701)	(30, 0.05864140698410758)	(35, 0.06604802684683538)	(40, 0.07297992795943595)	(45, 0.0801901124772835)	(50, 0.08732768307490822)	(55, 0.09303480141750767)	(60, 0.09838808429913695)	(65, 0.10423329501025262)	(70, 0.111691122377415)	(75, 0.11783140583949395)	(80, 0.12316957830997857)	(85, 0.12875623309706388)	(90, 0.13382745497066)	(95, 0.13840087274376903)	(100, 0.1431707258617583)	(105, 0.1478394231718071)	(110, 0.15236205317412446)	(115, 0.1570487990308182)	(120, 0.16120164369373496)	(125, 0.16526676402528426)	(130, 0.16948298846827986)	(135, 0.173705928649562)	(140, 0.17647071415538698)
fastqc_fastp_trim | SRR30333756_2 - polya	(1, 0.004654846099832892)	(2, 0.0066380875625660215)	(3, 0.007727296365908343)	(4, 0.008680091735306058)	(5, 0.009586716403984062)	(6, 0.010314954274426809)	(7, 0.011093560182018333)	(8, 0.01259620662362354)	(9, 0.014283535868107601)	(10, 0.017920527883892277)	(15, 0.0233418076156724)	(20, 0.02858763868471762)	(25, 0.033739869151394694)	(30, 0.03877247552984342)	(35, 0.04412449921054398)	(40, 0.04944840073716981)	(45, 0.054501154330478044)	(50, 0.06049201261568227)	(55, 0.06539618049940159)	(60, 0.07148315778883142)	(65, 0.08645379763037693)	(70, 0.10728643752875437)	(75, 0.11283573602162097)	(80, 0.118773707867819)	(85, 0.12485480888624811)	(90, 0.13118313302034915)	(95, 0.1366887792143535)	(100, 0.14237910821123667)	(105, 0.14843250680923395)	(110, 0.1539070927136632)	(115, 0.15943918212717062)	(120, 0.16467955665885808)	(125, 0.17008152864306453)	(130, 0.17531057036639347)	(135, 0.1797282669579842)	(140, 0.1823889585203684)
fastqc_fastp_trim | SRR30333756_2 - polyg	(1, 0.15036118289838923)	(2, 0.2097073226689368)	(3, 0.2108909715419331)	(4, 0.21128761983447972)	(5, 0.21157303871165611)	(6, 0.2119214176352685)	(7, 0.212309671254957)	(8, 0.21285742365894997)	(9, 0.21351010947366955)	(10, 0.21519995712001103)	(15, 0.2166921102205436)	(20, 0.2171710263070999)	(25, 0.21759495728643544)	(30, 0.21804029468155922)	(35, 0.21858091161362275)	(40, 0.2190165951349597)	(45, 0.2194703272029416)	(50, 0.22008943432622866)	(55, 0.22071525718780222)	(60, 0.22144937132924564)	(65, 0.22214822784468496)	(70, 0.22294068496249236)	(75, 0.22357700116513862)	(80, 0.2243593846755163)	(85, 0.22513841031675072)	(90, 0.22580242893982883)	(95, 0.22644042407704665)	(100, 0.2270905914899088)	(105, 0.2278104346874934)	(110, 0.22850929120293267)	(115, 0.22911328791507515)	(120, 0.22976051719243692)	(125, 0.23045265796958972)	(130, 0.23093451219164635)	(135, 0.231268200437757)	(140, 0.23130471726468987)
fastqc_fastp_trim | SRR30333757_1 - polya	(1, 0.003250421770590838)	(2, 0.007174955653768277)	(3, 0.009784637198534226)	(4, 0.013353204289586728)	(5, 0.015729282627020686)	(6, 0.017845060247713287)	(7, 0.020739515226179187)	(8, 0.025282541410673706)	(9, 0.03234848223435372)	(10, 0.045864541331337605)	(15, 0.06373362933751933)	(20, 0.08068654781246949)	(25, 0.09495948130120901)	(30, 0.11091925242613061)	(35, 0.12566206208047506)	(40, 0.14013923151619628)	(45, 0.1547837053442162)	(50, 0.16920703480262855)	(55, 0.18228970433020034)	(60, 0.19471961975271296)	(65, 0.2077043984124504)	(70, 0.2238679605258635)	(75, 0.23602734118636123)	(80, 0.24790684295655074)	(85, 0.26021661958672127)	(90, 0.2717103423459453)	(95, 0.2823964654455359)	(100, 0.29390398191795486)	(105, 0.3038826210181972)	(110, 0.31379140163548497)	(115, 0.32351552447935794)	(120, 0.3320342547733979)	(125, 0.33954515408723407)	(130, 0.34687629017104715)	(135, 0.3546652885412309)	(140, 0.35892131649957476)
fastqc_fastp_trim | SRR30333757_2 - polya	(1, 0.006663253390088678)	(2, 0.009106075501046064)	(3, 0.010454299726219266)	(4, 0.01224970723399942)	(5, 0.013893828855126477)	(6, 0.015206456401087184)	(7, 0.016625873984685374)	(8, 0.01977173051008951)	(9, 0.02335587114829748)	(10, 0.031016276514826135)	(15, 0.043608601786245815)	(20, 0.05703700406066893)	(25, 0.0705116820180683)	(30, 0.08323304525163325)	(35, 0.09510008818409837)	(40, 0.10749974642928042)	(45, 0.1200382317233912)	(50, 0.13208681771984004)	(55, 0.14430582281801868)	(60, 0.15626363728247566)	(65, 0.16850889493157348)	(70, 0.18082757073154715)	(75, 0.1915021249103937)	(80, 0.20266969309633334)	(85, 0.2139351521501073)	(90, 0.22498213658521457)	(95, 0.23461415302162525)	(100, 0.2444499604465274)	(105, 0.2540735226716252)	(110, 0.2627506581881606)	(115, 0.2707541265505997)	(120, 0.2783740406945241)	(125, 0.28618350715525515)	(130, 0.29338293552598194)	(135, 0.29946462816943653)	(140, 0.3030367549284103)
fastqc_fastp_trim | SRR30333758_1 - polya	(1, 0.001595696247650462)	(2, 0.0037798054866220315)	(3, 0.005799358550054648)	(4, 0.008955845189938218)	(5, 0.011351882836800864)	(6, 0.013244278855498835)	(7, 0.015784926474804804)	(8, 0.01954229248294425)	(9, 0.025658297007142037)	(10, 0.03806832591816611)	(15, 0.05286940592527893)	(20, 0.06613014039833168)	(25, 0.0777537902523105)	(30, 0.0907557227401974)	(35, 0.10295282593317563)	(40, 0.11456749999576143)	(45, 0.1263791428139166)	(50, 0.1387697241769224)	(55, 0.15017197117653974)	(60, 0.16057242012567902)	(65, 0.17129400294465796)	(70, 0.18452830869860898)	(75, 0.19506987703464987)	(80, 0.20552069014660557)	(85, 0.21649409377966689)	(90, 0.22647617111887527)	(95, 0.23575963269465924)	(100, 0.2457830984052911)	(105, 0.2545329990482669)	(110, 0.2634170379070609)	(115, 0.2723554301692904)	(120, 0.28054434385020166)	(125, 0.28758884412850105)	(130, 0.2944827505734284)	(135, 0.3021440871824602)	(140, 0.30635622662118)
fastqc_fastp_trim | SRR30333758_2 - polya	(1, 0.005914049217854525)	(2, 0.008741423506660188)	(3, 0.010374518885114956)	(4, 0.012586054153343018)	(5, 0.014922253190918774)	(6, 0.016906900398934034)	(7, 0.01886661485307976)	(8, 0.02256164897654536)	(9, 0.026815176786688624)	(10, 0.03764446910238396)	(15, 0.055061992300566145)	(20, 0.07190157426405241)	(25, 0.08720430127902035)	(30, 0.10085199209212832)	(35, 0.11385990844094393)	(40, 0.1263896145705418)	(45, 0.13822718745272128)	(50, 0.14930181806649284)	(55, 0.16028918404172107)	(60, 0.1708776259550367)	(65, 0.18240752865446605)	(70, 0.19415783689810212)	(75, 0.20365572015716413)	(80, 0.21329871204374679)	(85, 0.22294519451587122)	(90, 0.23278665112325547)	(95, 0.24166420746604333)	(100, 0.25096611927969076)	(105, 0.2597210064734405)	(110, 0.2679238824965186)	(115, 0.2759253018683309)	(120, 0.28323309202749264)	(125, 0.29101859375079475)	(130, 0.29805561420293325)	(135, 0.3045087095594472)	(140, 0.3083458603799692)
fastqc_fastp_trim | SRR30333759_1 - polya	(1, 0.0030786755899256716)	(2, 0.0072892517399918266)	(3, 0.009877123975001812)	(4, 0.013521749844997726)	(5, 0.016032126813442075)	(6, 0.018272444519612244)	(7, 0.02097068880094298)	(8, 0.025493594358682755)	(9, 0.032501045129345)	(10, 0.045771992111639404)	(15, 0.062866508579454)	(20, 0.08011836392181095)	(25, 0.09422297210503867)	(30, 0.10981361073319776)	(35, 0.1245334843661284)	(40, 0.13892928688433004)	(45, 0.15310904199271236)	(50, 0.1672376032583331)	(55, 0.1799153592001887)	(60, 0.19188814305043816)	(65, 0.20468049805315452)	(70, 0.21992874850357813)	(75, 0.23159436929725835)	(80, 0.24328817018787158)	(85, 0.2551407189578737)	(90, 0.26634183782044235)	(95, 0.2766294518741009)	(100, 0.2879028996521308)	(105, 0.29753156910584033)	(110, 0.30715507220844557)	(115, 0.31645403452803955)	(120, 0.3249371830414243)	(125, 0.3323602902418477)	(130, 0.33956500169104065)	(135, 0.34712853970784663)	(140, 0.351246121538034)
fastqc_fastp_trim | SRR30333759_2 - polya	(1, 0.006742088191210224)	(2, 0.009487299300762558)	(3, 0.010861079026244265)	(4, 0.012462647868600716)	(5, 0.013913922860648058)	(6, 0.015151498784287135)	(7, 0.016290444368660856)	(8, 0.019282231326376575)	(9, 0.022565212619066192)	(10, 0.02991739990887496)	(15, 0.041618245823721374)	(20, 0.05405224392710691)	(25, 0.06686244632454745)	(30, 0.07913722688026179)	(35, 0.09082304341007728)	(40, 0.1030470997913123)	(45, 0.11535053011224179)	(50, 0.1272866798364784)	(55, 0.1392693267206544)	(60, 0.15112046648580996)	(65, 0.1638372048950895)	(70, 0.1762932774077392)	(75, 0.1870820275185222)	(80, 0.19812392883341962)	(85, 0.20958430458777144)	(90, 0.2205571646651831)	(95, 0.2305512360424567)	(100, 0.2407496131224942)	(105, 0.25057883093271005)	(110, 0.2594856202366536)	(115, 0.2679579663795475)	(120, 0.2757182954066019)	(125, 0.2835730277583818)	(130, 0.2907472107692307)	(135, 0.2972056193179825)	(140, 0.30096343524399244)
fastqc_fastp_trim | SRR30333760_1 - polya	(1, 0.0030365870847897797)	(2, 0.006740042159837282)	(3, 0.00915159430172868)	(4, 0.012572061115227701)	(5, 0.015074661654312958)	(6, 0.01716877478977171)	(7, 0.019853472123244686)	(8, 0.02417704060620712)	(9, 0.030850642043767803)	(10, 0.04368846604810191)	(15, 0.060910393415694895)	(20, 0.07797286304982405)	(25, 0.09188062875956057)	(30, 0.10737805026895204)	(35, 0.12187049433472266)	(40, 0.13611883026531402)	(45, 0.1499734433972293)	(50, 0.16365580280472372)	(55, 0.1763671433599831)	(60, 0.18801592451231525)	(65, 0.20018589621939498)	(70, 0.21464044446579295)	(75, 0.2263645251033719)	(80, 0.23836027447203745)	(85, 0.25028515373694116)	(90, 0.26108693871862126)	(95, 0.27107125673955)	(100, 0.2818262871388873)	(105, 0.29121903665480514)	(110, 0.3007604165272232)	(115, 0.31005719611096366)	(120, 0.3188465654379103)	(125, 0.32668558635955236)	(130, 0.3342539228571046)	(135, 0.34220023324138593)	(140, 0.3463628675303895)
fastqc_fastp_trim | SRR30333760_2 - polya	(1, 0.006762189067262815)	(2, 0.009316465723674316)	(3, 0.010635437099239406)	(4, 0.0122964551561544)	(5, 0.013863964048383807)	(6, 0.015249376146225497)	(7, 0.016425623007270487)	(8, 0.01951880774436996)	(9, 0.022629217853911518)	(10, 0.02952133544473746)	(15, 0.04101754901258259)	(20, 0.053337627536657564)	(25, 0.06597711368115856)	(30, 0.07812346202031768)	(35, 0.08982244282948101)	(40, 0.10222028160629452)	(45, 0.11404131648304747)	(50, 0.12569255840287133)	(55, 0.1374786503812418)	(60, 0.14926720312710395)	(65, 0.16190422850411323)	(70, 0.17427893606650452)	(75, 0.18467420225855147)	(80, 0.19589973140230676)	(85, 0.20706570997276225)	(90, 0.21776709564077992)	(95, 0.22746350386517672)	(100, 0.2370777224553499)	(105, 0.24659154173186063)	(110, 0.2552199768648483)	(115, 0.2635437689823604)	(120, 0.2712331752405056)	(125, 0.2789550636295415)	(130, 0.28605683861066244)	(135, 0.292419399037269)	(140, 0.29610907381436286)
fastqc_fastp_trim | SRR30333761_1 - polya	(1, 0.0029343454869032825)	(2, 0.006539742113844283)	(3, 0.009106091814275269)	(4, 0.012338682252306426)	(5, 0.01470780545279801)	(6, 0.016622345622941462)	(7, 0.019020331238058328)	(8, 0.023085121297785005)	(9, 0.02893938106427893)	(10, 0.0409764510837512)	(15, 0.05658283971188287)	(20, 0.07175148171819781)	(25, 0.0845731283752339)	(30, 0.09853772665143098)	(35, 0.11169321523763279)	(40, 0.12437824646544256)	(45, 0.13681698508844994)	(50, 0.14930863813827036)	(55, 0.16095847076152014)	(60, 0.17158657390703508)	(65, 0.18227047772082555)	(70, 0.19533745490217647)	(75, 0.2056932892697263)	(80, 0.2158903803568371)	(85, 0.22618945197562387)	(90, 0.23594494811896788)	(95, 0.24482783726014104)	(100, 0.2543283820742951)	(105, 0.26271579976440096)	(110, 0.2712508968093394)	(115, 0.27951372507631284)	(120, 0.28692030170940297)	(125, 0.29346629734641605)	(130, 0.29982853561031486)	(135, 0.3065072983546043)	(140, 0.31019880118517734)
fastqc_fastp_trim | SRR30333761_2 - polya	(1, 0.006289601187091872)	(2, 0.008526438320550932)	(3, 0.00977233255187544)	(4, 0.011354954953828194)	(5, 0.012964034569187453)	(6, 0.014236386013918467)	(7, 0.015451012629398924)	(8, 0.018520049384553504)	(9, 0.021723777407959385)	(10, 0.02885423694113436)	(15, 0.04051224724852798)	(20, 0.05261954914358842)	(25, 0.06496207971784487)	(30, 0.07641035647896148)	(35, 0.08767343274623254)	(40, 0.0993891678828767)	(45, 0.11099715000491983)	(50, 0.12246851669773666)	(55, 0.1337445810515891)	(60, 0.14471759005187612)	(65, 0.15680901761889263)	(70, 0.1687296758993763)	(75, 0.17866411901339704)	(80, 0.18887034986513918)	(85, 0.19879180489257856)	(90, 0.20852469214446612)	(95, 0.21755959000266573)	(100, 0.2267373568132604)	(105, 0.23567171726051525)	(110, 0.24382631147264386)	(115, 0.25142241796177334)	(120, 0.2583647907596402)	(125, 0.26539615600260175)	(130, 0.2718858699310956)	(135, 0.2775958176244631)	(140, 0.28084332031005066)
fastqc_fastp_trim | SRR30333762_1 - polya	(1, 0.002833274775668374)	(2, 0.006415948239804394)	(3, 0.008853361249803812)	(4, 0.012182085656718238)	(5, 0.014544807767534834)	(6, 0.016499219629485338)	(7, 0.019013813235307004)	(8, 0.023196503589545028)	(9, 0.029664735458777396)	(10, 0.04221181064283569)	(15, 0.05882705013571834)	(20, 0.07508775682714654)	(25, 0.08878009246534142)	(30, 0.10416840945431427)	(35, 0.11857479008869694)	(40, 0.1326077162271655)	(45, 0.14627814253493343)	(50, 0.1597464054755799)	(55, 0.1722889992056872)	(60, 0.1843441103337946)	(65, 0.19674279959814306)	(70, 0.21138470553461555)	(75, 0.22274817893629004)	(80, 0.23416592772470407)	(85, 0.2456359601425461)	(90, 0.25657618511551794)	(95, 0.26648766743707836)	(100, 0.2772889673375702)	(105, 0.28651030575068137)	(110, 0.29624999900412136)	(115, 0.30538618979216414)	(120, 0.31366941051153907)	(125, 0.3212171748436271)	(130, 0.32849356224201764)	(135, 0.3361568484981752)	(140, 0.34038883484587384)
fastqc_fastp_trim | SRR30333762_2 - polya	(1, 0.006099756766597114)	(2, 0.008372849798394325)	(3, 0.009612718724829166)	(4, 0.011121474888322167)	(5, 0.012707411647637418)	(6, 0.013932342394235695)	(7, 0.015149804050915691)	(8, 0.01789344974756468)	(9, 0.021013039636767202)	(10, 0.02741703733270235)	(15, 0.03788969727678973)	(20, 0.0491072744553938)	(25, 0.06082478271919488)	(30, 0.07196717105928824)	(35, 0.08286108767476674)	(40, 0.0941882115055056)	(45, 0.10550836418565408)	(50, 0.1165561440534492)	(55, 0.12791812363714009)	(60, 0.13874033698940308)	(65, 0.14997683586246677)	(70, 0.1611844542545131)	(75, 0.171307062851097)	(80, 0.1819445407127145)	(85, 0.19258998560357818)	(90, 0.20294214423031726)	(95, 0.21211169695332838)	(100, 0.22156955654718513)	(105, 0.2307938825962636)	(110, 0.23910100440337706)	(115, 0.24685342179922606)	(120, 0.25431255293095056)	(125, 0.26190114828792527)	(130, 0.26892856602237303)	(135, 0.2749058297143103)	(140, 0.27851489396282425)
fastqc_fastp_trim | SRR30333763_1 - polya	(1, 0.0031349872639379853)	(2, 0.006876291405009404)	(3, 0.00947076362344084)	(4, 0.013049913250860294)	(5, 0.015555082983512387)	(6, 0.017587889567700063)	(7, 0.020368016953935923)	(8, 0.02489894307452995)	(9, 0.0316647814050228)	(10, 0.044431276766804445)	(15, 0.06128970602961218)	(20, 0.07782241622586686)	(25, 0.09196275982940123)	(30, 0.10750233238117299)	(35, 0.12192233376912162)	(40, 0.13586386183852622)	(45, 0.15008833778392638)	(50, 0.16349076084707354)	(55, 0.1762252953192079)	(60, 0.18769314453252461)	(65, 0.1996493373391295)	(70, 0.2144185584477837)	(75, 0.22611530403254537)	(80, 0.23762216433175526)	(85, 0.24954921632721105)	(90, 0.2602039429068528)	(95, 0.27000277566226194)	(100, 0.2804615067862722)	(105, 0.2896601328346275)	(110, 0.29928177065772715)	(115, 0.30827265092337475)	(120, 0.316609742990501)	(125, 0.3242935168721889)	(130, 0.3315265482072326)	(135, 0.33844185069813515)	(140, 0.34233167897345007)
fastqc_fastp_trim | SRR30333763_2 - polya	(1, 0.006063168771334335)	(2, 0.00834508228953807)	(3, 0.0098632245477869)	(4, 0.011700975702509168)	(5, 0.013538726857231434)	(6, 0.015132071208768132)	(7, 0.01681471804608417)	(8, 0.020217612767360185)	(9, 0.023944816515940128)	(10, 0.0328327639164)	(15, 0.04762595569228968)	(20, 0.062362275885130394)	(25, 0.07715405762177094)	(30, 0.09096492205408784)	(35, 0.10402329554044301)	(40, 0.11737965732145136)	(45, 0.1300046787452352)	(50, 0.14227578031748303)	(55, 0.15444864915537354)	(60, 0.1663691209676667)	(65, 0.17926721999270212)	(70, 0.1919759037452687)	(75, 0.2022278291127373)	(80, 0.21290746638578056)	(85, 0.22392974319636672)	(90, 0.23474897435507563)	(95, 0.2443269009614517)	(100, 0.25368345140571164)	(105, 0.26306115243870865)	(110, 0.2712807412350726)	(115, 0.278930674174781)	(120, 0.2862638182965142)	(125, 0.293812698423367)	(130, 0.30055550611279036)	(135, 0.306678366545672)	(140, 0.3102086348124543)
fastqc_fastp_trim | SRR30333764_1 - polya	(1, 0.0032259198863284176)	(2, 0.006985768006344756)	(3, 0.009503922559644998)	(4, 0.012851528415511593)	(5, 0.01518094554667099)	(6, 0.017021135412544245)	(7, 0.019616274966980884)	(8, 0.023850450029482773)	(9, 0.030312223350673337)	(10, 0.04264075043588411)	(15, 0.05936338271498981)	(20, 0.0759578722180104)	(25, 0.08982411261624237)	(30, 0.10470804506175488)	(35, 0.11897013736905597)	(40, 0.13305938593187017)	(45, 0.14689979910391443)	(50, 0.1607893833412007)	(55, 0.17345962449597171)	(60, 0.18473867217859408)	(65, 0.19669469119379004)	(70, 0.21120859895642113)	(75, 0.2225328442848719)	(80, 0.23410443497181257)	(85, 0.24567205223933972)	(90, 0.2564757796246231)	(95, 0.26630949599558795)	(100, 0.27678690631153835)	(105, 0.2860176562865058)	(110, 0.29547538784546895)	(115, 0.3045313073662428)	(120, 0.3127994964882919)	(125, 0.3203023056958173)	(130, 0.3274564473498088)	(135, 0.33459022522930604)	(140, 0.33840123112427106)
fastqc_fastp_trim | SRR30333764_2 - polya	(1, 0.006193567510779887)	(2, 0.008627286901543435)	(3, 0.010080068374601268)	(4, 0.011701720172732489)	(5, 0.013360622777865193)	(6, 0.014634600377315907)	(7, 0.01594831217090154)	(8, 0.01898797802222254)	(9, 0.022377801459357482)	(10, 0.030210901155629306)	(15, 0.04311905079778315)	(20, 0.05621693121693122)	(25, 0.06936497605617462)	(30, 0.08165774236666397)	(35, 0.09367534938276903)	(40, 0.10620403747093443)	(45, 0.11839548158637976)	(50, 0.13004356059703012)	(55, 0.14143088395867007)	(60, 0.1529046291925535)	(65, 0.16498928766126125)	(70, 0.1768668316430407)	(75, 0.18717537163391776)	(80, 0.19800095282597535)	(85, 0.20908381292505657)	(90, 0.21957562688638088)	(95, 0.2291053766722136)	(100, 0.2387245283948498)	(105, 0.24820808718000067)	(110, 0.2571512609249167)	(115, 0.2653707756591505)	(120, 0.27292672935133133)	(125, 0.28051198701168656)	(130, 0.28735322188686563)	(135, 0.2933967928147862)	(140, 0.29682188034921586)
fastqc_fastp_trim | SRR30333765_1 - polya	(1, 0.0030579709479789754)	(2, 0.006784405365826112)	(3, 0.009298626177867553)	(4, 0.012803070861318174)	(5, 0.015337245806788516)	(6, 0.017447395416894725)	(7, 0.02027838809711996)	(8, 0.02501749478648379)	(9, 0.03194656761966943)	(10, 0.045153210829587107)	(15, 0.06266346176678288)	(20, 0.07978061627542929)	(25, 0.09407825173057212)	(30, 0.10987194833954672)	(35, 0.12459759995673943)	(40, 0.13919953594667298)	(45, 0.1538693159902648)	(50, 0.16797838488450448)	(55, 0.18116158198764323)	(60, 0.19310063887148998)	(65, 0.20581940351907108)	(70, 0.22156620791448772)	(75, 0.23377813757297475)	(80, 0.2456368790697702)	(85, 0.2576811940074545)	(90, 0.26886598464768885)	(95, 0.27929800560431794)	(100, 0.29037703933737913)	(105, 0.299833303169335)	(110, 0.30940530097517843)	(115, 0.3186969432063459)	(120, 0.32719939946040033)	(125, 0.3346757144028736)	(130, 0.3419928951312513)	(135, 0.34956000138082605)	(140, 0.35376433729429535)
fastqc_fastp_trim | SRR30333765_2 - polya	(1, 0.006110953362600726)	(2, 0.008465541107210964)	(3, 0.00987480178062705)	(4, 0.011693122189335593)	(5, 0.013379246464077671)	(6, 0.014593954336561979)	(7, 0.016045617543514478)	(8, 0.018976380890884215)	(9, 0.022376066373833107)	(10, 0.030369193372114862)	(15, 0.043305956927406665)	(20, 0.05674057611174953)	(25, 0.07013229390922027)	(30, 0.08289994618370214)	(35, 0.09492430698795748)	(40, 0.10745201080795683)	(45, 0.1195990895327999)	(50, 0.1314563344695882)	(55, 0.14367325266143244)	(60, 0.15557090471841425)	(65, 0.16806718077826308)	(70, 0.1805235485712541)	(75, 0.19083684243398125)	(80, 0.20190190827364224)	(85, 0.2127060738187203)	(90, 0.22368234376462262)	(95, 0.23348580951824136)	(100, 0.24307277292415655)	(105, 0.25254899088954125)	(110, 0.2611796524508764)	(115, 0.2690286108351344)	(120, 0.27615173761591605)	(125, 0.2836395261851109)	(130, 0.2904867870712381)	(135, 0.2965643172603453)	(140, 0.3000627757037673)
fastqc_fastp_trim | SRR30333766_1 - polya	(1, 0.0035214810230542234)	(2, 0.007174961652436401)	(3, 0.009794818245826804)	(4, 0.013105994811341577)	(5, 0.01560727548718314)	(6, 0.017522388419670062)	(7, 0.020162380546229135)	(8, 0.02452284211797798)	(9, 0.031198890004123982)	(10, 0.043857875979121067)	(15, 0.060710869785005984)	(20, 0.07757102289157308)	(25, 0.09163099451881702)	(30, 0.10659438040089533)	(35, 0.12070849423954837)	(40, 0.13472551006269914)	(45, 0.14886557636632514)	(50, 0.1629282327313249)	(55, 0.17572682506962473)	(60, 0.1872027366068893)	(65, 0.19941426628924921)	(70, 0.2146689462178343)	(75, 0.22639274854121977)	(80, 0.2379559140555485)	(85, 0.24965823847688742)	(90, 0.26073322917594904)	(95, 0.27079070426555385)	(100, 0.2813238253942319)	(105, 0.2907544142178521)	(110, 0.3004713750687601)	(115, 0.30997534672437277)	(120, 0.3186962698678704)	(125, 0.32672497812665846)	(130, 0.3342288201541831)	(135, 0.3415407034321665)	(140, 0.3455928676182884)
fastqc_fastp_trim | SRR30333766_2 - polya	(1, 0.006259913533993467)	(2, 0.008671702951307605)	(3, 0.010334003078454548)	(4, 0.012271488825573326)	(5, 0.014229110105860776)	(6, 0.016032358965188415)	(7, 0.017831133261589683)	(8, 0.021630037186078928)	(9, 0.025699652167613638)	(10, 0.03562691747606104)	(15, 0.0521998036427551)	(20, 0.06856641245854346)	(25, 0.08433611457995387)	(30, 0.09885651873232142)	(35, 0.11287532438064277)	(40, 0.1268149302651673)	(45, 0.13970346131828726)	(50, 0.15295622179361376)	(55, 0.1655709095956398)	(60, 0.17802719787007226)	(65, 0.1925860832636066)	(70, 0.20694943025725848)	(75, 0.21763737126318902)	(80, 0.22871370433112856)	(85, 0.24015068717093366)	(90, 0.25114737301878376)	(95, 0.2609471132838296)	(100, 0.2709414970361726)	(105, 0.2806566680619099)	(110, 0.28969215297913153)	(115, 0.29771683413128586)	(120, 0.3051021002412617)	(125, 0.31277955531032964)	(130, 0.31986457824794595)	(135, 0.3260090480584391)	(140, 0.3296030170009005)
fastqc_fastp_trim | SRR30333767_1 - polya	(1, 0.0031220724585133072)	(2, 0.006806788343215746)	(3, 0.009337486647394094)	(4, 0.012569693563799743)	(5, 0.014777171176337525)	(6, 0.016745226054326743)	(7, 0.01950337595632623)	(8, 0.023712427629690027)	(9, 0.030215149100029096)	(10, 0.04238835861541641)	(15, 0.05881850435107725)	(20, 0.07488807944850792)	(25, 0.08825648725476169)	(30, 0.10299343541169506)	(35, 0.11662472938048314)	(40, 0.12981692205410916)	(45, 0.14344869486836634)	(50, 0.15684152379354405)	(55, 0.16925367719801082)	(60, 0.1803336825074494)	(65, 0.19211375989270799)	(70, 0.20636707412585326)	(75, 0.2174317563802807)	(80, 0.2284236541234054)	(85, 0.23949073060517828)	(90, 0.25012253655554195)	(95, 0.2597367958840741)	(100, 0.2697896776622994)	(105, 0.2785817593203918)	(110, 0.2877277077801471)	(115, 0.2967027084074346)	(120, 0.3049972696231352)	(125, 0.31236239178331815)	(130, 0.3193109183853867)	(135, 0.32632504681672153)	(140, 0.3302309893081468)
fastqc_fastp_trim | SRR30333767_2 - polya	(1, 0.006236962234990158)	(2, 0.008535420486656396)	(3, 0.00980914943445477)	(4, 0.011525810441167992)	(5, 0.013309509813554813)	(6, 0.014616757944189986)	(7, 0.016091601989009156)	(8, 0.019247193630359264)	(9, 0.02250573704756525)	(10, 0.03043733339769016)	(15, 0.043538066586718625)	(20, 0.056874870592011975)	(25, 0.07035772246537995)	(30, 0.08302270627753001)	(35, 0.09529120604126766)	(40, 0.10763249031630809)	(45, 0.11936659853653334)	(50, 0.13122472773325472)	(55, 0.14271510360970954)	(60, 0.1542959812798237)	(65, 0.16715106674320532)	(70, 0.1797336891346707)	(75, 0.18996182835458544)	(80, 0.20057974778634527)	(85, 0.21132456126741586)	(90, 0.22173466176558754)	(95, 0.23126751736437323)	(100, 0.24074195381592914)	(105, 0.24995925025057986)	(110, 0.2582202922834436)	(115, 0.2659167755082418)	(120, 0.27297208464991896)	(125, 0.28041286439421925)	(130, 0.2873240410496982)	(135, 0.2933924496795662)	(140, 0.29682912361127634)
fastqc_fastp_trim | SRR30333768_1 - polya	(1, 0.001767643482989033)	(2, 0.003987531378407173)	(3, 0.006017768391193751)	(4, 0.008738529130484986)	(5, 0.011011908300491514)	(6, 0.012823317371780139)	(7, 0.015429801297177997)	(8, 0.019251996008675602)	(9, 0.02509956488981539)	(10, 0.03636725873970229)	(15, 0.050287147240544394)	(20, 0.06387101328010854)	(25, 0.07491696148261086)	(30, 0.08738529130484986)	(35, 0.09895156372380286)	(40, 0.1101234595637451)	(45, 0.12125839779578991)	(50, 0.13236902181211274)	(55, 0.14256008218982968)	(60, 0.15147902280097186)	(65, 0.16091731505993587)	(70, 0.1725886248908079)	(75, 0.181847964522058)	(80, 0.19106062085912193)	(85, 0.2004750851866784)	(90, 0.20888148213040086)	(95, 0.21710065961306407)	(100, 0.2256130665373345)	(105, 0.2329224060676806)	(110, 0.24035380296095116)	(115, 0.24758630956961575)	(120, 0.25407091090267186)	(125, 0.2598144149405215)	(130, 0.2655520835665978)	(135, 0.27143271978111955)	(140, 0.2745950266779222)
fastqc_fastp_trim | SRR30333768_2 - polya	(1, 0.006095573881504134)	(2, 0.008979239866132737)	(3, 0.010399190064297242)	(4, 0.012067145262826096)	(5, 0.013888280020403517)	(6, 0.01532281874800122)	(7, 0.016740337524593526)	(8, 0.019526746646334147)	(9, 0.022580612141016712)	(10, 0.03010634819128859)	(15, 0.041818505904573554)	(20, 0.053926985334127056)	(25, 0.0653502901646347)	(30, 0.07592940542527471)	(35, 0.08650511669571365)	(40, 0.09708520452498252)	(45, 0.10712065392207873)	(50, 0.11740167689796706)	(55, 0.1273816898832171)	(60, 0.13729313678013116)	(65, 0.1493121398958277)	(70, 0.16203333756157545)	(75, 0.17051170458383508)	(80, 0.1796300217638976)	(85, 0.18868512198308302)	(90, 0.19719412491715235)	(95, 0.2049630031246442)	(100, 0.21279947485184314)	(105, 0.22035536052961033)	(110, 0.22713708157878915)	(115, 0.23365231882365492)	(120, 0.23975907724439116)	(125, 0.24576031196889395)	(130, 0.251460050418444)	(135, 0.25636860428840036)	(140, 0.2592138538121882)
