Sample	0	1	2	3	4	5	6	7	8	9	10	11	12	13	14	15	16	17	18	19	20	21	22	23	24	25	26	27	28	29	30	31	32	33	34	35	36	37	38	39	40	41	42	43	44	45	46	47	48	49	50	51	52	53	54	55	56	57	58	59	60	61	62	63	64	65	66	67	68	69	70	71	72	73	74	75	76	77	78	79	80	81	82	83	84	85	86	87	88	89	90	91	92	93	94	95	96	97	98	99	100
fastqc_fastp_trim | SRR30333743_1	(0.0, 63.0)	(1.0, 41.5)	(2.0, 18.5)	(3.0, 13.0)	(4.0, 9.0)	(5.0, 12.5)	(6.0, 14.5)	(7.0, 12.5)	(8.0, 9.0)	(9.0, 5.5)	(10.0, 12.5)	(11.0, 19.5)	(12.0, 23.5)	(13.0, 37.5)	(14.0, 68.5)	(15.0, 116.5)	(16.0, 220.5)	(17.0, 435.5)	(18.0, 749.5)	(19.0, 1247.5)	(20.0, 2058.0)	(21.0, 3448.5)	(22.0, 5395.5)	(23.0, 8086.5)	(24.0, 11860.5)	(25.0, 16730.5)	(26.0, 22731.0)	(27.0, 30727.5)	(28.0, 40245.0)	(29.0, 51564.0)	(30.0, 66559.0)	(31.0, 84262.5)	(32.0, 105184.0)	(33.0, 130913.5)	(34.0, 166976.0)	(35.0, 209171.0)	(36.0, 258970.0)	(37.0, 317093.5)	(38.0, 379471.0)	(39.0, 454634.0)	(40.0, 542099.0)	(41.0, 641139.0)	(42.0, 765980.5)	(43.0, 922710.5)	(44.0, 1097207.0)	(45.0, 1286858.5)	(46.0, 1466205.0)	(47.0, 1631074.5)	(48.0, 1803004.0)	(49.0, 1960889.0)	(50.0, 2094511.5)	(51.0, 2238308.0)	(52.0, 2384608.5)	(53.0, 2482640.0)	(54.0, 2531992.0)	(55.0, 2556196.0)	(56.0, 2525545.0)	(57.0, 2431099.5)	(58.0, 2304680.0)	(59.0, 2136991.5)	(60.0, 1923176.5)	(61.0, 1684459.5)	(62.0, 1445104.5)	(63.0, 1217161.5)	(64.0, 992254.0)	(65.0, 780656.5)	(66.0, 610729.0)	(67.0, 490171.0)	(68.0, 396250.5)	(69.0, 318287.5)	(70.0, 259739.0)	(71.0, 213229.5)	(72.0, 182695.0)	(73.0, 156848.0)	(74.0, 128159.5)	(75.0, 107069.5)	(76.0, 92984.0)	(77.0, 73725.5)	(78.0, 50970.5)	(79.0, 35936.0)	(80.0, 27910.0)	(81.0, 22182.5)	(82.0, 16261.0)	(83.0, 9449.0)	(84.0, 4709.0)	(85.0, 2746.0)	(86.0, 1521.5)	(87.0, 784.0)	(88.0, 465.0)	(89.0, 306.0)	(90.0, 207.0)	(91.0, 147.5)	(92.0, 121.0)	(93.0, 102.5)	(94.0, 86.5)	(95.0, 82.0)	(96.0, 77.0)	(97.0, 75.5)	(98.0, 60.0)	(99.0, 30.5)	(100.0, 13.5)
fastqc_fastp_trim | SRR30333743_2	(0.0, 529.0)	(1.0, 294.0)	(2.0, 42.5)	(3.0, 28.5)	(4.0, 22.0)	(5.0, 17.5)	(6.0, 21.5)	(7.0, 16.5)	(8.0, 15.0)	(9.0, 21.0)	(10.0, 24.5)	(11.0, 26.5)	(12.0, 32.0)	(13.0, 46.0)	(14.0, 66.0)	(15.0, 93.0)	(16.0, 180.0)	(17.0, 295.5)	(18.0, 482.0)	(19.0, 852.5)	(20.0, 1517.0)	(21.0, 2483.5)	(22.0, 3991.5)	(23.0, 5822.0)	(24.0, 7924.5)	(25.0, 10641.5)	(26.0, 14709.0)	(27.0, 20370.0)	(28.0, 26368.0)	(29.0, 34148.5)	(30.0, 45417.5)	(31.0, 60431.5)	(32.0, 79406.5)	(33.0, 101183.0)	(34.0, 126907.0)	(35.0, 160755.5)	(36.0, 206288.0)	(37.0, 265063.0)	(38.0, 341801.0)	(39.0, 440768.5)	(40.0, 550733.5)	(41.0, 676037.5)	(42.0, 828844.0)	(43.0, 989024.0)	(44.0, 1159334.0)	(45.0, 1352901.5)	(46.0, 1524572.5)	(47.0, 1670085.0)	(48.0, 1822365.0)	(49.0, 1965523.5)	(50.0, 2093318.0)	(51.0, 2228014.0)	(52.0, 2354172.5)	(53.0, 2454346.0)	(54.0, 2511381.5)	(55.0, 2515508.0)	(56.0, 2471683.0)	(57.0, 2382460.5)	(58.0, 2255653.5)	(59.0, 2079909.5)	(60.0, 1868800.0)	(61.0, 1654374.0)	(62.0, 1434185.5)	(63.0, 1198630.0)	(64.0, 976221.0)	(65.0, 789997.5)	(66.0, 643917.0)	(67.0, 527180.5)	(68.0, 428276.5)	(69.0, 352918.5)	(70.0, 293269.5)	(71.0, 243646.5)	(72.0, 209763.5)	(73.0, 179363.0)	(74.0, 152340.0)	(75.0, 131048.5)	(76.0, 110379.5)	(77.0, 92314.0)	(78.0, 71397.0)	(79.0, 49448.5)	(80.0, 34386.5)	(81.0, 26937.0)	(82.0, 20537.0)	(83.0, 11921.0)	(84.0, 5761.5)	(85.0, 3148.0)	(86.0, 2366.0)	(87.0, 1935.5)	(88.0, 1806.5)	(89.0, 1857.5)	(90.0, 2004.5)	(91.0, 2230.5)	(92.0, 2479.5)	(93.0, 2752.5)	(94.0, 2970.5)	(95.0, 3231.5)	(96.0, 3708.0)	(97.0, 4609.0)	(98.0, 5651.0)	(99.0, 5924.5)	(100.0, 11114.5)
fastqc_fastp_trim | SRR30333744_1	(0.0, 21.0)	(1.0, 17.0)	(2.0, 9.0)	(3.0, 7.0)	(4.0, 8.0)	(5.0, 7.0)	(6.0, 9.0)	(7.0, 7.5)	(8.0, 5.5)	(9.0, 8.0)	(10.0, 8.0)	(11.0, 12.5)	(12.0, 21.5)	(13.0, 29.5)	(14.0, 52.0)	(15.0, 82.5)	(16.0, 151.0)	(17.0, 299.0)	(18.0, 519.5)	(19.0, 821.5)	(20.0, 1319.5)	(21.0, 2216.0)	(22.0, 3460.5)	(23.0, 5307.5)	(24.0, 7757.5)	(25.0, 10933.0)	(26.0, 14937.5)	(27.0, 20002.5)	(28.0, 26149.5)	(29.0, 33423.0)	(30.0, 43201.0)	(31.0, 55340.0)	(32.0, 69653.0)	(33.0, 87658.0)	(34.0, 112442.5)	(35.0, 143452.5)	(36.0, 183687.5)	(37.0, 234602.5)	(38.0, 298179.0)	(39.0, 379589.5)	(40.0, 473665.0)	(41.0, 583615.0)	(42.0, 714189.5)	(43.0, 863404.5)	(44.0, 1023362.5)	(45.0, 1191252.0)	(46.0, 1349072.5)	(47.0, 1495724.5)	(48.0, 1646840.5)	(49.0, 1787680.0)	(50.0, 1912675.0)	(51.0, 2041901.0)	(52.0, 2172688.0)	(53.0, 2262791.0)	(54.0, 2304759.0)	(55.0, 2322806.0)	(56.0, 2293679.0)	(57.0, 2205997.5)	(58.0, 2082718.0)	(59.0, 1923457.5)	(60.0, 1722677.5)	(61.0, 1499538.5)	(62.0, 1278356.5)	(63.0, 1069549.0)	(64.0, 867102.5)	(65.0, 675050.0)	(66.0, 521588.5)	(67.0, 411830.0)	(68.0, 327008.0)	(69.0, 259143.0)	(70.0, 207729.0)	(71.0, 167489.5)	(72.0, 142550.0)	(73.0, 120505.5)	(74.0, 94741.5)	(75.0, 75787.0)	(76.0, 63804.5)	(77.0, 50053.5)	(78.0, 33892.5)	(79.0, 22974.5)	(80.0, 16992.0)	(81.0, 13257.5)	(82.0, 9581.0)	(83.0, 5186.0)	(84.0, 2484.0)	(85.0, 1424.5)	(86.0, 727.5)	(87.0, 388.5)	(88.0, 251.5)	(89.0, 174.5)	(90.0, 140.5)	(91.0, 123.0)	(92.0, 123.5)	(93.0, 121.0)	(94.0, 105.0)	(95.0, 93.0)	(96.0, 91.5)	(97.0, 90.0)	(98.0, 73.5)	(99.0, 38.0)	(100.0, 15.0)
fastqc_fastp_trim | SRR30333744_2	(0.0, 203.0)	(1.0, 112.0)	(2.0, 17.0)	(3.0, 11.5)	(4.0, 10.5)	(5.0, 10.0)	(6.0, 11.0)	(7.0, 12.5)	(8.0, 10.5)	(9.0, 8.5)	(10.0, 11.5)	(11.0, 16.0)	(12.0, 19.5)	(13.0, 27.0)	(14.0, 44.5)	(15.0, 75.5)	(16.0, 125.0)	(17.0, 200.0)	(18.0, 307.0)	(19.0, 498.0)	(20.0, 957.0)	(21.0, 1630.0)	(22.0, 2615.5)	(23.0, 3747.0)	(24.0, 5068.5)	(25.0, 6990.0)	(26.0, 9645.0)	(27.0, 13281.5)	(28.0, 17433.5)	(29.0, 22784.5)	(30.0, 30513.0)	(31.0, 40511.0)	(32.0, 53182.5)	(33.0, 69328.0)	(34.0, 90642.5)	(35.0, 119569.5)	(36.0, 160235.5)	(37.0, 216245.5)	(38.0, 293993.0)	(39.0, 394863.5)	(40.0, 505635.0)	(41.0, 629236.5)	(42.0, 773669.5)	(43.0, 919289.0)	(44.0, 1064529.0)	(45.0, 1225475.0)	(46.0, 1374779.0)	(47.0, 1503093.5)	(48.0, 1639434.0)	(49.0, 1771760.5)	(50.0, 1891546.5)	(51.0, 2015607.5)	(52.0, 2125613.5)	(53.0, 2212444.5)	(54.0, 2260500.5)	(55.0, 2265193.5)	(56.0, 2231113.5)	(57.0, 2146972.0)	(58.0, 2025703.0)	(59.0, 1860776.5)	(60.0, 1665205.0)	(61.0, 1472204.0)	(62.0, 1274524.0)	(63.0, 1060554.0)	(64.0, 859874.5)	(65.0, 692689.5)	(66.0, 560050.5)	(67.0, 454811.5)	(68.0, 364840.0)	(69.0, 295944.0)	(70.0, 243981.5)	(71.0, 202586.0)	(72.0, 172785.5)	(73.0, 145219.5)	(74.0, 120050.0)	(75.0, 100190.5)	(76.0, 82298.5)	(77.0, 66783.0)	(78.0, 50242.0)	(79.0, 34416.0)	(80.0, 23211.5)	(81.0, 17345.5)	(82.0, 12945.5)	(83.0, 7432.0)	(84.0, 3669.0)	(85.0, 2087.0)	(86.0, 1703.0)	(87.0, 1661.0)	(88.0, 1765.0)	(89.0, 1960.0)	(90.0, 2214.5)	(91.0, 2440.5)	(92.0, 2669.5)	(93.0, 2957.5)	(94.0, 3144.5)	(95.0, 3392.0)	(96.0, 3963.5)	(97.0, 5065.5)	(98.0, 6469.5)	(99.0, 7080.5)	(100.0, 11668.0)
fastqc_fastp_trim | SRR30333745_1	(0.0, 59.0)	(1.0, 37.0)	(2.0, 17.0)	(3.0, 16.0)	(4.0, 15.5)	(5.0, 17.0)	(6.0, 14.5)	(7.0, 14.5)	(8.0, 13.0)	(9.0, 13.5)	(10.0, 14.5)	(11.0, 15.0)	(12.0, 24.5)	(13.0, 35.0)	(14.0, 51.5)	(15.0, 85.5)	(16.0, 160.0)	(17.0, 330.0)	(18.0, 561.0)	(19.0, 924.0)	(20.0, 1547.0)	(21.0, 2540.0)	(22.0, 3932.0)	(23.0, 6031.5)	(24.0, 8935.0)	(25.0, 12608.5)	(26.0, 16972.5)	(27.0, 23128.0)	(28.0, 30754.5)	(29.0, 39521.0)	(30.0, 51232.0)	(31.0, 64958.0)	(32.0, 81716.5)	(33.0, 102754.0)	(34.0, 130833.5)	(35.0, 165375.0)	(36.0, 208213.0)	(37.0, 259501.5)	(38.0, 318113.5)	(39.0, 392262.0)	(40.0, 479729.0)	(41.0, 581596.5)	(42.0, 707750.5)	(43.0, 861122.0)	(44.0, 1032253.0)	(45.0, 1212505.5)	(46.0, 1381896.5)	(47.0, 1542903.0)	(48.0, 1710420.5)	(49.0, 1863432.5)	(50.0, 1993593.5)	(51.0, 2132962.5)	(52.0, 2278433.5)	(53.0, 2380966.5)	(54.0, 2433447.0)	(55.0, 2458306.5)	(56.0, 2431781.0)	(57.0, 2342554.0)	(58.0, 2214737.0)	(59.0, 2050257.5)	(60.0, 1842825.0)	(61.0, 1610629.5)	(62.0, 1379727.5)	(63.0, 1159645.0)	(64.0, 941880.0)	(65.0, 735997.5)	(66.0, 572446.0)	(67.0, 455878.0)	(68.0, 365569.0)	(69.0, 291695.5)	(70.0, 236921.0)	(71.0, 194766.0)	(72.0, 168397.5)	(73.0, 145105.0)	(74.0, 117255.0)	(75.0, 96211.0)	(76.0, 84369.5)	(77.0, 68064.0)	(78.0, 46271.5)	(79.0, 31944.5)	(80.0, 25014.0)	(81.0, 20289.0)	(82.0, 15304.0)	(83.0, 8892.0)	(84.0, 4370.5)	(85.0, 2578.5)	(86.0, 1343.5)	(87.0, 642.5)	(88.0, 355.5)	(89.0, 230.0)	(90.0, 180.0)	(91.0, 149.0)	(92.0, 125.0)	(93.0, 111.5)	(94.0, 105.5)	(95.0, 106.0)	(96.0, 107.0)	(97.0, 95.0)	(98.0, 82.5)	(99.0, 50.5)	(100.0, 26.5)
fastqc_fastp_trim | SRR30333745_2	(0.0, 388.0)	(1.0, 222.0)	(2.0, 38.0)	(3.0, 18.5)	(4.0, 17.5)	(5.0, 17.5)	(6.0, 17.5)	(7.0, 12.5)	(8.0, 9.0)	(9.0, 13.0)	(10.0, 17.0)	(11.0, 17.5)	(12.0, 24.0)	(13.0, 36.5)	(14.0, 44.0)	(15.0, 73.0)	(16.0, 131.5)	(17.0, 208.5)	(18.0, 341.0)	(19.0, 608.5)	(20.0, 1149.0)	(21.0, 1929.5)	(22.0, 3043.5)	(23.0, 4410.5)	(24.0, 6023.0)	(25.0, 8186.5)	(26.0, 11419.0)	(27.0, 15873.5)	(28.0, 20614.0)	(29.0, 26706.0)	(30.0, 35590.0)	(31.0, 47386.5)	(32.0, 62101.5)	(33.0, 80037.0)	(34.0, 102747.0)	(35.0, 131818.5)	(36.0, 171845.0)	(37.0, 226046.5)	(38.0, 298775.5)	(39.0, 393770.0)	(40.0, 500807.5)	(41.0, 623449.5)	(42.0, 770838.0)	(43.0, 924835.5)	(44.0, 1085008.5)	(45.0, 1263822.5)	(46.0, 1429032.0)	(47.0, 1570617.0)	(48.0, 1716459.5)	(49.0, 1857160.0)	(50.0, 1984138.0)	(51.0, 2116336.0)	(52.0, 2240028.5)	(53.0, 2343056.0)	(54.0, 2400066.5)	(55.0, 2404071.0)	(56.0, 2368536.5)	(57.0, 2281264.0)	(58.0, 2155309.5)	(59.0, 1985940.0)	(60.0, 1780542.5)	(61.0, 1575559.5)	(62.0, 1365541.5)	(63.0, 1138529.0)	(64.0, 925188.5)	(65.0, 747945.5)	(66.0, 607708.0)	(67.0, 494855.5)	(68.0, 399113.0)	(69.0, 326317.5)	(70.0, 273161.0)	(71.0, 229127.0)	(72.0, 196494.0)	(73.0, 167126.5)	(74.0, 141382.5)	(75.0, 121887.5)	(76.0, 103010.0)	(77.0, 86594.5)	(78.0, 67318.5)	(79.0, 46814.0)	(80.0, 32637.5)	(81.0, 25964.5)	(82.0, 20026.5)	(83.0, 11772.5)	(84.0, 5767.0)	(85.0, 3183.0)	(86.0, 2499.0)	(87.0, 2173.5)	(88.0, 2114.0)	(89.0, 2262.0)	(90.0, 2538.0)	(91.0, 2875.5)	(92.0, 3128.0)	(93.0, 3304.0)	(94.0, 3559.5)	(95.0, 3892.5)	(96.0, 4392.0)	(97.0, 5304.0)	(98.0, 6600.0)	(99.0, 7106.0)	(100.0, 12550.5)
fastqc_fastp_trim | SRR30333746_1	(0.0, 33.0)	(1.0, 25.0)	(2.0, 13.0)	(3.0, 7.5)	(4.0, 6.0)	(5.0, 5.0)	(6.0, 8.5)	(7.0, 9.5)	(8.0, 7.5)	(9.0, 10.0)	(10.0, 12.0)	(11.0, 12.5)	(12.0, 10.0)	(13.0, 25.5)	(14.0, 43.0)	(15.0, 61.0)	(16.0, 123.0)	(17.0, 253.0)	(18.0, 442.0)	(19.0, 702.0)	(20.0, 1141.5)	(21.0, 1934.0)	(22.0, 2994.0)	(23.0, 4580.5)	(24.0, 6850.0)	(25.0, 9601.5)	(26.0, 12964.0)	(27.0, 17698.5)	(28.0, 23417.0)	(29.0, 29929.5)	(30.0, 38569.5)	(31.0, 49131.0)	(32.0, 61950.0)	(33.0, 78506.0)	(34.0, 101092.5)	(35.0, 129540.0)	(36.0, 167703.0)	(37.0, 217076.0)	(38.0, 278426.5)	(39.0, 356986.0)	(40.0, 449220.5)	(41.0, 557194.0)	(42.0, 686582.5)	(43.0, 833238.0)	(44.0, 984737.5)	(45.0, 1140834.5)	(46.0, 1291844.0)	(47.0, 1433104.5)	(48.0, 1575715.0)	(49.0, 1708117.5)	(50.0, 1820427.0)	(51.0, 1938171.5)	(52.0, 2057349.5)	(53.0, 2137217.5)	(54.0, 2174979.0)	(55.0, 2190091.0)	(56.0, 2157716.0)	(57.0, 2068403.0)	(58.0, 1950244.0)	(59.0, 1799301.0)	(60.0, 1608724.5)	(61.0, 1397897.5)	(62.0, 1187300.5)	(63.0, 992331.0)	(64.0, 805124.0)	(65.0, 625953.0)	(66.0, 484818.0)	(67.0, 385996.5)	(68.0, 307913.0)	(69.0, 243293.5)	(70.0, 196266.0)	(71.0, 159255.5)	(72.0, 137191.5)	(73.0, 118510.0)	(74.0, 92855.0)	(75.0, 73133.5)	(76.0, 62705.5)	(77.0, 49771.0)	(78.0, 32809.0)	(79.0, 21774.0)	(80.0, 17018.5)	(81.0, 13977.0)	(82.0, 10517.0)	(83.0, 5958.0)	(84.0, 2775.0)	(85.0, 1567.5)	(86.0, 845.5)	(87.0, 465.0)	(88.0, 281.5)	(89.0, 181.5)	(90.0, 146.0)	(91.0, 108.5)	(92.0, 87.5)	(93.0, 82.5)	(94.0, 68.5)	(95.0, 58.0)	(96.0, 67.5)	(97.0, 64.0)	(98.0, 47.5)	(99.0, 34.0)	(100.0, 21.0)
fastqc_fastp_trim | SRR30333746_2	(0.0, 255.0)	(1.0, 146.5)	(2.0, 26.5)	(3.0, 13.5)	(4.0, 8.5)	(5.0, 4.5)	(6.0, 7.5)	(7.0, 9.5)	(8.0, 10.0)	(9.0, 11.0)	(10.0, 10.5)	(11.0, 13.0)	(12.0, 18.5)	(13.0, 23.5)	(14.0, 41.0)	(15.0, 62.0)	(16.0, 98.5)	(17.0, 160.5)	(18.0, 270.0)	(19.0, 453.5)	(20.0, 837.0)	(21.0, 1426.0)	(22.0, 2297.5)	(23.0, 3336.5)	(24.0, 4637.5)	(25.0, 6354.0)	(26.0, 8938.0)	(27.0, 12434.5)	(28.0, 16240.0)	(29.0, 21214.0)	(30.0, 28198.5)	(31.0, 37117.0)	(32.0, 48970.0)	(33.0, 64287.5)	(34.0, 84762.5)	(35.0, 112526.5)	(36.0, 151598.5)	(37.0, 206131.0)	(38.0, 281361.0)	(39.0, 377895.0)	(40.0, 484294.0)	(41.0, 603098.0)	(42.0, 742364.0)	(43.0, 883544.5)	(44.0, 1022960.0)	(45.0, 1174738.5)	(46.0, 1315925.0)	(47.0, 1438774.0)	(48.0, 1565605.5)	(49.0, 1687434.0)	(50.0, 1797233.0)	(51.0, 1911185.0)	(52.0, 2011903.5)	(53.0, 2089095.0)	(54.0, 2130856.5)	(55.0, 2127722.5)	(56.0, 2088625.0)	(57.0, 2007637.0)	(58.0, 1892040.5)	(59.0, 1735742.5)	(60.0, 1551387.5)	(61.0, 1371074.5)	(62.0, 1184782.0)	(63.0, 983526.0)	(64.0, 798265.5)	(65.0, 645284.5)	(66.0, 523512.5)	(67.0, 427192.0)	(68.0, 344061.0)	(69.0, 281530.5)	(70.0, 235505.5)	(71.0, 195148.0)	(72.0, 165557.0)	(73.0, 138656.0)	(74.0, 114363.0)	(75.0, 96346.5)	(76.0, 80006.0)	(77.0, 65511.5)	(78.0, 49120.0)	(79.0, 33140.5)	(80.0, 22672.0)	(81.0, 18063.0)	(82.0, 13910.0)	(83.0, 7863.0)	(84.0, 3621.5)	(85.0, 1962.0)	(86.0, 1564.5)	(87.0, 1332.0)	(88.0, 1245.0)	(89.0, 1278.5)	(90.0, 1409.5)	(91.0, 1549.0)	(92.0, 1699.5)	(93.0, 1896.5)	(94.0, 2094.0)	(95.0, 2269.0)	(96.0, 2706.5)	(97.0, 3552.5)	(98.0, 4581.0)	(99.0, 5129.5)	(100.0, 9448.5)
fastqc_fastp_trim | SRR30333747_1	(0.0, 9.0)	(1.0, 8.0)	(2.0, 5.5)	(3.0, 2.0)	(4.0, 1.0)	(5.0, 3.0)	(6.0, 5.5)	(7.0, 5.5)	(8.0, 4.0)	(9.0, 4.5)	(10.0, 8.5)	(11.0, 12.5)	(12.0, 17.5)	(13.0, 24.5)	(14.0, 48.0)	(15.0, 80.0)	(16.0, 133.5)	(17.0, 276.0)	(18.0, 514.0)	(19.0, 859.0)	(20.0, 1387.0)	(21.0, 2264.5)	(22.0, 3432.0)	(23.0, 5206.5)	(24.0, 7730.5)	(25.0, 11084.5)	(26.0, 14975.5)	(27.0, 19976.5)	(28.0, 26442.0)	(29.0, 34144.0)	(30.0, 44368.5)	(31.0, 58355.5)	(32.0, 76202.5)	(33.0, 100410.5)	(34.0, 135165.5)	(35.0, 181423.5)	(36.0, 246340.5)	(37.0, 329115.0)	(38.0, 426336.5)	(39.0, 537199.5)	(40.0, 654839.5)	(41.0, 776840.0)	(42.0, 906374.0)	(43.0, 1042365.5)	(44.0, 1169652.5)	(45.0, 1301807.0)	(46.0, 1431892.5)	(47.0, 1546009.0)	(48.0, 1658984.0)	(49.0, 1759026.5)	(50.0, 1835348.5)	(51.0, 1904541.5)	(52.0, 1967304.5)	(53.0, 1998715.0)	(54.0, 1986857.0)	(55.0, 1948729.0)	(56.0, 1879566.0)	(57.0, 1770533.5)	(58.0, 1644725.5)	(59.0, 1496436.0)	(60.0, 1320071.0)	(61.0, 1133887.5)	(62.0, 949395.5)	(63.0, 775139.5)	(64.0, 615613.5)	(65.0, 473423.5)	(66.0, 363728.0)	(67.0, 287390.0)	(68.0, 225455.0)	(69.0, 174710.0)	(70.0, 136960.0)	(71.0, 107462.5)	(72.0, 89754.5)	(73.0, 75101.0)	(74.0, 58087.5)	(75.0, 45838.0)	(76.0, 38217.5)	(77.0, 29837.5)	(78.0, 20288.0)	(79.0, 13837.5)	(80.0, 10377.0)	(81.0, 8003.0)	(82.0, 5610.0)	(83.0, 3273.5)	(84.0, 1812.0)	(85.0, 1091.0)	(86.0, 639.5)	(87.0, 361.5)	(88.0, 243.5)	(89.0, 174.0)	(90.0, 128.0)	(91.0, 116.0)	(92.0, 103.0)	(93.0, 84.5)	(94.0, 78.0)	(95.0, 70.5)	(96.0, 66.0)	(97.0, 71.0)	(98.0, 63.0)	(99.0, 36.5)	(100.0, 15.5)
fastqc_fastp_trim | SRR30333747_2	(0.0, 104.0)	(1.0, 57.5)	(2.0, 8.5)	(3.0, 5.5)	(4.0, 4.5)	(5.0, 4.5)	(6.0, 8.0)	(7.0, 10.5)	(8.0, 11.0)	(9.0, 13.0)	(10.0, 11.5)	(11.0, 12.5)	(12.0, 17.0)	(13.0, 28.0)	(14.0, 48.5)	(15.0, 69.5)	(16.0, 116.5)	(17.0, 198.5)	(18.0, 319.0)	(19.0, 509.0)	(20.0, 888.0)	(21.0, 1527.0)	(22.0, 2467.0)	(23.0, 3696.0)	(24.0, 5029.0)	(25.0, 6887.5)	(26.0, 9688.0)	(27.0, 13678.5)	(28.0, 18521.0)	(29.0, 24677.5)	(30.0, 33892.0)	(31.0, 46913.0)	(32.0, 65729.0)	(33.0, 91819.0)	(34.0, 129286.5)	(35.0, 181516.5)	(36.0, 253056.5)	(37.0, 342672.5)	(38.0, 445880.0)	(39.0, 564947.5)	(40.0, 687351.5)	(41.0, 810002.0)	(42.0, 937784.5)	(43.0, 1059206.5)	(44.0, 1176046.0)	(45.0, 1304262.5)	(46.0, 1424770.0)	(47.0, 1521886.0)	(48.0, 1619602.5)	(49.0, 1711307.0)	(50.0, 1788219.5)	(51.0, 1859572.5)	(52.0, 1916064.0)	(53.0, 1948479.5)	(54.0, 1942824.0)	(55.0, 1905183.5)	(56.0, 1838477.5)	(57.0, 1736120.5)	(58.0, 1611819.0)	(59.0, 1458387.5)	(60.0, 1287378.5)	(61.0, 1124464.0)	(62.0, 958684.0)	(63.0, 787052.5)	(64.0, 631247.5)	(65.0, 501229.0)	(66.0, 400869.5)	(67.0, 324277.0)	(68.0, 259225.5)	(69.0, 208951.0)	(70.0, 170737.0)	(71.0, 139142.5)	(72.0, 115732.0)	(73.0, 95841.5)	(74.0, 78782.5)	(75.0, 65740.0)	(76.0, 53831.0)	(77.0, 42574.5)	(78.0, 31320.5)	(79.0, 21818.5)	(80.0, 15281.5)	(81.0, 11504.5)	(82.0, 8474.5)	(83.0, 5165.5)	(84.0, 2986.5)	(85.0, 2005.5)	(86.0, 1663.5)	(87.0, 1611.0)	(88.0, 1689.5)	(89.0, 1833.5)	(90.0, 2084.0)	(91.0, 2321.0)	(92.0, 2544.5)	(93.0, 2777.0)	(94.0, 2980.5)	(95.0, 3226.5)	(96.0, 3748.0)	(97.0, 4831.0)	(98.0, 6270.0)	(99.0, 6923.0)	(100.0, 11143.0)
fastqc_fastp_trim | SRR30333748_1	(0.0, 16.0)	(1.0, 10.5)	(2.0, 5.0)	(3.0, 3.5)	(4.0, 5.0)	(5.0, 5.5)	(6.0, 4.5)	(7.0, 5.0)	(8.0, 6.5)	(9.0, 9.0)	(10.0, 9.0)	(11.0, 16.0)	(12.0, 30.0)	(13.0, 44.0)	(14.0, 70.0)	(15.0, 127.0)	(16.0, 262.0)	(17.0, 540.0)	(18.0, 933.0)	(19.0, 1499.5)	(20.0, 2353.5)	(21.0, 3874.0)	(22.0, 6057.0)	(23.0, 9032.5)	(24.0, 13090.0)	(25.0, 18391.5)	(26.0, 24533.0)	(27.0, 32568.5)	(28.0, 42630.0)	(29.0, 54542.5)	(30.0, 70087.5)	(31.0, 90168.0)	(32.0, 115034.0)	(33.0, 147952.5)	(34.0, 195171.0)	(35.0, 256733.0)	(36.0, 343222.0)	(37.0, 456613.0)	(38.0, 594624.5)	(39.0, 754111.0)	(40.0, 927764.0)	(41.0, 1115832.0)	(42.0, 1318152.5)	(43.0, 1530959.0)	(44.0, 1737163.0)	(45.0, 1952576.0)	(46.0, 2161788.0)	(47.0, 2349646.5)	(48.0, 2548492.5)	(49.0, 2730024.0)	(50.0, 2868398.0)	(51.0, 3000993.0)	(52.0, 3131353.5)	(53.0, 3210704.5)	(54.0, 3221460.5)	(55.0, 3195887.0)	(56.0, 3108760.0)	(57.0, 2950069.5)	(58.0, 2770619.5)	(59.0, 2547788.0)	(60.0, 2265564.0)	(61.0, 1957232.0)	(62.0, 1645715.0)	(63.0, 1347855.0)	(64.0, 1077096.5)	(65.0, 834383.0)	(66.0, 639693.0)	(67.0, 502034.0)	(68.0, 390121.0)	(69.0, 298192.5)	(70.0, 228125.5)	(71.0, 172649.0)	(72.0, 137985.5)	(73.0, 111744.0)	(74.0, 84170.5)	(75.0, 63660.5)	(76.0, 50018.5)	(77.0, 37235.0)	(78.0, 24440.5)	(79.0, 15302.5)	(80.0, 10496.0)	(81.0, 7834.0)	(82.0, 5321.5)	(83.0, 2886.0)	(84.0, 1447.5)	(85.0, 854.5)	(86.0, 491.5)	(87.0, 319.5)	(88.0, 221.5)	(89.0, 160.0)	(90.0, 144.5)	(91.0, 135.0)	(92.0, 122.5)	(93.0, 136.0)	(94.0, 132.5)	(95.0, 122.5)	(96.0, 118.0)	(97.0, 110.5)	(98.0, 91.0)	(99.0, 46.5)	(100.0, 22.5)
fastqc_fastp_trim | SRR30333748_2	(0.0, 143.0)	(1.0, 81.0)	(2.0, 13.5)	(3.0, 6.0)	(4.0, 5.5)	(5.0, 10.0)	(6.0, 13.0)	(7.0, 11.5)	(8.0, 12.0)	(9.0, 12.5)	(10.0, 16.5)	(11.0, 26.0)	(12.0, 33.5)	(13.0, 46.0)	(14.0, 87.0)	(15.0, 141.0)	(16.0, 212.0)	(17.0, 340.0)	(18.0, 583.5)	(19.0, 909.5)	(20.0, 1545.0)	(21.0, 2553.5)	(22.0, 4037.0)	(23.0, 5913.5)	(24.0, 8266.5)	(25.0, 11500.5)	(26.0, 15620.0)	(27.0, 21567.0)	(28.0, 28838.0)	(29.0, 37918.0)	(30.0, 50717.5)	(31.0, 69116.0)	(32.0, 95671.0)	(33.0, 130333.5)	(34.0, 179537.0)	(35.0, 248605.0)	(36.0, 345882.5)	(37.0, 471198.0)	(38.0, 620652.0)	(39.0, 796080.0)	(40.0, 980911.5)	(41.0, 1174081.0)	(42.0, 1380367.0)	(43.0, 1575571.5)	(44.0, 1763398.5)	(45.0, 1971789.5)	(46.0, 2167612.0)	(47.0, 2330748.0)	(48.0, 2500513.0)	(49.0, 2662965.5)	(50.0, 2800344.5)	(51.0, 2933979.5)	(52.0, 3054355.0)	(53.0, 3136662.0)	(54.0, 3154996.0)	(55.0, 3119660.0)	(56.0, 3033581.5)	(57.0, 2885707.0)	(58.0, 2698469.5)	(59.0, 2462242.0)	(60.0, 2190032.0)	(61.0, 1929286.5)	(62.0, 1659354.0)	(63.0, 1367237.0)	(64.0, 1101526.0)	(65.0, 879033.5)	(66.0, 703937.5)	(67.0, 566951.0)	(68.0, 448474.0)	(69.0, 357028.5)	(70.0, 285397.5)	(71.0, 226822.5)	(72.0, 184022.0)	(73.0, 147403.5)	(74.0, 117044.5)	(75.0, 94685.5)	(76.0, 73846.0)	(77.0, 54831.0)	(78.0, 38012.5)	(79.0, 24663.0)	(80.0, 16038.0)	(81.0, 11107.0)	(82.0, 7758.5)	(83.0, 4693.0)	(84.0, 2814.5)	(85.0, 2076.0)	(86.0, 1980.5)	(87.0, 2073.0)	(88.0, 2250.5)	(89.0, 2499.0)	(90.0, 2911.0)	(91.0, 3286.5)	(92.0, 3592.5)	(93.0, 4005.5)	(94.0, 4348.0)	(95.0, 4763.0)	(96.0, 5517.0)	(97.0, 7099.0)	(98.0, 9172.0)	(99.0, 10317.5)	(100.0, 19123.5)
fastqc_fastp_trim | SRR30333749_1	(0.0, 134.0)	(1.0, 92.5)	(2.0, 52.5)	(3.0, 42.0)	(4.0, 37.5)	(5.0, 36.5)	(6.0, 37.5)	(7.0, 39.0)	(8.0, 30.0)	(9.0, 24.5)	(10.0, 21.5)	(11.0, 30.5)	(12.0, 49.0)	(13.0, 97.5)	(14.0, 186.5)	(15.0, 316.0)	(16.0, 567.5)	(17.0, 1067.5)	(18.0, 1733.0)	(19.0, 2790.0)	(20.0, 4532.0)	(21.0, 7405.0)	(22.0, 11499.5)	(23.0, 17319.5)	(24.0, 25006.0)	(25.0, 35034.0)	(26.0, 46566.5)	(27.0, 62372.5)	(28.0, 81454.0)	(29.0, 102329.0)	(30.0, 130263.5)	(31.0, 164232.5)	(32.0, 201517.0)	(33.0, 246057.5)	(34.0, 303369.5)	(35.0, 366907.0)	(36.0, 443319.5)	(37.0, 531532.5)	(38.0, 622167.0)	(39.0, 724548.0)	(40.0, 834673.0)	(41.0, 951137.5)	(42.0, 1084212.5)	(43.0, 1239403.0)	(44.0, 1401334.5)	(45.0, 1567623.5)	(46.0, 1738082.5)	(47.0, 1890032.5)	(48.0, 2035285.0)	(49.0, 2166041.5)	(50.0, 2255417.0)	(51.0, 2335567.5)	(52.0, 2417171.0)	(53.0, 2463580.5)	(54.0, 2462800.0)	(55.0, 2434159.5)	(56.0, 2361027.5)	(57.0, 2238864.5)	(58.0, 2102128.5)	(59.0, 1939369.0)	(60.0, 1736049.0)	(61.0, 1508730.5)	(62.0, 1276699.5)	(63.0, 1056240.0)	(64.0, 854624.5)	(65.0, 672203.5)	(66.0, 527226.5)	(67.0, 427142.0)	(68.0, 343749.0)	(69.0, 274540.5)	(70.0, 222614.0)	(71.0, 179242.0)	(72.0, 154777.5)	(73.0, 134583.0)	(74.0, 109823.5)	(75.0, 92564.0)	(76.0, 80962.0)	(77.0, 65287.0)	(78.0, 45501.5)	(79.0, 31704.5)	(80.0, 24310.5)	(81.0, 18945.0)	(82.0, 13514.0)	(83.0, 7828.0)	(84.0, 4195.5)	(85.0, 2367.5)	(86.0, 1059.5)	(87.0, 444.5)	(88.0, 289.0)	(89.0, 240.5)	(90.0, 248.0)	(91.0, 290.5)	(92.0, 349.5)	(93.0, 421.5)	(94.0, 491.5)	(95.0, 543.5)	(96.0, 587.0)	(97.0, 632.0)	(98.0, 652.0)	(99.0, 443.5)	(100.0, 186.5)
fastqc_fastp_trim | SRR30333749_2	(0.0, 1826.0)	(1.0, 993.0)	(2.0, 114.0)	(3.0, 60.0)	(4.0, 47.5)	(5.0, 32.0)	(6.0, 28.0)	(7.0, 34.5)	(8.0, 39.5)	(9.0, 38.0)	(10.0, 37.5)	(11.0, 53.0)	(12.0, 71.0)	(13.0, 104.5)	(14.0, 153.5)	(15.0, 251.0)	(16.0, 395.0)	(17.0, 626.0)	(18.0, 1051.0)	(19.0, 1827.0)	(20.0, 3139.5)	(21.0, 5101.5)	(22.0, 7928.0)	(23.0, 11375.5)	(24.0, 15927.5)	(25.0, 21808.5)	(26.0, 29708.5)	(27.0, 40749.0)	(28.0, 53378.0)	(29.0, 68065.5)	(30.0, 87215.5)	(31.0, 112287.5)	(32.0, 144079.5)	(33.0, 180083.0)	(34.0, 222470.0)	(35.0, 275281.5)	(36.0, 347512.0)	(37.0, 437194.0)	(38.0, 540653.0)	(39.0, 666489.5)	(40.0, 808319.0)	(41.0, 964977.5)	(42.0, 1141632.5)	(43.0, 1319748.0)	(44.0, 1493358.5)	(45.0, 1679490.0)	(46.0, 1842680.5)	(47.0, 1966463.5)	(48.0, 2089276.5)	(49.0, 2199446.5)	(50.0, 2281271.0)	(51.0, 2352214.0)	(52.0, 2415909.0)	(53.0, 2459502.0)	(54.0, 2451994.0)	(55.0, 2404608.5)	(56.0, 2323262.0)	(57.0, 2201719.0)	(58.0, 2061122.0)	(59.0, 1881748.5)	(60.0, 1669985.5)	(61.0, 1469310.0)	(62.0, 1269824.0)	(63.0, 1055249.0)	(64.0, 855449.0)	(65.0, 689540.0)	(66.0, 563937.5)	(67.0, 464923.5)	(68.0, 376120.0)	(69.0, 307952.0)	(70.0, 257429.0)	(71.0, 216288.0)	(72.0, 186940.0)	(73.0, 161043.5)	(74.0, 138589.0)	(75.0, 121532.5)	(76.0, 103107.0)	(77.0, 84566.5)	(78.0, 65086.0)	(79.0, 46660.5)	(80.0, 33727.0)	(81.0, 26837.0)	(82.0, 20550.0)	(83.0, 12604.0)	(84.0, 6913.5)	(85.0, 4353.0)	(86.0, 3615.5)	(87.0, 3540.5)	(88.0, 3811.0)	(89.0, 4180.0)	(90.0, 4655.0)	(91.0, 5263.5)	(92.0, 5868.5)	(93.0, 6306.5)	(94.0, 6609.0)	(95.0, 6805.0)	(96.0, 6893.0)	(97.0, 7218.5)	(98.0, 7720.5)	(99.0, 7584.5)	(100.0, 12717.0)
fastqc_fastp_trim | SRR30333750_1	(0.0, 19.0)	(1.0, 13.5)	(2.0, 7.0)	(3.0, 5.5)	(4.0, 3.0)	(5.0, 0.5)	(6.0, 2.5)	(7.0, 7.0)	(8.0, 5.5)	(9.0, 4.0)	(10.0, 5.5)	(11.0, 13.0)	(12.0, 23.0)	(13.0, 35.5)	(14.0, 58.5)	(15.0, 99.5)	(16.0, 177.0)	(17.0, 355.0)	(18.0, 656.0)	(19.0, 1107.5)	(20.0, 1732.0)	(21.0, 2840.5)	(22.0, 4353.5)	(23.0, 6556.5)	(24.0, 9629.0)	(25.0, 13608.5)	(26.0, 18423.0)	(27.0, 24760.5)	(28.0, 32533.0)	(29.0, 41834.0)	(30.0, 54496.5)	(31.0, 72160.5)	(32.0, 95029.0)	(33.0, 125659.5)	(34.0, 170676.0)	(35.0, 230840.5)	(36.0, 314369.5)	(37.0, 421522.0)	(38.0, 545185.0)	(39.0, 683196.5)	(40.0, 830615.5)	(41.0, 984315.0)	(42.0, 1143561.0)	(43.0, 1310558.5)	(44.0, 1471016.0)	(45.0, 1635533.5)	(46.0, 1798810.5)	(47.0, 1945447.5)	(48.0, 2095362.0)	(49.0, 2232297.0)	(50.0, 2335980.0)	(51.0, 2433580.5)	(52.0, 2528537.5)	(53.0, 2585481.0)	(54.0, 2589813.0)	(55.0, 2562356.0)	(56.0, 2489769.5)	(57.0, 2361697.5)	(58.0, 2213241.5)	(59.0, 2032860.5)	(60.0, 1808262.0)	(61.0, 1566583.0)	(62.0, 1321780.0)	(63.0, 1086818.5)	(64.0, 874990.5)	(65.0, 683275.0)	(66.0, 529671.5)	(67.0, 421565.5)	(68.0, 332581.0)	(69.0, 258605.0)	(70.0, 202300.0)	(71.0, 157086.0)	(72.0, 129765.0)	(73.0, 108291.0)	(74.0, 82490.0)	(75.0, 63004.5)	(76.0, 51182.5)	(77.0, 39198.5)	(78.0, 25909.0)	(79.0, 16699.0)	(80.0, 12264.5)	(81.0, 9797.5)	(82.0, 7220.5)	(83.0, 4201.5)	(84.0, 2171.5)	(85.0, 1283.0)	(86.0, 758.0)	(87.0, 450.0)	(88.0, 305.0)	(89.0, 215.0)	(90.0, 138.5)	(91.0, 100.5)	(92.0, 91.5)	(93.0, 80.0)	(94.0, 74.5)	(95.0, 69.5)	(96.0, 65.0)	(97.0, 56.0)	(98.0, 45.0)	(99.0, 31.0)	(100.0, 19.0)
fastqc_fastp_trim | SRR30333750_2	(0.0, 86.0)	(1.0, 50.0)	(2.0, 10.5)	(3.0, 7.0)	(4.0, 6.5)	(5.0, 4.5)	(6.0, 5.5)	(7.0, 8.0)	(8.0, 8.5)	(9.0, 10.5)	(10.0, 13.0)	(11.0, 17.0)	(12.0, 24.5)	(13.0, 37.0)	(14.0, 55.5)	(15.0, 89.5)	(16.0, 168.5)	(17.0, 260.5)	(18.0, 420.0)	(19.0, 723.5)	(20.0, 1232.5)	(21.0, 1997.5)	(22.0, 3194.5)	(23.0, 4657.0)	(24.0, 6408.0)	(25.0, 8858.0)	(26.0, 12212.5)	(27.0, 17210.5)	(28.0, 23397.0)	(29.0, 31433.0)	(30.0, 42918.0)	(31.0, 59863.5)	(32.0, 85638.0)	(33.0, 119753.5)	(34.0, 168355.5)	(35.0, 236249.5)	(36.0, 330394.5)	(37.0, 444942.5)	(38.0, 574210.5)	(39.0, 723534.5)	(40.0, 876139.0)	(41.0, 1028928.5)	(42.0, 1187359.5)	(43.0, 1336900.5)	(44.0, 1483650.0)	(45.0, 1646250.5)	(46.0, 1797128.0)	(47.0, 1924603.0)	(48.0, 2054947.5)	(49.0, 2175821.0)	(50.0, 2277751.5)	(51.0, 2375313.0)	(52.0, 2464424.0)	(53.0, 2523179.5)	(54.0, 2531109.5)	(55.0, 2497372.5)	(56.0, 2423133.5)	(57.0, 2303853.5)	(58.0, 2153154.5)	(59.0, 1963991.0)	(60.0, 1747691.0)	(61.0, 1541060.0)	(62.0, 1329221.5)	(63.0, 1100136.0)	(64.0, 891364.0)	(65.0, 718121.0)	(66.0, 582261.0)	(67.0, 475427.0)	(68.0, 381453.0)	(69.0, 308685.0)	(70.0, 251748.5)	(71.0, 203577.0)	(72.0, 167946.5)	(73.0, 136113.5)	(74.0, 109472.0)	(75.0, 89911.5)	(76.0, 71932.5)	(77.0, 55661.0)	(78.0, 39824.5)	(79.0, 26154.5)	(80.0, 17611.0)	(81.0, 13365.0)	(82.0, 9809.0)	(83.0, 5626.0)	(84.0, 2967.0)	(85.0, 1813.0)	(86.0, 1421.0)	(87.0, 1276.0)	(88.0, 1216.0)	(89.0, 1261.0)	(90.0, 1365.5)	(91.0, 1496.0)	(92.0, 1660.0)	(93.0, 1812.0)	(94.0, 1960.5)	(95.0, 2180.5)	(96.0, 2569.5)	(97.0, 3318.5)	(98.0, 4331.0)	(99.0, 4890.5)	(100.0, 10401.5)
fastqc_fastp_trim | SRR30333751_1	(0.0, 22.0)	(1.0, 14.0)	(2.0, 5.0)	(3.0, 6.0)	(4.0, 9.0)	(5.0, 9.0)	(6.0, 7.0)	(7.0, 6.5)	(8.0, 8.5)	(9.0, 9.5)	(10.0, 9.5)	(11.0, 12.5)	(12.0, 22.0)	(13.0, 39.0)	(14.0, 66.0)	(15.0, 109.0)	(16.0, 191.5)	(17.0, 370.5)	(18.0, 653.0)	(19.0, 1076.5)	(20.0, 1703.0)	(21.0, 2772.5)	(22.0, 4219.5)	(23.0, 6339.5)	(24.0, 9259.0)	(25.0, 13060.5)	(26.0, 17630.0)	(27.0, 23641.0)	(28.0, 31088.5)	(29.0, 39800.0)	(30.0, 51617.0)	(31.0, 67252.0)	(32.0, 86191.0)	(33.0, 110730.0)	(34.0, 145140.0)	(35.0, 191107.0)	(36.0, 258238.0)	(37.0, 348557.0)	(38.0, 461412.0)	(39.0, 596609.0)	(40.0, 748765.5)	(41.0, 915657.5)	(42.0, 1096285.5)	(43.0, 1284724.5)	(44.0, 1467054.0)	(45.0, 1659188.0)	(46.0, 1848377.0)	(47.0, 2016269.5)	(48.0, 2188242.0)	(49.0, 2347654.0)	(50.0, 2467563.0)	(51.0, 2578158.0)	(52.0, 2686276.0)	(53.0, 2750851.0)	(54.0, 2762523.5)	(55.0, 2737848.5)	(56.0, 2654515.0)	(57.0, 2519099.5)	(58.0, 2365389.0)	(59.0, 2171352.0)	(60.0, 1928934.0)	(61.0, 1666591.0)	(62.0, 1402592.5)	(63.0, 1149902.0)	(64.0, 921324.5)	(65.0, 716651.5)	(66.0, 552857.0)	(67.0, 436010.0)	(68.0, 341727.0)	(69.0, 265240.0)	(70.0, 205669.0)	(71.0, 159184.0)	(72.0, 130221.5)	(73.0, 107105.0)	(74.0, 83664.0)	(75.0, 65911.5)	(76.0, 53068.5)	(77.0, 40460.5)	(78.0, 28048.0)	(79.0, 18787.5)	(80.0, 12865.0)	(81.0, 8949.0)	(82.0, 5875.5)	(83.0, 3252.5)	(84.0, 1651.0)	(85.0, 938.0)	(86.0, 536.5)	(87.0, 331.0)	(88.0, 223.5)	(89.0, 168.0)	(90.0, 139.5)	(91.0, 117.5)	(92.0, 111.0)	(93.0, 106.0)	(94.0, 103.5)	(95.0, 109.0)	(96.0, 99.5)	(97.0, 80.5)	(98.0, 62.0)	(99.0, 35.5)	(100.0, 18.5)
fastqc_fastp_trim | SRR30333751_2	(0.0, 141.0)	(1.0, 80.5)	(2.0, 13.5)	(3.0, 8.0)	(4.0, 9.0)	(5.0, 8.5)	(6.0, 9.5)	(7.0, 10.0)	(8.0, 13.0)	(9.0, 17.5)	(10.0, 18.5)	(11.0, 21.5)	(12.0, 28.0)	(13.0, 37.0)	(14.0, 61.5)	(15.0, 98.5)	(16.0, 174.5)	(17.0, 285.0)	(18.0, 411.0)	(19.0, 673.5)	(20.0, 1183.5)	(21.0, 1930.0)	(22.0, 2994.0)	(23.0, 4274.5)	(24.0, 5829.0)	(25.0, 8103.5)	(26.0, 11322.5)	(27.0, 15881.0)	(28.0, 21150.5)	(29.0, 27880.5)	(30.0, 37288.5)	(31.0, 50634.5)	(32.0, 69783.5)	(33.0, 95103.5)	(34.0, 131147.5)	(35.0, 183372.0)	(36.0, 259777.0)	(37.0, 360372.5)	(38.0, 484908.5)	(39.0, 636134.0)	(40.0, 799359.5)	(41.0, 970675.0)	(42.0, 1153472.5)	(43.0, 1327958.0)	(44.0, 1495634.5)	(45.0, 1680135.0)	(46.0, 1852387.5)	(47.0, 1996650.0)	(48.0, 2145294.5)	(49.0, 2288108.5)	(50.0, 2411374.5)	(51.0, 2522210.5)	(52.0, 2619271.5)	(53.0, 2688972.5)	(54.0, 2705233.5)	(55.0, 2673603.0)	(56.0, 2590855.5)	(57.0, 2462374.0)	(58.0, 2303572.0)	(59.0, 2100455.5)	(60.0, 1867723.0)	(61.0, 1640460.0)	(62.0, 1409205.0)	(63.0, 1163177.5)	(64.0, 937307.5)	(65.0, 748457.0)	(66.0, 601735.0)	(67.0, 485906.5)	(68.0, 386762.5)	(69.0, 310097.0)	(70.0, 249939.0)	(71.0, 203044.5)	(72.0, 168615.5)	(73.0, 138720.0)	(74.0, 113663.5)	(75.0, 94334.0)	(76.0, 76136.5)	(77.0, 58482.0)	(78.0, 42317.0)	(79.0, 28886.0)	(80.0, 19023.5)	(81.0, 12885.5)	(82.0, 8700.0)	(83.0, 5071.5)	(84.0, 2869.0)	(85.0, 1942.5)	(86.0, 1715.0)	(87.0, 1651.0)	(88.0, 1756.5)	(89.0, 2010.5)	(90.0, 2274.5)	(91.0, 2547.5)	(92.0, 2823.5)	(93.0, 3063.5)	(94.0, 3287.5)	(95.0, 3666.5)	(96.0, 4239.5)	(97.0, 5194.5)	(98.0, 6486.0)	(99.0, 7103.0)	(100.0, 13010.0)
fastqc_fastp_trim | SRR30333752_1	(0.0, 30.0)	(1.0, 17.5)	(2.0, 6.5)	(3.0, 7.0)	(4.0, 6.0)	(5.0, 6.5)	(6.0, 9.0)	(7.0, 8.0)	(8.0, 4.5)	(9.0, 7.0)	(10.0, 11.5)	(11.0, 17.0)	(12.0, 23.0)	(13.0, 32.0)	(14.0, 59.5)	(15.0, 105.0)	(16.0, 219.0)	(17.0, 449.0)	(18.0, 754.5)	(19.0, 1253.5)	(20.0, 2079.5)	(21.0, 3382.0)	(22.0, 5159.0)	(23.0, 7741.5)	(24.0, 11362.5)	(25.0, 16122.0)	(26.0, 21918.0)	(27.0, 29440.5)	(28.0, 38614.0)	(29.0, 49466.0)	(30.0, 64133.0)	(31.0, 84367.0)	(32.0, 109274.0)	(33.0, 142371.0)	(34.0, 189777.0)	(35.0, 252626.0)	(36.0, 341003.5)	(37.0, 452579.5)	(38.0, 582775.0)	(39.0, 730618.0)	(40.0, 888131.0)	(41.0, 1052922.5)	(42.0, 1226765.5)	(43.0, 1408516.5)	(44.0, 1585218.5)	(45.0, 1771861.0)	(46.0, 1955462.5)	(47.0, 2117671.5)	(48.0, 2288393.0)	(49.0, 2447891.5)	(50.0, 2569071.5)	(51.0, 2688663.0)	(52.0, 2804571.0)	(53.0, 2876263.5)	(54.0, 2892655.5)	(55.0, 2871224.0)	(56.0, 2799160.5)	(57.0, 2666325.0)	(58.0, 2503247.5)	(59.0, 2302815.0)	(60.0, 2056409.5)	(61.0, 1785966.0)	(62.0, 1508861.5)	(63.0, 1242569.5)	(64.0, 1000130.5)	(65.0, 781516.0)	(66.0, 605815.0)	(67.0, 482933.0)	(68.0, 383232.5)	(69.0, 298896.0)	(70.0, 233906.0)	(71.0, 182079.5)	(72.0, 152006.0)	(73.0, 127900.0)	(74.0, 98328.5)	(75.0, 76126.5)	(76.0, 63088.5)	(77.0, 49286.0)	(78.0, 32938.5)	(79.0, 21407.0)	(80.0, 15893.0)	(81.0, 13040.5)	(82.0, 9835.5)	(83.0, 5667.5)	(84.0, 2902.0)	(85.0, 1685.5)	(86.0, 926.0)	(87.0, 484.0)	(88.0, 289.5)	(89.0, 225.5)	(90.0, 197.5)	(91.0, 145.5)	(92.0, 110.5)	(93.0, 104.5)	(94.0, 109.5)	(95.0, 108.5)	(96.0, 95.5)	(97.0, 78.0)	(98.0, 54.5)	(99.0, 34.0)	(100.0, 18.0)
fastqc_fastp_trim | SRR30333752_2	(0.0, 142.0)	(1.0, 76.0)	(2.0, 8.0)	(3.0, 7.5)	(4.0, 7.5)	(5.0, 6.0)	(6.0, 7.0)	(7.0, 6.5)	(8.0, 4.0)	(9.0, 11.0)	(10.0, 18.5)	(11.0, 21.5)	(12.0, 24.0)	(13.0, 38.5)	(14.0, 67.0)	(15.0, 116.5)	(16.0, 190.5)	(17.0, 312.5)	(18.0, 491.0)	(19.0, 808.5)	(20.0, 1347.0)	(21.0, 2222.5)	(22.0, 3617.5)	(23.0, 5375.0)	(24.0, 7357.5)	(25.0, 10063.0)	(26.0, 14129.5)	(27.0, 19978.5)	(28.0, 26949.0)	(29.0, 35675.5)	(30.0, 48486.5)	(31.0, 67318.0)	(32.0, 94680.0)	(33.0, 131171.0)	(34.0, 182309.5)	(35.0, 252722.5)	(36.0, 350838.5)	(37.0, 471989.5)	(38.0, 609932.5)	(39.0, 768655.0)	(40.0, 933723.0)	(41.0, 1100688.5)	(42.0, 1275450.0)	(43.0, 1442381.5)	(44.0, 1604391.0)	(45.0, 1788220.0)	(46.0, 1961708.5)	(47.0, 2105384.5)	(48.0, 2255746.0)	(49.0, 2398881.5)	(50.0, 2518493.0)	(51.0, 2636655.0)	(52.0, 2741622.0)	(53.0, 2813574.0)	(54.0, 2832076.5)	(55.0, 2802462.5)	(56.0, 2729018.0)	(57.0, 2600112.0)	(58.0, 2433755.0)	(59.0, 2222027.0)	(60.0, 1980139.5)	(61.0, 1747892.0)	(62.0, 1508337.0)	(63.0, 1249128.0)	(64.0, 1011500.5)	(65.0, 815025.5)	(66.0, 661068.0)	(67.0, 539357.0)	(68.0, 431835.5)	(69.0, 349080.5)	(70.0, 285798.0)	(71.0, 232908.5)	(72.0, 193987.0)	(73.0, 159579.0)	(74.0, 130369.5)	(75.0, 107725.0)	(76.0, 86858.5)	(77.0, 68828.0)	(78.0, 50048.0)	(79.0, 33085.0)	(80.0, 22497.5)	(81.0, 17504.5)	(82.0, 13167.5)	(83.0, 7640.5)	(84.0, 3966.5)	(85.0, 2420.5)	(86.0, 1886.5)	(87.0, 1629.5)	(88.0, 1629.0)	(89.0, 1730.0)	(90.0, 1882.5)	(91.0, 2096.0)	(92.0, 2296.5)	(93.0, 2591.5)	(94.0, 2951.0)	(95.0, 3358.5)	(96.0, 4135.5)	(97.0, 5520.5)	(98.0, 7238.0)	(99.0, 8136.5)	(100.0, 16125.0)
fastqc_fastp_trim | SRR30333753_1	(0.0, 51.0)	(1.0, 38.5)	(2.0, 22.0)	(3.0, 19.0)	(4.0, 19.0)	(5.0, 14.0)	(6.0, 9.5)	(7.0, 7.0)	(8.0, 10.0)	(9.0, 11.0)	(10.0, 10.5)	(11.0, 14.0)	(12.0, 18.0)	(13.0, 40.5)	(14.0, 59.0)	(15.0, 84.5)	(16.0, 152.5)	(17.0, 274.5)	(18.0, 493.0)	(19.0, 859.0)	(20.0, 1440.0)	(21.0, 2348.5)	(22.0, 3618.5)	(23.0, 5562.5)	(24.0, 8336.5)	(25.0, 11735.0)	(26.0, 15505.0)	(27.0, 20954.0)	(28.0, 28110.5)	(29.0, 36418.0)	(30.0, 47496.0)	(31.0, 60612.0)	(32.0, 75557.0)	(33.0, 94993.5)	(34.0, 122315.5)	(35.0, 154602.0)	(36.0, 194373.0)	(37.0, 240583.5)	(38.0, 292082.5)	(39.0, 355471.5)	(40.0, 429009.0)	(41.0, 513204.0)	(42.0, 618439.0)	(43.0, 748160.5)	(44.0, 896260.5)	(45.0, 1053773.0)	(46.0, 1195165.0)	(47.0, 1326988.0)	(48.0, 1463071.5)	(49.0, 1585260.0)	(50.0, 1690564.5)	(51.0, 1801120.5)	(52.0, 1913159.5)	(53.0, 1991939.0)	(54.0, 2032302.5)	(55.0, 2052963.5)	(56.0, 2028952.5)	(57.0, 1952209.0)	(58.0, 1847745.0)	(59.0, 1710473.0)	(60.0, 1538801.0)	(61.0, 1345638.0)	(62.0, 1146958.0)	(63.0, 959667.0)	(64.0, 780002.0)	(65.0, 611638.0)	(66.0, 477639.5)	(67.0, 381283.5)	(68.0, 306943.5)	(69.0, 245245.5)	(70.0, 197507.5)	(71.0, 161046.5)	(72.0, 139780.0)	(73.0, 121050.0)	(74.0, 97096.0)	(75.0, 79521.0)	(76.0, 68870.5)	(77.0, 54810.0)	(78.0, 37659.5)	(79.0, 26179.5)	(80.0, 20195.5)	(81.0, 15934.0)	(82.0, 11524.0)	(83.0, 6754.5)	(84.0, 3434.5)	(85.0, 1921.5)	(86.0, 1017.0)	(87.0, 519.5)	(88.0, 301.5)	(89.0, 189.0)	(90.0, 137.5)	(91.0, 110.5)	(92.0, 90.0)	(93.0, 74.5)	(94.0, 71.0)	(95.0, 72.0)	(96.0, 67.0)	(97.0, 59.5)	(98.0, 53.5)	(99.0, 35.5)	(100.0, 19.0)
fastqc_fastp_trim | SRR30333753_2	(0.0, 372.0)	(1.0, 210.0)	(2.0, 34.0)	(3.0, 18.5)	(4.0, 19.5)	(5.0, 18.5)	(6.0, 15.5)	(7.0, 14.0)	(8.0, 10.0)	(9.0, 14.0)	(10.0, 23.0)	(11.0, 22.0)	(12.0, 23.0)	(13.0, 29.5)	(14.0, 53.0)	(15.0, 83.5)	(16.0, 108.0)	(17.0, 184.5)	(18.0, 336.5)	(19.0, 553.5)	(20.0, 1030.0)	(21.0, 1786.0)	(22.0, 2854.0)	(23.0, 4077.0)	(24.0, 5543.0)	(25.0, 7507.5)	(26.0, 10250.0)	(27.0, 14239.5)	(28.0, 18757.0)	(29.0, 24596.0)	(30.0, 32949.5)	(31.0, 44157.0)	(32.0, 58249.0)	(33.0, 75274.5)	(34.0, 96343.5)	(35.0, 122630.0)	(36.0, 158965.0)	(37.0, 206726.5)	(38.0, 270986.5)	(39.0, 354642.0)	(40.0, 447511.5)	(41.0, 552810.5)	(42.0, 677851.0)	(43.0, 809788.0)	(44.0, 948696.5)	(45.0, 1102979.5)	(46.0, 1236919.5)	(47.0, 1350082.0)	(48.0, 1467293.0)	(49.0, 1577993.5)	(50.0, 1678649.0)	(51.0, 1782831.5)	(52.0, 1882627.5)	(53.0, 1963407.0)	(54.0, 2010183.0)	(55.0, 2014540.0)	(56.0, 1977164.0)	(57.0, 1900551.0)	(58.0, 1795781.0)	(59.0, 1654196.5)	(60.0, 1487234.5)	(61.0, 1315771.5)	(62.0, 1136882.5)	(63.0, 946834.0)	(64.0, 768172.5)	(65.0, 621704.0)	(66.0, 506009.5)	(67.0, 412518.5)	(68.0, 333199.5)	(69.0, 272091.0)	(70.0, 227120.0)	(71.0, 190114.0)	(72.0, 162668.5)	(73.0, 138328.5)	(74.0, 116892.5)	(75.0, 100612.5)	(76.0, 85534.5)	(77.0, 71156.5)	(78.0, 54658.0)	(79.0, 38210.0)	(80.0, 26703.5)	(81.0, 20761.5)	(82.0, 15674.5)	(83.0, 9140.0)	(84.0, 4477.5)	(85.0, 2460.0)	(86.0, 1848.5)	(87.0, 1548.0)	(88.0, 1490.5)	(89.0, 1590.0)	(90.0, 1708.5)	(91.0, 1845.5)	(92.0, 2036.5)	(93.0, 2245.5)	(94.0, 2418.5)	(95.0, 2657.5)	(96.0, 3155.0)	(97.0, 4118.0)	(98.0, 5227.0)	(99.0, 5691.0)	(100.0, 9147.0)
fastqc_fastp_trim | SRR30333754_1	(0.0, 80.0)	(1.0, 50.5)	(2.0, 20.5)	(3.0, 18.0)	(4.0, 18.0)	(5.0, 16.5)	(6.0, 13.5)	(7.0, 13.5)	(8.0, 12.5)	(9.0, 13.0)	(10.0, 15.5)	(11.0, 20.5)	(12.0, 30.5)	(13.0, 49.5)	(14.0, 73.0)	(15.0, 118.5)	(16.0, 224.0)	(17.0, 419.0)	(18.0, 730.0)	(19.0, 1201.0)	(20.0, 2004.0)	(21.0, 3337.0)	(22.0, 5201.5)	(23.0, 8021.5)	(24.0, 11808.0)	(25.0, 16641.5)	(26.0, 22520.5)	(27.0, 30541.5)	(28.0, 40238.5)	(29.0, 51555.5)	(30.0, 67063.5)	(31.0, 84740.5)	(32.0, 105150.5)	(33.0, 132268.0)	(34.0, 168795.0)	(35.0, 210448.0)	(36.0, 260978.0)	(37.0, 320002.5)	(38.0, 384569.5)	(39.0, 460906.0)	(40.0, 549106.5)	(41.0, 649887.5)	(42.0, 774475.0)	(43.0, 929869.5)	(44.0, 1107726.5)	(45.0, 1297720.5)	(46.0, 1469652.0)	(47.0, 1632717.0)	(48.0, 1805633.0)	(49.0, 1962801.5)	(50.0, 2097110.5)	(51.0, 2234861.0)	(52.0, 2376295.0)	(53.0, 2476700.5)	(54.0, 2526143.0)	(55.0, 2552619.5)	(56.0, 2524045.5)	(57.0, 2434137.5)	(58.0, 2311415.5)	(59.0, 2148244.5)	(60.0, 1937750.0)	(61.0, 1694535.0)	(62.0, 1453097.0)	(63.0, 1224922.0)	(64.0, 999896.0)	(65.0, 787698.0)	(66.0, 616415.5)	(67.0, 492676.5)	(68.0, 397513.0)	(69.0, 318498.0)	(70.0, 259130.0)	(71.0, 212790.0)	(72.0, 181617.5)	(73.0, 156000.5)	(74.0, 128122.0)	(75.0, 106391.5)	(76.0, 90648.0)	(77.0, 72293.0)	(78.0, 51045.0)	(79.0, 35589.0)	(80.0, 26378.5)	(81.0, 20191.0)	(82.0, 14189.5)	(83.0, 7839.5)	(84.0, 3875.0)	(85.0, 2185.0)	(86.0, 1116.0)	(87.0, 573.0)	(88.0, 360.0)	(89.0, 241.0)	(90.0, 181.0)	(91.0, 153.5)	(92.0, 149.0)	(93.0, 153.5)	(94.0, 152.5)	(95.0, 152.5)	(96.0, 148.5)	(97.0, 125.5)	(98.0, 101.5)	(99.0, 56.5)	(100.0, 23.5)
fastqc_fastp_trim | SRR30333754_2	(0.0, 630.0)	(1.0, 349.5)	(2.0, 51.5)	(3.0, 27.5)	(4.0, 18.5)	(5.0, 13.5)	(6.0, 11.5)	(7.0, 15.5)	(8.0, 16.0)	(9.0, 15.0)	(10.0, 19.0)	(11.0, 23.5)	(12.0, 33.0)	(13.0, 42.0)	(14.0, 63.5)	(15.0, 105.5)	(16.0, 164.0)	(17.0, 268.0)	(18.0, 480.0)	(19.0, 782.0)	(20.0, 1454.5)	(21.0, 2505.5)	(22.0, 3956.0)	(23.0, 5744.5)	(24.0, 7717.5)	(25.0, 10454.5)	(26.0, 14577.5)	(27.0, 20085.0)	(28.0, 26115.5)	(29.0, 33875.0)	(30.0, 45283.0)	(31.0, 60624.5)	(32.0, 79533.0)	(33.0, 101389.5)	(34.0, 128115.5)	(35.0, 162816.0)	(36.0, 209197.0)	(37.0, 269750.0)	(38.0, 349052.0)	(39.0, 448884.5)	(40.0, 559917.5)	(41.0, 689161.0)	(42.0, 844231.0)	(43.0, 1004765.0)	(44.0, 1176423.5)	(45.0, 1368995.5)	(46.0, 1533983.0)	(47.0, 1674291.0)	(48.0, 1824042.5)	(49.0, 1965588.0)	(50.0, 2097760.5)	(51.0, 2231495.5)	(52.0, 2346822.0)	(53.0, 2440328.0)	(54.0, 2496612.0)	(55.0, 2504492.5)	(56.0, 2468296.0)	(57.0, 2382391.5)	(58.0, 2253876.0)	(59.0, 2079040.0)	(60.0, 1870617.0)	(61.0, 1657854.5)	(62.0, 1436278.0)	(63.0, 1200410.5)	(64.0, 980547.5)	(65.0, 793508.5)	(66.0, 645203.5)	(67.0, 528056.5)	(68.0, 429532.0)	(69.0, 351206.5)	(70.0, 291258.5)	(71.0, 244749.0)	(72.0, 210827.0)	(73.0, 179626.5)	(74.0, 152640.0)	(75.0, 131927.0)	(76.0, 111146.0)	(77.0, 92220.0)	(78.0, 71359.0)	(79.0, 49777.0)	(80.0, 34135.5)	(81.0, 25551.5)	(82.0, 18904.5)	(83.0, 11163.0)	(84.0, 5630.5)	(85.0, 3271.5)	(86.0, 2633.0)	(87.0, 2413.5)	(88.0, 2493.0)	(89.0, 2727.0)	(90.0, 3085.5)	(91.0, 3463.0)	(92.0, 3853.0)	(93.0, 4271.0)	(94.0, 4566.5)	(95.0, 4922.5)	(96.0, 5600.0)	(97.0, 6838.5)	(98.0, 8464.5)	(99.0, 9137.5)	(100.0, 15716.0)
fastqc_fastp_trim | SRR30333755_1	(0.0, 83.0)	(1.0, 53.5)	(2.0, 22.0)	(3.0, 17.5)	(4.0, 17.5)	(5.0, 16.0)	(6.0, 9.0)	(7.0, 8.0)	(8.0, 12.5)	(9.0, 12.5)	(10.0, 12.0)	(11.0, 16.5)	(12.0, 20.0)	(13.0, 33.5)	(14.0, 67.0)	(15.0, 108.0)	(16.0, 188.5)	(17.0, 349.5)	(18.0, 593.5)	(19.0, 973.0)	(20.0, 1561.0)	(21.0, 2647.5)	(22.0, 4228.0)	(23.0, 6480.5)	(24.0, 9552.0)	(25.0, 13387.0)	(26.0, 17940.0)	(27.0, 24481.0)	(28.0, 32679.5)	(29.0, 42099.0)	(30.0, 54938.0)	(31.0, 69667.0)	(32.0, 87038.0)	(33.0, 109237.0)	(34.0, 139871.0)	(35.0, 175749.0)	(36.0, 217347.0)	(37.0, 266085.5)	(38.0, 319962.5)	(39.0, 383739.0)	(40.0, 456403.5)	(41.0, 537661.0)	(42.0, 637632.5)	(43.0, 762135.0)	(44.0, 907768.5)	(45.0, 1062526.5)	(46.0, 1200522.0)	(47.0, 1329713.0)	(48.0, 1462919.0)	(49.0, 1583163.0)	(50.0, 1683241.0)	(51.0, 1787487.0)	(52.0, 1894213.0)	(53.0, 1967048.5)	(54.0, 1998527.0)	(55.0, 2008863.5)	(56.0, 1978459.0)	(57.0, 1901057.5)	(58.0, 1796178.5)	(59.0, 1658096.5)	(60.0, 1489983.5)	(61.0, 1302138.0)	(62.0, 1112002.5)	(63.0, 930996.5)	(64.0, 756750.5)	(65.0, 596537.5)	(66.0, 468062.5)	(67.0, 377163.5)	(68.0, 306693.0)	(69.0, 246411.0)	(70.0, 200283.5)	(71.0, 165408.5)	(72.0, 144936.5)	(73.0, 126270.0)	(74.0, 103251.0)	(75.0, 86383.5)	(76.0, 76979.0)	(77.0, 61638.0)	(78.0, 40517.5)	(79.0, 27624.5)	(80.0, 21861.5)	(81.0, 17859.0)	(82.0, 13503.5)	(83.0, 7931.0)	(84.0, 3944.5)	(85.0, 2265.0)	(86.0, 1209.0)	(87.0, 654.5)	(88.0, 395.0)	(89.0, 248.0)	(90.0, 184.0)	(91.0, 152.5)	(92.0, 137.5)	(93.0, 114.5)	(94.0, 88.0)	(95.0, 84.0)	(96.0, 74.5)	(97.0, 57.5)	(98.0, 50.0)	(99.0, 32.5)	(100.0, 15.0)
fastqc_fastp_trim | SRR30333755_2	(0.0, 451.0)	(1.0, 253.0)	(2.0, 35.5)	(3.0, 15.0)	(4.0, 15.5)	(5.0, 17.0)	(6.0, 12.0)	(7.0, 12.0)	(8.0, 17.0)	(9.0, 11.5)	(10.0, 8.0)	(11.0, 12.0)	(12.0, 24.5)	(13.0, 39.5)	(14.0, 54.0)	(15.0, 86.5)	(16.0, 160.0)	(17.0, 248.5)	(18.0, 382.5)	(19.0, 605.0)	(20.0, 1161.0)	(21.0, 2082.5)	(22.0, 3313.5)	(23.0, 4726.5)	(24.0, 6435.0)	(25.0, 8665.5)	(26.0, 12070.0)	(27.0, 16766.5)	(28.0, 21771.5)	(29.0, 28372.5)	(30.0, 37968.5)	(31.0, 50775.5)	(32.0, 66391.5)	(33.0, 85052.0)	(34.0, 107492.5)	(35.0, 135198.0)	(36.0, 173389.5)	(37.0, 223783.5)	(38.0, 289892.0)	(39.0, 373244.5)	(40.0, 465757.5)	(41.0, 570937.5)	(42.0, 693806.0)	(43.0, 821218.0)	(44.0, 958021.5)	(45.0, 1113343.5)	(46.0, 1248680.5)	(47.0, 1359834.0)	(48.0, 1475537.0)	(49.0, 1585458.5)	(50.0, 1680723.5)	(51.0, 1778131.0)	(52.0, 1871687.5)	(53.0, 1945686.0)	(54.0, 1981789.5)	(55.0, 1977324.5)	(56.0, 1939739.5)	(57.0, 1864400.5)	(58.0, 1757259.0)	(59.0, 1613718.0)	(60.0, 1446296.0)	(61.0, 1279593.0)	(62.0, 1104008.5)	(63.0, 917400.0)	(64.0, 746484.5)	(65.0, 604998.5)	(66.0, 493590.0)	(67.0, 404187.0)	(68.0, 327987.0)	(69.0, 269599.5)	(70.0, 226387.0)	(71.0, 190025.0)	(72.0, 164557.0)	(73.0, 141185.5)	(74.0, 120082.0)	(75.0, 103932.5)	(76.0, 87785.0)	(77.0, 73569.5)	(78.0, 56428.5)	(79.0, 38319.5)	(80.0, 26869.5)	(81.0, 21733.5)	(82.0, 16984.5)	(83.0, 10040.5)	(84.0, 4805.5)	(85.0, 2577.5)	(86.0, 1989.5)	(87.0, 1701.5)	(88.0, 1580.0)	(89.0, 1579.0)	(90.0, 1708.5)	(91.0, 1951.5)	(92.0, 2170.5)	(93.0, 2368.0)	(94.0, 2522.5)	(95.0, 2706.5)	(96.0, 3102.0)	(97.0, 3809.5)	(98.0, 4790.0)	(99.0, 5073.5)	(100.0, 7305.5)
fastqc_fastp_trim | SRR30333756_1	(0.0, 114.0)	(1.0, 76.0)	(2.0, 28.5)	(3.0, 19.5)	(4.0, 27.0)	(5.0, 26.0)	(6.0, 21.5)	(7.0, 20.5)	(8.0, 13.0)	(9.0, 14.5)	(10.0, 20.0)	(11.0, 24.5)	(12.0, 36.0)	(13.0, 69.0)	(14.0, 108.0)	(15.0, 157.0)	(16.0, 282.5)	(17.0, 545.5)	(18.0, 972.5)	(19.0, 1655.0)	(20.0, 2800.5)	(21.0, 4742.0)	(22.0, 7387.5)	(23.0, 11237.5)	(24.0, 16573.0)	(25.0, 23253.0)	(26.0, 31335.5)	(27.0, 42195.5)	(28.0, 55595.0)	(29.0, 71202.5)	(30.0, 91023.0)	(31.0, 114261.0)	(32.0, 141148.5)	(33.0, 175874.0)	(34.0, 223538.0)	(35.0, 276000.0)	(36.0, 337651.0)	(37.0, 406064.5)	(38.0, 475532.5)	(39.0, 553992.0)	(40.0, 640921.5)	(41.0, 734152.0)	(42.0, 844492.0)	(43.0, 982589.5)	(44.0, 1138629.5)	(45.0, 1306111.5)	(46.0, 1455965.5)	(47.0, 1597645.5)	(48.0, 1745788.5)	(49.0, 1878692.0)	(50.0, 1993746.5)	(51.0, 2111031.0)	(52.0, 2235056.0)	(53.0, 2324407.0)	(54.0, 2367404.5)	(55.0, 2389951.0)	(56.0, 2364993.0)	(57.0, 2280172.5)	(58.0, 2161854.5)	(59.0, 2009425.5)	(60.0, 1811482.5)	(61.0, 1579939.0)	(62.0, 1350021.5)	(63.0, 1133156.5)	(64.0, 921708.0)	(65.0, 722944.0)	(66.0, 563219.5)	(67.0, 449401.5)	(68.0, 359266.0)	(69.0, 284437.5)	(70.0, 228150.0)	(71.0, 183966.0)	(72.0, 155687.5)	(73.0, 131669.0)	(74.0, 103978.0)	(75.0, 82956.5)	(76.0, 68448.5)	(77.0, 51569.5)	(78.0, 33288.5)	(79.0, 21140.5)	(80.0, 14660.0)	(81.0, 10775.5)	(82.0, 7292.0)	(83.0, 3571.0)	(84.0, 1404.5)	(85.0, 707.0)	(86.0, 326.0)	(87.0, 149.0)	(88.0, 86.5)	(89.0, 64.5)	(90.0, 69.0)	(91.0, 67.5)	(92.0, 66.0)	(93.0, 79.0)	(94.0, 94.0)	(95.0, 94.5)	(96.0, 90.0)	(97.0, 99.5)	(98.0, 97.5)	(99.0, 56.0)	(100.0, 19.5)
fastqc_fastp_trim | SRR30333756_2	(0.0, 835.0)	(1.0, 464.5)	(2.0, 72.0)	(3.0, 35.0)	(4.0, 20.5)	(5.0, 22.0)	(6.0, 18.5)	(7.0, 19.5)	(8.0, 26.5)	(9.0, 23.5)	(10.0, 23.5)	(11.0, 30.5)	(12.0, 45.5)	(13.0, 60.5)	(14.0, 73.0)	(15.0, 131.5)	(16.0, 245.5)	(17.0, 393.0)	(18.0, 640.0)	(19.0, 1063.5)	(20.0, 2067.5)	(21.0, 3683.5)	(22.0, 5699.0)	(23.0, 8102.0)	(24.0, 10976.5)	(25.0, 14712.5)	(26.0, 20390.5)	(27.0, 28365.0)	(28.0, 36726.5)	(29.0, 47360.5)	(30.0, 62667.0)	(31.0, 83195.5)	(32.0, 108096.0)	(33.0, 136376.0)	(34.0, 170401.0)	(35.0, 212173.0)	(36.0, 267225.5)	(37.0, 338624.5)	(38.0, 428953.0)	(39.0, 539458.5)	(40.0, 656223.0)	(41.0, 781942.5)	(42.0, 926248.5)	(43.0, 1071847.0)	(44.0, 1222122.5)	(45.0, 1388773.5)	(46.0, 1528644.5)	(47.0, 1642541.5)	(48.0, 1768217.0)	(49.0, 1884615.5)	(50.0, 1992767.5)	(51.0, 2107915.0)	(52.0, 2209324.0)	(53.0, 2291005.5)	(54.0, 2336335.0)	(55.0, 2342053.5)	(56.0, 2309039.0)	(57.0, 2227712.5)	(58.0, 2105948.5)	(59.0, 1939684.0)	(60.0, 1744599.0)	(61.0, 1545777.5)	(62.0, 1336730.5)	(63.0, 1113300.0)	(64.0, 905738.0)	(65.0, 731405.5)	(66.0, 597071.5)	(67.0, 489361.0)	(68.0, 394743.5)	(69.0, 321672.5)	(70.0, 264820.5)	(71.0, 220106.5)	(72.0, 186836.5)	(73.0, 157135.5)	(74.0, 131451.5)	(75.0, 109746.5)	(76.0, 88432.0)	(77.0, 70002.5)	(78.0, 51225.5)	(79.0, 33059.0)	(80.0, 20641.5)	(81.0, 14256.0)	(82.0, 10078.0)	(83.0, 5765.5)	(84.0, 2886.0)	(85.0, 1799.5)	(86.0, 1750.0)	(87.0, 1860.5)	(88.0, 2080.0)	(89.0, 2382.0)	(90.0, 2747.5)	(91.0, 3150.0)	(92.0, 3513.5)	(93.0, 3811.0)	(94.0, 4145.5)	(95.0, 4688.0)	(96.0, 5715.0)	(97.0, 7440.0)	(98.0, 9641.0)	(99.0, 11014.5)	(100.0, 19035.0)
fastqc_fastp_trim | SRR30333757_1	(0.0, 16.0)	(1.0, 17.5)	(2.0, 20.0)	(3.0, 26.5)	(4.0, 32.0)	(5.0, 38.5)	(6.0, 42.0)	(7.0, 38.5)	(8.0, 43.0)	(9.0, 48.0)	(10.0, 51.0)	(11.0, 73.5)	(12.0, 117.0)	(13.0, 178.5)	(14.0, 279.0)	(15.0, 445.5)	(16.0, 754.0)	(17.0, 1303.5)	(18.0, 2083.5)	(19.0, 3288.5)	(20.0, 5566.0)	(21.0, 9044.5)	(22.0, 13711.5)	(23.0, 20703.5)	(24.0, 30983.0)	(25.0, 46614.0)	(26.0, 67032.0)	(27.0, 93074.0)	(28.0, 127413.0)	(29.0, 172444.0)	(30.0, 225632.0)	(31.0, 282655.0)	(32.0, 351422.5)	(33.0, 434725.0)	(34.0, 523281.5)	(35.0, 606178.5)	(36.0, 706236.5)	(37.0, 819083.0)	(38.0, 908091.5)	(39.0, 986517.0)	(40.0, 1058293.5)	(41.0, 1131703.0)	(42.0, 1209962.0)	(43.0, 1287340.5)	(44.0, 1371406.0)	(45.0, 1467708.0)	(46.0, 1553725.0)	(47.0, 1624540.0)	(48.0, 1714079.5)	(49.0, 1796415.0)	(50.0, 1848681.0)	(51.0, 1899950.0)	(52.0, 1948177.0)	(53.0, 1970071.0)	(54.0, 1957030.5)	(55.0, 1919259.5)	(56.0, 1849581.5)	(57.0, 1735303.5)	(58.0, 1601809.5)	(59.0, 1450608.0)	(60.0, 1275701.0)	(61.0, 1085972.0)	(62.0, 900087.0)	(63.0, 733850.0)	(64.0, 580187.0)	(65.0, 440084.0)	(66.0, 330975.0)	(67.0, 254446.0)	(68.0, 193641.5)	(69.0, 144973.5)	(70.0, 108364.5)	(71.0, 79377.0)	(72.0, 61864.5)	(73.0, 49003.5)	(74.0, 34328.5)	(75.0, 23604.0)	(76.0, 17946.5)	(77.0, 13395.5)	(78.0, 8553.0)	(79.0, 5085.5)	(80.0, 3404.0)	(81.0, 2603.5)	(82.0, 2000.5)	(83.0, 1180.0)	(84.0, 571.5)	(85.0, 341.5)	(86.0, 227.0)	(87.0, 132.5)	(88.0, 79.0)	(89.0, 49.5)	(90.0, 34.0)	(91.0, 27.0)	(92.0, 22.0)	(93.0, 18.5)	(94.0, 15.5)	(95.0, 12.0)	(96.0, 7.5)	(97.0, 5.5)	(98.0, 3.5)	(99.0, 1.0)	(100.0, 0.0)
fastqc_fastp_trim | SRR30333757_2	(0.0, 55.0)	(1.0, 80.0)	(2.0, 143.0)	(3.0, 225.5)	(4.0, 301.0)	(5.0, 401.0)	(6.0, 486.0)	(7.0, 519.0)	(8.0, 554.5)	(9.0, 592.5)	(10.0, 617.5)	(11.0, 632.0)	(12.0, 682.5)	(13.0, 751.0)	(14.0, 792.5)	(15.0, 913.0)	(16.0, 1165.5)	(17.0, 1587.5)	(18.0, 2243.5)	(19.0, 3338.0)	(20.0, 5559.0)	(21.0, 9111.5)	(22.0, 14196.5)	(23.0, 21209.0)	(24.0, 31361.5)	(25.0, 45565.5)	(26.0, 66013.0)	(27.0, 94963.5)	(28.0, 129987.0)	(29.0, 174504.5)	(30.0, 229940.0)	(31.0, 297009.0)	(32.0, 374577.0)	(33.0, 455317.0)	(34.0, 534428.0)	(35.0, 617430.5)	(36.0, 717446.5)	(37.0, 819989.0)	(38.0, 904529.0)	(39.0, 982426.0)	(40.0, 1049918.0)	(41.0, 1116868.0)	(42.0, 1197458.5)	(43.0, 1270492.0)	(44.0, 1350215.0)	(45.0, 1454869.0)	(46.0, 1543113.5)	(47.0, 1606493.5)	(48.0, 1683110.0)	(49.0, 1753565.0)	(50.0, 1809037.0)	(51.0, 1863439.0)	(52.0, 1902353.5)	(53.0, 1924182.0)	(54.0, 1914875.5)	(55.0, 1879209.0)	(56.0, 1815618.5)	(57.0, 1712932.5)	(58.0, 1587214.5)	(59.0, 1430705.0)	(60.0, 1255803.5)	(61.0, 1091390.5)	(62.0, 929005.0)	(63.0, 758837.5)	(64.0, 604336.0)	(65.0, 476057.0)	(66.0, 373986.0)	(67.0, 297254.5)	(68.0, 232995.5)	(69.0, 181804.5)	(70.0, 142170.0)	(71.0, 109891.5)	(72.0, 87051.5)	(73.0, 66805.0)	(74.0, 49789.0)	(75.0, 37477.5)	(76.0, 27749.5)	(77.0, 20500.5)	(78.0, 14128.0)	(79.0, 9138.0)	(80.0, 5645.0)	(81.0, 3836.0)	(82.0, 2720.5)	(83.0, 1607.5)	(84.0, 897.5)	(85.0, 525.0)	(86.0, 328.5)	(87.0, 200.5)	(88.0, 130.0)	(89.0, 92.5)	(90.0, 61.0)	(91.0, 44.0)	(92.0, 43.0)	(93.0, 38.0)	(94.0, 30.5)	(95.0, 34.5)	(96.0, 43.5)	(97.0, 56.5)	(98.0, 92.0)	(99.0, 170.5)	(100.0, 476.5)
fastqc_fastp_trim | SRR30333758_1	(0.0, 47.0)	(1.0, 45.0)	(2.0, 43.5)	(3.0, 52.5)	(4.0, 62.0)	(5.0, 54.0)	(6.0, 56.0)	(7.0, 72.0)	(8.0, 77.0)	(9.0, 72.0)	(10.0, 69.5)	(11.0, 88.0)	(12.0, 112.0)	(13.0, 158.0)	(14.0, 256.5)	(15.0, 403.5)	(16.0, 699.0)	(17.0, 1171.0)	(18.0, 1805.0)	(19.0, 2850.5)	(20.0, 4714.5)	(21.0, 7613.5)	(22.0, 11404.5)	(23.0, 16939.5)	(24.0, 25051.0)	(25.0, 35671.0)	(26.0, 48523.0)	(27.0, 66059.0)	(28.0, 89477.5)	(29.0, 122467.5)	(30.0, 164576.0)	(31.0, 210715.0)	(32.0, 268175.0)	(33.0, 340383.0)	(34.0, 422479.5)	(35.0, 505147.5)	(36.0, 601392.5)	(37.0, 706530.0)	(38.0, 789115.0)	(39.0, 862776.0)	(40.0, 929500.0)	(41.0, 995324.5)	(42.0, 1069307.0)	(43.0, 1138645.0)	(44.0, 1214802.0)	(45.0, 1307225.0)	(46.0, 1386122.5)	(47.0, 1451437.5)	(48.0, 1532830.0)	(49.0, 1606153.5)	(50.0, 1657580.0)	(51.0, 1707229.0)	(52.0, 1752779.5)	(53.0, 1776683.0)	(54.0, 1769495.5)	(55.0, 1742521.5)	(56.0, 1684349.5)	(57.0, 1584305.0)	(58.0, 1466463.5)	(59.0, 1332637.5)	(60.0, 1173706.0)	(61.0, 1001033.0)	(62.0, 832887.0)	(63.0, 681314.0)	(64.0, 541597.5)	(65.0, 411110.5)	(66.0, 309411.0)	(67.0, 238995.5)	(68.0, 182199.0)	(69.0, 135439.0)	(70.0, 100881.5)	(71.0, 74110.5)	(72.0, 58651.0)	(73.0, 46594.0)	(74.0, 31656.5)	(75.0, 21271.0)	(76.0, 16630.0)	(77.0, 12691.0)	(78.0, 7486.5)	(79.0, 3964.5)	(80.0, 2628.5)	(81.0, 2168.5)	(82.0, 1765.5)	(83.0, 1024.0)	(84.0, 473.5)	(85.0, 289.0)	(86.0, 181.0)	(87.0, 104.0)	(88.0, 71.0)	(89.0, 50.0)	(90.0, 43.0)	(91.0, 35.5)	(92.0, 25.0)	(93.0, 18.5)	(94.0, 12.5)	(95.0, 13.0)	(96.0, 10.0)	(97.0, 3.5)	(98.0, 2.0)	(99.0, 1.5)	(100.0, 1.0)
fastqc_fastp_trim | SRR30333758_2	(0.0, 103.0)	(1.0, 163.0)	(2.0, 353.5)	(3.0, 613.0)	(4.0, 838.5)	(5.0, 1039.5)	(6.0, 1163.0)	(7.0, 1265.5)	(8.0, 1386.0)	(9.0, 1440.0)	(10.0, 1461.5)	(11.0, 1491.5)	(12.0, 1549.5)	(13.0, 1563.0)	(14.0, 1515.0)	(15.0, 1524.0)	(16.0, 1691.5)	(17.0, 1955.5)	(18.0, 2354.0)	(19.0, 3184.0)	(20.0, 4810.5)	(21.0, 7327.5)	(22.0, 10867.0)	(23.0, 15675.0)	(24.0, 22287.5)	(25.0, 31022.0)	(26.0, 43788.5)	(27.0, 62622.0)	(28.0, 86366.0)	(29.0, 119523.0)	(30.0, 164510.0)	(31.0, 221365.5)	(32.0, 291046.0)	(33.0, 367887.5)	(34.0, 444551.5)	(35.0, 525233.5)	(36.0, 621982.5)	(37.0, 718318.5)	(38.0, 796082.5)	(39.0, 868034.5)	(40.0, 929152.5)	(41.0, 988595.0)	(42.0, 1061384.5)	(43.0, 1126410.5)	(44.0, 1197671.0)	(45.0, 1295069.0)	(46.0, 1375718.5)	(47.0, 1432310.0)	(48.0, 1501171.0)	(49.0, 1563420.5)	(50.0, 1614253.0)	(51.0, 1668537.5)	(52.0, 1708703.0)	(53.0, 1730463.5)	(54.0, 1729065.5)	(55.0, 1701908.5)	(56.0, 1644097.0)	(57.0, 1554370.5)	(58.0, 1443511.5)	(59.0, 1303653.5)	(60.0, 1145861.5)	(61.0, 998612.0)	(62.0, 854510.0)	(63.0, 702153.5)	(64.0, 563459.0)	(65.0, 446318.5)	(66.0, 353012.0)	(67.0, 282012.5)	(68.0, 220946.0)	(69.0, 172985.5)	(70.0, 136260.5)	(71.0, 106109.5)	(72.0, 83796.0)	(73.0, 63340.0)	(74.0, 46331.5)	(75.0, 34383.5)	(76.0, 25162.0)	(77.0, 18206.0)	(78.0, 11964.0)	(79.0, 7279.5)	(80.0, 4320.0)	(81.0, 2950.0)	(82.0, 2130.5)	(83.0, 1212.5)	(84.0, 637.0)	(85.0, 359.5)	(86.0, 231.5)	(87.0, 155.0)	(88.0, 98.5)	(89.0, 67.5)	(90.0, 49.5)	(91.0, 40.5)	(92.0, 31.0)	(93.0, 26.5)	(94.0, 31.5)	(95.0, 31.0)	(96.0, 41.5)	(97.0, 69.0)	(98.0, 115.0)	(99.0, 227.5)	(100.0, 711.5)
fastqc_fastp_trim | SRR30333759_1	(0.0, 33.0)	(1.0, 24.5)	(2.0, 18.5)	(3.0, 19.0)	(4.0, 17.0)	(5.0, 18.5)	(6.0, 19.5)	(7.0, 18.0)	(8.0, 24.0)	(9.0, 29.5)	(10.0, 48.0)	(11.0, 76.0)	(12.0, 109.0)	(13.0, 164.0)	(14.0, 260.5)	(15.0, 434.5)	(16.0, 767.5)	(17.0, 1263.5)	(18.0, 1992.5)	(19.0, 3180.0)	(20.0, 5358.5)	(21.0, 8961.0)	(22.0, 13736.0)	(23.0, 20440.5)	(24.0, 30488.5)	(25.0, 45328.5)	(26.0, 64435.0)	(27.0, 89263.5)	(28.0, 122445.0)	(29.0, 168361.5)	(30.0, 224335.0)	(31.0, 283324.0)	(32.0, 358539.0)	(33.0, 451040.0)	(34.0, 549109.0)	(35.0, 640578.0)	(36.0, 749046.0)	(37.0, 873324.0)	(38.0, 961534.5)	(39.0, 1031111.0)	(40.0, 1093926.5)	(41.0, 1159540.5)	(42.0, 1228925.0)	(43.0, 1293801.5)	(44.0, 1368201.5)	(45.0, 1451675.0)	(46.0, 1519033.5)	(47.0, 1573369.0)	(48.0, 1644442.5)	(49.0, 1704316.0)	(50.0, 1738170.5)	(51.0, 1770847.0)	(52.0, 1800316.0)	(53.0, 1806924.0)	(54.0, 1783412.0)	(55.0, 1736797.5)	(56.0, 1663019.5)	(57.0, 1552905.0)	(58.0, 1426816.0)	(59.0, 1285155.0)	(60.0, 1123418.5)	(61.0, 952517.0)	(62.0, 786318.0)	(63.0, 639513.5)	(64.0, 504755.5)	(65.0, 380075.5)	(66.0, 283793.0)	(67.0, 217832.5)	(68.0, 164800.0)	(69.0, 121608.5)	(70.0, 89945.0)	(71.0, 64793.5)	(72.0, 50530.5)	(73.0, 40370.5)	(74.0, 27621.5)	(75.0, 18424.5)	(76.0, 13842.0)	(77.0, 10251.5)	(78.0, 6286.0)	(79.0, 3515.0)	(80.0, 2301.0)	(81.0, 1819.0)	(82.0, 1407.0)	(83.0, 859.0)	(84.0, 451.5)	(85.0, 260.0)	(86.0, 161.5)	(87.0, 105.0)	(88.0, 67.5)	(89.0, 49.5)	(90.0, 38.0)	(91.0, 24.5)	(92.0, 18.0)	(93.0, 12.5)	(94.0, 8.0)	(95.0, 5.5)	(96.0, 4.0)	(97.0, 3.0)	(98.0, 2.0)	(99.0, 2.0)	(100.0, 2.0)
fastqc_fastp_trim | SRR30333759_2	(0.0, 49.0)	(1.0, 60.0)	(2.0, 92.0)	(3.0, 151.0)	(4.0, 220.0)	(5.0, 268.5)	(6.0, 285.0)	(7.0, 313.0)	(8.0, 350.0)	(9.0, 353.0)	(10.0, 370.0)	(11.0, 396.5)	(12.0, 411.5)	(13.0, 452.5)	(14.0, 536.5)	(15.0, 670.5)	(16.0, 938.0)	(17.0, 1380.5)	(18.0, 2047.0)	(19.0, 3131.0)	(20.0, 5289.0)	(21.0, 8594.5)	(22.0, 13291.5)	(23.0, 20057.5)	(24.0, 29414.5)	(25.0, 42346.5)	(26.0, 61394.0)	(27.0, 88902.5)	(28.0, 122644.5)	(29.0, 167738.0)	(30.0, 225510.5)	(31.0, 298453.0)	(32.0, 386108.5)	(33.0, 477495.5)	(34.0, 564870.5)	(35.0, 655244.5)	(36.0, 764164.0)	(37.0, 871953.5)	(38.0, 953921.5)	(39.0, 1025528.0)	(40.0, 1086036.0)	(41.0, 1142968.0)	(42.0, 1212255.0)	(43.0, 1273575.5)	(44.0, 1340327.0)	(45.0, 1435457.0)	(46.0, 1508603.0)	(47.0, 1551470.0)	(48.0, 1609710.0)	(49.0, 1663325.5)	(50.0, 1700461.0)	(51.0, 1735764.0)	(52.0, 1760254.5)	(53.0, 1768064.0)	(54.0, 1748022.5)	(55.0, 1704180.0)	(56.0, 1635428.5)	(57.0, 1533634.0)	(58.0, 1415074.5)	(59.0, 1270866.0)	(60.0, 1111781.5)	(61.0, 963520.0)	(62.0, 817919.5)	(63.0, 667077.0)	(64.0, 530601.0)	(65.0, 417283.5)	(66.0, 325739.5)	(67.0, 257713.0)	(68.0, 201182.5)	(69.0, 155376.0)	(70.0, 120751.0)	(71.0, 92685.5)	(72.0, 72155.5)	(73.0, 54079.5)	(74.0, 39479.5)	(75.0, 29240.5)	(76.0, 21239.5)	(77.0, 15306.0)	(78.0, 10181.0)	(79.0, 6372.5)	(80.0, 3793.5)	(81.0, 2609.0)	(82.0, 1887.5)	(83.0, 1107.0)	(84.0, 631.0)	(85.0, 381.0)	(86.0, 242.5)	(87.0, 163.5)	(88.0, 107.0)	(89.0, 72.5)	(90.0, 54.5)	(91.0, 42.0)	(92.0, 41.5)	(93.0, 36.0)	(94.0, 31.0)	(95.0, 28.0)	(96.0, 30.5)	(97.0, 46.0)	(98.0, 62.0)	(99.0, 96.5)	(100.0, 279.5)
fastqc_fastp_trim | SRR30333760_1	(0.0, 13.0)	(1.0, 12.5)	(2.0, 13.0)	(3.0, 13.5)	(4.0, 20.5)	(5.0, 26.5)	(6.0, 26.0)	(7.0, 29.0)	(8.0, 32.0)	(9.0, 42.0)	(10.0, 59.5)	(11.0, 82.5)	(12.0, 121.5)	(13.0, 196.5)	(14.0, 290.0)	(15.0, 458.5)	(16.0, 794.0)	(17.0, 1240.5)	(18.0, 1851.0)	(19.0, 2940.5)	(20.0, 4885.5)	(21.0, 8051.0)	(22.0, 11886.0)	(23.0, 17421.5)	(24.0, 25918.0)	(25.0, 38140.0)	(26.0, 53735.0)	(27.0, 74038.0)	(28.0, 101813.0)	(29.0, 140026.5)	(30.0, 187513.5)	(31.0, 239748.0)	(32.0, 302972.0)	(33.0, 379775.0)	(34.0, 463335.5)	(35.0, 544367.0)	(36.0, 640579.0)	(37.0, 744948.0)	(38.0, 827106.5)	(39.0, 899604.5)	(40.0, 962804.5)	(41.0, 1029524.5)	(42.0, 1101003.0)	(43.0, 1170383.0)	(44.0, 1245553.0)	(45.0, 1331960.5)	(46.0, 1410529.5)	(47.0, 1476086.0)	(48.0, 1555991.0)	(49.0, 1627009.0)	(50.0, 1676004.5)	(51.0, 1722058.5)	(52.0, 1764021.0)	(53.0, 1783072.0)	(54.0, 1772996.0)	(55.0, 1742469.5)	(56.0, 1677085.5)	(57.0, 1573059.5)	(58.0, 1454748.0)	(59.0, 1317833.0)	(60.0, 1158454.5)	(61.0, 986345.5)	(62.0, 818408.0)	(63.0, 669087.0)	(64.0, 529325.5)	(65.0, 399824.0)	(66.0, 298252.5)	(67.0, 226906.0)	(68.0, 170904.0)	(69.0, 127528.0)	(70.0, 95526.0)	(71.0, 69393.0)	(72.0, 52757.0)	(73.0, 40719.5)	(74.0, 28144.0)	(75.0, 19163.0)	(76.0, 14218.0)	(77.0, 10033.0)	(78.0, 6312.0)	(79.0, 3815.0)	(80.0, 2411.5)	(81.0, 1782.5)	(82.0, 1330.0)	(83.0, 775.5)	(84.0, 396.0)	(85.0, 238.5)	(86.0, 155.5)	(87.0, 99.0)	(88.0, 61.5)	(89.0, 44.5)	(90.0, 31.5)	(91.0, 16.5)	(92.0, 13.5)	(93.0, 13.5)	(94.0, 14.0)	(95.0, 12.0)	(96.0, 5.5)	(97.0, 2.5)	(98.0, 2.0)	(99.0, 2.0)	(100.0, 2.0)
fastqc_fastp_trim | SRR30333760_2	(0.0, 59.0)	(1.0, 64.5)	(2.0, 105.5)	(3.0, 167.0)	(4.0, 224.5)	(5.0, 284.0)	(6.0, 322.0)	(7.0, 344.5)	(8.0, 367.0)	(9.0, 376.5)	(10.0, 402.0)	(11.0, 454.5)	(12.0, 508.0)	(13.0, 541.0)	(14.0, 584.0)	(15.0, 726.0)	(16.0, 988.5)	(17.0, 1383.5)	(18.0, 1994.0)	(19.0, 3082.5)	(20.0, 5088.0)	(21.0, 7903.5)	(22.0, 11852.5)	(23.0, 17460.0)	(24.0, 25026.0)	(25.0, 35566.5)	(26.0, 51283.0)	(27.0, 74368.5)	(28.0, 102696.0)	(29.0, 140362.5)	(30.0, 190254.5)	(31.0, 251555.0)	(32.0, 324063.0)	(33.0, 401624.0)	(34.0, 478343.0)	(35.0, 558999.0)	(36.0, 654120.0)	(37.0, 749443.5)	(38.0, 827660.5)	(39.0, 899446.0)	(40.0, 960103.0)	(41.0, 1019608.5)	(42.0, 1092134.0)	(43.0, 1158390.5)	(44.0, 1231121.0)	(45.0, 1326219.5)	(46.0, 1404397.0)	(47.0, 1459959.5)	(48.0, 1528958.5)	(49.0, 1592969.0)	(50.0, 1641908.5)	(51.0, 1690282.5)	(52.0, 1726292.0)	(53.0, 1744875.0)	(54.0, 1736178.5)	(55.0, 1702695.5)	(56.0, 1641523.0)	(57.0, 1546492.0)	(58.0, 1432856.5)	(59.0, 1294236.5)	(60.0, 1137893.5)	(61.0, 986046.5)	(62.0, 838624.5)	(63.0, 687712.0)	(64.0, 548300.5)	(65.0, 431871.0)	(66.0, 337437.5)	(67.0, 265450.0)	(68.0, 206641.0)	(69.0, 160542.5)	(70.0, 125166.5)	(71.0, 95853.0)	(72.0, 74626.0)	(73.0, 56679.0)	(74.0, 41693.5)	(75.0, 30641.0)	(76.0, 22405.0)	(77.0, 16016.5)	(78.0, 10683.0)	(79.0, 6677.0)	(80.0, 3980.5)	(81.0, 2594.5)	(82.0, 1860.5)	(83.0, 1112.0)	(84.0, 582.5)	(85.0, 337.0)	(86.0, 235.0)	(87.0, 171.0)	(88.0, 103.5)	(89.0, 55.5)	(90.0, 38.0)	(91.0, 31.5)	(92.0, 33.5)	(93.0, 28.0)	(94.0, 24.5)	(95.0, 26.5)	(96.0, 35.5)	(97.0, 49.5)	(98.0, 72.5)	(99.0, 128.0)	(100.0, 316.5)
fastqc_fastp_trim | SRR30333761_1	(0.0, 29.0)	(1.0, 25.5)	(2.0, 23.5)	(3.0, 23.0)	(4.0, 20.5)	(5.0, 27.0)	(6.0, 34.5)	(7.0, 33.5)	(8.0, 30.5)	(9.0, 36.5)	(10.0, 50.5)	(11.0, 63.5)	(12.0, 97.5)	(13.0, 147.0)	(14.0, 228.5)	(15.0, 372.5)	(16.0, 644.5)	(17.0, 1077.0)	(18.0, 1663.5)	(19.0, 2592.0)	(20.0, 4263.0)	(21.0, 7008.0)	(22.0, 10477.0)	(23.0, 15659.5)	(24.0, 22925.0)	(25.0, 32966.5)	(26.0, 46170.0)	(27.0, 63704.0)	(28.0, 88071.5)	(29.0, 122591.0)	(30.0, 167122.5)	(31.0, 217945.0)	(32.0, 284010.5)	(33.0, 367615.0)	(34.0, 459546.0)	(35.0, 548924.0)	(36.0, 655639.5)	(37.0, 771663.5)	(38.0, 859906.0)	(39.0, 935891.5)	(40.0, 1002393.0)	(41.0, 1068402.5)	(42.0, 1139224.0)	(43.0, 1209534.0)	(44.0, 1285906.0)	(45.0, 1373972.5)	(46.0, 1452969.5)	(47.0, 1517075.0)	(48.0, 1594314.0)	(49.0, 1663153.0)	(50.0, 1708626.5)	(51.0, 1755281.0)	(52.0, 1795930.0)	(53.0, 1815097.0)	(54.0, 1805342.5)	(55.0, 1771692.5)	(56.0, 1707469.5)	(57.0, 1601622.0)	(58.0, 1481271.5)	(59.0, 1344760.5)	(60.0, 1184494.0)	(61.0, 1010829.5)	(62.0, 840785.5)	(63.0, 690093.0)	(64.0, 550727.0)	(65.0, 420937.5)	(66.0, 318610.5)	(67.0, 247323.0)	(68.0, 191353.0)	(69.0, 146230.5)	(70.0, 112596.0)	(71.0, 85495.5)	(72.0, 69575.5)	(73.0, 57681.5)	(74.0, 41821.0)	(75.0, 29565.0)	(76.0, 23965.5)	(77.0, 18837.5)	(78.0, 11987.5)	(79.0, 7175.0)	(80.0, 5004.0)	(81.0, 4213.0)	(82.0, 3414.0)	(83.0, 2059.5)	(84.0, 1068.5)	(85.0, 619.5)	(86.0, 369.0)	(87.0, 229.0)	(88.0, 141.0)	(89.0, 91.0)	(90.0, 62.0)	(91.0, 40.0)	(92.0, 31.0)	(93.0, 27.5)	(94.0, 26.5)	(95.0, 21.5)	(96.0, 13.5)	(97.0, 8.0)	(98.0, 4.0)	(99.0, 4.0)	(100.0, 3.5)
fastqc_fastp_trim | SRR30333761_2	(0.0, 49.0)	(1.0, 62.5)	(2.0, 132.0)	(3.0, 246.0)	(4.0, 346.5)	(5.0, 428.0)	(6.0, 482.0)	(7.0, 518.5)	(8.0, 542.0)	(9.0, 551.5)	(10.0, 564.5)	(11.0, 552.5)	(12.0, 548.5)	(13.0, 578.0)	(14.0, 617.0)	(15.0, 680.0)	(16.0, 863.5)	(17.0, 1230.0)	(18.0, 1693.0)	(19.0, 2534.5)	(20.0, 4169.5)	(21.0, 6523.5)	(22.0, 9889.0)	(23.0, 14412.0)	(24.0, 20448.5)	(25.0, 28831.5)	(26.0, 41682.5)	(27.0, 60646.0)	(28.0, 84299.0)	(29.0, 117910.0)	(30.0, 164968.0)	(31.0, 227780.0)	(32.0, 304359.5)	(33.0, 386891.0)	(34.0, 472203.0)	(35.0, 564354.0)	(36.0, 673163.5)	(37.0, 779953.5)	(38.0, 862304.0)	(39.0, 934366.0)	(40.0, 996508.5)	(41.0, 1055822.0)	(42.0, 1128118.5)	(43.0, 1192912.0)	(44.0, 1262064.5)	(45.0, 1359752.0)	(46.0, 1439358.5)	(47.0, 1494650.0)	(48.0, 1565854.5)	(49.0, 1629751.5)	(50.0, 1676894.5)	(51.0, 1723726.5)	(52.0, 1761803.0)	(53.0, 1782823.0)	(54.0, 1771955.5)	(55.0, 1736445.5)	(56.0, 1676486.0)	(57.0, 1580289.0)	(58.0, 1466475.5)	(59.0, 1325783.5)	(60.0, 1164575.5)	(61.0, 1012124.0)	(62.0, 863559.5)	(63.0, 710478.0)	(64.0, 569961.0)	(65.0, 453332.0)	(66.0, 358889.5)	(67.0, 287415.5)	(68.0, 227454.5)	(69.0, 179797.5)	(70.0, 144269.0)	(71.0, 113754.0)	(72.0, 92577.5)	(73.0, 73166.5)	(74.0, 55977.5)	(75.0, 43652.5)	(76.0, 33695.0)	(77.0, 26164.0)	(78.0, 18352.0)	(79.0, 11703.0)	(80.0, 7359.5)	(81.0, 5444.0)	(82.0, 4169.5)	(83.0, 2520.5)	(84.0, 1342.5)	(85.0, 740.0)	(86.0, 479.5)	(87.0, 304.5)	(88.0, 189.5)	(89.0, 123.0)	(90.0, 82.5)	(91.0, 52.0)	(92.0, 45.0)	(93.0, 47.0)	(94.0, 45.5)	(95.0, 40.0)	(96.0, 40.0)	(97.0, 48.5)	(98.0, 83.5)	(99.0, 158.0)	(100.0, 512.5)
fastqc_fastp_trim | SRR30333762_1	(0.0, 17.0)	(1.0, 13.5)	(2.0, 11.0)	(3.0, 12.0)	(4.0, 12.0)	(5.0, 14.0)	(6.0, 16.0)	(7.0, 20.5)	(8.0, 25.0)	(9.0, 27.5)	(10.0, 41.5)	(11.0, 76.0)	(12.0, 113.0)	(13.0, 154.5)	(14.0, 247.5)	(15.0, 410.5)	(16.0, 707.0)	(17.0, 1153.0)	(18.0, 1791.0)	(19.0, 2792.0)	(20.0, 4677.0)	(21.0, 7846.0)	(22.0, 11764.0)	(23.0, 17437.5)	(24.0, 25705.5)	(25.0, 37801.5)	(26.0, 53214.0)	(27.0, 73867.5)	(28.0, 102230.0)	(29.0, 141934.5)	(30.0, 191467.5)	(31.0, 243891.5)	(32.0, 310558.5)	(33.0, 392633.0)	(34.0, 481248.0)	(35.0, 564846.0)	(36.0, 666153.5)	(37.0, 778830.5)	(38.0, 858498.5)	(39.0, 924865.0)	(40.0, 984354.0)	(41.0, 1043682.0)	(42.0, 1109794.0)	(43.0, 1173997.0)	(44.0, 1244722.0)	(45.0, 1326303.5)	(46.0, 1393974.5)	(47.0, 1450852.5)	(48.0, 1526603.0)	(49.0, 1594181.5)	(50.0, 1637916.0)	(51.0, 1681601.0)	(52.0, 1719717.5)	(53.0, 1735942.0)	(54.0, 1724611.0)	(55.0, 1692452.5)	(56.0, 1629185.5)	(57.0, 1525506.0)	(58.0, 1409087.0)	(59.0, 1278930.5)	(60.0, 1125154.0)	(61.0, 955264.0)	(62.0, 791888.0)	(63.0, 648931.0)	(64.0, 514395.5)	(65.0, 390261.5)	(66.0, 292353.0)	(67.0, 223251.5)	(68.0, 169740.0)	(69.0, 127742.5)	(70.0, 96865.0)	(71.0, 71395.0)	(72.0, 54785.5)	(73.0, 42752.0)	(74.0, 30344.5)	(75.0, 21406.5)	(76.0, 15917.5)	(77.0, 11435.0)	(78.0, 7444.5)	(79.0, 4610.0)	(80.0, 3005.0)	(81.0, 2155.0)	(82.0, 1559.0)	(83.0, 924.5)	(84.0, 471.0)	(85.0, 286.5)	(86.0, 179.5)	(87.0, 103.0)	(88.0, 61.0)	(89.0, 46.5)	(90.0, 42.5)	(91.0, 30.5)	(92.0, 21.0)	(93.0, 18.5)	(94.0, 12.5)	(95.0, 7.0)	(96.0, 6.5)	(97.0, 5.0)	(98.0, 2.5)	(99.0, 2.0)	(100.0, 2.0)
fastqc_fastp_trim | SRR30333762_2	(0.0, 44.0)	(1.0, 54.5)	(2.0, 84.0)	(3.0, 132.0)	(4.0, 178.0)	(5.0, 223.5)	(6.0, 275.0)	(7.0, 275.5)	(8.0, 273.5)	(9.0, 298.0)	(10.0, 324.0)	(11.0, 339.0)	(12.0, 390.0)	(13.0, 465.5)	(14.0, 527.0)	(15.0, 658.5)	(16.0, 888.5)	(17.0, 1280.5)	(18.0, 1868.0)	(19.0, 2833.5)	(20.0, 4702.0)	(21.0, 7493.5)	(22.0, 11633.0)	(23.0, 17212.0)	(24.0, 24520.5)	(25.0, 34893.5)	(26.0, 50487.5)	(27.0, 73562.0)	(28.0, 101790.0)	(29.0, 140411.0)	(30.0, 191851.5)	(31.0, 257465.5)	(32.0, 336342.5)	(33.0, 417544.0)	(34.0, 496101.0)	(35.0, 579970.0)	(36.0, 680847.5)	(37.0, 779740.5)	(38.0, 855053.5)	(39.0, 920026.0)	(40.0, 975606.0)	(41.0, 1029637.5)	(42.0, 1096208.5)	(43.0, 1156051.0)	(44.0, 1222962.5)	(45.0, 1314346.0)	(46.0, 1383975.5)	(47.0, 1431153.5)	(48.0, 1496599.5)	(49.0, 1557101.0)	(50.0, 1601761.5)	(51.0, 1648080.0)	(52.0, 1682542.0)	(53.0, 1698333.0)	(54.0, 1689698.5)	(55.0, 1656496.0)	(56.0, 1595122.0)	(57.0, 1502041.5)	(58.0, 1392809.0)	(59.0, 1259469.5)	(60.0, 1107556.0)	(61.0, 959945.5)	(62.0, 816239.5)	(63.0, 671177.0)	(64.0, 538426.0)	(65.0, 425100.0)	(66.0, 332780.5)	(67.0, 262945.0)	(68.0, 206094.5)	(69.0, 162119.5)	(70.0, 127488.5)	(71.0, 98667.5)	(72.0, 78317.0)	(73.0, 60610.0)	(74.0, 45376.0)	(75.0, 34025.0)	(76.0, 25164.5)	(77.0, 18261.0)	(78.0, 12635.0)	(79.0, 8219.0)	(80.0, 5056.0)	(81.0, 3282.0)	(82.0, 2199.0)	(83.0, 1299.5)	(84.0, 732.0)	(85.0, 420.0)	(86.0, 258.5)	(87.0, 180.5)	(88.0, 110.0)	(89.0, 72.0)	(90.0, 60.5)	(91.0, 43.5)	(92.0, 34.5)	(93.0, 32.5)	(94.0, 30.0)	(95.0, 28.0)	(96.0, 27.0)	(97.0, 38.0)	(98.0, 62.0)	(99.0, 103.0)	(100.0, 274.5)
fastqc_fastp_trim | SRR30333763_1	(0.0, 14.0)	(1.0, 14.5)	(2.0, 18.5)	(3.0, 26.0)	(4.0, 29.0)	(5.0, 32.5)	(6.0, 35.0)	(7.0, 33.0)	(8.0, 37.0)	(9.0, 49.0)	(10.0, 62.5)	(11.0, 86.0)	(12.0, 128.5)	(13.0, 177.5)	(14.0, 269.5)	(15.0, 461.0)	(16.0, 755.5)	(17.0, 1210.5)	(18.0, 1904.0)	(19.0, 3028.5)	(20.0, 4929.0)	(21.0, 8139.0)	(22.0, 12227.0)	(23.0, 18186.0)	(24.0, 27030.0)	(25.0, 40148.5)	(26.0, 57350.5)	(27.0, 80048.5)	(28.0, 111157.5)	(29.0, 153940.5)	(30.0, 205822.0)	(31.0, 262283.0)	(32.0, 332366.5)	(33.0, 415773.0)	(34.0, 505408.5)	(35.0, 589487.0)	(36.0, 691495.0)	(37.0, 802424.5)	(38.0, 883100.5)	(39.0, 953817.0)	(40.0, 1017215.0)	(41.0, 1081462.5)	(42.0, 1151342.5)	(43.0, 1220332.0)	(44.0, 1297240.0)	(45.0, 1386639.0)	(46.0, 1464905.5)	(47.0, 1529027.0)	(48.0, 1608479.0)	(49.0, 1680443.0)	(50.0, 1727534.0)	(51.0, 1775035.0)	(52.0, 1821064.5)	(53.0, 1840950.5)	(54.0, 1830171.5)	(55.0, 1799550.0)	(56.0, 1737756.5)	(57.0, 1637086.0)	(58.0, 1515684.5)	(59.0, 1373771.0)	(60.0, 1209691.0)	(61.0, 1034571.5)	(62.0, 862458.5)	(63.0, 708315.5)	(64.0, 565404.5)	(65.0, 432037.5)	(66.0, 326296.5)	(67.0, 251289.0)	(68.0, 192761.0)	(69.0, 145679.5)	(70.0, 110471.5)	(71.0, 82155.0)	(72.0, 65145.5)	(73.0, 52484.0)	(74.0, 37332.0)	(75.0, 26002.5)	(76.0, 20098.5)	(77.0, 15068.5)	(78.0, 9688.5)	(79.0, 5943.0)	(80.0, 3993.5)	(81.0, 3114.0)	(82.0, 2416.5)	(83.0, 1428.5)	(84.0, 740.0)	(85.0, 454.5)	(86.0, 275.0)	(87.0, 145.0)	(88.0, 88.5)	(89.0, 68.5)	(90.0, 51.0)	(91.0, 33.5)	(92.0, 27.5)	(93.0, 24.5)	(94.0, 18.0)	(95.0, 13.5)	(96.0, 13.0)	(97.0, 10.5)	(98.0, 7.0)	(99.0, 6.0)	(100.0, 5.5)
fastqc_fastp_trim | SRR30333763_2	(0.0, 76.0)	(1.0, 101.0)	(2.0, 192.5)	(3.0, 350.0)	(4.0, 527.0)	(5.0, 651.5)	(6.0, 743.0)	(7.0, 857.5)	(8.0, 954.5)	(9.0, 1008.5)	(10.0, 1032.0)	(11.0, 1061.5)	(12.0, 1122.5)	(13.0, 1152.5)	(14.0, 1189.5)	(15.0, 1269.5)	(16.0, 1461.0)	(17.0, 1866.5)	(18.0, 2457.5)	(19.0, 3451.0)	(20.0, 5393.0)	(21.0, 8275.0)	(22.0, 12576.5)	(23.0, 18655.5)	(24.0, 27110.0)	(25.0, 38955.0)	(26.0, 56341.0)	(27.0, 81867.5)	(28.0, 113555.5)	(29.0, 155796.0)	(30.0, 210526.0)	(31.0, 280367.5)	(32.0, 360630.5)	(33.0, 441951.5)	(34.0, 521837.5)	(35.0, 604998.0)	(36.0, 702852.5)	(37.0, 800918.0)	(38.0, 878252.0)	(39.0, 946458.5)	(40.0, 1008159.0)	(41.0, 1068523.5)	(42.0, 1139994.0)	(43.0, 1203596.0)	(44.0, 1274353.0)	(45.0, 1373505.5)	(46.0, 1453054.0)	(47.0, 1509388.0)	(48.0, 1579476.5)	(49.0, 1643518.5)	(50.0, 1692763.0)	(51.0, 1742861.0)	(52.0, 1783848.5)	(53.0, 1804891.0)	(54.0, 1797298.0)	(55.0, 1763530.0)	(56.0, 1703483.5)	(57.0, 1609048.0)	(58.0, 1492157.0)	(59.0, 1348216.0)	(60.0, 1188580.5)	(61.0, 1036524.5)	(62.0, 884161.0)	(63.0, 725879.5)	(64.0, 581706.5)	(65.0, 462398.0)	(66.0, 366472.5)	(67.0, 292087.0)	(68.0, 229610.0)	(69.0, 179604.5)	(70.0, 141780.0)	(71.0, 111356.5)	(72.0, 89090.0)	(73.0, 69270.0)	(74.0, 52323.0)	(75.0, 39741.0)	(76.0, 29835.5)	(77.0, 22384.0)	(78.0, 15507.0)	(79.0, 9953.0)	(80.0, 6268.5)	(81.0, 4367.5)	(82.0, 3165.0)	(83.0, 1898.0)	(84.0, 1022.0)	(85.0, 584.0)	(86.0, 375.5)	(87.0, 218.5)	(88.0, 133.0)	(89.0, 97.5)	(90.0, 72.5)	(91.0, 54.0)	(92.0, 47.5)	(93.0, 45.0)	(94.0, 48.0)	(95.0, 51.5)	(96.0, 66.5)	(97.0, 95.5)	(98.0, 151.0)	(99.0, 268.0)	(100.0, 665.5)
fastqc_fastp_trim | SRR30333764_1	(0.0, 18.0)	(1.0, 17.5)	(2.0, 14.5)	(3.0, 23.0)	(4.0, 37.0)	(5.0, 35.0)	(6.0, 29.0)	(7.0, 34.5)	(8.0, 42.5)	(9.0, 46.5)	(10.0, 52.0)	(11.0, 68.5)	(12.0, 101.0)	(13.0, 155.5)	(14.0, 257.0)	(15.0, 441.5)	(16.0, 732.0)	(17.0, 1152.5)	(18.0, 1798.0)	(19.0, 2777.5)	(20.0, 4615.5)	(21.0, 7561.5)	(22.0, 11310.5)	(23.0, 17010.5)	(24.0, 25368.0)	(25.0, 36992.0)	(26.0, 51952.0)	(27.0, 72468.5)	(28.0, 100453.5)	(29.0, 139052.0)	(30.0, 186078.5)	(31.0, 237364.5)	(32.0, 302056.5)	(33.0, 381118.5)	(34.0, 465896.0)	(35.0, 546037.0)	(36.0, 642191.5)	(37.0, 745112.5)	(38.0, 824172.0)	(39.0, 894403.0)	(40.0, 955370.0)	(41.0, 1013497.5)	(42.0, 1077695.5)	(43.0, 1144768.0)	(44.0, 1219428.5)	(45.0, 1305478.5)	(46.0, 1380564.0)	(47.0, 1444819.5)	(48.0, 1523119.5)	(49.0, 1591784.5)	(50.0, 1636759.0)	(51.0, 1685838.0)	(52.0, 1730454.0)	(53.0, 1750458.0)	(54.0, 1742307.0)	(55.0, 1714869.0)	(56.0, 1659757.0)	(57.0, 1561726.0)	(58.0, 1444181.5)	(59.0, 1312436.0)	(60.0, 1158411.0)	(61.0, 991372.0)	(62.0, 825935.5)	(63.0, 677001.5)	(64.0, 540711.0)	(65.0, 413000.5)	(66.0, 311609.0)	(67.0, 241542.0)	(68.0, 185268.5)	(69.0, 138070.5)	(70.0, 104640.0)	(71.0, 78180.5)	(72.0, 63490.5)	(73.0, 52817.0)	(74.0, 36771.5)	(75.0, 24756.0)	(76.0, 20187.0)	(77.0, 15941.5)	(78.0, 9688.0)	(79.0, 5341.0)	(80.0, 3634.0)	(81.0, 3183.5)	(82.0, 2708.5)	(83.0, 1584.0)	(84.0, 763.0)	(85.0, 459.0)	(86.0, 282.5)	(87.0, 178.0)	(88.0, 122.0)	(89.0, 84.5)	(90.0, 56.0)	(91.0, 43.5)	(92.0, 31.5)	(93.0, 16.0)	(94.0, 12.0)	(95.0, 13.5)	(96.0, 13.0)	(97.0, 8.0)	(98.0, 4.5)	(99.0, 2.5)	(100.0, 2.0)
fastqc_fastp_trim | SRR30333764_2	(0.0, 68.0)	(1.0, 91.0)	(2.0, 153.5)	(3.0, 238.0)	(4.0, 338.0)	(5.0, 431.5)	(6.0, 495.0)	(7.0, 546.0)	(8.0, 587.5)	(9.0, 614.5)	(10.0, 630.5)	(11.0, 654.0)	(12.0, 710.5)	(13.0, 760.5)	(14.0, 794.0)	(15.0, 864.5)	(16.0, 1072.5)	(17.0, 1441.5)	(18.0, 2032.5)	(19.0, 2962.0)	(20.0, 4743.0)	(21.0, 7443.5)	(22.0, 11174.5)	(23.0, 16396.5)	(24.0, 23526.0)	(25.0, 33693.5)	(26.0, 49319.5)	(27.0, 72025.0)	(28.0, 100190.5)	(29.0, 138518.0)	(30.0, 188394.0)	(31.0, 252605.0)	(32.0, 327052.5)	(33.0, 404322.5)	(34.0, 482460.5)	(35.0, 561477.5)	(36.0, 652482.5)	(37.0, 746226.0)	(38.0, 821359.0)	(39.0, 887454.0)	(40.0, 944816.5)	(41.0, 999841.5)	(42.0, 1067196.0)	(43.0, 1127941.0)	(44.0, 1194362.5)	(45.0, 1289464.0)	(46.0, 1367968.0)	(47.0, 1423950.5)	(48.0, 1494988.0)	(49.0, 1556421.0)	(50.0, 1602765.0)	(51.0, 1651232.5)	(52.0, 1691117.0)	(53.0, 1716371.0)	(54.0, 1712189.0)	(55.0, 1682304.5)	(56.0, 1625300.5)	(57.0, 1534921.5)	(58.0, 1428048.5)	(59.0, 1295455.0)	(60.0, 1144116.5)	(61.0, 997647.5)	(62.0, 851240.5)	(63.0, 698039.5)	(64.0, 559612.5)	(65.0, 445825.5)	(66.0, 352490.0)	(67.0, 281180.0)	(68.0, 221279.5)	(69.0, 173222.5)	(70.0, 137906.5)	(71.0, 107350.0)	(72.0, 85425.0)	(73.0, 66117.0)	(74.0, 49484.5)	(75.0, 37914.5)	(76.0, 28825.0)	(77.0, 21930.0)	(78.0, 15062.0)	(79.0, 9328.0)	(80.0, 5726.5)	(81.0, 4311.0)	(82.0, 3320.0)	(83.0, 1871.5)	(84.0, 976.0)	(85.0, 593.5)	(86.0, 385.0)	(87.0, 258.5)	(88.0, 165.0)	(89.0, 98.0)	(90.0, 67.0)	(91.0, 55.0)	(92.0, 43.0)	(93.0, 31.5)	(94.0, 31.0)	(95.0, 34.5)	(96.0, 46.5)	(97.0, 70.0)	(98.0, 96.5)	(99.0, 166.0)	(100.0, 455.0)
fastqc_fastp_trim | SRR30333765_1	(0.0, 34.0)	(1.0, 28.5)	(2.0, 23.5)	(3.0, 29.5)	(4.0, 43.5)	(5.0, 48.0)	(6.0, 40.0)	(7.0, 36.0)	(8.0, 36.0)	(9.0, 37.5)	(10.0, 51.5)	(11.0, 72.0)	(12.0, 90.5)	(13.0, 132.0)	(14.0, 233.0)	(15.0, 411.5)	(16.0, 708.5)	(17.0, 1138.0)	(18.0, 1769.5)	(19.0, 2885.0)	(20.0, 4835.5)	(21.0, 8007.5)	(22.0, 12171.5)	(23.0, 18292.5)	(24.0, 27463.5)	(25.0, 40430.0)	(26.0, 57904.5)	(27.0, 81025.5)	(28.0, 111551.0)	(29.0, 152208.0)	(30.0, 200251.5)	(31.0, 252269.0)	(32.0, 316058.0)	(33.0, 391548.0)	(34.0, 472195.0)	(35.0, 549436.5)	(36.0, 641653.0)	(37.0, 741375.5)	(38.0, 816871.5)	(39.0, 885330.5)	(40.0, 947923.0)	(41.0, 1009739.0)	(42.0, 1076614.5)	(43.0, 1142468.5)	(44.0, 1214134.5)	(45.0, 1297359.5)	(46.0, 1371714.0)	(47.0, 1433610.5)	(48.0, 1507793.5)	(49.0, 1576221.0)	(50.0, 1622459.5)	(51.0, 1667022.5)	(52.0, 1709853.0)	(53.0, 1730527.5)	(54.0, 1720996.0)	(55.0, 1691679.5)	(56.0, 1637086.5)	(57.0, 1543030.5)	(58.0, 1428664.5)	(59.0, 1296222.5)	(60.0, 1143681.5)	(61.0, 981355.0)	(62.0, 818472.5)	(63.0, 671510.5)	(64.0, 536342.0)	(65.0, 411230.5)	(66.0, 311987.5)	(67.0, 242142.5)	(68.0, 187780.0)	(69.0, 142846.5)	(70.0, 109217.5)	(71.0, 82795.0)	(72.0, 66794.5)	(73.0, 54213.0)	(74.0, 38907.0)	(75.0, 27613.5)	(76.0, 21983.5)	(77.0, 17059.5)	(78.0, 10997.5)	(79.0, 6654.5)	(80.0, 4606.0)	(81.0, 3700.0)	(82.0, 3016.0)	(83.0, 1836.5)	(84.0, 930.0)	(85.0, 549.0)	(86.0, 320.5)	(87.0, 188.0)	(88.0, 112.0)	(89.0, 69.5)	(90.0, 58.0)	(91.0, 50.5)	(92.0, 42.0)	(93.0, 37.0)	(94.0, 28.0)	(95.0, 18.0)	(96.0, 14.5)	(97.0, 11.0)	(98.0, 8.0)	(99.0, 5.5)	(100.0, 4.0)
fastqc_fastp_trim | SRR30333765_2	(0.0, 71.0)	(1.0, 79.0)	(2.0, 133.5)	(3.0, 235.5)	(4.0, 349.5)	(5.0, 421.5)	(6.0, 494.0)	(7.0, 556.5)	(8.0, 562.0)	(9.0, 590.5)	(10.0, 627.0)	(11.0, 636.5)	(12.0, 649.5)	(13.0, 678.5)	(14.0, 738.0)	(15.0, 865.5)	(16.0, 1104.5)	(17.0, 1507.0)	(18.0, 2060.0)	(19.0, 3043.0)	(20.0, 4993.5)	(21.0, 7803.0)	(22.0, 12106.5)	(23.0, 18428.5)	(24.0, 27099.5)	(25.0, 39194.0)	(26.0, 56820.5)	(27.0, 81870.0)	(28.0, 113265.5)	(29.0, 154026.5)	(30.0, 205028.0)	(31.0, 267850.0)	(32.0, 339615.5)	(33.0, 412907.0)	(34.0, 485580.5)	(35.0, 561636.5)	(36.0, 651010.0)	(37.0, 741057.0)	(38.0, 813647.0)	(39.0, 880530.0)	(40.0, 938198.5)	(41.0, 993196.0)	(42.0, 1062250.0)	(43.0, 1125278.0)	(44.0, 1192455.5)	(45.0, 1282503.0)	(46.0, 1357757.0)	(47.0, 1412967.0)	(48.0, 1480083.5)	(49.0, 1541035.0)	(50.0, 1588941.0)	(51.0, 1637511.5)	(52.0, 1674996.5)	(53.0, 1693422.0)	(54.0, 1684329.0)	(55.0, 1656297.5)	(56.0, 1603457.5)	(57.0, 1517671.0)	(58.0, 1411041.0)	(59.0, 1275178.0)	(60.0, 1124541.0)	(61.0, 982548.5)	(62.0, 840225.5)	(63.0, 690011.5)	(64.0, 554239.0)	(65.0, 442233.5)	(66.0, 351355.0)	(67.0, 282410.0)	(68.0, 224261.0)	(69.0, 177167.5)	(70.0, 142001.0)	(71.0, 113179.5)	(72.0, 91872.0)	(73.0, 72430.5)	(74.0, 55418.5)	(75.0, 42825.0)	(76.0, 32982.5)	(77.0, 25380.5)	(78.0, 18032.5)	(79.0, 11711.5)	(80.0, 7400.5)	(81.0, 5235.5)	(82.0, 3851.5)	(83.0, 2329.5)	(84.0, 1292.5)	(85.0, 743.5)	(86.0, 455.5)	(87.0, 295.5)	(88.0, 180.5)	(89.0, 115.0)	(90.0, 93.5)	(91.0, 64.0)	(92.0, 51.5)	(93.0, 49.5)	(94.0, 42.5)	(95.0, 44.5)	(96.0, 62.0)	(97.0, 76.0)	(98.0, 108.5)	(99.0, 205.5)	(100.0, 556.5)
fastqc_fastp_trim | SRR30333766_1	(0.0, 31.0)	(1.0, 26.5)	(2.0, 32.5)	(3.0, 44.5)	(4.0, 47.0)	(5.0, 49.5)	(6.0, 50.5)	(7.0, 57.5)	(8.0, 63.5)	(9.0, 67.0)	(10.0, 79.0)	(11.0, 97.5)	(12.0, 133.5)	(13.0, 210.0)	(14.0, 332.5)	(15.0, 524.0)	(16.0, 826.5)	(17.0, 1334.5)	(18.0, 2092.0)	(19.0, 3228.5)	(20.0, 5371.5)	(21.0, 8798.0)	(22.0, 13067.0)	(23.0, 19476.0)	(24.0, 28818.0)	(25.0, 42155.5)	(26.0, 59836.0)	(27.0, 83416.0)	(28.0, 116334.5)	(29.0, 161867.5)	(30.0, 216833.5)	(31.0, 275872.5)	(32.0, 351178.5)	(33.0, 442703.0)	(34.0, 540325.5)	(35.0, 632762.5)	(36.0, 743640.0)	(37.0, 863242.5)	(38.0, 946909.0)	(39.0, 1018071.5)	(40.0, 1080595.0)	(41.0, 1143733.0)	(42.0, 1211948.0)	(43.0, 1279659.5)	(44.0, 1361852.5)	(45.0, 1455144.0)	(46.0, 1532920.0)	(47.0, 1598639.5)	(48.0, 1682649.0)	(49.0, 1755517.0)	(50.0, 1802185.0)	(51.0, 1850519.0)	(52.0, 1894920.5)	(53.0, 1916427.5)	(54.0, 1905665.0)	(55.0, 1873715.5)	(56.0, 1812630.5)	(57.0, 1705630.0)	(58.0, 1578984.5)	(59.0, 1435480.5)	(60.0, 1265847.0)	(61.0, 1082556.5)	(62.0, 903048.5)	(63.0, 742340.0)	(64.0, 593493.5)	(65.0, 453321.0)	(66.0, 342048.5)	(67.0, 263818.5)	(68.0, 201613.0)	(69.0, 152289.5)	(70.0, 116848.0)	(71.0, 88134.0)	(72.0, 70318.0)	(73.0, 57473.0)	(74.0, 41048.0)	(75.0, 28548.5)	(76.0, 22835.5)	(77.0, 17614.5)	(78.0, 11048.0)	(79.0, 6409.0)	(80.0, 4387.5)	(81.0, 3582.5)	(82.0, 2870.0)	(83.0, 1723.5)	(84.0, 864.0)	(85.0, 517.0)	(86.0, 293.0)	(87.0, 164.0)	(88.0, 107.0)	(89.0, 77.0)	(90.0, 56.0)	(91.0, 40.0)	(92.0, 36.5)	(93.0, 28.5)	(94.0, 18.0)	(95.0, 18.5)	(96.0, 15.5)	(97.0, 8.5)	(98.0, 3.0)	(99.0, 1.5)	(100.0, 2.5)
fastqc_fastp_trim | SRR30333766_2	(0.0, 162.0)	(1.0, 185.0)	(2.0, 282.0)	(3.0, 509.5)	(4.0, 717.5)	(5.0, 884.0)	(6.0, 1030.0)	(7.0, 1142.5)	(8.0, 1247.5)	(9.0, 1327.5)	(10.0, 1376.5)	(11.0, 1367.5)	(12.0, 1380.5)	(13.0, 1391.0)	(14.0, 1410.0)	(15.0, 1507.0)	(16.0, 1706.5)	(17.0, 2082.5)	(18.0, 2674.5)	(19.0, 3663.0)	(20.0, 5711.0)	(21.0, 8688.0)	(22.0, 12976.5)	(23.0, 19169.0)	(24.0, 27519.0)	(25.0, 39262.5)	(26.0, 57147.0)	(27.0, 83269.5)	(28.0, 115571.5)	(29.0, 160355.0)	(30.0, 219065.5)	(31.0, 295071.5)	(32.0, 384108.0)	(33.0, 472467.5)	(34.0, 558830.5)	(35.0, 650499.0)	(36.0, 757716.0)	(37.0, 861986.0)	(38.0, 940312.5)	(39.0, 1009168.0)	(40.0, 1069753.5)	(41.0, 1127004.0)	(42.0, 1197142.0)	(43.0, 1261095.0)	(44.0, 1332677.5)	(45.0, 1434273.0)	(46.0, 1516598.0)	(47.0, 1573642.5)	(48.0, 1646869.5)	(49.0, 1713057.5)	(50.0, 1762801.0)	(51.0, 1813840.5)	(52.0, 1855168.5)	(53.0, 1879495.0)	(54.0, 1871345.5)	(55.0, 1834939.0)	(56.0, 1774041.5)	(57.0, 1677368.5)	(58.0, 1560877.0)	(59.0, 1417046.0)	(60.0, 1250895.0)	(61.0, 1087573.0)	(62.0, 927147.0)	(63.0, 763791.5)	(64.0, 614600.0)	(65.0, 489106.5)	(66.0, 386206.5)	(67.0, 307890.0)	(68.0, 243003.0)	(69.0, 191332.5)	(70.0, 152550.0)	(71.0, 120314.5)	(72.0, 96661.5)	(73.0, 75017.0)	(74.0, 56522.5)	(75.0, 43492.5)	(76.0, 32984.5)	(77.0, 25025.5)	(78.0, 17383.5)	(79.0, 10867.0)	(80.0, 6795.0)	(81.0, 4971.0)	(82.0, 3664.5)	(83.0, 2157.0)	(84.0, 1127.5)	(85.0, 620.0)	(86.0, 388.0)	(87.0, 254.0)	(88.0, 180.5)	(89.0, 125.5)	(90.0, 78.5)	(91.0, 59.5)	(92.0, 58.0)	(93.0, 48.5)	(94.0, 47.5)	(95.0, 60.0)	(96.0, 77.5)	(97.0, 109.5)	(98.0, 160.0)	(99.0, 298.5)	(100.0, 739.5)
fastqc_fastp_trim | SRR30333767_1	(0.0, 29.0)	(1.0, 26.5)	(2.0, 26.0)	(3.0, 34.0)	(4.0, 37.0)	(5.0, 36.5)	(6.0, 40.5)	(7.0, 42.5)	(8.0, 38.0)	(9.0, 43.0)	(10.0, 55.0)	(11.0, 83.0)	(12.0, 140.5)	(13.0, 202.5)	(14.0, 280.5)	(15.0, 458.0)	(16.0, 755.0)	(17.0, 1169.0)	(18.0, 1801.0)	(19.0, 2791.5)	(20.0, 4683.0)	(21.0, 7686.5)	(22.0, 11357.0)	(23.0, 16989.0)	(24.0, 25159.5)	(25.0, 36712.0)	(26.0, 51846.0)	(27.0, 71566.5)	(28.0, 98757.5)	(29.0, 136370.0)	(30.0, 182841.5)	(31.0, 233648.5)	(32.0, 299015.5)	(33.0, 379354.0)	(34.0, 466790.5)	(35.0, 551183.5)	(36.0, 651806.5)	(37.0, 763341.0)	(38.0, 848301.5)	(39.0, 923282.0)	(40.0, 988383.5)	(41.0, 1051918.0)	(42.0, 1122497.5)	(43.0, 1192525.0)	(44.0, 1267698.0)	(45.0, 1355900.5)	(46.0, 1436250.5)	(47.0, 1502398.5)	(48.0, 1583668.0)	(49.0, 1656858.5)	(50.0, 1706209.5)	(51.0, 1756468.0)	(52.0, 1803015.5)	(53.0, 1825109.5)	(54.0, 1815034.0)	(55.0, 1785951.5)	(56.0, 1727564.5)	(57.0, 1625072.0)	(58.0, 1506511.0)	(59.0, 1370878.5)	(60.0, 1207824.0)	(61.0, 1031578.5)	(62.0, 862051.5)	(63.0, 711693.5)	(64.0, 567780.5)	(65.0, 432272.5)	(66.0, 326113.0)	(67.0, 249502.5)	(68.0, 190445.5)	(69.0, 144615.5)	(70.0, 110801.0)	(71.0, 83570.0)	(72.0, 65621.5)	(73.0, 52052.0)	(74.0, 37450.5)	(75.0, 26763.5)	(76.0, 20401.0)	(77.0, 15115.0)	(78.0, 9960.0)	(79.0, 6166.0)	(80.0, 4040.0)	(81.0, 2945.5)	(82.0, 2152.5)	(83.0, 1279.0)	(84.0, 673.5)	(85.0, 388.0)	(86.0, 234.0)	(87.0, 146.0)	(88.0, 95.0)	(89.0, 68.0)	(90.0, 56.5)	(91.0, 38.0)	(92.0, 26.0)	(93.0, 25.0)	(94.0, 24.0)	(95.0, 17.5)	(96.0, 16.0)	(97.0, 13.5)	(98.0, 5.5)	(99.0, 2.5)	(100.0, 1.5)
fastqc_fastp_trim | SRR30333767_2	(0.0, 95.0)	(1.0, 119.5)	(2.0, 212.5)	(3.0, 316.5)	(4.0, 418.0)	(5.0, 526.5)	(6.0, 593.0)	(7.0, 639.0)	(8.0, 676.5)	(9.0, 710.0)	(10.0, 727.0)	(11.0, 747.0)	(12.0, 814.0)	(13.0, 859.5)	(14.0, 859.5)	(15.0, 950.0)	(16.0, 1191.0)	(17.0, 1540.5)	(18.0, 2081.5)	(19.0, 3072.0)	(20.0, 4863.0)	(21.0, 7513.0)	(22.0, 11377.0)	(23.0, 16619.0)	(24.0, 23762.0)	(25.0, 33659.5)	(26.0, 48586.5)	(27.0, 70800.0)	(28.0, 97861.5)	(29.0, 134896.5)	(30.0, 184526.0)	(31.0, 247951.0)	(32.0, 323272.5)	(33.0, 402851.5)	(34.0, 483133.5)	(35.0, 568190.0)	(36.0, 669406.5)	(37.0, 770039.5)	(38.0, 849015.5)	(39.0, 920440.5)	(40.0, 981608.5)	(41.0, 1041128.5)	(42.0, 1113412.0)	(43.0, 1179971.5)	(44.0, 1250241.0)	(45.0, 1343826.5)	(46.0, 1424459.0)	(47.0, 1484402.0)	(48.0, 1554619.5)	(49.0, 1620355.5)	(50.0, 1674415.5)	(51.0, 1724851.0)	(52.0, 1763635.0)	(53.0, 1787036.5)	(54.0, 1781706.5)	(55.0, 1748576.0)	(56.0, 1688911.5)	(57.0, 1597380.5)	(58.0, 1486405.5)	(59.0, 1345651.0)	(60.0, 1186526.5)	(61.0, 1032628.5)	(62.0, 880677.0)	(63.0, 724491.5)	(64.0, 581316.0)	(65.0, 462440.0)	(66.0, 365667.5)	(67.0, 290645.0)	(68.0, 228648.5)	(69.0, 179668.0)	(70.0, 141904.0)	(71.0, 111875.5)	(72.0, 89989.5)	(73.0, 70107.0)	(74.0, 52980.5)	(75.0, 40246.5)	(76.0, 30270.5)	(77.0, 22421.0)	(78.0, 15545.0)	(79.0, 10244.5)	(80.0, 6466.0)	(81.0, 4258.0)	(82.0, 2900.5)	(83.0, 1690.5)	(84.0, 920.5)	(85.0, 519.5)	(86.0, 343.0)	(87.0, 229.5)	(88.0, 150.0)	(89.0, 102.0)	(90.0, 74.0)	(91.0, 61.5)	(92.0, 63.0)	(93.0, 57.5)	(94.0, 50.5)	(95.0, 63.0)	(96.0, 78.5)	(97.0, 103.5)	(98.0, 157.0)	(99.0, 250.0)	(100.0, 641.0)
fastqc_fastp_trim | SRR30333768_1	(0.0, 48.0)	(1.0, 32.5)	(2.0, 21.5)	(3.0, 26.5)	(4.0, 40.0)	(5.0, 43.0)	(6.0, 34.0)	(7.0, 32.5)	(8.0, 33.5)	(9.0, 34.5)	(10.0, 45.0)	(11.0, 76.5)	(12.0, 98.5)	(13.0, 133.5)	(14.0, 221.5)	(15.0, 362.5)	(16.0, 610.0)	(17.0, 986.5)	(18.0, 1518.0)	(19.0, 2382.5)	(20.0, 3888.5)	(21.0, 6323.5)	(22.0, 9410.0)	(23.0, 13777.5)	(24.0, 20337.5)	(25.0, 29452.0)	(26.0, 40700.5)	(27.0, 56705.0)	(28.0, 78984.0)	(29.0, 112141.5)	(30.0, 156368.5)	(31.0, 205116.0)	(32.0, 269849.5)	(33.0, 352660.0)	(34.0, 448079.0)	(35.0, 542397.5)	(36.0, 654347.5)	(37.0, 775582.5)	(38.0, 862827.5)	(39.0, 934672.0)	(40.0, 996074.0)	(41.0, 1058152.0)	(42.0, 1127243.5)	(43.0, 1197576.0)	(44.0, 1278970.5)	(45.0, 1367633.0)	(46.0, 1438874.0)	(47.0, 1502357.5)	(48.0, 1581636.0)	(49.0, 1651199.0)	(50.0, 1697218.5)	(51.0, 1744245.5)	(52.0, 1788574.5)	(53.0, 1804724.5)	(54.0, 1788733.0)	(55.0, 1755786.5)	(56.0, 1693204.5)	(57.0, 1589802.0)	(58.0, 1471657.0)	(59.0, 1337251.5)	(60.0, 1177311.0)	(61.0, 1003755.5)	(62.0, 836009.0)	(63.0, 688620.0)	(64.0, 550688.0)	(65.0, 418481.0)	(66.0, 315286.5)	(67.0, 244269.5)	(68.0, 188422.5)	(69.0, 143215.0)	(70.0, 110415.0)	(71.0, 84683.0)	(72.0, 69903.5)	(73.0, 57965.0)	(74.0, 41762.0)	(75.0, 30046.5)	(76.0, 24789.0)	(77.0, 19241.0)	(78.0, 11876.5)	(79.0, 6844.0)	(80.0, 4779.5)	(81.0, 3961.0)	(82.0, 3167.0)	(83.0, 1920.0)	(84.0, 947.5)	(85.0, 520.0)	(86.0, 333.0)	(87.0, 222.0)	(88.0, 152.0)	(89.0, 98.5)	(90.0, 70.5)	(91.0, 47.0)	(92.0, 41.5)	(93.0, 42.5)	(94.0, 34.0)	(95.0, 24.0)	(96.0, 16.5)	(97.0, 14.0)	(98.0, 11.0)	(99.0, 7.0)	(100.0, 5.0)
fastqc_fastp_trim | SRR30333768_2	(0.0, 40.0)	(1.0, 79.0)	(2.0, 187.5)	(3.0, 316.0)	(4.0, 430.5)	(5.0, 540.5)	(6.0, 619.0)	(7.0, 659.5)	(8.0, 685.5)	(9.0, 712.0)	(10.0, 722.0)	(11.0, 714.5)	(12.0, 724.5)	(13.0, 698.0)	(14.0, 709.5)	(15.0, 812.0)	(16.0, 998.5)	(17.0, 1257.0)	(18.0, 1681.5)	(19.0, 2432.5)	(20.0, 3853.0)	(21.0, 5891.0)	(22.0, 8657.0)	(23.0, 12633.0)	(24.0, 18059.5)	(25.0, 25697.5)	(26.0, 37314.5)	(27.0, 54528.0)	(28.0, 77301.5)	(29.0, 111153.0)	(30.0, 159226.5)	(31.0, 222802.0)	(32.0, 301904.5)	(33.0, 388735.5)	(34.0, 474215.0)	(35.0, 566709.5)	(36.0, 679889.5)	(37.0, 788007.5)	(38.0, 868436.0)	(39.0, 938926.5)	(40.0, 998078.0)	(41.0, 1052345.0)	(42.0, 1118754.0)	(43.0, 1181421.5)	(44.0, 1252903.5)	(45.0, 1349229.0)	(46.0, 1423375.0)	(47.0, 1476529.5)	(48.0, 1544794.0)	(49.0, 1606064.5)	(50.0, 1653153.5)	(51.0, 1702279.5)	(52.0, 1740488.0)	(53.0, 1761917.0)	(54.0, 1756095.5)	(55.0, 1718207.0)	(56.0, 1650602.0)	(57.0, 1555982.0)	(58.0, 1448368.0)	(59.0, 1315321.5)	(60.0, 1159341.0)	(61.0, 1006278.5)	(62.0, 857768.0)	(63.0, 705534.5)	(64.0, 566212.0)	(65.0, 449428.0)	(66.0, 356180.5)	(67.0, 284952.0)	(68.0, 225524.0)	(69.0, 179396.0)	(70.0, 144881.0)	(71.0, 115385.5)	(72.0, 93853.0)	(73.0, 73356.5)	(74.0, 56052.0)	(75.0, 44145.0)	(76.0, 33962.0)	(77.0, 25681.5)	(78.0, 17863.5)	(79.0, 11364.5)	(80.0, 7028.0)	(81.0, 5105.0)	(82.0, 3851.0)	(83.0, 2334.0)	(84.0, 1195.5)	(85.0, 642.5)	(86.0, 412.0)	(87.0, 282.0)	(88.0, 185.0)	(89.0, 114.0)	(90.0, 73.5)	(91.0, 49.5)	(92.0, 47.0)	(93.0, 50.0)	(94.0, 45.0)	(95.0, 42.5)	(96.0, 48.5)	(97.0, 59.0)	(98.0, 83.0)	(99.0, 155.0)	(100.0, 478.5)
